{
    "bin_ranges": {
        "m3pi_lower_limit": 1.26,
        "m3pi_upper_limit": 1.3,
        "t_lower_limit": 0.326,
        "t_upper_limit": 1
    },
    "info": "The dalitz matrix M is computed as sqrt(-Kibble) * (A[1]-A[2])",
    "bin_centers": [
        0.29900000000000004,
        0.33999999999999997,
        0.38,
        0.42000000000000004,
        0.45999999999999996,
        0.5,
        0.54,
        0.5800000000000001,
        0.62,
        0.66,
        0.69,
        0.71,
        0.73,
        0.75,
        0.77,
        0.79,
        0.81,
        0.83,
        0.85,
        0.87,
        0.89,
        0.91,
        0.94,
        0.98,
        1.02,
        1.06,
        1.1,
        1.1400000000000001
    ],
    "real(M)": [
        [
            0,
            0,
            0,
            0,
            0,
            0,
            0,
            0,
            0,
            0,
            0,
            0,
            0,
            -6.330722155374754,
            -6.585390068414683,
            3.9263007490616277,
            11.60333022773752,
            11.788616881206847,
            9.6507565900452,
            11.443774873510128,
            9.7089826938028,
            0.37108322434555896,
            8.836406102872937,
            -12.662744955507963,
            -9.46500943408705,
            0,
            0,
            0
        ],
        [
            0,
            0,
            0,
            0,
            0,
            0,
            0,
            0,
            -16.461308561133272,
            -31.083358621844262,
            -46.304482791110644,
            -42.51731357210426,
            -58.01534634115409,
            -25.54937855324128,
            -20.532686937135118,
            5.233599420162456,
            20.160094537564845,
            19.12561054300815,
            14.231415237452534,
            17.063284378169122,
            13.675021348816635,
            -3.195474858930447,
            12.530071737295424,
            -29.410430209671254,
            -32.64223923797772,
            -45.654919642693024,
            -13.354411617665143,
            0
        ],
        [
            0,
            0,
            0,
            0,
            0,
            0,
            -9.367571794404407,
            -21.01774766386824,
            -38.9374839115559,
            -46.948975984543,
            -64.23618059544785,
            -55.14024266643519,
            -74.98991480095985,
            -27.361674489887996,
            -19.576458024665992,
            15.846286247900283,
            35.87064031896169,
            34.39459494837779,
            27.880201353502688,
            31.545719624202967,
            27.061551517578604,
            5.004036266287154,
            25.37218222931366,
            -30.33159081230315,
            -36.77857457447595,
            -61.86479539894321,
            -45.20124841336521,
            0
        ],
        [
            0,
            0,
            0,
            0,
            0,
            -5.469770804395946,
            -11.159049068362943,
            -16.121867639707574,
            -34.19092513405614,
            -39.279521484719275,
            -58.135880219951076,
            -44.855254957317605,
            -67.93220491076023,
            -8.061535025448933,
            2.2232174770678075,
            45.708130236363026,
            70.10486333921615,
            68.43708368216312,
            60.68929484743478,
            65.03879150416597,
            59.5810628524781,
            33.15844464062807,
            56.82078387403828,
            -10.63315916736809,
            -20.694827340414847,
            -55.53533236990717,
            -44.962198027323204,
            0
        ],
        [
            0,
            0,
            0,
            0,
            0,
            -0.33419671192311895,
            -3.780975493952202,
            -6.991834980731711,
            -26.616834545979838,
            -30.340885017541176,
            -51.0838392583436,
            -34.61063610904211,
            -60.69230221134513,
            9.331197056130849,
            21.55345794870719,
            71.73899293140175,
            99.70851089912739,
            97.73385176526004,
            88.80394317068448,
            93.60421355769328,
            87.20446303998443,
            57.02503410587129,
            83.2652187784013,
            6.16324824326892,
            -6.640217050188742,
            -48.17364614573395,
            -40.223334209902696,
            0
        ],
        [
            0,
            0,
            0,
            5.469770804395946,
            0.33419671192311895,
            0,
            -4.077931881912408,
            -7.63905188180076,
            -30.04624792766979,
            -33.83743382838133,
            -56.98510458473599,
            -38.20137707887783,
            -67.28198998578904,
            11.18963544617166,
            24.788604722164248,
            80.50237918085813,
            111.32110598249366,
            108.89030903122158,
            98.803099470948,
            103.88381892385797,
            96.63374328210155,
            63.32725777184287,
            91.79270756452065,
            7.427295687285781,
            -6.514793327781163,
            -50.85669049290099,
            -41.047169027052135,
            0
        ],
        [
            0,
            0,
            9.367571794404407,
            11.159049068362943,
            3.780975493952202,
            4.077931881912408,
            0,
            -3.4148849064888336,
            -27.847701197418516,
            -31.3755108720714,
            -56.404053473664575,
            -35.48330957343228,
            -67.0519473180972,
            18.836874260596886,
            33.69194973146971,
            94.19214472281149,
            127.43492929447456,
            124.56609674140446,
            113.4237859646028,
            118.62284933750341,
            110.51584044848458,
            74.4936007369543,
            104.3502269245844,
            13.946243548878119,
            -1.3240573414011816,
            -47.254281193864216,
            -35.20382414448655,
            0
        ],
        [
            0,
            0,
            21.01774766386824,
            16.121867639707574,
            6.991834980731711,
            7.63905188180076,
            3.4148849064888336,
            0,
            -26.298651231829666,
            -29.684582381567775,
            -56.38715511405792,
            -33.64783290227856,
            -67.3682407359641,
            24.833726211802013,
            40.713025424273894,
            105.18013422795329,
            140.3455230830495,
            136.9924160849686,
            124.85846511891017,
            130.00080801687471,
            121.04696022956571,
            82.78230266058297,
            113.30372468487552,
            18.507075385068482,
            2.300047544796593,
            -42.76170515657387,
            -25.045391681668473,
            0
        ],
        [
            0,
            16.461308561133272,
            38.9374839115559,
            34.19092513405614,
            26.616834545979838,
            30.04624792766979,
            27.847701197418516,
            26.298651231829666,
            0,
            -1.9154970622415237,
            -29.1946903701128,
            -4.44712903207032,
            -39.55880090295055,
            58.18548383537123,
            75.10116995827632,
            142.84732987726733,
            179.46563301865388,
            175.52137353820942,
            162.2903066641747,
            166.8934558577296,
            156.66903923467535,
            116.0891247871115,
            145.26921140505377,
            45.55839088467819,
            25.297128379649074,
            -21.329668748918174,
            0,
            0
        ],
        [
            0,
            31.083358621844262,
            46.948975984543,
            39.279521484719275,
            30.340885017541176,
            33.83743382838133,
            31.3755108720714,
            29.684582381567775,
            1.9154970622415237,
            0,
            -28.495095353612292,
            -2.544422002903596,
            -39.11020771308944,
            62.663379264409514,
            80.08233979031434,
            149.99788418149973,
            187.36868894794816,
            182.71968102133997,
            168.4956343165153,
            172.48364711982393,
            161.23289839417254,
            119.26562275853685,
            146.94779474139614,
            46.05229051199338,
            24.67963428356609,
            -14.78428176473141,
            0,
            0
        ],
        [
            0,
            46.304482791110644,
            64.23618059544785,
            58.135880219951076,
            51.0838392583436,
            56.98510458473599,
            56.404053473664575,
            56.38715511405792,
            29.1946903701128,
            28.495095353612292,
            0,
            27.036943230908527,
            -10.052537103840084,
            94.14375560759777,
            111.87569820792103,
            182.77503452014753,
            220.17782402522633,
            214.6980324644748,
            199.3772012491464,
            202.18819057575436,
            189.43018883214586,
            145.9109517160614,
            169.8652353462452,
            66.12650033592035,
            38.46413656728183,
            -0.8714998105425444,
            0,
            0
        ],
        [
            0,
            42.51731357210426,
            55.14024266643519,
            44.855254957317605,
            34.61063610904211,
            38.20137707887783,
            35.48330957343228,
            33.64783290227856,
            4.44712903207032,
            2.544422002903596,
            -27.036943230908527,
            0,
            -37.78488246974198,
            67.27530658972415,
            84.94370144295775,
            156.14621095227218,
            193.5111318058434,
            187.79741743559782,
            172.32452816837434,
            175.0524636809058,
            162.33371662864036,
            119.35415008207808,
            143.07117664360084,
            43.58987228817661,
            20.18956580984603,
            0,
            0,
            0
        ],
        [
            0,
            58.01534634115409,
            74.98991480095985,
            67.9322049107603,
            60.69230221134513,
            67.28198998578904,
            67.0519473180972,
            67.3682407359641,
            39.55880090295055,
            39.11020771308944,
            10.052537103840084,
            37.78488246974198,
            0,
            105.9298515089708,
            123.58354049881024,
            194.67204089203247,
            231.40514711175115,
            224.7234621483741,
            208.0729934459999,
            209.21986436207726,
            194.6888459941053,
            150.11846931276588,
            168.55066716117756,
            65.035373364919,
            29.697142009460496,
            0,
            0,
            0
        ],
        [
            6.330722155374742,
            25.54937855324128,
            27.361674489887996,
            8.061535025448933,
            -9.331197056130849,
            -11.18963544617166,
            -18.836874260596886,
            -24.833726211802013,
            -58.18548383537123,
            -62.663379264409514,
            -94.14375560759777,
            -67.27530658972415,
            -105.9298515089708,
            0,
            17.60515579239036,
            88.9000339650649,
            126.06345838304915,
            120.35261881327264,
            105.29184980304781,
            108.39800186567511,
            96.68509785982955,
            56.58197285257131,
            80.76349525049704,
            -2.5620212828989333,
            -4.287062566131199,
            0,
            0,
            0
        ],
        [
            6.585390068414689,
            20.53268693713512,
            19.576458024665992,
            -2.22321747706781,
            -21.55345794870719,
            -24.788604722164248,
            -33.69194973146971,
            -40.713025424273894,
            -75.10116995827632,
            -80.08233979031434,
            -111.87569820792103,
            -84.94370144295775,
            -123.58354049881024,
            -17.60515579239036,
            0,
            70.95628042829198,
            107.74307155380463,
            101.97749323494904,
            87.08043075737066,
            90.09157876228294,
            78.65515181113805,
            40.09762858051184,
            63.137099313737316,
            -10.725854778873666,
            0,
            0,
            0,
            0
        ],
        [
            -3.9263007490616277,
            -5.233599420162456,
            -15.846286247900283,
            -45.70813023636308,
            -71.73899293140175,
            -80.50237918085813,
            -94.19214472281149,
            -105.18013422795329,
            -142.84732987726733,
            -149.99788418149973,
            -182.77503452014753,
            -156.14621095227218,
            -194.67204089203247,
            -88.9000339650649,
            -70.95628042829198,
            0,
            37.17391977815641,
            32.67242909155826,
            19.71383010861721,
            24.732138794723475,
            16.334845362309892,
            -16.86910357922088,
            11.394004362457707,
            -33.205331453853034,
            0,
            0,
            0,
            0
        ],
        [
            -11.603330227737516,
            -20.16009453756484,
            -35.87064031896175,
            -70.10486333921615,
            -99.70851089912739,
            -111.32110598249366,
            -127.43492929447456,
            -140.3455230830495,
            -179.46563301865388,
            -187.36868894794816,
            -220.17782402522633,
            -193.5111318058434,
            -231.40514711175115,
            -126.06345838304915,
            -107.74307155380463,
            -37.17391977815641,
            0,
            -3.5278855277354677,
            -14.914448103524002,
            -8.564559226409493,
            -14.63309499325718,
            -42.89534947451296,
            -11.623832649117835,
            0,
            0,
            0,
            0,
            0
        ],
        [
            -11.788616881206938,
            -19.125610543008207,
            -34.394594948377836,
            -68.43708368216318,
            -97.73385176526013,
            -108.89030903122162,
            -124.56609674140442,
            -136.99241608496862,
            -175.52137353820942,
            -182.71968102133997,
            -214.6980324644748,
            -187.79741743559785,
            -224.72346214837413,
            -120.35261881327266,
            -101.97749323494904,
            -32.67242909155826,
            3.5278855277354677,
            0,
            -11.00376271550191,
            -5.0375575227074325,
            -10.746350335343744,
            -35.91023570280768,
            -7.428377359529519,
            0,
            0,
            0,
            0,
            0
        ],
        [
            -9.6507565900452,
            -14.231415237452534,
            -27.88020135350269,
            -60.68929484743482,
            -88.80394317068448,
            -98.803099470948,
            -113.4237859646028,
            -124.85846511891017,
            -162.2903066641747,
            -168.4956343165153,
            -199.3772012491464,
            -172.32452816837434,
            -208.0729934459999,
            -105.29184980304781,
            -87.08043075737066,
            -19.71383010861721,
            14.914448103524002,
            11.003762715501907,
            0,
            4.856298404321247,
            -1.1843363209196585,
            -23.228412897094966,
            -0.8999052398027252,
            0,
            0,
            0,
            0,
            0
        ],
        [
            -11.443774873510122,
            -17.06328437816909,
            -31.545719624202963,
            -65.03879150416597,
            -93.60421355769331,
            -103.88381892385797,
            -118.62284933750341,
            -130.00080801687471,
            -166.89345585772963,
            -172.4836471198239,
            -202.1881905757544,
            -175.0524636809058,
            -209.21986436207726,
            -108.39800186567511,
            -90.09157876228294,
            -24.732138794723475,
            8.564559226409493,
            5.0375575227074325,
            -4.856298404321247,
            0,
            -4.607434605882085,
            -19.347153907423856,
            0,
            0,
            0,
            0,
            0,
            0
        ],
        [
            -9.708982693802803,
            -13.675021348816635,
            -27.061551517578632,
            -59.5810628524781,
            -87.20446303998443,
            -96.63374328210155,
            -110.51584044848458,
            -121.04696022956571,
            -156.66903923467535,
            -161.23289839417254,
            -189.4301888321459,
            -162.33371662864036,
            -194.6888459941053,
            -96.68509785982955,
            -78.65515181113805,
            -16.334845362309892,
            14.63309499325718,
            10.746350335343744,
            1.1843363209196585,
            4.607434605882085,
            0,
            0,
            0,
            0,
            0,
            0,
            0,
            0
        ],
        [
            -0.3710832243455588,
            3.1954748589304467,
            -5.004036266287154,
            -33.1584446406281,
            -57.02503410587129,
            -63.32725777184287,
            -74.4936007369543,
            -82.78230266058297,
            -116.08912478711149,
            -119.26562275853685,
            -145.9109517160614,
            -119.35415008207808,
            -150.11846931276588,
            -56.58197285257131,
            -40.09762858051184,
            16.86910357922088,
            42.89534947451296,
            35.91023570280768,
            23.228412897094966,
            19.347153907423856,
            0,
            0,
            0,
            0,
            0,
            0,
            0,
            0
        ],
        [
            -8.83640610287294,
            -12.530071737295424,
            -25.372182229313683,
            -56.82078387403829,
            -83.2652187784013,
            -91.79270756452065,
            -104.3502269245844,
            -113.3037246848755,
            -145.26921140505377,
            -146.94779474139614,
            -169.86523534624519,
            -143.07117664360084,
            -168.55066716117756,
            -80.76349525049704,
            -63.137099313737316,
            -11.394004362457707,
            11.623832649117835,
            7.428377359529519,
            0.8999052398027252,
            0,
            0,
            0,
            0,
            0,
            0,
            0,
            0,
            0
        ],
        [
            12.662744955507955,
            29.410430209671254,
            30.33159081230314,
            10.633159167368094,
            -6.16324824326892,
            -7.427295687285781,
            -13.946243548878124,
            -18.507075385068482,
            -45.558390884678204,
            -46.05229051199338,
            -66.12650033592034,
            -43.58987228817661,
            -65.035373364919,
            2.562021282898933,
            10.725854778873666,
            33.20533145385304,
            0,
            0,
            0,
            0,
            0,
            0,
            0,
            0,
            0,
            0,
            0,
            0
        ],
        [
            9.46500943408702,
            32.642239237977726,
            36.77857457447598,
            20.69482734041485,
            6.6402170501887445,
            6.514793327781163,
            1.3240573414011811,
            -2.300047544796593,
            -25.297128379649063,
            -24.67963428356609,
            -38.46413656728183,
            -20.189565809846023,
            -29.69714200946049,
            4.287062566131199,
            0,
            0,
            0,
            0,
            0,
            0,
            0,
            0,
            0,
            0,
            0,
            0,
            0,
            0
        ],
        [
            0,
            45.654919642693,
            61.864795398943244,
            55.5353323699072,
            48.173646145733954,
            50.856690492900974,
            47.2542811938642,
            42.76170515657387,
            21.32966874891818,
            14.784281764731418,
            0.8714998105425514,
            0,
            0,
            0,
            0,
            0,
            0,
            0,
            0,
            0,
            0,
            0,
            0,
            0,
            0,
            0,
            0,
            0
        ],
        [
            0,
            13.35441161766521,
            45.20124841336518,
            44.96219802732321,
            40.22333420990268,
            41.04716902705215,
            35.20382414448656,
            25.045391681668473,
            0,
            0,
            0,
            0,
            0,
            0,
            0,
            0,
            0,
            0,
            0,
            0,
            0,
            0,
            0,
            0,
            0,
            0,
            0,
            0
        ],
        [
            0,
            0,
            0,
            0,
            0,
            0,
            0,
            0,
            0,
            0,
            0,
            0,
            0,
            0,
            0,
            0,
            0,
            0,
            0,
            0,
            0,
            0,
            0,
            0,
            0,
            0,
            0,
            0
        ]
    ],
    "imag(M)": [
        [
            0,
            0,
            0,
            0,
            0,
            0,
            0,
            0,
            0,
            0,
            0,
            0,
            0,
            -23.931932374538754,
            -41.02372619759933,
            -38.43113135192864,
            -33.7395457663767,
            -25.612009312233713,
            -22.64713715010628,
            -24.560497941836562,
            -18.756541847449633,
            -9.869950576309085,
            -13.951960373390989,
            -11.550276843072451,
            -5.991392858987761,
            0,
            0,
            0
        ],
        [
            0,
            0,
            0,
            0,
            0,
            0,
            0,
            0,
            -3.5027657033401725,
            -9.284218842977069,
            -35.09600714084743,
            -44.67036536216201,
            -56.6770183449992,
            -65.29545330273939,
            -86.67094850671543,
            -65.56262090602327,
            -48.07111383094832,
            -27.98471068966104,
            -20.270079982135147,
            -22.588929450579226,
            -11.509927222670482,
            4.485728923905168,
            -3.897431729902311,
            -3.0306949851039833,
            -0.5268704086865668,
            -5.519542509427159,
            -1.5196316495053912,
            0
        ],
        [
            0,
            0,
            0,
            0,
            0,
            0,
            -3.2398726709731074,
            -3.102782539140164,
            -14.710141942603407,
            -22.205633402132342,
            -61.01842301301185,
            -73.13611755390545,
            -88.51062310479149,
            -98.8567783734922,
            -126.69016661976698,
            -96.64489951678584,
            -72.43553174671794,
            -45.40018545758266,
            -35.091892930507136,
            -38.04476309670402,
            -23.502685863123045,
            -2.5923119311420653,
            -13.377987806454641,
            -11.89149157542394,
            -7.910091362456497,
            -14.34999750847056,
            -9.806542335920419,
            0
        ],
        [
            0,
            0,
            0,
            0,
            0,
            -8.430924590463125,
            -10.836590711358342,
            -7.866240214972029,
            -23.808110050104137,
            -32.81361181964789,
            -81.48513051491194,
            -95.77162350093771,
            -113.95411927527788,
            -125.8071540649669,
            -158.92445602315172,
            -121.72640086286984,
            -92.06027365775432,
            -59.329381771725544,
            -46.85770869762134,
            -50.27886388265264,
            -32.87828366147392,
            -7.965340933223792,
            -20.675810527048682,
            -18.715115172713762,
            -13.679842359323866,
            -21.180166514348908,
            -15.66988797992901,
            0
        ],
        [
            0,
            0,
            0,
            0,
            0,
            -15.593024283293202,
            -16.13533951240523,
            -11.467784302108075,
            -30.70191986907388,
            -40.89866717513046,
            -97.77213361959141,
            -113.90157297622768,
            -134.46729079781088,
            -147.59672941362018,
            -185.19283908722477,
            -141.8709555752289,
            -107.51018953429829,
            -69.88387378775818,
            -55.53005538230835,
            -59.30330990090041,
            -39.45667101165488,
            -11.175365980289762,
            -25.46881684628473,
            -23.10578257811776,
            -17.246011069094315,
            -25.443799424818078,
            -18.926826043627763,
            0
        ],
        [
            0,
            0,
            0,
            8.430924590463125,
            15.593024283293202,
            0,
            4.307621773123153,
            13.54551536244956,
            -5.698037159171072,
            -14.579945912243229,
            -77.04086443590208,
            -93.89787284474757,
            -115.75158900990297,
            -129.3014724978936,
            -170.17889304899873,
            -121.06880160450365,
            -82.28088655693169,
            -40.19821654838948,
            -24.11970679612913,
            -28.21213283065871,
            -6.475490059130271,
            24.264482774520665,
            7.794780334524644,
            8.596721978730118,
            12.117282773653665,
            -0.954521323222898,
            -0.6865449109654189,
            0
        ],
        [
            0,
            0,
            3.2398726709731074,
            10.836590711358342,
            16.13533951240523,
            -4.307621773123153,
            0,
            9.784873231144175,
            -12.320017488140765,
            -22.484057244640343,
            -91.35019443927706,
            -109.7313615900018,
            -133.4810428131096,
            -148.0545862621975,
            -192.29828561891776,
            -138.62290940494714,
            -96.35512345675245,
            -50.68793447591458,
            -33.245766095997865,
            -37.56238783482181,
            -14.09295412384337,
            18.934942434450253,
            1.4610423282970089,
            2.661663986960559,
            6.868649272524877,
            -5.784458271733714,
            -3.795018235309577,
            0
        ],
        [
            0,
            0,
            3.102782539140164,
            7.866240214972029,
            11.467784302108075,
            -13.54551536244956,
            -9.784873231144175,
            0,
            -24.99720734117714,
            -36.615951352992965,
            -111.22002361827163,
            -131.0062821380234,
            -156.4416572710996,
            -171.91081952507022,
            -218.98583770985877,
            -161.40601009649743,
            -116.1659949160465,
            -67.46687488638642,
            -48.828860942851236,
            -53.204368538776315,
            -28.226888799022678,
            6.697828536627718,
            -11.198421216939035,
            -9.067110848464578,
            -3.481184608719836,
            -13.864950899125114,
            -7.093043309510366,
            0
        ],
        [
            0,
            3.5027657033401725,
            14.710141942603407,
            23.808110050104137,
            30.70191986907388,
            5.698037159171072,
            12.320017488140765,
            24.99720734117714,
            0,
            -10.767289138106493,
            -88.91130547173141,
            -109.10252652602273,
            -135.25985017753067,
            -150.87656727711493,
            -199.7615645588169,
            -138.62962613969754,
            -90.78544339254175,
            -39.653338714197474,
            -20.21116873309926,
            -24.89146715899011,
            0.7057235833304509,
            36.202018050265856,
            16.626792275912276,
            16.5197640607329,
            18.528872479401613,
            3.5694608224154587,
            0,
            0
        ],
        [
            0,
            9.284218842977069,
            22.205633402132342,
            32.81361181964789,
            40.89866717513046,
            14.579945912243229,
            22.484057244640343,
            36.615951352992965,
            10.767289138106493,
            0,
            -81.44926211114687,
            -102.16713490341007,
            -129.0422404888875,
            -144.85714819157536,
            -195.13281322954373,
            -131.3027351267687,
            -81.53666914174501,
            -28.700201303935888,
            -8.735687181162664,
            -13.595343340636866,
            12.304821480964595,
            47.85577213323212,
            27.28984328197905,
            25.603141136310043,
            24.775683560428224,
            7.0376015683843764,
            0,
            0
        ],
        [
            0,
            35.096007140847426,
            61.01842301301185,
            81.48513051491194,
            97.77213361959141,
            77.04086443590208,
            91.35019443927706,
            111.22002361827163,
            88.91130547173141,
            81.44926211114687,
            0,
            -19.95487721220252,
            -46.37963488403323,
            -61.66513376642116,
            -112.26123013856844,
            -46.90455384055286,
            3.585952289914427,
            56.577580392390615,
            75.72927435551283,
            69.38417406763823,
            93.33227472418695,
            126.0181031845809,
            100.18948449458618,
            87.92956815353601,
            69.51595396747169,
            8.437080536864375,
            0,
            0
        ],
        [
            0,
            44.67036536216201,
            73.13611755390545,
            95.77162350093771,
            113.90157297622768,
            93.89787284474757,
            109.7313615900018,
            131.0062821380234,
            109.10252652602273,
            102.16713490341007,
            19.95487721220252,
            0,
            -26.507771298447658,
            -41.75888917049549,
            -92.62562136285864,
            -26.685959782779793,
            24.008433376525492,
            76.90438779184366,
            95.59253525939154,
            88.61312203887329,
            111.56601629168449,
            142.69415814615652,
            114.77553096193438,
            97.79967634766058,
            70.05744401885804,
            0,
            0,
            0
        ],
        [
            0,
            56.6770183449992,
            88.51062310479149,
            113.954119275278,
            134.46729079781088,
            115.75158900990297,
            133.4810428131096,
            156.4416572710996,
            135.25985017753067,
            129.0422404888875,
            46.37963488403323,
            26.507771298447658,
            0,
            -15.19166094648793,
            -66.19969680331947,
            -0.004178614268308427,
            50.55848349798724,
            102.93598627006718,
            120.80865898981345,
            112.89770776983639,
            134.29686994801588,
            163.09612040930958,
            132.16909914975048,
            108.12619834668092,
            64.25100997747474,
            0,
            0,
            0
        ],
        [
            23.93193237453871,
            65.29545330273939,
            98.8567783734922,
            125.8071540649669,
            147.59672941362018,
            129.3014724978936,
            148.0545862621975,
            171.91081952507022,
            150.87656727711493,
            144.85714819157536,
            61.66513376642116,
            41.75888917049549,
            15.19166094648793,
            0,
            -51.03037448989402,
            15.119994540100667,
            65.31551301773862,
            116.92595796247116,
            133.90227771231588,
            125.1417241227691,
            144.8927167302903,
            171.15382269357127,
            137.458926299807,
            105.92057809666798,
            32.798003984055605,
            0,
            0,
            0
        ],
        [
            41.023726197599366,
            86.67094850671545,
            126.69016661976698,
            158.9244560231519,
            185.19283908722477,
            170.17889304899873,
            192.29828561891776,
            218.98583770985877,
            199.7615645588169,
            195.13281322954373,
            112.26123013856844,
            92.62562136285864,
            66.19969680331947,
            51.03037448989402,
            0,
            65.4612932769939,
            114.48168202608325,
            164.23978227446193,
            179.12318228842494,
            168.1597449814823,
            184.3108794640483,
            205.4575472931157,
            164.55035702265948,
            114.34215695763565,
            0,
            0,
            0,
            0
        ],
        [
            38.43113135192864,
            65.56262090602327,
            96.64489951678584,
            121.72640086286998,
            141.8709555752289,
            121.06880160450365,
            138.62290940494714,
            161.40601009649743,
            138.62962613969754,
            131.3027351267687,
            46.90455384055286,
            26.685959782779793,
            0.004178614268308427,
            -15.119994540100667,
            -65.4612932769939,
            0,
            49.15511343077686,
            98.95889897145193,
            114.53887857131782,
            105.16105774380213,
            122.20022460323857,
            143.66191620741338,
            107.17906719948924,
            59.76361834780434,
            0,
            0,
            0,
            0
        ],
        [
            33.739545766376686,
            48.07111383094831,
            72.43553174671806,
            92.06027365775432,
            107.51018953429829,
            82.28088655693169,
            96.35512345675245,
            116.1659949160465,
            90.78544339254175,
            81.53666914174501,
            -3.585952289914427,
            -24.008433376525492,
            -50.55848349798724,
            -65.31551301773862,
            -114.48168202608325,
            -49.15511343077686,
            0,
            49.603242055557715,
            65.77228368458263,
            58.022740682570465,
            75.6318449377444,
            96.76589907096508,
            64.49325287508637,
            0,
            0,
            0,
            0,
            0
        ],
        [
            25.61200931223391,
            27.98471068966112,
            45.40018545758272,
            59.32938177172559,
            69.88387378775823,
            40.198216548389496,
            50.68793447591457,
            67.46687488638642,
            39.653338714197474,
            28.700201303935888,
            -56.577580392390615,
            -76.90438779184366,
            -102.93598627006719,
            -116.92595796247117,
            -164.23978227446193,
            -98.95889897145194,
            -49.603242055557715,
            0,
            17.269166370552075,
            12.027252854843704,
            30.88723207437111,
            52.24520975138844,
            26.888363594305964,
            0,
            0,
            0,
            0,
            0
        ],
        [
            22.64713715010628,
            20.270079982135147,
            35.09189293050714,
            46.857708697621376,
            55.53005538230835,
            24.11970679612913,
            33.245766095997865,
            48.828860942851236,
            20.21116873309926,
            8.735687181162664,
            -75.72927435551283,
            -95.59253525939154,
            -120.80865898981345,
            -133.90227771231588,
            -179.12318228842494,
            -114.53887857131782,
            -65.77228368458263,
            -17.26916637055207,
            0,
            -3.8223166851704544,
            14.382451461380366,
            32.99783058729055,
            9.426679141168314,
            0,
            0,
            0,
            0,
            0
        ],
        [
            24.56049794183655,
            22.588929450579187,
            38.04476309670402,
            50.27886388265264,
            59.30330990090043,
            28.21213283065871,
            37.56238783482181,
            53.20436853877631,
            24.891467158990114,
            13.595343340636864,
            -69.38417406763826,
            -88.61312203887329,
            -112.89770776983639,
            -125.1417241227691,
            -168.1597449814823,
            -105.16105774380213,
            -58.022740682570465,
            -12.027252854843704,
            3.8223166851704544,
            0,
            14.923967534441175,
            25.85648902001898,
            0,
            0,
            0,
            0,
            0,
            0
        ],
        [
            18.75654184744964,
            11.509927222670482,
            23.50268586312307,
            32.87828366147392,
            39.45667101165488,
            6.475490059130271,
            14.09295412384337,
            28.226888799022678,
            -0.7057235833304509,
            -12.304821480964595,
            -93.33227472418696,
            -111.56601629168449,
            -134.29686994801588,
            -144.8927167302903,
            -184.3108794640483,
            -122.20022460323857,
            -75.6318449377444,
            -30.88723207437111,
            -14.382451461380366,
            -14.923967534441175,
            0,
            0,
            0,
            0,
            0,
            0,
            0,
            0
        ],
        [
            9.869950576309082,
            -4.485728923905167,
            2.5923119311420653,
            7.965340933223798,
            11.175365980289762,
            -24.264482774520665,
            -18.934942434450253,
            -6.697828536627718,
            -36.202018050265856,
            -47.85577213323212,
            -126.0181031845809,
            -142.69415814615652,
            -163.09612040930958,
            -171.15382269357127,
            -205.4575472931157,
            -143.66191620741338,
            -96.76589907096508,
            -52.24520975138844,
