{
    "bin_ranges": {
        "m3pi_lower_limit": 1.22,
        "m3pi_upper_limit": 1.26,
        "t_lower_limit": 0.326,
        "t_upper_limit": 1
    },
    "info": "The dalitz matrix M is computed as sqrt(-Kibble) * (A[1]-A[2])",
    "bin_centers": [
        0.29900000000000004,
        0.33999999999999997,
        0.38,
        0.42000000000000004,
        0.45999999999999996,
        0.5,
        0.54,
        0.5800000000000001,
        0.62,
        0.66,
        0.69,
        0.71,
        0.73,
        0.75,
        0.77,
        0.79,
        0.81,
        0.83,
        0.85,
        0.87,
        0.89,
        0.91,
        0.94,
        0.98,
        1.02,
        1.06,
        1.1
    ],
    "real(M)": [
        [
            0,
            0,
            0,
            0,
            0,
            0,
            0,
            0,
            0,
            0,
            0,
            -5.118849101940159,
            -28.2521986927561,
            -38.163089214497916,
            -35.970913543466835,
            -23.681541159324834,
            -17.560167413516236,
            -17.473143381037755,
            -6.618164580997162,
            -16.966841361245528,
            -14.706823475019004,
            -14.339184302061508,
            -14.222274083529797,
            -11.169031101792061,
            0,
            0,
            0
        ],
        [
            0,
            0,
            0,
            0,
            0,
            0,
            0,
            0,
            -9.032569736286582,
            -19.525373034410688,
            -36.321612382374084,
            -49.10152825588016,
            -41.68440792484327,
            -42.37560913384246,
            -23.603862287683853,
            8.889467233160856,
            24.259206027514416,
            26.365596530603376,
            47.14007926139701,
            28.583232654000444,
            32.09059503507187,
            31.3238862564329,
            27.213227918437767,
            19.44655045820183,
            12.646881648363829,
            -3.7866140689114025,
            0
        ],
        [
            0,
            0,
            0,
            0,
            0,
            0,
            -9.360096203330025,
            -17.791738061543978,
            -31.719916346039795,
            -46.805514147017924,
            -70.56778388448888,
            -87.79079488511226,
            -76.4399274537938,
            -76.86151315233637,
            -51.24103362048249,
            -8.02917558545486,
            11.875517655805513,
            14.267859062603875,
            41.16634793033023,
            16.90640487215571,
            21.620342921472364,
            20.99029612455936,
            16.632100128785137,
            8.71767260488032,
            3.5480429549039516,
            -20.146529178377772,
            0
        ],
        [
            0,
            0,
            0,
            0,
            0,
            -9.7138095444049,
            -18.788515040367088,
            -27.511017320331785,
            -44.13035443240194,
            -61.67155756424761,
            -90.15547589515515,
            -110.52290221971798,
            -95.74794788524011,
            -95.63257964172605,
            -64.19606543360102,
            -12.032900477744787,
            11.787887272679137,
            14.580229957563773,
            46.51159749591386,
            17.642395893389118,
            23.2258083633551,
            22.50213367265045,
            17.43968014799302,
            8.29299832163904,
            2.4844731779668296,
            -27.413223015194895,
            0
        ],
        [
            0,
            0,
            0,
            0,
            0,
            -8.118317883261827,
            -16.5759602082819,
            -24.77472006563906,
            -42.67063780895061,
            -61.459000978636496,
            -93.3866503579187,
            -116.10839988427526,
            -98.18019523982815,
            -97.36797245578867,
            -60.80192669233444,
            -0.908461812946853,
            26.31943207429077,
            29.486830696215637,
            65.5901961082853,
            32.77533670866389,
            38.89497383106312,
            37.82440341792101,
            31.613089676669496,
            20.34898605224152,
            12.327050506711181,
            -23.514077210720217,
            0
        ],
        [
            0,
            0,
            0,
            9.7138095444049,
            8.118317883261827,
            0,
            -7.917153337617809,
            -15.506799990004597,
            -34.284366274830504,
            -53.95728026409465,
            -88.71784581310747,
            -113.38542605385963,
            -92.67618667949135,
            -91.19992488944781,
            -50.19613693448481,
            16.299025809610942,
            46.386165110695174,
            49.802335884557294,
            89.27080198903982,
            53.03278590691118,
            59.39550849091268,
            57.79264056194648,
            50.182215341655514,
            36.39764495250723,
            25.417392832491576,
            -15.059220284069047,
            0
        ],
        [
            0,
            0,
            9.360096203330025,
            18.788515040367088,
            16.5759602082819,
            7.917153337617809,
            0,
            -7.43469904087379,
            -27.268191674044857,
            -47.94407096419295,
            -85.2812890001956,
            -111.68545500077649,
            -88.64666763803886,
            -86.64342449151597,
            -41.918256025615634,
            30.06656739586611,
            62.44490987619819,
            65.95831988998458,
            108.01945952905452,
            68.88963507126739,
            75.27963793899976,
            73.0717662231676,
            64.06445381523774,
            47.880006678124,
            33.96735538120305,
            -8.301243720391021,
            0
        ],
        [
            0,
            0,
            17.791738061543978,
            27.511017320331785,
            24.77472006563906,
            15.506799990004597,
            7.43469904087379,
            0,
            -20.848755115738957,
            -42.46334453583087,
            -82.02118659652733,
            -109.88923166563364,
            -84.8878985373673,
            -82.43416040542535,
            -34.64660687356072,
            41.75126736155743,
            75.86261802832446,
            79.31951580933833,
            123.16699139692662,
            81.66802197530147,
            87.81983702313609,
            84.8721010090794,
            74.34239837027685,
            55.60819441534868,
            38.22955842703541,
            -2.905855974314961,
            0
        ],
        [
            0,
            9.03256973628658,
            31.719916346039795,
            44.13035443240194,
            42.67063780895061,
            34.284366274830504,
            27.268191674044857,
            20.848755115738957,
            0,
            -21.6944964657193,
            -62.643844459922796,
            -91.44475787170258,
            -64.65420761471084,
            -61.68726029591041,
            -11.445163945148508,
            68.23998895569144,
            103.41817107398931,
            106.49776534533513,
            151.01361806283379,
            107.369641599972,
            112.53596670761036,
            108.11289514581502,
            94.74252571183138,
            70.91906744083029,
            45.13471013661762,
            0,
            0
        ],
        [
            0,
            19.525373034410688,
            46.805514147017924,
            61.67155756424761,
            61.459000978636496,
            53.95728026409465,
            47.94407096419295,
            42.46334453583087,
            21.6944964657193,
            0,
            -41.97743464997945,
            -71.4333337829201,
            -43.278585422999,
            -39.92884827877497,
            11.95711154987198,
            93.5908915033697,
            129.03839918810309,
            131.37461142030173,
            175.34971206669033,
            129.92896856520247,
            133.43687367754654,
            126.94060766330333,
            109.69102189295127,
            78.49010315828745,
            35.78997534034698,
            0,
            0
        ],
        [
            0,
            36.321612382374084,
            70.56778388448888,
            90.15547589515515,
            93.3866503579187,
            88.71784581310747,
            85.2812890001956,
            82.02118659652733,
            62.643844459922796,
            41.97743464997945,
            0,
            -29.515694605990905,
            -0.5028157108006093,
            3.075220122359451,
            55.528265482469536,
            137.43983669310543,
            172.15557960647737,
            173.16228348434998,
            215.14432259394115,
            167.7958395719832,
            168.42577868342724,
            158.49438317627354,
            134.61746727359946,
            89.27802070263512,
            0,
            0,
            0
        ],
        [
            5.118849101940335,
            49.10152825588016,
            87.79079488511246,
            110.52290221971782,
            116.10839988427526,
            113.38542605385963,
            111.68545500077649,
            109.88923166563364,
            91.44475787170258,
            71.4333337829201,
            29.515694605990905,
            0,
            29.350569660564773,
            32.93748801315155,
            85.34385252758872,
            166.77794338753833,
            200.5133397036808,
            200.27041760428617,
            240.15949326690404,
            191.35435450544156,
            189.3633898128347,
            176.3350076826795,
            146.30131621322988,
            85.60405384930698,
            0,
            0,
            0
        ],
        [
            28.252198692756075,
            41.684407924843285,
            76.4399274537938,
            95.74794788524011,
            98.18019523982815,
            92.67618667949135,
            88.64666763803886,
            84.8878985373673,
            64.65420761471084,
            43.278585422999,
            0.5028157108006093,
            -29.350569660564773,
            0,
            3.592518388987396,
            55.980643878070396,
            137.0586417017143,
            170.42048063224576,
            170.0290714170322,
            208.99482716356613,
            160.9484455459215,
            158.662809584929,
            145.49779611908733,
            115.0738892985103,
            46.69597146877001,
            0,
            0,
            0
        ],
        [
            38.163089214497894,
            42.37560913384246,
            76.86151315233637,
            95.63257964172605,
            97.36797245578867,
            91.19992488944781,
            86.64342449151597,
            82.43416040542535,
            61.68726029591041,
            39.92884827877497,
            -3.075220122359451,
            -32.93748801315155,
            -3.592518388987396,
            0,
            52.00379704910807,
            132.02362724416474,
            164.35753668223143,
            163.16630126780885,
            200.00344806289434,
            151.96926228751374,
            147.88548305422307,
            132.70313748775047,
            97.5488940469342,
            0,
            0,
            0,
            0
        ],
        [
            35.97091354346686,
            23.603862287683853,
            51.24103362048258,
            64.19606543360095,
            60.80192669233444,
            50.19613693448481,
            41.918256025615634,
            34.64660687356072,
            11.445163945148508,
            -11.95711154987198,
            -55.528265482469536,
            -85.34385252758872,
            -55.980643878070396,
            -52.00379704910807,
            0,
            79.41074814093925,
            111.71046044919463,
            111.28405414436135,
            147.58285933415763,
            102.48824220606086,
            99.63657804406492,
            86.30332013611054,
            53.76247315780668,
            0,
            0,
            0,
            0
        ],
        [
            23.68154115932482,
            -8.889467233160856,
            8.029175585454867,
            12.032900477744798,
            0.908461812946853,
            -16.299025809610942,
            -30.06656739586611,
            -41.75126736155743,
            -68.23998895569144,
            -93.5908915033697,
            -137.43983669310543,
            -166.77794338753833,
            -137.0586417017143,
            -132.02362724416474,
            -79.41074814093925,
            0,
            33.415510763472405,
            35.48933644871116,
            72.94315583141422,
            34.043460039111274,
            35.8286290433635,
            28.97948618003028,
            9.02215983375593,
            0,
            0,
            0,
            0
        ],
        [
            17.560167413516236,
            -24.25920602751441,
            -11.875517655805531,
            -11.787887272679137,
            -26.31943207429077,
            -46.386165110695174,
            -62.44490987619819,
            -75.86261802832446,
            -103.41817107398931,
            -129.03839918810309,
            -172.15557960647737,
            -200.5133397036808,
            -170.42048063224576,
            -164.35753668223143,
            -111.71046044919463,
            -33.415510763472405,
            0,
            3.422061290754633,
            39.940919386111496,
            6.006168291370106,
            9.974305162749165,
            6.792219057093469,
            0,
            0,
            0,
            0,
            0
        ],
        [
            17.473143381037755,
            -26.365596530603337,
            -14.267859062603897,
            -14.580229957563786,
            -29.486830696215648,
            -49.802335884557294,
            -65.95831988998461,
            -79.31951580933831,
            -106.49776534533517,
            -131.37461142030173,
            -173.16228348434998,
            -200.27041760428617,
            -170.0290714170322,
            -163.16630126780885,
            -111.28405414436135,
            -35.48933644871116,
            -3.422061290754633,
            0,
            33.06472766117629,
            2.731097606799401,
            5.712206714886681,
            0.46924789713552995,
            0,
            0,
            0,
            0,
            0
        ],
        [
            6.618164580997162,
            -47.14007926139701,
            -41.16634793033023,
            -46.51159749591389,
            -65.5901961082853,
            -89.27080198903982,
            -108.01945952905452,
            -123.16699139692662,
            -151.0136180628338,
            -175.34971206669033,
            -215.14432259394115,
            -240.15949326690404,
            -208.99482716356613,
            -200.00344806289434,
            -147.58285933415763,
            -72.94315583141422,
            -39.940919386111496,
            -33.06472766117629,
            0,
            -18.889654121837665,
            -4.460311856643899,
            0,
            0,
            0,
            0,
            0,
            0
        ],
        [
            16.966841361245535,
            -28.583232654000373,
            -16.906404872155736,
            -17.642395893389118,
            -32.77533670866389,
            -53.03278590691118,
            -68.88963507126739,
            -81.66802197530149,
            -107.369641599972,
            -129.92896856520247,
            -167.7958395719832,
            -191.35435450544156,
            -160.9484455459215,
            -151.96926228751374,
            -102.48824220606086,
            -34.043460039111274,
            -6.006168291370106,
            -2.731097606799401,
            18.889654121837665,
            0,
            0,
            0,
            0,
            0,
            0,
            0,
            0
        ],
        [
            14.706823475019,
            -32.09059503507188,
            -21.620342921472343,
            -23.22580836335511,
            -38.89497383106312,
            -59.39550849091268,
            -75.27963793899976,
            -87.81983702313607,
            -112.53596670761037,
            -133.43687367754654,
            -168.42577868342724,
            -189.3633898128347,
            -158.662809584929,
            -147.88548305422307,
            -99.63657804406492,
            -35.8286290433635,
            -9.974305162749165,
            -5.712206714886681,
            4.46031185664391,
            0,
            0,
            0,
            0,
            0,
            0,
            0,
            0
        ],
        [
            14.339184302061508,
            -31.323886256432903,
            -20.990296124559375,
            -22.50213367265045,
            -37.82440341792101,
            -57.79264056194648,
            -73.0717662231676,
            -84.8721010090794,
            -108.11289514581503,
            -126.9406076633033,
            -158.49438317627354,
            -176.3350076826795,
            -145.49779611908733,
            -132.70313748775047,
            -86.30332013611054,
            -28.97948618003028,
            -6.792219057093469,
            -0.46924789713552995,
            0,
            0,
            0,
            0,
            0,
            0,
            0,
            0,
            0
        ],
        [
            14.222274083529788,
            -27.213227918437756,
            -16.632100128785137,
            -17.43968014799302,
            -31.61308967666949,
            -50.182215341655514,
            -64.06445381523775,
            -74.34239837027684,
            -94.74252571183136,
            -109.69102189295127,
            -134.61746727359946,
            -146.30131621322985,
            -115.0738892985103,
            -97.5488940469342,
            -53.76247315780668,
            -9.02215983375593,
            0,
            0,
            0,
            0,
            0,
            0,
            0,
            0,
            0,
            0,
            0
        ],
        [
            11.169031101792076,
            -19.446550458201834,
            -8.71767260488033,
            -8.292998321639045,
            -20.348986052241532,
            -36.39764495250723,
            -47.880006678124,
            -55.60819441534868,
            -70.91906744083029,
            -78.49010315828747,
            -89.27802070263515,
            -85.60405384930698,
            -46.69597146877004,
            0,
            0,
            0,
            0,
            0,
            0,
            0,
            0,
            0,
            0,
            0,
            0,
            0,
            0
        ],
        [
            0,
            -12.64688164836382,
            -3.548042954903953,
            -2.4844731779668314,
            -12.327050506711183,
            -25.41739283249158,
            -33.96735538120305,
            -38.22955842703543,
            -45.13471013661758,
            -35.78997534034706,
            0,
            0,
            0,
            0,
            0,
            0,
            0,
            0,
            0,
            0,
            0,
            0,
            0,
            0,
            0,
            0,
            0
        ],
        [
            0,
            3.7866140689113976,
            20.14652917837779,
            27.41322301519493,
            23.51407721072025,
            15.059220284069047,
            8.301243720391001,
            2.905855974314963,
            0,
            0,
            0,
            0,
            0,
            0,
            0,
            0,
            0,
            0,
            0,
            0,
            0,
            0,
            0,
            0,
            0,
            0,
            0
        ],
        [
            0,
            0,
            0,
            0,
            0,
            0,
            0,
            0,
            0,
            0,
            0,
            0,
            0,
            0,
            0,
            0,
            0,
            0,
            0,
            0,
            0,
            0,
            0,
            0,
            0,
            0,
            0
        ]
    ],
    "imag(M)": [
        [
            0,
            0,
            0,
            0,
            0,
            0,
            0,
            0,
            0,
            0,
            0,
            -0.4677246328393124,
            -4.466395259558513,
            -11.391723657555731,
            -21.696771335754395,
            -14.512898944428754,
            -9.789868169403764,
            2.879125875694333,
            -6.900406085845476,
            6.91515578451521,
            5.725278444558187,
            1.2162802266930492,
            12.361571370465064,
            13.172518886343282,
            0,
            0,
            0
        ],
        [
            0,
            0,
            0,
            0,
            0,
            0,
            0,
            0,
            -5.159436591724442,
            -17.274016680940477,
            -24.746348635552064,
            -43.342603272526205,
            -51.184306452191656,
            -66.84645991469172,
            -87.27488021203101,
            -70.31857307444423,
            -60.71045284733378,
            -37.25862442171301,
            -55.44226498588725,
            -30.44984820481285,
            -32.22183067619145,
            -39.64897710886997,
            -15.707057348047702,
            -0.554365572345645,
            -5.240990611993916,
            7.164666110357788,
            0
        ],
        [
            0,
            0,
            0,
            0,
            0,
            0,
            0.05954186524641368,
            1.0589764796134833,
            -4.8676679043468525,
            -21.14951133715421,
            -29.664837388844937,
            -54.69860382798941,
            -63.869116954217205,
            -83.71810837781861,
            -109.71654789747787,
            -85.72176754396705,
            -72.15270909820143,
            -40.84884018274608,
            -64.34462012597658,
            -31.653261911386483,
            -34.00881971536497,
            -43.8851830984442,
            -13.115213091509599,
            6.157128159510229,
            -1.782916657875703,
            22.4977080031278,
            0
        ],
        [
            0,
            0,
            0,
            0,
            0,
            0.7247482501620514,
            4.030540570253287,
            6.3197376046148115,
            -1.0230481053221674,
            -20.921869737108256,
            -30.619354947650155,
            -60.90602386891773,
            -71.35313490951255,
            -94.73703685345016,
            -125.38034060457986,
            -95.81650177378977,
            -79.10329270473105,
            -41.470015587639516,
            -69.27083958085396,
            -30.36424068292425,
            -33.175295209345904,
            -44.95886800278263,
            -8.77486567562895,
            13.584883998227257,
            3.244765153226958,
            33.1270298273369,
            0
        ],
        [
            0,
            0,
            0,
            0,
            0,
            9.506645683960523,
            15.593750068516202,
            19.673683901830692,
            11.886946705559964,
            -10.474093678294246,
            -20.859991280233483,
            -55.39691010159853,
            -66.78259992538602,
            -93.03311689371195,
            -127.49831554570974,
            -93.13626346849827,
            -73.70331708770809,
            -30.718761766451998,
            -62.124411382800346,
            -18.09281566933236,
            -21.381005678829666,
            -34.857520302848776,
            5.32732297268334,
            29.19913348628723,
            15.6985049693799,
            45.962598424570224,
            0
        ],
        [
            0,
            0,
            0,
            -0.7247482501620514,
            -9.506645683960523,
            0,
            4.716943445339256,
            7.308879629018266,
            -3.3703343443470004,
            -29.955230798449513,
            -42.2579832323601,
            -81.19792588735541,
            -94.02931781484494,
            -123.257740755982,
            -161.37989962559075,
            -123.19133628946024,
            -101.59437616652154,
            -54.12808443248533,
            -88.42690227687523,
            -39.89428715455068,
            -43.16482115696316,
            -57.39969721513105,
            -12.850057974099299,
            14.406093350802253,
            2.1694712914329144,
            36.322899646993214,
            0
        ],
        [
            0,
            0,
            -0.05954186524641368,
            -4.030540570253287,
            -15.593750068516202,
            -4.716943445339256,
            0,
            2.26945606271206,
            -10.110438833354108,
            -39.68323959411842,
            -53.2178990100773,
            -95.68451992053949,
            -109.51438410065049,
            -141.0522766554603,
            -182.04447167367996,
            -140.4293118854671,
            -116.85522866365534,
            -65.56983093585397,
            -102.11340760622129,
            -49.908495301242844,
            -53.133112565605146,
            -67.90344078670668,
            -20.20555596193759,
            8.970112561856732,
            -2.768480337970921,
            29.643290852797897,
            0
        ],
        [
            0,
            0,
            -1.0589764796134833,
            -6.3197376046148115,
            -19.673683901830692,
            -7.308879629018266,
            -2.26945606271206,
            0,
            -13.604255972579505,
            -45.52462302846695,
            -59.95861074414449,
            -105.2965718982657,
            -119.84676802925978,
            -153.1715457979532,
            -196.35953159730784,
            -151.79048893464602,
            -126.48038804866017,
            -72.0779307165036,
            -110.20019030517314,
            -55.14510534536814,
            -58.222239496393314,
            -73.17165211577444,
            -23.359908044705556,
            6.690084725374224,
            -4.442531082976254,
            19.072245866485137,
            0
        ],
        [
            0,
            5.159436591724441,
            4.8676679043468525,
            1.0230481053221674,
            -11.886946705559964,
            3.3703343443470004,
            10.110438833354108,
            13.604255972579505,
            0,
            -33.02491188955589,
            -47.670253353462904,
            -95.03301129840878,
            -109.87923486495814,
            -144.3598063153269,
            -188.99862704864614,
            -141.9843100163976,
            -115.27181580168032,
            -58.65299633114843,
            -97.85942756135482,
            -41.15776685646805,
            -44.378195470075994,
            -59.61138003061048,
            -9.8654054858708,
            17.823238658448652,
            4.165210500404972,
            0,
            0
        ],
        [
            0,
            17.274016680940477,
            21.14951133715421,
            20.921869737108256,
            10.474093678294246,
            29.955230798449513,
            39.68323959411842,
            45.52462302846695,
            33.02491188955589,
            0,
            -14.298685625367243,
            -62.91426313993919,
            -77.73796175435062,
            -112.84324578609731,
            -158.28497333136275,
            -109.55611779178423,
            -82.00849545660105,
            -24.403158207018517,
            -64.39283064116029,
            -7.700516545819271,
            -11.729302924650755,
            -27.738020009310915,
            18.626094807754058,
            38.341816629676586,
            13.629375880878506,
            0,
            0
        ],
        [
            0,
            24.746348635552064,
            29.664837388844937,
            30.619354947650155,
            20.859991280233483,
            42.2579832323601,
            53.2178990100773,
            59.95861074414449,
            47.670253353462904,
            14.298685625367243,
            0,
            -49.347583601680846,
            -64.18500721470193,
            -99.54750544120914,
            -145.19688039333013,
            -95.69112137133371,
            -67.8037493337064,
            -10.127087476197378,
            -50.09557896805577,
            5.8555182492488544,
            1.4023234190910376,
            -14.671702542789205,
            28.233856274710874,
            40.277005483337014,
            0,
            0,
            0
        ],
        [
            0.46772463283932847,
            43.342603272526205,
            54.69860382798954,
            60.90602386891764,
            55.39691010159853,
            81.19792588735541,
            95.68451992053949,
            105.2965718982657,
            95.03301129840878,
            62.91426313993919,
            49.347583601680846,
            0,
            -14.650717684122748,
            -50.04442453169331,
            -95.79139310887955,
            -46.420705200339114,
            -19.084211760074044,
            37.38430831384199,
            -3.4373789652838416,
            50.059170577177014,
            43.44962355629648,
            25.143936833215736,
            60.122254650812515,
            53.99006006856525,
            0,
            0,
            0
        ],
        [
            4.466395259558508,
            51.18430645219166,
            63.869116954217205,
            71.35313490951255,
            66.78259992538602,
            94.02931781484494,
            109.51438410065049,
            119.84676802925978,
            109.87923486495814,
            77.73796175435062,
            64.18500721470193,
            14.650717684122748,
            0,
            -35.38847008675669,
            -80.98801796742093,
            -31.796198309992572,
            -4.8131986248488285,
            50.60809075206101,
            9.890367874607582,
            61.40187120107423,
            53.78174513508617,
            34.82485485371527,
            63.673957226753316,
            38.36897258296671,
            0,
            0,
            0
        ],
        [
            11.391723657555726,
            66.84645991469172,
            83.71810837781861,
            94.73703685345016,
            93.03311689371195,
            123.257740755982,
            141.0522766554603,
            153.1715457979532,
            144.3598063153269,
            112.84324578609731,
            99.54750544120914,
            50.04442453169331,
            35.38847008675669,
            0,
            -45.49273230461112,
            2.8718133194889908,
            28.790437902221164,
            82.03891461902732,
            40.769404749189505,
            88.57603160758406,
            78.38509481437202,
            56.948646516686644,
            73.79968283892059,
            0,
            0,
            0,
            0
        ],
        [
            21.696771335754406,
            87.27488021203101,
            109.71654789747808,
            125.38034060457973,
            127.49831554570974,
            161.37989962559075,
            182.04447167367996,
            196.35953159730784,
            188.99862704864614,
            158.28497333136275,
            145.19688039333013,
            95.79139310887955,
            80.98801796742093,
            45.49273230461112,
            0,
            46.79564402483475,
            70.87309834457596,
            120.73458744630393,
            78.27080732834261,
            120.50740423653436,
            106.04822146865628,
            80.02227671496371,
            75.97797997476259,
            0,
            0,
            0,
            0
        ],
        [
            14.512898944428747,
            70.31857307444423,
            85.72176754396712,
            95.81650177378984,
            93.13626346849827,
            123.19133628946024,
            140.4293118854671,
            151.79048893464602,
            141.9843100163976,
            109.55611779178423,
            95.69112137133371,
            46.420705200339114,
            31.796198309992572,
            -2.8718133194889908,
            -46.79564402483475,
            0,
            24.573641416182795,
            73.82253428286555,
            34.74603047295337,
            75.93360266163069,
            63.75394177754592,
            41.77153039139458,
            25.733113060336127,
            0,
            0,
            0,
            0
        ],
        [
            9.789868169403764,
            60.71045284733376,
            72.15270909820153,
            79.10329270473105,
            73.70331708770809,
            101.59437616652154,
            116.85522866365534,
            126.48038804866017,
            115.27181580168032,
            82.00849545660105,
            67.8037493337064,
            19.084211760074044,
            4.8131986248488285,
            -28.790437902221164,
            -70.87309834457596,
            -24.573641416182795,
            0,
            47.61123960416966,
            11.840948857460257,
            50.2638616023572,
            39.19210389428644,
            20.00193286343162,
            0,
            0,
            0,
            0,
            0
        ],
        [
            -2.879125875694333,
            37.25862442171295,
            40.848840182746144,
            41.47001558763955,
            30.71876176645201,
            54.12808443248533,
            65.56983093585399,
            72.0779307165036,
            58.652996331148444,
            24.403158207018517,
            10.127087476197378,
            -37.38430831384199,
            -50.60809075206101,
            -82.03891461902732,
            -120.73458744630393,
            -73.82253428286555,
            -47.61123960416966,
            0,
            -28.770190577563675,
            9.611398447851203,
            5.021520522487787,
            -0.2612772685800055,
            0,
            0,
            0,
            0,
            0
        ],
        [
            6.900406085845476,
            55.44226498588725,
            64.34462012597658,
            69.270839580854,
            62.124411382800346,
            88.42690227687523,
            102.11340760622129,
            110.20019030517314,
            97.85942756135483,
            64.39283064116029,
            50.09557896805577,
            3.4373789652838416,
            -9.890367874607582,
            -40.769404749189505,
            -78.27080732834261,
            -34.74603047295337,
            -11.840948857460257,
            28.770190577563675,
            0,
            25.439388695332593,
            6.921414458450141,
            0,
            0,
            0,
            0,
            0,
            0
        ],
        [
            -6.915155784515212,
            30.44984820481277,
            31.65326191138653,
            30.36424068292425,
            18.09281566933236,
            39.89428715455068,
            49.908495301242844,
            55.14510534536816,
            41.15776685646805,
            7.70051654581927,
            -5.8555182492488544,
            -50.059170577177014,
            -61.40187120107423,
            -88.57603160758406,
            -120.50740423653436,
            -75.93360266163069,
            -50.2638616023572,
            -9.611398447851203,
            -25.439388695332593,
            0,
            0,
            0,
            0,
            0,
            0,
            0,
            0
        ],
        [
            -5.725278444558185,
            32.22183067619146,
            34.008819715364936,
            33.175295209345926,
            21.381005678829666,
            43.16482115696316,
            53.133112565605146,
            58.22223949639331,
            44.378195470075994,
            11.729302924650755,
            -1.4023234190910376,
            -43.44962355629648,
            -53.78174513508617,
            -78.38509481437202,
            -106.04822146865628,
            -63.75394177754592,
            -39.19210389428644,
            -5.021520522487787,
            -6.92141445845016,
            0,
            0,
            0,
            0,
            0,
            0,
            0,
            0
        ],
        [
            -1.2162802266930492,
            39.64897710886998,
            43.88518309844423,
            44.95886800278263,
            34.857520302848776,
            57.39969721513105,
            67.90344078670668,
            73.17165211577444,
            59.61138003061049,
            27.738020009310908,
            14.671702542789205,
            -25.143936833215736,
            -34.82485485371527,
            -56.948646516686644,
            -80.02227671496371,
            -41.77153039139458,
            -20.00193286343162,
            0.2612772685800055,
            0,
            0,
            0,
            0,
            0,
            0,
            0,
            0,
            0
        ],
        [
            -12.361571370465056,
            15.707057348047696,
            13.115213091509599,
            8.77486567562895,
            -5.327322972683339,
            12.850057974099299,
            20.205555961937595,
            23.359908044705552,
            9.865405485870799,
            -18.626094807754058,
            -28.233856274710874,
            -60.1222546508125,
            -63.673957226753316,
            -73.79968283892059,
            -75.97797997476259,
            -25.733113060336127,
            0,
            0,
            0,
            0,
            0,
            0,
            0,
            0,
            0,
            0,
            0
        ],
        [
            -13.172518886343298,
            0.5543655723456451,
            -6.1571281595102345,
            -13.584883998227266,
            -29.199133486287245,
            -14.406093350802253,
            -8.970112561856732,
            -6.690084725374224,
            -17.823238658448652,
            -38.3418166296766,
            -40.27700548333703,
            -53.99006006856525,
            -38.368972582966734,
            0,
            0,
            0,
            0,
            0,
            0,
            0,
            0,
            0,
            0,
            0,
            0,
            0,
            0
        ],
        [
            0,
            5.240990611993912,
            1.7829166578757036,
            -3.2447651532269606,
            -15.698504969379902,
            -2.1694712914329144,
            2.7684803379709213,
            4.442531082976256,
            -4.165210500404968,
            -13.62937588087854,
            0,
            0,
            0,
            0,
            0,
            0,
            0,
            0,
            0,
            0,
            0,
            0,
            0,
            0,
            0,
            0,
            0
        ],
        [
            0,
            -7.1646661103577785,
            -22.497708003127823,
            -33.12702982733694,
            -45.96259842457029,
            -36.322899646993214,
            -29.64329085279783,
            -19.07224586648515,
            0,
