{
    "bin_ranges": {
        "m3pi_lower_limit": 1.7,
        "m3pi_upper_limit": 1.74,
        "t_lower_limit": 0.326,
        "t_upper_limit": 1
    },
    "info": "The dalitz matrix M is computed as sqrt(-Kibble) * (A[1]-A[2])",
    "bin_centers": [
        0.29900000000000004,
        0.33999999999999997,
        0.38,
        0.42000000000000004,
        0.45999999999999996,
        0.5,
        0.54,
        0.5800000000000001,
        0.62,
        0.66,
        0.69,
        0.71,
        0.73,
        0.75,
        0.77,
        0.79,
        0.81,
        0.83,
        0.85,
        0.87,
        0.89,
        0.91,
        0.94,
        0.98,
        1.02,
        1.06,
        1.1,
        1.1400000000000001,
        1.18,
        1.22,
        1.26,
        1.3,
        1.34,
        1.38,
        1.42,
        1.46,
        1.5,
        1.54,
        1.58
    ],
    "real(M)": [
        [
            0,
            0,
            0,
            0,
            0,
            0,
            0,
            0,
            0,
            0,
            0,
            0,
            0,
            0,
            0,
            0,
            0,
            0,
            0,
            0,
            0,
            0,
            0,
            0,
            22.387193013495114,
            20.421712596376583,
            23.387009801647746,
            18.196884221016106,
            19.645929410202324,
            24.59775493823887,
            16.932868508523924,
            17.542453104377188,
            2.764279380231887,
            10.788945960644915,
            0,
            0,
            0,
            0,
            0
        ],
        [
            0,
            0,
            0,
            0,
            0,
            0,
            0,
            0,
            0,
            0,
            0,
            0,
            0,
            0,
            0,
            0,
            33.515119896170496,
            89.26025464099854,
            105.38208252100908,
            128.59471855732056,
            113.42924291543557,
            109.76431595178849,
            110.94972747844264,
            84.15765936886008,
            91.44671174626724,
            73.4111605028982,
            75.42977465769057,
            63.56093980814041,
            65.61042270701753,
            74.40612618447935,
            60.558018212408044,
            62.47013162065454,
            32.811123765938675,
            58.739065517999514,
            3.902004814321262,
            -4.922083138052953,
            4.909024346921127,
            0,
            0
        ],
        [
            0,
            0,
            0,
            0,
            0,
            0,
            0,
            0,
            0,
            0,
            0,
            1.0698765845065992,
            46.76731277207447,
            105.96935630053818,
            193.6101392821853,
            259.1990190091481,
            322.8435874269775,
            356.8079862133136,
            349.99360961734686,
            374.90310611489775,
            338.4826526328798,
            328.9809579715974,
            330.0705699390346,
            293.8435632661812,
            308.9155719446639,
            288.6507564887205,
            295.28425396225003,
            282.21130971557733,
            286.3073386138788,
            297.6379085931634,
            277.29258948698003,
            275.67013121659437,
            229.18226626100915,
            255.21765840174788,
            163.44632754245396,
            126.86963574995653,
            163.72128669198798,
            33.166054292181336,
            0
        ],
        [
            0,
            0,
            0,
            0,
            0,
            0,
            0,
            0,
            0,
            -14.60288165428046,
            -48.45753161256422,
            -6.821115972883244,
            86.59270160123954,
            173.4495517005653,
            294.74607728234326,
            373.2123194101739,
            446.8563130913207,
            478.38338911819704,
            456.22661321149064,
            479.29560645351535,
            423.23598843759567,
            404.6131927591434,
            398.50508062512955,
            345.75223012385004,
            359.254512400433,
            330.52258984477794,
            335.81520500109724,
            318.0420817124445,
            321.8208142850735,
            335.02171378496803,
            310.8857545413822,
            310.18856477422645,
            256.25665076500246,
            291.7888063449331,
            184.3987651114972,
            146.3865435927918,
            216.15514041798897,
            103.26233638604546,
            0
        ],
        [
            0,
            0,
            0,
            0,
            0,
            0,
            0,
            -24.17614517151373,
            -50.15457750649769,
            -41.85480281042244,
            -90.68406032057983,
            -29.36342999811419,
            95.85559007368998,
            205.13459411384812,
            354.5382606303129,
            445.80117452895274,
            529.7490735392894,
            561.158242605804,
            527.6577687803816,
            550.1649113602834,
            478.14120906409937,
            452.16271068341933,
            440.2741801845262,
            373.3821016420779,
            385.5921084248623,
            349.37333670308504,
            353.4292726449657,
            331.42043141256914,
            334.86160778797284,
            349.6738276162753,
            322.1627045969025,
            322.265305747514,
            261.88883203327873,
            305.53681457230715,
            185.02287816368698,
            145.8929200192976,
            239.1321429811252,
            122.61803414634012,
            0
        ],
        [
            0,
            0,
            0,
            0,
            0,
            0,
            -20.633412536701048,
            -38.65977257615958,
            -50.723543115993174,
            -27.569934638027483,
            -83.81130191446454,
            -4.2153381619001,
            150.1207239797946,
            281.4721603729,
            458.12768591303274,
            563.7026143329325,
            659.7237520086782,
            693.9249414035809,
            653.0446053097919,
            677.4534760021437,
            593.3773984006534,
            562.7957662651422,
            548.381329671652,
            471.757093500126,
            485.2817424905809,
            444.21773624300505,
            448.557579251624,
            423.5418713596978,
            426.9063638983944,
            442.72875584347094,
            410.99199324322495,
            409.76779019805605,
            340.6856276497536,
            387.1858129416594,
            249.79069534471373,
            202.29218957205939,
            303.0313356281613,
            166.23543427281749,
            0
        ],
        [
            0,
            0,
            0,
            0,
            0,
            20.633412536701048,
            0,
            -2.8525097424378547,
            -3.8356840732223603,
            34.956377130819135,
            -24.809572439874973,
            72.42751074333816,
            254.23028378235477,
            407.14291252121114,
            610.1364675177548,
            730.5667872463403,
            839.4022029005139,
            877.9556218461016,
            832.0654544031864,
            859.7645350106916,
            766.1261791536924,
            732.6494408098155,
            717.6932857693299,
            634.1429626370202,
            650.4807257035421,
            606.163547167796,
            611.5320270599045,
            584.0667503675332,
            587.1560912383225,
            603.1109678748004,
            566.115498546177,
            561.4979429428067,
            481.6080122847393,
            526.3318486887101,
            368.8758789245856,
            306.947176135614,
            401.96360103822946,
            232.4203310584141,
            0
        ],
        [
            0,
            0,
            0,
            0,
            24.17614517151373,
            38.65977257615958,
            2.8525097424378547,
            0,
            -0.4955294246840512,
            44.53152497008439,
            -23.33316700339405,
            86.64204899846594,
            290.3937707265678,
            460.237467484886,
            684.7665026501836,
            816.4643825195528,
            934.8442572331472,
            975.2918175330228,
            922.7686481623869,
            951.5550857185403,
            847.237017642423,
            809.3134185111726,
            791.3730866490073,
            698.4617829524083,
            714.8637420910989,
            665.4649993807252,
            670.1827405867607,
            639.3879703741607,
            641.6957693994905,
            657.8228091931016,
            616.7803956190354,
            610.5201219974098,
            523.2968542828794,
            569.4173613039535,
            399.08185169598937,
            330.5803568732384,
            425.68109946390985,
            238.3903185454804,
            0
        ],
        [
            0,
            0,
            0,
            0,
            50.15457750649769,
            50.723543115993174,
            3.8356840732223603,
            0.4955294246840512,
            0,
            50.27794292208446,
            -25.18025717607391,
            96.26569018736483,
            320.01708342854164,
            505.3531389273253,
            749.6739769249303,
            891.7429319710291,
            1018.9124114667286,
            1061.07384509655,
            1002.3568391011096,
            1032.077601125249,
            917.7821883490153,
            875.6428641952759,
            854.7799253762886,
            752.9773047699452,
            769.1960994613806,
            714.8580749315141,
            718.7084326815708,
            684.5811206984621,
            685.8621176779424,
            701.771778747498,
            656.6799578212747,
            648.433787825759,
            554.2267680050375,
            600.54116663719,
            418.62755144628267,
            343.44957869540366,
            432.98781924036246,
            225.18586172779868,
            0
        ],
        [
            0,
            0,
            0,
            14.60288165428046,
            41.85480281042244,
            27.569934638027483,
            -34.956377130819135,
            -44.53152497008439,
            -50.27794292208446,
            0,
            -85.75689719766171,
            44.13027917630714,
            284.31810972411836,
            482.06089443798214,
            742.8703749286736,
            892.8070799879663,
            1026.456026335683,
            1068.6123917119357,
            1002.6304070711338,
            1031.7577801573445,
            906.8356752417933,
            859.4841325144556,
            834.1016330297601,
            721.9650570355932,
            736.2486516316826,
            675.9972731953264,
            678.0866851162535,
            640.4146803758402,
            640.7336635940089,
            656.9218513493639,
            609.3257303710186,
            601.0482624165081,
            503.42921273884366,
            552.9749444153392,
            366.58021906947397,
            292.26252824871113,
            380.25407195420473,
            162.74836387888473,
            0
        ],
        [
            0,
            0,
            0,
            48.45753161256422,
            90.68406032057983,
            83.81130191446454,
            24.809572439874973,
            23.33316700339405,
            25.18025717607391,
            85.75689719766171,
            0,
            140.3356117328569,
            396.3937426912199,
            607.0174601627821,
            883.390451761788,
            1042.6711442674964,
            1184.504920564516,
            1230.1147568431966,
            1162.3137612137473,
            1194.1025559551085,
            1064.6333574448859,
            1016.3305976168831,
            991.4542317853001,
            876.2774412668375,
            892.4898875838701,
            830.4766532270968,
            832.6475498412059,
            792.7188517914661,
            791.289703944478,
            805.1358684799881,
            751.7554980606408,
            737.4228912583484,
            629.4660834737253,
            669.7299049934694,
            466.54392876910555,
            373.24271288859546,
            426.44039701550906,
            135.49827526779427,
            0
        ],
        [
            0,
            0,
            -1.0698765845065992,
            6.821115972883244,
            29.36342999811419,
            4.2153381619001,
            -72.42751074333816,
            -86.64204899846594,
            -96.26569018736483,
            -44.13027917630714,
            -140.3356117328569,
            0,
            259.7668766794151,
            472.4688978618602,
            752.8802704542373,
            912.5114805881361,
            1054.2161634507158,
            1096.9556709474743,
            1023.2073839976193,
            1052.1531359976998,
            915.5550468937884,
            862.6797854575345,
            832.7076394972021,
            709.4562701744296,
            722.0021146609953,
            655.3907580531636,
            655.6114700615232,
            613.9244836706267,
            612.8635812636941,
            628.730915830669,
            577.6082049332732,
            568.0269061182515,
            465.56270766659964,
            515.579722622559,
            323.5500791788137,
            247.16393252498233,
            316.6694191556318,
            0,
            0
        ],
        [
            0,
            0,
            -46.76731277207447,
            -86.59270160123954,
            -95.85559007368998,
            -150.1207239797946,
            -254.23028378235477,
            -290.3937707265678,
            -320.01708342854164,
            -284.31810972411836,
            -396.3937426912199,
            -259.7668766794153,
            0,
            211.284535413422,
            492.30481056749653,
            649.1521571741871,
            787.7603005721469,
            824.9259202712344,
            742.8123995362382,
            766.5267032044464,
            620.7636072676216,
            561.3420593999068,
            523.5694298801353,
            389.36086877271913,
            395.9522930625065,
            323.387031175275,
            321.12403144719593,
            278.2150035049313,
            279.1284973353467,
            299.8719786152536,
            255.46762954914783,
            256.76908170917227,
            168.31110190820297,
            238.8651578789651,
            73.4351603183141,
            34.864667575519064,
            150.3210197773277,
            0,
            0
        ],
        [
            0,
            0,
            -105.96935630053818,
            -173.4495517005653,
            -205.13459411384812,
            -281.4721603729,
            -407.14291252121114,
            -460.237467484886,
            -505.3531389273253,
            -482.06089443798214,
            -607.0174601627821,
            -472.4688978618602,
            -211.2845354134218,
            0,
            282.9025979948346,
            438.3235383274911,
            575.1484197854743,
            608.1047130303643,
            519.0614718948565,
            538.7894019970706,
            385.23668923296015,
            320.47648866339824,
            276.5262295168059,
            133.3822713128559,
            135.5767184049514,
            58.4086406989446,
            54.58999188699361,
            11.090848193592597,
            14.157613124541001,
            39.49031653773836,
            1.1688644838612376,
            12.099514815229817,
            -63.94471759475139,
            24.402158680025675,
            -116.8686124007678,
            -120.86372753001397,
            35.538265966929444,
            0,
            0
        ],
        [
            0,
            0,
            -193.6101392821853,
            -294.74607728234326,
            -354.5382606303129,
            -458.12768591303274,
            -610.1364675177548,
            -684.7665026501836,
            -749.6739769249295,
            -742.8703749286743,
            -883.3904517617871,
            -752.8802704542373,
            -492.30481056749653,
            -282.9025979948346,
            0,
            152.3414116918682,
            285.8323198000082,
            313.2293849041862,
            216.13044189259753,
            230.70883638662215,
            68.49473488468469,
            -2.4824809949453677,
            -53.80252286969825,
            -206.99383143083173,
            -210.02253540564703,
            -292.0055384588028,
            -297.12214774666865,
            -340.2570040677653,
            -333.42826306202466,
            -301.1045939804688,
            -329.8256209521363,
            -304.6416863137844,
            -361.8521072382323,
            -247.7501560825481,
            -352.6921961010046,
            -304.4802683403986,
            -76.03941103032139,
            0,
            0
        ],
        [
            0,
            0,
            -259.1990190091481,
            -373.2123194101739,
            -445.80117452895274,
            -563.7026143329325,
            -730.5667872463403,
            -816.4643825195528,
            -891.7429319710265,
            -892.8070799879663,
            -1042.6711442674964,
            -912.5114805881361,
            -649.1521571741871,
            -438.3235383274911,
            -152.3414116918682,
            0,
            133.10635283333949,
            157.8595988019613,
            55.605773554869174,
            67.65025489708434,
            -100.56703557272883,
            -175.37109844232225,
            -230.85660710487943,
            -390.3352196062949,
            -395.7618761651088,
            -480.43970435293556,
            -485.7181103094758,
            -528.2610918047594,
            -518.5931206362311,
            -481.4587981153248,
            -504.00725414567717,
            -469.70044540819754,
            -514.8151700392174,
            -384.5583218330934,
            -464.39150525251654,
            -378.6092595284792,
            -92.26798497571194,
            0,
            0
        ],
        [
            0,
            -33.51511989615453,
            -322.8435874269775,
            -446.8563130913207,
            -529.7490735392894,
            -659.7237520086782,
            -839.4022029005139,
            -934.8442572331472,
            -1018.9124114667264,
            -1026.456026335683,
            -1184.504920564515,
            -1054.2161634507158,
            -787.7603005721469,
            -575.1484197854743,
            -285.8323198000082,
            -133.10635283333949,
            0,
            22.593671861448453,
            -84.2083942238366,
            -74.24169302137835,
            -247.81860180330523,
            -325.9319733196655,
            -384.9095664258744,
            -549.7390831407725,
            -556.8983513316356,
            -643.5817984119237,
            -648.526066676022,
            -690.0090372614336,
            -677.2040547978389,
            -635.1054329426612,
            -651.2780838746547,
            -607.8254704642454,
            -640.5353259647086,
            -494.3071532787993,
            -547.2658190284667,
            -419.33474785082984,
            0,
            0,
            0
        ],
        [
            0,
            -89.2602546409985,
            -356.8079862133136,
            -478.38338911819704,
            -561.158242605804,
            -693.9249414035809,
            -877.9556218461016,
            -975.2918175330228,
            -1061.07384509655,
            -1068.6123917119357,
            -1230.1147568431977,
            -1096.9556709474743,
            -824.9259202712344,
            -608.1047130303643,
            -313.22938490418636,
            -157.85959880196143,
            -22.593671861448463,
            0,
            -109.1695395092896,
            -99.36061774905318,
            -276.29509902276004,
            -355.9586113858675,
            -416.11769261926827,
            -583.6172860496258,
            -590.6510133369968,
            -678.0523607603461,
            -682.2339617858836,
            -722.9940655523778,
            -708.402349924955,
            -663.803652598584,
            -677.1444693108908,
            -629.6517518703726,
            -656.477940161066,
            -503.642461066503,
            -540.2506748734394,
            -382.501885780133,
            0,
            0,
            0
        ],
        [
            0,
            -105.38208252100516,
            -349.99360961734686,
            -456.22661321149064,
            -527.6577687803816,
            -653.0446053097919,
            -832.0654544031864,
            -922.7686481623869,
            -1002.3568391011086,
            -1002.6304070711349,
            -1162.3137612137464,
            -1023.2073839976193,
            -742.8123995362382,
            -519.0614718948563,
            -216.13044189259753,
            -55.605773554869174,
            84.2083942238366,
            109.1695395092896,
            0,
            11.72832450337242,
            -166.425918287464,
            -245.77637605937966,
            -304.7098229372035,
            -472.18267877240976,
            -477.3717051406626,
            -564.5057315366345,
            -567.9950271007091,
            -609.0880901466858,
            -595.0456659042734,
            -551.7187767232701,
            -567.4685010834814,
            -523.2646159460219,
            -553.64116171494,
            -407.638317497536,
            -444.15112307726736,
            -277.22276754603166,
            0,
            0,
            0
        ],
        [
            0,
            -128.59471855732056,
            -374.90310611489775,
            -479.29560645351535,
            -550.1649113602834,
            -677.4534760021437,
            -859.7645350106901,
            -951.5550857185403,
            -1032.077601125249,
            -1031.7577801573445,
            -1194.1025559551074,
            -1052.1531359976998,
            -766.526703204446,
            -538.7894019970706,
            -230.70883638662215,
            -67.65025489708434,
            74.2416930213784,
            99.36061774905318,
            -11.72832450337242,
            0,
            -180.9227262377342,
            -261.4733370866024,
            -321.22847371653097,
            -490.7016994338103,
            -495.5636697325667,
            -583.038229000146,
            -585.6883705385582,
            -625.9163413874654,
            -610.2003119278424,
            -564.6935299292091,
            -577.7049314552066,
            -529.8918353841581,
            -554.0753483769255,
            -402.49286243244245,
            -418.1994045738097,
            -192.53928423672622,
            0,
            0,
            0
        ],
        [
            0,
            -113.42924291543557,
            -338.4826526328798,
            -423.23598843759567,
            -478.14120906409937,
            -593.3773984006534,
            -766.1261791536912,
            -847.237017642424,
            -917.7821883490153,
            -906.8356752417933,
            -1064.6333574448859,
            -915.5550468937888,
            -620.7636072676216,
            -385.23668923296015,
            -68.49473488468473,
            100.56703557272888,
            247.81860180330534,
            276.29509902276004,
            166.42591828746404,
            180.9227262377342,
            0,
            -79.3418952244115,
            -136.85182243973802,
            -305.048222775978,
            -307.6862231484734,
            -394.7604781940155,
            -397.3848812029153,
            -439.09959506017464,
            -426.00490457703245,
            -384.839364064046,
            -404.0473304972057,
            -364.91530116622795,
            -398.9448238449609,
            -264.6632163666403,
            -289.07402510551697,
            0,
            0,
            0,
            0
        ],
        [
            0,
            -109.76431595178849,
            -328.9809579715974,
            -404.6131927591434,
            -452.16271068341933,
            -562.7957662651422,
            -732.6494408098155,
            -809.3134185111737,
            -875.6428641952759,
            -859.4841325144556,
            -1016.3305976168823,
            -862.679785457535,
            -561.3420593999068,
            -320.47648866339824,
            2.4824809949453677,
            175.37109844232234,
            325.93197331966564,
            355.9586113858675,
            245.77637605937974,
            261.4733370866024,
            79.3418952244115,
            0,
            -56.914734807102704,
            -225.42871825994436,
            -227.0774505375332,
            -314.2106911662905,
            -316.6867902273781,
            -358.8881974087604,
            -346.60723090394475,
            -306.9972080108044,
            -328.1842710484834,
            -292.14199869292605,
            -327.93667520404045,
            -201.0488070796063,
            -214.61741171448688,
            0,
            0,
            0,
            0
        ],
        [
            0,
            -110.94972747844261,
            -330.0705699390346,
            -398.50508062512955,
            -440.2741801845262,
            -548.381329671652,
            -717.6932857693293,
            -791.3730866490073,
            -854.7799253762886,
            -834.1016330297601,
            -991.4542317853007,
            -832.7076394972015,
            -523.5694298801351,
            -276.5262295168059,
            53.80252286969825,
            230.85660710487943,
            384.9095664258744,
            416.11769261926827,
            304.7098229372036,
            321.22847371653097,
            136.85182243973802,
            56.914734807102704,
            0,
            -169.62342613885167,
            -170.49847873099276,
            -257.76178983381436,
            -259.8654680121331,
            -301.9814286762208,
            -289.72697538018457,
            -250.7286881495816,
            -271.96595749223326,
            -236.92943079417847,
            -269.1854751806146,
            -146.97725123818475,
            -110.89363355040994,
            0,
            0,
            0,
            0
        ],
        [
            0,
            -84.15765936886089,
            -293.8435632661812,
            -345.75223012385004,
            -373.3821016420787,
            -471.757093500126,
            -634.1429626370194,
            -698.4617829524083,
            -752.9773047699447,
            -721.9650570355932,
            -876.2774412668375,
            -709.4562701744293,
            -389.36086877271896,
            -133.3822713128559,
            206.99383143083173,
            390.33521960629497,
            549.7390831407728,
            583.6172860496258,
            472.1826787724096,
            490.7016994338103,
            305.048222775978,
            225.42871825994436,
            169.62342613885167,
            0,
            0.08627705738149861,
            -87.629962906066,
            -90.8865924822099,
            -135.19719270450622,
            -126.86978462978831,
            -94.33157063655153,
            -122.29684998435108,
            -98.42575872809371,
            -136.66965845073625,
            -42.7946008734386,
            0,
            0,
            0,
            0,
            0
        ],
        [
            -22.387193013495146,
            -91.4467117462677,
            -308.91557194466384,
            -359.254512400433,
            -385.59210842486164,
            -485.2817424905809,
            -650.4807257035421,
            -714.8637420910994,
            -769.1960994613806,
            -736.2486516316826,
            -892.4898875838701,
            -722.0021146609956,
            -395.9522930625063,
            -135.5767184049514,
            210.02253540564715,
            395.7618761651088,
            556.8983513316357,
            590.6510133369968,
            477.3717051406628,
            495.5636697325667,
            307.6862231484734,
            227.0774505375332,
            170.49847873099276,
            -0.08627705738149861,
            0,
            -87.20987644032357,
            -89.91895677561816,
            -132.68788874525382,
            -123.19735866744428,
            -90.18814095276774,
            -113.94918380199829,
            -87.32930018984361,
            -106.06990108638105,
            0,
            0,
            0,
            0,
            0,
            0
        ],
        [
            -20.421712596376583,
            -73.41116050289854,
            -288.6507564887205,
            -330.52258984477794,
            -349.37333670308567,
            -444.21773624300505,
            -606.1635471677954,
            -665.4649993807258,
            -714.8580749315141,
            -675.9972731953264,
            -830.4766532270964,
            -655.390758053164,
            -323.387031175275,
            -58.4086406989446,
            292.0055384588028,
            480.43970435293573,
            643.5817984119236,
            678.0523607603461,
            564.5057315366346,
            583.038229000146,
            394.7604781940155,
            314.2106911662905,
            257.76178983381436,
            87.629962906066,
            87.20987644032357,
            0,
            -4.3138417492373256,
            -48.25365715523969,
            -42.232867656358316,
            -15.598584705365559,
            -42.80130506955358,
            -25.663097480925785,
            -27.322132460629614,
            0,
            0,
            0,
            0,
            0,
            0
        ],
        [
            -23.387009801647732,
            -75.42977465769106,
            -295.28425396225003,
            -335.81520500109724,
            -353.4292726449657,
            -448.557579251624,
            -611.5320270599051,
            -670.1827405867607,
            -718.7084326815703,
            -678.0866851162535,
            -832.6475498412057,
            -655.6114700615234,
            -321.1240314471958,
            -54.58999188699361,
            297.12214774666865,
            485.71811030947595,
            648.5260666760221,
            682.2339617858837,
            567.9950271007091,
            585.6883705385582,
            397.3848812029153,
            316.6867902273781,
            259.8654680121331,
            90.8865924822099,
            89.91895677561816,
            4.3138417492373256,
            0,
            -41.87685328632432,
            -35.5943421466139,
            -10.772161094969501,
            -32.56639316835761,
            -13.291766324317654,
            0,
            0,
            0,
            0,
            0,
            0,
            0
        ],
        [
            -18.196884221016106,
            -63.560939808140766,
            -282.21130971557733,
            -318.0420817124444,
            -331.42043141256914,
            -423.5418713596978,
            -584.0667503675332,
            -639.3879703741612,
            -684.5811206984621,
            -640.4146803758402,
            -792.7188517914662,
            -613.9244836706267,
            -278.2150035049313,
            -11.090848193592597,
            340.2570040677654,
            528.2610918047595,
            690.0090372614336,
            722.9940655523778,
            609.0880901466858,
            625.9163413874652,
            439.09959506017464,
            358.8881974087604,
            301.9814286762208,
            135.19719270450622,
            132.68788874525382,
            48.25365715523969,
            41.87685328632432,
            0,
            2.520311630020402,
            18.781256772705518,
            -3.7732190840903455,
            0,
            0,
            0,
            0,
            0,
            0,
            0,
            0
        ],
        [
            -19.645929410202342,
            -65.61042270701775,
            -286.3073386138788,
            -321.8208142850735,
            -334.86160778797284,
            -426.9063638983944,
            -587.156091238322,
            -641.6957693994905,
            -685.8621176779419,
            -640.7336635940089,
            -791.2897039444779,
            -612.8635812636941,
            -279.1284973353466,
            -14.157613124541001,
            333.42826306202466,
            518.5931206362312,
            677.204054797839,
            708.4023499249552,
            595.0456659042734,
            610.2003119278424,
            426.00490457703245,
            346.60723090394475,
            289.72697538018457,
            126.86978462978831,
            123.19735866744428,
            42.232867656358316,
            35.5943421466139,
            -2.520311630020402,
            0,
            10.77032785771527,
            0,
            0,
            0,
            0,
            0,
            0,
            0,
            0,
            0
        ],
        [
            -24.597754938238854,
            -74.40612618447935,
            -297.63790859316344,
            -335.0217137849681,
            -349.6738276162753,
            -442.72875584347094,
            -603.1109678748006,
            -657.8228091931019,
            -701.7717787474979,
            -656.9218513493639,
            -805.135868479988,
            -628.730915830669,
            -299.87197861525357,
            -39.49031653773836,
            301.10459398046885,
            481.4587981153248,
            635.1054329426611,
            663.8036525985841,
            551.7187767232701,
            564.693529929209,
            384.839364064046,
            306.9972080108044,
            250.7286881495816,
            94.33157063655153,
            90.18814095276774,
            15.598584705365559,
            10.772161094969501,
            -18.781256772705518,
            -10.77032785771527,
            0,
            0,
            0,
            0,
            0,
            0,
            0,
            0,
            0,
            0
        ],
        [
            -16.93286850852394,
            -60.55801821240809,
            -277.2925894869801,
            -310.8857545413822,
            -322.1627045969022,
            -410.99199324322495,
            -566.115498546177,
            -616.7803956190356,
            -656.6799578212745,
            -609.3257303710186,
            -751.7554980606404,
            -577.6082049332733,
            -255.4676295491478,
            -1.1688644838612376,
            329.82562095213626,
            504.0072541456773,
            651.278083874655,
            677.1444693108908,
            567.4685010834814,
            577.7049314552066,
            404.0473304972057,
            328.1842710484834,
            271.96595749223326,
            122.29684998435108,
            113.94918380199829,
            42.80130506955358,
            32.56639316835761,
            3.7732190840903455,
            0,
            0,
            0,
            0,
            0,
            0,
            0,
            0,
            0,
            0,
            0
        ],
        [
            -17.54245310437716,
            -62.47013162065454,
            -275.6701312165944,
            -310.1885647742265,
            -322.265305747514,
            -409.7677901980561,
            -561.4979429428068,
            -610.5201219974102,
            -648.4337878257588,
            -601.0482624165081,
            -737.4228912583482,
            -568.0269061182515,
            -256.76908170917227,
            -12.099514815229817,
            304.6416863137844,
            469.70044540819754,
            607.8254704642455,
            629.6517518703727,
            523.2646159460218,
            529.8918353841581,
            364.91530116622795,
            292.14199869292605,
            236.92943079417847,
            98.42575872809371,
            87.32930018984361,
            25.66309748092579,
            13.291766324317654,
            0,
            0,
            0,
            0,
            0,
            0,
            0,
            0,
            0,
            0,
            0,
            0
        ],
        [
            -2.7642793802318812,
            -32.811123765938596,
            -229.18226626100918,
            -256.2566507650025,
            -261.8888320332785,
            -340.68562764975366,
            -481.6080122847391,
            -523.2968542828794,
            -554.2267680050375,
            -503.42921273884366,
            -629.4660834737253,
            -465.5627076665997,
            -168.31110190820297,
            63.94471759475139,
            361.8521072382323,
            514.8151700392174,
            640.5353259647087,
            656.4779401610659,
            553.6411617149399,
            554.0753483769255,
            398.9448238449609,
            327.93667520404045,
            269.1854751806146,
            136.66965845073625,
            106.06990108638104,
            27.322132460629614,
            0,
            0,
            0,
            0,
            0,
            0,
            0,
            0,
            0,
            0,
            0,
            0,
            0
        ],
        [
            -10.788945960644893,
            -58.739065517999684,
            -255.21765840174788,
            -291.78880634493345,
            -305.53681457230704,
            -387.1858129416594,
            -526.3318486887102,
            -569.4173613039534,
            -600.54116663719,
            -552.9749444153392,
            -669.7299049934693,
            -515.5797226225588,
            -238.86515787896505,
            -24.402158680025675,
            247.75015608254793,
            384.55832183309343,
            494.30715327879943,
            503.6424610665031,
            407.63831749753587,
            402.4928624324423,
            264.6632163666403,
            201.0488070796063,
            146.97725123818472,
            42.79460087343859,
            0,
            0,
            0,
            0,
            0,
            0,
            0,
            0,
            0,
            0,
            0,
            0,
            0,
            0,
            0
        ],
        [
            0,
            -3.9020048143212884,
            -163.446327542454,
            -184.3987651114974,
            -185.022878163687,
            -249.79069534471375,
            -368.87587892458566,
            -399.08185169598937,
            -418.62755144628244,
            -366.58021906947397,
            -466.5439287691054,
            -323.5500791788138,
            -73.4351603183141,
            116.8686124007678,
            352.6921961010048,
            464.39150525251637,
            547.2658190284668,
            540.2506748734394,
            444.15112307726775,
            418.1994045738097,
            289.07402510551697,
            214.61741171448688,
            110.89363355040986,
            0,
            0,
            0,
            0,
            0,
            0,
            0,
            0,
            0,
            0,
            0,
            0,
            0,
            0,
            0,
            0
        ],
        [
            0,
            4.9220831380529795,
            -126.86963574995652,
            -146.3865435927919,
