{
    "bin_ranges": {
        "m3pi_lower_limit": 2.46,
        "m3pi_upper_limit": 2.5,
        "t_lower_limit": 0.326,
        "t_upper_limit": 1
    },
    "info": "The dalitz matrix M is computed as sqrt(-Kibble) * (A[1]-A[2])",
    "bin_centers": [
        0.29900000000000004,
        0.33999999999999997,
        0.38,
        0.42000000000000004,
        0.45999999999999996,
        0.5,
        0.54,
        0.5800000000000001,
        0.62,
        0.66,
        0.69,
        0.71,
        0.73,
        0.75,
        0.77,
        0.79,
        0.81,
        0.83,
        0.85,
        0.87,
        0.89,
        0.91,
        0.94,
        0.98,
        1.02,
        1.06,
        1.1,
        1.1400000000000001,
        1.18,
        1.22,
        1.26,
        1.3,
        1.34,
        1.38,
        1.42,
        1.46,
        1.5,
        1.54,
        1.58,
        1.62,
        1.66,
        1.7,
        1.74,
        1.78,
        1.82,
        1.8599999999999999,
        1.9,
        1.94,
        1.98,
        2.02,
        2.06,
        2.1,
        2.14,
        2.18,
        2.22,
        2.26
    ],
    "real(M)": [
        [
            0,
            0,
            0,
            0,
            0,
            0,
            0,
            0,
            0,
            0,
            0,
            0,
            0,
            0,
            0,
            0,
            0,
            0,
            0,
            0,
            0,
            0,
            0,
            0,
            0,
            0,
            0,
            0,
            0,
            0,
            0,
            0,
            0,
            0,
            -49.147431208883404,
            -148.65739137982686,
            -196.4367525624748,
            -246.72018836286642,
            -292.1165476854016,
            -272.0034937385823,
            -366.7194494663058,
            -328.56831229877855,
            -186.41195120316408,
            -174.59914961629804,
            -183.76560711627587,
            -160.91664152959382,
            -144.24435278605839,
            -166.02987727565676,
            -125.40090781150806,
            -67.76550995109578,
            0,
            0,
            0,
            0,
            0,
            0
        ],
        [
            0,
            0,
            0,
            0,
            0,
            0,
            0,
            0,
            0,
            0,
            0,
            0,
            0,
            0,
            0,
            0,
            0,
            0,
            0,
            0,
            0,
            0,
            0,
            0,
            0,
            0,
            0,
            0,
            137.12291859078593,
            225.928402486233,
            222.5816034537293,
            205.0800833299349,
            287.2086166695135,
            256.2297189127839,
            284.4676555425449,
            263.0121081983519,
            281.589545803667,
            259.08036482657377,
            231.64077955104125,
            319.7226947767434,
            172.76265347249299,
            265.70046387972934,
            534.7924831196334,
            553.5116294454102,
            523.3874806316087,
            541.5705880596668,
            535.4690355935265,
            426.19347203765966,
            414.65885646312717,
            330.0556047746782,
            275.9759934309535,
            318.49172038325406,
            282.5508632882082,
            11.198662025351558,
            0,
            0
        ],
        [
            0,
            0,
            0,
            0,
            0,
            0,
            0,
            0,
            0,
            0,
            0,
            0,
            0,
            0,
            0,
            0,
            0,
            0,
            0,
            0,
            0,
            0,
            0,
            0,
            -38.04199112796356,
            -98.96878165355614,
            -143.53408977964813,
            -174.54872442137227,
            -83.54766226391251,
            -98.0224834587184,
            -222.84513003927785,
            -328.77457083367074,
            -259.4411378698441,
            -357.43902463362474,
            -358.67695998994077,
            -425.1273104054806,
            -429.5265871532514,
            -485.7534153498132,
            -543.3664770167173,
            -441.2141273791348,
            -649.3209467909348,
            -532.8778970773062,
            -178.954768906867,
            -151.97104358061247,
            -183.7680202673503,
            -144.68968170616563,
            -130.28391369425162,
            -247.3965509999592,
            -222.80830679790597,
            -289.0855767880677,
            -300.02075361894055,
            -135.98329586505315,
            -22.3021028219344,
            -62.89620693372007,
            -46.07014088333612,
            0
        ],
        [
            0,
            0,
            0,
            0,
            0,
            0,
            0,
            0,
            0,
            0,
            0,
            0,
            0,
            0,
            0,
            0,
            0,
            0,
            0,
            0,
            0,
            -4.270708038780391,
            82.60986012909471,
            72.84877122262235,
            151.2693256233113,
            122.16602824735175,
            113.47307929169554,
            117.89487535424642,
            288.2004581138244,
            298.76540771325165,
            160.72756491621954,
            50.76209704750138,
            165.8186292577812,
            64.09047587666713,
            83.2082543119451,
            18.775928438238747,
            29.471834623114376,
            -25.818935279373072,
            -84.62903279417603,
            49.15295388499757,
            -197.1612119028039,
            -51.46266364262171,
            379.00322532463383,
            410.3286437410976,
            367.69443993687617,
            408.0981341345132,
            415.4228460148186,
            258.2986913946238,
            269.7362149153876,
            163.48160773751243,
            118.26123437917688,
            288.5779643595254,
            393.10086454049036,
            280.92785415303007,
            221.1410788318139,
            332.36487232913646
        ],
        [
            0,
            0,
            0,
            0,
            0,
            0,
            0,
            0,
            0,
            0,
            0,
            0,
            0,
            0,
            0,
            0,
            -14.667451506950579,
            -104.27832629811087,
            40.58896656621011,
            -155.99864920406353,
            -46.433197931839246,
            -88.11635213970504,
            63.41680633180032,
            11.553452477211792,
            101.56218910737552,
            42.13385774835971,
            16.28571940286352,
            9.900169127195717,
            210.64608328879524,
            211.4409293799457,
            33.66581091803031,
            -106.23215881098126,
            24.720096241085464,
            -102.19695611094333,
            -84.76140790001644,
            -165.0600415249875,
            -156.33960503525245,
            -224.16672560695568,
            -295.2356935928138,
            -141.64084081130036,
            -429.1150675623556,
            -260.80764889215254,
            237.8634459701142,
            274.5793558796498,
            226.56484843897786,
            275.8497638517509,
            288.0107526112269,
            110.20405581153703,
            129.6343227126998,
            12.918990772205529,
            -31.23489507963893,
            182.56912204407138,
            325.75703460886837,
            213.73725509803612,
            173.0723020688176,
            418.2192825007145
        ],
        [
            0,
            0,
            0,
            0,
            0,
            0,
            0,
            0,
            0,
            0,
            0,
            0,
            0,
            -99.72783016030687,
            -147.76392429848238,
            -233.5175581069531,
            -184.6094409548637,
            -345.9407507556476,
            -64.93556056132097,
            -389.4753196265433,
            -225.7024201703952,
            -290.9481597789395,
            -99.38702356423859,
            -186.60075327538368,
            -92.15843817543112,
            -181.96925015936267,
            -227.86531345094568,
            -248.9302496431202,
            -26.00809100805947,
            -38.403552845169955,
            -256.4340091891608,
            -427.80366894843667,
            -286.2384746974912,
            -439.90701612685586,
            -427.3173065652498,
            -525.2423714540279,
            -520.9433261735442,
            -602.6180591408337,
            -686.8899203090342,
            -516.2223703261518,
            -842.9200093303723,
            -653.9784915723093,
            -91.75970020157222,
            -49.436035614471784,
            -101.26878776308858,
            -41.95351355451434,
            -22.84511271756776,
            -216.4098122073065,
            -185.4698665866655,
            -306.49946505522036,
            -343.23827252432494,
            -82.88462877650241,
            103.16411322693915,
            1.7075059397672665,
            -10.418546899679097,
            346.83889650713485
        ],
        [
            0,
            0,
            0,
            0,
            0,
            0,
            0,
            0,
            0,
            0,
            -29.947110670670796,
            -62.38542379166673,
            -13.304445886307862,
            -153.36576903958476,
            -149.2666958737716,
            -234.76615658060769,
            -126.89514796295887,
            -321.9925578969352,
            71.61018108509374,
            -330.3758897962766,
            -106.97048327513183,
            -174.15737500022323,
            75.91428298680412,
            -10.000953167192009,
            117.73483648336332,
            28.21378276978104,
            -10.258561319903043,
            -20.80823665508811,
            245.00344397057756,
            241.51731182911354,
            5.689487813855244,
            -176.9167853425507,
            -8.701739424327076,
            -172.13498715081334,
            -150.21420058915905,
            -252.30451405889613,
            -241.252532134617,
            -326.6223861602501,
            -415.6090608023409,
            -222.78332040652006,
            -582.2229147489569,
            -371.43927630425685,
            251.00138422173887,
            296.73879692380257,
            237.11500521287394,
            299.09761408222494,
            315.1810324858765,
            94.37393761193427,
            120.0847402432585,
            -24.652780032480752,
            -78.64462801233392,
            194.70631383698745,
            383.3199937374787,
            247.13252867228593,
            204.76814076207697,
            580.7364436941183
        ],
        [
            0,
            0,
            0,
            0,
            0,
            0,
            0,
            0,
            0,
            77.11997885168985,
            -24.69933049686645,
            -44.64959024457109,
            50.49526300605006,
            -133.53872905702815,
            -111.65740830336131,
            -207.6247505836067,
            -60.96097781136318,
            -289.94309963514667,
            193.26898704720443,
            -279.3022574508225,
            -8.159803039161607,
            -80.65694530855691,
            216.82935573118226,
            126.51135578623914,
            279.5986884678751,
            185.66778835428454,
            149.69065218721323,
            144.85040765987986,
            447.09993790580955,
            448.5225628065052,
            192.63239899848682,
            -3.6826197688380016,
            186.9293411771279,
            11.625024881399465,
            40.029098421493835,
            -68.15897707400025,
            -52.57998717214206,
            -143.10652973198862,
            -237.95767751004118,
            -25.167957931729756,
            -416.5511380239859,
            -185.53716118207456,
            493.79995548428286,
            542.8034986433188,
            476.17473722332863,
            541.3932948462297,
            555.7163080928121,
            310.8787130321096,
            333.7185768683123,
            169.49276480337682,
            102.74621627558825,
            391.70566934484003,
            586.7587110138885,
            424.42965602558485,
            361.4797914793266,
            757.9827227947526
        ],
        [
            0,
            0,
            0,
            0,
            0,
            0,
            0,
            0,
            0,
            118.7345066308825,
            -45.35639933231608,
            -70.61166911751195,
            49.79169350095798,
            -177.91932395331511,
            -149.55239897954252,
            -262.03593344611437,
            -88.61412789600746,
            -354.0120800709669,
            203.1274326666142,
            -338.69566816039384,
            -29.808653474552386,
            -112.42890017734636,
            221.2058274014965,
            117.48536748466401,
            285.44677993020736,
            179.08373602092766,
            137.58566704591593,
            130.70382236072902,
            460.5240990593195,
            460.08050467819174,
            178.95606939158378,
            -36.168865612061445,
            170.50555828179762,
            -21.001589912910227,
            9.18360536723072,
            -108.77677540432524,
            -92.32447564456598,
            -190.72329069999648,
            -293.5832958755614,
            -63.570509469154835,
            -486.68253140740813,
            -236.98585640763,
            496.54302704494467,
            549.3284652490104,
            477.4853886487478,
            548.0117213124195,
            563.7924631457795,
            300.48103536935093,
            325.8693049819071,
            149.98369403106048,
            79.37805690537184,
            392.0567769981975,
            603.9322696531879,
            431.50757028681585,
            366.7083603847688,
            798.0296055086409
        ],
        [
            0,
            0,
            0,
            0,
            0,
            0,
            0,
            -77.11997885168985,
            -118.7345066308825,
            0,
            -230.93574087199923,
            -273.52159696455305,
            -143.53106045972092,
            -420.836865034669,
            -397.979561590333,
            -536.0873179254107,
            -348.7896233252034,
            -657.4370879828153,
            -41.95661499866438,
            -657.0339099407721,
            -322.18861895129777,
            -423.0141072931373,
            -68.20789478364276,
            -200.61292720316987,
            -33.88359118775845,
            -166.55600443924197,
            -227.11087213223337,
            -249.02295461848576,
            94.77954179949506,
            80.959216124678,
            -235.18444821480531,
            -478.45546544081765,
            -265.73673887756865,
            -481.3227808513298,
            -457.13938662702077,
            -591.3091354862325,
            -579.9458919538071,
            -690.8569770566713,
            -805.3418655970546,
            -561.7364166664515,
            -1016.9311410841285,
            -749.9257563005704,
            35.97489120878279,
            94.39832562306536,
            21.13659436555066,
            101.84267548947115,
            125.92312470382858,
            -145.81715847464898,
            -106.86210622171123,
            -279.8417481559209,
            -337.27847814797167,
            17.08255470803416,
            267.97536949625135,
            115.7111597482188,
            85.42444577665934,
            588.8745630674902
        ],
        [
            0,
            0,
            0,
            0,
            0,
            0,
            29.947110670670796,
            24.69933049686645,
            45.35639933231608,
            230.93574087199923,
            0,
            -27.34954422694061,
            134.8424206604606,
            -151.94245380290405,
            -109.33991588975536,
            -242.56323538768433,
            -23.526607839845244,
            -341.2503396047789,
            336.19782581727003,
            -310.5638346238228,
            62.357085553816916,
            -32.28249945352953,
            365.4775841810987,
            248.07013864486157,
            447.70763624498863,
            328.22577315489644,
            284.4171578909763,
            280.5289324839785,
            661.7117851386181,
            663.8845119968137,
            346.4198354981528,
            105.11049083174684,
            342.8200745476454,
            128.63529459718453,
            165.46619146526265,
            34.63635351687555,
            55.3840829079963,
            -53.61390640151929,
            -167.75175746997928,
            92.06842978346532,
            -382.344497587274,
            -101.5948376067575,
            720.3670417600813,
            778.1457050319389,
            695.8715642724949,
            772.2521891785464,
            786.6943494730718,
            489.1043108494733,
            512.9168184615758,
            311.80202540552705,
            227.09795646639319,
            566.2177182574129,
            790.4984013167474,
            587.37502696328,
            500.19798067486863,
            944.1559960577667
        ],
        [
            0,
            0,
            0,
            0,
            0,
            0,
            62.38542379166673,
            44.64959024457109,
            70.61166911751195,
            273.52159696455305,
            27.34954422694061,
            0,
            173.4134441461378,
            -128.05792326496098,
            -81.28715398900317,
            -219.4795519081723,
            12.036671462260028,
            -319.0707888446777,
            390.8283723802515,
            -283.43162751779084,
            107.07163210460786,
            9.671617497437174,
            425.37724309400187,
            305.18667039076536,
            514.2677643748192,
            392.0515347106718,
            348.39082008658795,
            346.0501618609207,
            741.932953383819,
            745.4756475717699,
            418.6944906092483,
            170.78932797928894,
            417.4870726139014,
            197.56795062644326,
            236.62448547698148,
            102.63939846991002,
            124.86254374575529,
            13.221060066252006,
            -103.80040392045683,
            164.2449952062577,
            -324.0448041044941,
            -34.895447315712964,
            810.8435300309651,
            869.7003984317731,
            784.2436629383635,
            861.6892494187312,
            875.1240453958383,
            567.6614015101261,
            590.1120539061393,
            381.2833072410844,
            291.6027086611734,
            635.6802745607348,
            860.6285824882792,
            647.0404944713592,
            550.6216668915466,
            988.5641262693939
        ],
        [
            0,
            0,
            0,
            0,
            0,
            0,
            13.304445886307862,
            -50.49526300605006,
            -49.79169350095798,
            143.53106045972092,
            -134.8424206604606,
            -173.4134441461378,
            0,
            -326.04621042679844,
            -285.34863200672453,
            -438.1516042063238,
            -204.0477856368677,
            -557.4166851011995,
            175.03471323916554,
            -534.7829619928945,
            -135.71605734817538,
            -244.17040362327555,
            176.89049962967687,
            38.424270204572316,
            241.91515707394964,
            102.8993114723175,
            45.95669146641773,
            32.40230510786934,
            430.6706203297126,
            424.2435278068328,
            77.73935992258794,
            -186.47191122689458,
            59.97786488752128,
            -173.82421113456013,
            -140.00852221356064,
            -283.63394431960296,
            -265.5952422765465,
            -384.48903522078564,
            -507.97440687870096,
            -234.44718312347206,
            -737.7067751728698,
            -440.5356347817039,
            429.50857255734195,
            491.93567949400494,
            407.440157796514,
            491.6476696286684,
            511.6719962210529,
            204.29877667323902,
            237.35860193318106,
            35.6855248310571,
            -41.15133213412156,
            328.6926494469195,
            579.5661810712596,
            387.1888643245736,
            320.7390748898137,
            801.0834199792707
        ],
        [
            0,
            0,
            0,
            0,
            0,
            99.72783016030687,
            153.36576903958476,
            133.53872905702815,
            177.91932395331511,
            420.836865034669,
            151.94245380290405,
            128.05792326496098,
            326.04621042679844,
            0,
            57.83468510698307,
            -86.78903281424842,
            171.5828592144285,
            -182.263701553923,
            592.8179519791557,
            -131.51433357934175,
            295.5801163025687,
            195.54222001485806,
            649.8251601101125,
            529.3036372100879,
            761.4873167409455,
            638.5605077505619,
            599.5418688878472,
            604.3301024493361,
            1032.6565638394723,
            1042.5221318784054,
            701.0561100601483,
            443.4998441152966,
            710.5610375454066,
            482.13807984320124,
            527.8677946356207,
            389.8176808026962,
            416.6505651338078,
            301.3082619717418,
            179.78399498071641,
            464.4427549685546,
            -50.33219416039801,
            254.92134033147497,
            1145.8243676829811,
            1205.58131351774,
            1112.295195151459,
            1189.4241825367508,
            1197.8873934058993,
            867.9201612500445,
            883.1531040104888,
            654.2578174316736,
            548.5697905338369,
            893.2584772972987,
            1108.610804843703,
            863.2099838771798,
            733.5332595043521,
            1130.8428000712313
        ],
        [
            0,
            0,
            0,
            0,
            0,
            147.76392429848238,
            149.2666958737716,
            111.65740830336131,
            149.55239897954252,
            397.979561590333,
            109.33991588975536,
            81.28715398900317,
            285.34863200672453,
            -57.83468510698307,
            0,
            -152.84360956652108,
            113.4143685954479,
            -256.23385122665,
            545.4786294249974,
            -207.61211953934682,
            232.6113979892158,
            126.88497838989416,
            593.3916641257613,
            464.4862784516956,
            700.0156580365297,
            569.2625490789551,
            525.3772910660127,
            526.872766902497,
            964.5727076015811,
            971.5041356682688,
            617.2859815118602,
            349.8221478448755,
            621.9625457196119,
            385.0323239343906,
            430.0676140462494,
            286.5829372135768,
            312.67729275117404,
            193.0892432981296,
            67.48231647502011,
            358.8348219071251,
            -169.4233428618635,
            143.53339503457636,
            1056.756266545857,
            1118.2868417545383,
            1023.4093880051659,
            1103.4144095566116,
            1113.4988581383056,
            777.9702473673254,
            796.0707627063133,
            565.4522152845929,
            461.56406927323013,
            817.3280856700767,
            1041.055065751647,
            797.1396897810976,
            672.0036375020861,
            1071.779145879636
        ],
        [
            0,
            0,
            0,
            0,
            0,
            233.5175581069531,
            234.76615658060769,
            207.6247505836067,
            262.03593344611437,
            536.0873179254107,
            242.56323538768433,
            219.4795519081723,
            438.1516042063238,
            86.78903281424842,
            152.84360956652108,
            0,
            281.7499174197742,
            -95.69853599023774,
            739.4573179585448,
            -34.45979317145542,
            425.70201222772045,
            321.3579371476966,
            809.9603388300009,
            685.8309403659285,
            937.036909859953,
            810.4301054294738,
            773.0112796004507,
            781.9329419289911,
            1238.8912656472166,
            1252.4039404334062,
            894.5163230738917,
            625.5340875824977,
            910.1865172303662,
            671.7580531882174,
            722.23068683079,
            578.7847251282365,
            608.721169037825,
            488.7062982442851,
            361.94906829835213,
            661.7310881353354,
            121.21527053897088,
            441.49550698579606,
            1375.0666940562733,
            1435.6872826207596,
            1335.2740916057012,
            1412.57168799407,
            1417.0818527176284,
            1067.2676556908057,
            1077.1065596683177,
            831.5256787947166,
            713.299133014037,
            1059.967741738234,
            1267.7463287565263,
            996.3792899249569,
            838.8812508126343,
            1187.9832946637353
        ],
        [
            0,
            0,
            0,
            0,
            14.667451506950579,
            184.6094409548637,
            126.89514796295887,
            60.96097781136318,
            88.61412789600746,
            348.7896233252034,
            23.526607839845244,
            -12.036671462260028,
            204.0477856368677,
            -171.5828592144285,
            -113.4143685954479,
            -281.7499174197742,
            0,
            -399.8268032994752,
            453.58734146824446,
            -354.78667079520676,
            111.09304724472632,
            -5.377619202503377,
            485.1960390377864,
            340.5377855185229,
            583.0276412287627,
            437.52165847260915,
            384.5965036114029,
            380.08287729563716,
            836.3600956884995,
            837.9337164301263,
            459.2658571889682,
            172.86761652404078,
            455.15716075921745,
            201.9902615072803,
            245.93602859411664,
            92.16378038503179,
            117.0595635659366,
            -10.51957527074697,
            -143.7967326042164,
            160.66664253463475,
            -393.3527949653941,
            -65.38504100247238,
            890.7646316670258,
            955.7459184466751,
            857.883161552138,
            943.3806903312744,
            956.5404127454967,
            610.6384686942529,
            634.2047917927242,
            400.6562114895919,
            300.4885980801396,
            676.3550230280724,
            914.67348495243,
            673.9008210365689,
            556.976069351196,
            949.2702806178162
        ],
        [
            0,
            0,
            0,
            0,
            104.27832629811087,
            345.9407507556476,
            321.9925578969352,
            289.94309963514667,
            354.0120800709669,
            657.4370879828153,
            341.2503396047789,
            319.0707888446777,
            557.4166851011995,
            182.263701553923,
            256.23385122665,
            95.69853599023774,
            399.8268032994752,
            0,
            892.645835620138,
            71.47726005820478,
            563.4042879431233,
            455.071457069172,
            976.7793126236314,
            849.4626001202167,
            1119.1965439538626,
            989.2909615498534,
            953.6259590743059,
            966.7181145622396,
            1451.3907556582933,
            1468.5585465967563,
            1095.0041300749585,
            815.1438646689945,
            1116.7715104571216,
            868.7859412405624,
            923.8271617373207,
            775.2005783436003,
            808.0616655123821,
            683.5010292985025,
            551.6375481259588,
            865.638322497273,
            300.46826657524434,
            634.7098490154852,
            1608.1026214373812,
            1668.9035291452003,
            1561.0595881829558,
            1637.58086626599,
            1637.2820189549152,
            1267.9561147879765,
            1271.286428144756,
            1008.8703404782643,
            877.2690506292246,
            1221.8870081170573,
            1417.5101259175383,
            1118.0944977239326,
            927.8125510167741,
            1203.030555054582
        ],
        [
            0,
            0,
            0,
            0,
            -40.58896656621011,
            64.93556056132097,
            -71.61018108509374,
            -193.26898704720443,
            -203.1274326666142,
            41.95661499866438,
            -336.19782581727003,
            -390.8283723802515,
            -175.03471323916554,
            -592.8179519791557,
            -545.4786294249974,
            -739.4573179585448,
            -453.58734146824446,
            -892.645835620138,
            0,
            -871.2331268328901,
            -390.55177283963087,
            -526.8721046276358,
            -27.158158063442002,
            -204.82837947889143,
            27.242319567440113,
            -148.76588134206457,
            -225.91313325128542,
            -250.92653612441327,
            209.32120871152068,
            192.70122633833503,
            -221.61948177932115,
            -537.4321982730578,
            -255.66767224537367,
            -533.6680618417619,
            -498.9668503615797,
            -669.668303961985,
            -651.8228180353345,
            -791.6797700418906,
            -935.5768136359342,
            -620.5690564750474,
            -1199.3738763564209,
            -855.9572181417283,
            143.51866299816842,
            216.47238273477416,
            122.64068843840654,
            222.3162718222382,
            249.91057675873023,
            -90.87842310180685,
            -44.53061699381884,
            -258.8528773282835,
            -329.27797290744223,
            94.9961391524411,
            382.7711603354376,
            192.3997743578184,
            142.8600978192888,
            592.1624770757314
        ],
        [
            0,
            0,
            0,
            0,
            155.99864920406353,
            389.4753196265433,
            330.3758897962766,
            279.3022574508225,
            338.69566816039384,
            657.0339099407721,
            310.5638346238228,
            283.43162751779084,
            534.7829619928945,
            131.51433357934175,
            207.61211953934682,
            34.45979317145542,
            354.78667079520676,
            -71.47726005820478,
            871.2331268328901,
            0,
            517.6322779096497,
            400.8504315207194,
            947.5733993063417,
            808.5385954931303,
            1087.7890481987654,
            946.8028422710867,
            905.2893412688154,
            915.239958032758,
            1419.7885470602112,
            1434.1057120136595,
            1039.5628075814332,
            743.7615755728724,
            1056.6169901453807,
            794.8938980900946,
            850.2225744138344,
            693.080576007635,
            725.7154777395708,
            594.3866171007294,
            455.85109477559234,
            782.1463102974801,
            193.1895099561142,
            540.8480693625415,
            1552.5339608256922,
            1615.155758673253,
            1502.9389271184825,
            1582.1976679026905,
            1581.9415929716931,
            1200.6074383408195,
            1204.9954594099993,
            936.1682321976524,
            803.0535627008309,
            1156.650322097289,
            1353.774044066611,
            1047.0460386913678,
            847.7647118046793,
            1056.184768413051
        ],
        [
            0,
            0,
            0,
            0,
            46.43319793183611,
            225.7024201703952,
            106.97048327512968,
            8.159803039161607,
            29.80865347455222,
            322.1886189512992,
            -62.35708555381716,
            -107.07163210460821,
            135.71605734817538,
            -295.5801163025687,
            -232.6113979892158,
            -425.70201222772045,
            -111.09304724472632,
            -563.4042879431233,
            390.55177283963087,
            -517.6322779096497,
            0,
            -133.06588446791594,
            407.9770867760463,
            240.4027117959151,
            502.41379460784265,
            335.20425706121716,
            271.0264801963539,
            260.66875444620854,
            757.1391901404328,
            753.4608743538716,
            333.2826938674022,
            15.492385729783674,
            320.75264797626227,
            40.66443701394496,
            85.77757832700682,
            -84.38289643234279,
            -59.243943929810634,
            -199.59872632083486,
            -345.3869450314601,
            -15.428789581711419,
            -616.0041701329036,
            -260.0989493345352,
            773.8417344267823,
            843.8338378772571,
            738.7649243405546,
            831.4650019534823,
            846.6748421728133,
            479.0297705431828,
            507.3254293520069,
            264.05724720849264,
            164.58703724909216,
            562.9515467006115,
            810.136675769088,
            562.9826490464178,
            440.8672066188532,
            723.2152080381449
        ],
        [
            0,
            0,
            0,
            4.270708038780391,
            88.11635213970504,
            290.9481597789395,
            174.15737500022323,
            80.65694530855691,
            112.42890017734636,
            423.0141072931373,
            32.28249945352953,
            -9.671617497437174,
            244.17040362327555,
            -195.54222001485806,
            -126.88497838989416,
            -321.3579371476966,
            5.377619202503377,
            -455.071457069172,
            526.8721046276358,
            -400.8504315207194,
            133.06588446791594,
            0,
            558.7729277794913,
            393.14333979455245,
            666.8512581290594,
            501.2159325954885,
            440.7627982780129,
            435.07580326676384,
            946.7948548905799,
            947.2132204033657,
            522.1689029833735,
            201.539255425608,
            516.4198770525585,
            233.74175865115635,
            282.45605705655794,
            111.30364794655422,
            138.87253317100547,
            -2.6155747255963138,
            -150.00899635770983,
            186.5875647326779,
            -424.6516418778214,
            -62.88230412334524,
            987.4648348412846,
            1056.3474608993117,
            946.5301510368952,
            1036.7180058532065,
            1047.1584660008768,
            668.4764209426318,
            690.0347424782922,
            435.5948896357874,
            325.29496839704365,
            713.7506205850482,
            944.3353391697667,
            674.8383086183995,
            522.399206387754,
            710.1021826464611
        ],
        [
            0,
            0,
            0,
            -82.6098601291004,
            -63.41680633180032,
            99.38702356423859,
            -75.91428298680412,
            -216.82935573118357,
            -221.2058274014965,
            68.2078947836425,
            -365.4775841810987,
            -425.3772430939993,
            -176.89049962967687,
            -649.8251601101125,
            -593.3916641257613,
            -809.9603388300009,
            -485.1960390377864,
            -976.7793126236314,
            27.158158063442002,
            -947.5733993063417,
            -407.9770867760463,
            -558.7729277794913,
            0,
            -196.0464323455791,
            62.956463200647235,
            -130.70018817938012,
            -214.53120425114548,
            -240.6773145453402,
            267.6026788744838,
            249.93269077360722,
            -204.56927952704524,
            -549.9173720958208,
            -239.75655910774515,
            -542.9863053328315,
            -503.7772495233567,
            -688.950675332413,
            -668.1625099124923,
            -819.1745969936451,
            -974.1941691003458,
            -630.6117199714157,
            -1256.7964451617902,
            -883.0959385876646,
            197.51496875673035,
            275.31610520502153,
            173.31348334610982,
            278.90659204000696,
            306.5307491988372,
            -57.91633726978073,
            -9.855285470888909,
            -236.12918884289482,
            -308.83534733339485,
            128.1796947898005,
            411.8812180335545,
            209.78960184536461,
            145.50283917036663,
            370.8450954706318
        ],
        [
            0,
            0,
            0,
            -72.84877122262235,
            -11.553452477211792,
            186.60075327538368,
            10.000953167192009,
            -126.51135578623914,
            -117.48536748466401,
            200.61292720316987,
            -248.07013864486157,
            -305.18667039076536,
            -38.424270204572316,
            -529.3036372100879,
            -464.4862784516956,
            -685.8309403659285,
            -340.5377855185229,
            -849.4626001202167,
            204.82837947889143,
            -808.5385954931303,
            -240.4027117959151,
            -393.14333979455245,
            196.0464323455791,
            0,
            277.4556205726159,
            83.42440039701172,
            3.419975843943567,
            -16.95582357722463,
            517.0426126419244,
            504.3951470521274,
            38.39591052804709,
            -314.4268337978987,
            11.630433049993128,
            -298.145967560994,
            -253.78461792761806,
            -442.0297053502043,
            -417.76216375134493,
            -571.5402015959487,
            -729.8615826489116,
            -374.4087184461159,
            -1019.466191886555,
            -634.7658063724773,
            475.3339168580493,
            551.9328884242078,
            442.78487978907526,
            545.2936040200292,
            566.303182248459,
            185.88263758902525,
            225.00820569857913,
            -15.854284059563287,
            -102.06766488530897,
            318.8048104546931,
            574.0689081848009,
            341.43730228522776,
            229.43939564928598,
            0
        ],
        [
            0,
            0,
