{
    "bin_ranges": {
        "m3pi_lower_limit": 1.9000000000000001,
        "m3pi_upper_limit": 1.9400000000000002,
        "t_lower_limit": 0.326,
        "t_upper_limit": 1
    },
    "info": "The dalitz matrix M is computed as sqrt(-Kibble) * (A[1]-A[2])",
    "bin_centers": [
        0.29900000000000004,
        0.33999999999999997,
        0.38,
        0.42000000000000004,
        0.45999999999999996,
        0.5,
        0.54,
        0.5800000000000001,
        0.62,
        0.66,
        0.69,
        0.71,
        0.73,
        0.75,
        0.77,
        0.79,
        0.81,
        0.83,
        0.85,
        0.87,
        0.89,
        0.91,
        0.94,
        0.98,
        1.02,
        1.06,
        1.1,
        1.1400000000000001,
        1.18,
        1.22,
        1.26,
        1.3,
        1.34,
        1.38,
        1.42,
        1.46,
        1.5,
        1.54,
        1.58,
        1.62,
        1.66,
        1.7,
        1.74,
        1.78
    ],
    "real(M)": [
        [
            0,
            0,
            0,
            0,
            0,
            0,
            0,
            0,
            0,
            0,
            0,
            0,
            0,
            0,
            0,
            0,
            0,
            0,
            0,
            0,
            0,
            0,
            0,
            0,
            0,
            0,
            10.323555305837084,
            21.886906137198146,
            37.77933192039986,
            20.48445470543903,
            48.60341178446487,
            7.605955055063956,
            5.9343450116539,
            -8.94836695852186,
            -21.676103120624216,
            1.9193478699427373,
            -20.754495945822107,
            -13.905477565910049,
            0,
            0,
            0,
            0,
            0,
            0
        ],
        [
            0,
            0,
            0,
            0,
            0,
            0,
            0,
            0,
            0,
            0,
            0,
            0,
            0,
            0,
            0,
            0,
            0,
            0,
            0,
            0,
            0,
            37.3958232765327,
            44.12790320166784,
            53.27323916359031,
            4.755430304330517,
            17.685656300588363,
            39.47374105771542,
            12.128657267758268,
            32.52663738225723,
            -14.676443693107574,
            35.13146879508273,
            -45.39525693583345,
            -49.123969290020646,
            -76.13178819834279,
            -99.40644238926097,
            -53.13239652192371,
            -100.26765649091435,
            -92.37573474302359,
            -132.9490808166567,
            -109.86999376883365,
            -78.50210427009566,
            0,
            0,
            0
        ],
        [
            0,
            0,
            0,
            0,
            0,
            0,
            0,
            0,
            0,
            0,
            0,
            0,
            0,
            0,
            0,
            95.64286449863606,
            201.54952283424808,
            268.9081660289949,
            299.2780259100407,
            346.3937171567986,
            314.48468245336187,
            378.7378522010457,
            358.3917803596362,
            383.82461430567395,
            322.1575193588265,
            362.69234077181517,
            411.58427786647104,
            387.7621363060651,
            428.4940638944217,
            374.72274051651584,
            449.0822495637792,
            346.86053794316695,
            343.88814958898524,
            306.6457303979059,
            270.1994774590816,
            321.6246623981268,
            242.5020036994283,
            230.14407878864893,
            138.04515016488287,
            118.82029315583915,
            70.2428656033248,
            6.940200488216958,
            0,
            0
        ],
        [
            0,
            0,
            0,
            0,
            0,
            0,
            0,
            0,
            0,
            0,
            0,
            -22.956141903710254,
            8.608026291891102,
            58.187496108824924,
            120.83952408832185,
            154.2493885202477,
            232.45557427848303,
            264.3031974303375,
            250.9320110217819,
            277.1242263785578,
            192.10795639623913,
            254.4155543846389,
            188.362201426931,
            183.1568387186648,
            72.22537836627234,
            99.03537408973023,
            139.0095245477361,
            91.60081985385023,
            127.15059889554071,
            50.11007056349313,
            132.18212473147287,
            3.2312727133286185,
            -2.158859999183097,
            -45.5097411183452,
            -84.24597122581136,
            -12.59732587218281,
            -94.42951028039208,
            -89.77855595538841,
            -177.28549193096657,
            -166.79425616495632,
            -182.93520795308567,
            -208.60920698971026,
            -147.23345946383895,
            0
        ],
        [
            0,
            0,
            0,
            0,
            0,
            0,
            0,
            0,
            0,
            -50.20312199790388,
            -115.05565055645661,
            -86.9685113373271,
            -15.285390422803207,
            59.41937451942827,
            142.56193049605758,
            177.94771037736788,
            273.9191218016056,
            305.1337727721785,
            278.26492688965817,
            304.0523617014036,
            190.5585983907333,
            263.24264909749263,
            175.4620730370854,
            162.7594722082971,
            25.211165037738237,
            53.68568270945325,
            97.6812235801829,
            39.504332731972966,
            78.86930103087532,
            -12.249441550394375,
            81.70555014432004,
            -68.04831095021446,
            -74.36891353892132,
            -124.00408129100563,
            -167.8364825595163,
            -83.83699151867266,
            -176.4759015217558,
            -168.6917894045488,
            -267.777905530339,
            -252.69060302473284,
            -269.4933900107651,
            -303.0298307321012,
            -255.09787391107324,
            0
        ],
        [
            0,
            0,
            0,
            0,
            0,
            0,
            0,
            0.28288390296300503,
            15.549580868796633,
            24.778009265216966,
            -35.068068743237994,
            25.59691957095957,
            136.26394117533832,
            243.1372473451159,
            355.7020403039525,
            405.57436843553313,
            528.3300502385509,
            570.5656651550719,
            542.9853504500096,
            578.5240181285005,
            449.6957515775568,
            540.4007124931823,
            445.88615469190455,
            441.6025986127072,
            293.5448598651717,
            335.48019038563,
            393.63321760122244,
            334.59291730775095,
            384.8684500786997,
            286.62006333946294,
            395.5321008356529,
            228.92129464120404,
            221.991997643062,
            164.70594212905795,
            111.95814099809975,
            200.17324524810496,
            87.81359101881512,
            84.89509400223574,
            -41.974895163100626,
            -45.57854173480624,
            -92.19854519552416,
            -170.10623759416805,
            -181.53607059801402,
            0
        ],
        [
            0,
            0,
            0,
            0,
            0,
            0,
            0,
            -24.44477367623371,
            -12.040837030120416,
            -10.793891246351615,
            -92.26361534811075,
            -20.229496543524775,
            109.60940802447806,
            231.82796573322634,
            358.70152133418384,
            410.8114727274184,
            547.3003241017518,
            589.9249563928134,
            552.6456062305283,
            588.2440187316338,
            437.11625469523113,
            536.1154345579969,
            423.94616003999636,
            413.18593391109255,
            242.5424692494081,
            285.37234693128823,
            346.4932241511988,
            277.9250127538535,
            331.09028782240887,
            220.5405404470555,
            339.30335084041377,
            154.8213114318599,
            147.00727939789584,
            84.44515860171195,
            27.61295892503997,
            126.32084759918487,
            5.650985391253538,
            6.0746649078698995,
            -128.37982002979547,
            -126.22108055133675,
            -169.56223019856054,
            -245.16464765917118,
            -244.5341659917066,
            0
        ],
        [
            0,
            0,
            0,
            0,
            0,
            -0.28288390296300503,
            24.44477367623371,
            0,
            27.318132205295633,
            36.40556457568699,
            -54.226638537241726,
            33.437603885539865,
            185.83351992137318,
            327.2626096634817,
            472.3693857029332,
            531.6752890255772,
            685.6228007381341,
            733.3705230545942,
            691.7266238073689,
            731.695793223889,
            564.0767812420946,
            674.6501295509754,
            551.6065952376053,
            541.5320119046127,
            355.84231437908585,
            404.84532122009716,
            473.40035063074737,
            399.87701553150083,
            458.9581652142882,
            339.36061403939806,
            468.91514223855455,
            268.5325417859553,
            259.68214559905783,
            190.99191153299338,
            128.01885113448355,
            232.60779042506255,
            99.25772652630691,
            95.86211022976491,
            -53.964396556715585,
            -57.82676067888417,
            -112.29929375072396,
            -203.30011877348196,
            -215.39766217725025,
            0
        ],
        [
            0,
            0,
            0,
            0,
            0,
            -15.549580868796633,
            12.040837030120416,
            -27.318132205295633,
            0,
            5.354191349627094,
            -100.739785184817,
            -3.5654104640809097,
            165.0268188243164,
            319.96815997323876,
            477.9801308530826,
            540.2482379488786,
            706.813891894416,
            755.9229268654437,
            706.9397301715748,
            747.8020738208064,
            561.7222456952123,
            680.1380588933018,
            542.6810194679922,
            527.9939281123012,
            323.4147479590179,
            373.93638646618183,
            445.7199713814911,
            364.3556731485945,
            426.366011983452,
            296.32029308626255,
            434.6140067655793,
            218.8378171061644,
            209.22629727685222,
            135.95289922278698,
            69.39474350162662,
            182.40160426373185,
            41.940528249610175,
            40.875409768902365,
            -114.80174756534501,
            -114.08581731390086,
            -164.98926276615182,
            -249.98511323548996,
            -241.95703226667757,
            0
        ],
        [
            0,
            0,
            0,
            0,
            50.20312199790388,
            -24.778009265216966,
            10.793891246351615,
            -36.40556457568699,
            -5.354191349627094,
            0,
            -117.9422973129087,
            -10.613647586516116,
            174.3353455903355,
            343.19262925639356,
            514.568357138168,
            580.9321186750577,
            760.5583131849819,
            812.1830021282265,
            757.5151341382171,
            800.3380384115735,
            598.0120198724521,
            724.798016034275,
            575.2288399689951,
            557.935254269247,
            337.14554951842564,
            390.4556284570312,
            466.4408508870206,
            378.70146347394626,
            444.2240982087376,
            304.9860172402831,
            451.73804041790373,
            221.78478964276746,
            211.32893537388765,
            133.44540639739938,
            62.944676401161246,
            182.47490875360313,
            34.3094872491572,
            33.519979269152635,
            -129.10021374574978,
            -126.91304268918198,
            -177.26923755379545,
            -258.27241481822773,
            -229.679309776025,
            0
        ],
        [
            0,
            0,
            0,
            0,
            115.05565055645661,
            35.068068743237994,
            92.26361534811075,
            54.226638537241726,
            100.739785184817,
            117.9422973129087,
            0,
            119.73077874970002,
            321.30415376416613,
            504.93321465750483,
            690.5503448633426,
            764.452882710256,
            957.8095471101788,
            1015.5407654950498,
            961.001271977095,
            1009.2151597415194,
            799.1915799900755,
            935.6013305220899,
            782.6462407893032,
            769.893884226504,
            543.3267293489511,
            603.6647993133491,
            686.9511531129731,
            598.2622803880381,
            669.0087122058933,
            525.1762530382581,
            678.7846316934699,
            438.83673678558165,
            426.59030777378797,
            343.0837587179068,
            266.0666333185924,
            384.55466593597646,
            223.9973006231165,
            213.9542874652968,
            35.0505455489729,
            22.922527977571523,
            -46.50079019081372,
            -149.77957144702,
            -142.6493855932822,
            0
        ],
        [
            0,
            0,
            0,
            22.956141903710254,
            86.9685113373271,
            -25.59691957095957,
            20.229496543524775,
            -33.437603885539865,
            3.5654104640809097,
            10.613647586516116,
            -119.73077874970002,
            0,
            204.55642208887775,
            390.2593560393651,
            577.8704938855726,
            649.7245177670186,
            845.2357378719507,
            900.4717048527041,
            839.8340561973082,
            885.5498930692057,
            664.8643420843329,
            801.9457094456986,
            639.0055105302105,
            619.5702235622259,
            380.68567221278875,
            437.92300264405156,
            519.3441302169576,
            424.649953108695,
            494.5289377711645,
            344.8798906502862,
            501.3244199740793,
            255.0880858739016,
            243.40717480071356,
            159.92457877958552,
            84.46976862149243,
            210.21199114962852,
            52.73846396697104,
            50.901720343576066,
            -119.81244256486485,
            -117.54181487783401,
            -167.87818616553028,
            -241.07653395363823,
            -169.69919026803146,
            0
        ],
        [
            0,
            0,
            0,
            -8.608026291891102,
            15.285390422803207,
            -136.26394117533832,
            -109.60940802447806,
            -185.83351992137318,
            -165.0268188243164,
            -174.3353455903355,
            -321.30415376416613,
            -204.55642208887775,
            0,
            184.92096221750185,
            371.76560730373023,
            439.0286312278456,
            634.1058744376949,
            684.4905379212107,
            615.5964366485091,
            656.6297521428301,
            423.4396035599189,
            559.0856096770232,
            383.51485161162793,
            353.99195663469874,
            99.96642772992796,
            151.3983331264919,
            228.6475856320037,
            126.26431388346725,
            193.91561978473453,
            37.84427867302405,
            196.76573234127102,
            -55.03177563597794,
            -64.98089976821117,
            -146.3897268713916,
            -217.33481925355898,
            -80.67821006024418,
            -229.71159874312514,
            -216.77599967426616,
            -370.40264951637374,
            -342.6739530452045,
            -358.7182574302117,
            -378.51152915220064,
            -181.95633318946648,
            0
        ],
        [
            0,
            0,
            0,
            -58.187496108824924,
            -59.41937451942827,
            -243.1372473451159,
            -231.82796573322634,
            -327.2626096634817,
            -319.96815997323876,
            -343.19262925639356,
            -504.93321465750483,
            -390.2593560393651,
            -184.92096221750185,
            0,
            186.83391573444348,
            250.35826760888096,
            445.6958054670363,
            492.03878768475096,
            415.7812013577875,
            452.8885086776143,
            208.17670541226974,
            342.9967578142063,
            156.0069245637976,
            117.72649808521774,
            -150.01219801484294,
            -103.34533051339788,
            -29.36351750837072,
            -138.47302368644225,
            -72.36940055566203,
            -234.07492413353677,
            -72.35127614152033,
            -329.0560364613266,
            -337.0292279300794,
            -416.17030896020583,
            -482.5651162845562,
            -335.4496157493415,
            -476.17425798651726,
            -449.0475723936467,
            -585.8322278418177,
            -533.3338133727938,
            -515.1252106001992,
            -478.37428938329197,
            -30.448273054365643,
            0
        ],
        [
            0,
            0,
            0,
            -120.83952408832185,
            -142.56193049605758,
            -355.7020403039525,
            -358.70152133418384,
            -472.3693857029332,
            -477.9801308530826,
            -514.568357138168,
            -690.5503448633426,
            -577.8704938855726,
            -371.76560730373103,
            -186.83391573444348,
            0,
            59.916249154455855,
            255.5143906352495,
            297.9541844166646,
            214.579009890839,
            247.8960590904784,
            -7.9516023201414505,
            126.08177756434254,
            -71.92445171097279,
            -118.6204139813278,
            -399.52555539494483,
            -357.3561239003877,
            -286.39540294676505,
            -401.8018438180603,
            -336.97144111450257,
            -503.78360850296866,
            -339.0476995055659,
            -599.9430511566329,
            -605.4553464533185,
            -681.684608666674,
            -742.803970688385,
            -584.7430387346267,
            -716.0092404475294,
            -673.612724068801,
            -791.6088893164199,
            -712.14920583018,
            -655.6284944578864,
            -551.6583466112137,
            0,
            0
        ],
        [
            0,
            0,
            -95.64286449863606,
            -154.2493885202477,
            -177.94771037736788,
            -405.57436843553313,
            -410.8114727274184,
            -531.6752890255772,
            -540.2482379488786,
            -580.9321186750577,
            -764.452882710256,
            -649.7245177670186,
            -439.0286312278449,
            -250.35826760888096,
            -59.916249154455855,
            0,
            199.2208109379979,
            241.13917586147943,
            154.01785530226854,
            186.6884973319612,
            -77.0205876663169,
            59.033173737909095,
            -145.6658913515304,
            -195.65347061429733,
            -484.9258779688938,
            -443.2978700158911,
            -372.02069838435546,
            -490.8382901478951,
            -425.2391254894573,
            -595.5999229888241,
            -427.42855536760777,
            -692.4604669240363,
            -696.681598765702,
            -772.109278151461,
            -831.2337273133212,
            -667.2058540159302,
            -795.0110209763748,
            -745.4959205699046,
            -854.5711774454364,
            -761.3104071691573,
            -682.9081976296206,
            -529.5429014829488,
            0,
            0
        ],
        [
            0,
            0,
            -201.54952283424808,
            -232.45557427848303,
            -273.9191218016056,
            -528.3300502385509,
            -547.3003241017518,
            -685.6228007381341,
            -706.813891894416,
            -760.5583131849819,
            -957.8095471101788,
            -845.2357378719507,
            -634.1058744376949,
            -445.6958054670363,
            -255.5143906352495,
            -199.2208109379979,
            0,
            38.038002589503726,
            -55.953309432680484,
            -27.03361465092052,
            -301.32793118398035,
            -166.19412388166222,
            -381.39971386638615,
            -439.48082656106874,
            -741.1422835279985,
            -703.7634609314518,
            -635.2651471145622,
            -759.7219762855048,
            -695.0158020582462,
            -869.5351667781996,
            -698.0157402997248,
            -965.7953975427943,
            -966.5388627925433,
            -1037.639737002404,
            -1089.8278883971286,
            -913.6158725315645,
            -1029.1996722282424,
            -961.656730930917,
            -1047.0605134071425,
            -920.975351233498,
            -792.8996179424131,
            -534.5216445310609,
            0,
            0
        ],
        [
            0,
            0,
            -268.9081660289949,
            -264.3031974303375,
            -305.1337727721785,
            -570.5656651550719,
            -589.9249563928134,
            -733.3705230545942,
            -755.9229268654437,
            -812.1830021282265,
            -1015.5407654950498,
            -900.4717048527041,
            -684.4905379212107,
            -492.03878768475096,
            -297.9541844166646,
            -241.13917586147966,
            -38.038002589503726,
            0,
            -97.00996317863363,
            -68.23765213162386,
            -349.4005775378931,
            -211.96299039277778,
            -432.7626098534619,
            -493.1139954441368,
            -801.7607761597196,
            -764.1891759352567,
            -694.7676184336912,
            -821.7360580332006,
            -755.789615686418,
            -932.9620146119871,
            -757.9173406970963,
            -1028.799222479124,
            -1027.8782307621689,
            -1097.6452526643861,
            -1147.344637938577,
            -965.4646561618072,
            -1076.7150797617026,
            -1001.722916045749,
            -1076.3137078499337,
            -934.4510039928773,
            -777.7146650635742,
            -422.4174465723273,
            0,
            0
        ],
        [
            0,
            0,
            -299.2780259100407,
            -250.9320110217819,
            -278.26492688965817,
            -542.9853504500096,
            -552.6456062305283,
            -691.7266238073689,
            -706.9397301715748,
            -757.5151341382171,
            -961.001271977095,
            -839.8340561973082,
            -615.5964366485101,
            -415.7812013577875,
            -214.579009890839,
            -154.01785530226854,
            55.953309432680484,
            97.00996317863363,
            0,
            31.42273013320233,
            -253.66748513316358,
            -111.45433163179891,
            -334.0073540063915,
            -392.1412412414709,
            -703.5889271574009,
            -662.4928164459983,
            -589.438413429279,
            -716.654894146829,
            -648.0739306059193,
            -826.9881787264709,
            -648.702072234734,
            -923.3291582982421,
            -922.6906127999063,
            -994.0689067587796,
            -1045.4890642292341,
            -864.0378860382876,
            -978.1805380422509,
            -905.4617996891744,
            -980.9981407026562,
            -839.2324964138804,
            -673.5989364284706,
            -177.26463881799648,
            0,
            0
        ],
        [
            0,
            0,
            -346.3937171567987,
            -277.1242263785578,
            -304.0523617014036,
            -578.5240181285005,
            -588.2440187316338,
            -731.695793223889,
            -747.8020738208064,
            -800.3380384115735,
            -1009.2151597415194,
            -885.5498930692057,
            -656.6297521428301,
            -452.8885086776143,
            -247.8960590904784,
            -186.6884973319612,
            27.03361465092052,
            68.23765213162386,
            -31.42273013320233,
            0,
            -291.29536711795186,
            -146.83011069538355,
            -374.3433324901252,
            -434.3228452217833,
            -751.9157062057234,
            -710.4206715499855,
            -636.3326943716031,
            -765.6037650704277,
            -695.737451472816,
            -876.7692915342731,
            -695.2397813810884,
            -972.1980683729449,
            -969.7892738364841,
            -1039.5123914851813,
            -1088.1194697404285,
            -901.5124322455157,
            -1010.4985018075985,
            -930.0827799027924,
            -992.691082043011,
            -832.6954298004773,
            -627.5194742061183,
            0,
            0,
            0
        ],
        [
            0,
            0,
            -314.48468245336187,
            -192.10795639623913,
            -190.5585983907333,
            -449.6957515775568,
            -437.11625469523113,
            -564.0767812420946,
            -561.7222456952123,
            -598.0120198724521,
            -799.1915799900755,
            -664.8643420843318,
            -423.4396035599189,
            -208.17670541226974,
            7.9516023201414505,
            77.02058766631681,
            301.3279311839801,
            349.4005775378931,
            253.66748513316358,
            291.29536711795186,
            0,
            152.28628463561776,
            -71.98748523751973,
            -124.10219075553314,
            -439.1252648513608,
            -390.13322213550487,
            -309.3437922158349,
            -436.3072038672428,
            -362.6202758124007,
            -544.7358318449959,
            -361.29474583240415,
            -643.5072960984452,
            -645.0137183903736,
            -721.3937142277182,
            -778.6695359475167,
            -602.5973046349487,
            -725.9710134959817,
            -663.5591871012423,
            -745.8343292965119,
            -612.1307888778751,
            -429.2060006524076,
            0,
            0,
            0
        ],
        [
            0,
            -37.3958232765327,
            -378.7378522010457,
            -254.4155543846389,
            -263.24264909749263,
            -540.4007124931823,
            -536.1154345579969,
            -674.6501295509754,
            -680.1380588933018,
            -724.798016034275,
            -935.6013305220899,
            -801.9457094456986,
            -559.0856096770232,
            -342.9967578142063,
            -126.08177756434254,
            -59.033173737909095,
            166.19412388166222,
            211.96299039277778,
            111.45433163179891,
            146.83011069538355,
            -152.28628463561776,
            0,
            -231.67319690861692,
            -288.93475214695405,
            -612.5012671951528,
            -565.6781850491435,
            -485.9957079739031,
            -616.2166119964853,
            -542.2677436520373,
            -726.3259293366812,
            -539.6036675566572,
            -822.1514503218137,
            -819.6878896319586,
            -890.9282947179975,
            -940.686585974378,
            -754.2537871350626,
            -864.0038372608075,
            -783.8148427093043,
            -837.6313210176443,
            -664.135069815317,
            -386.17893861763054,
            0,
            0,
            0
        ],
        [
            0,
            -44.12790320166784,
            -358.3917803596362,
            -188.362201426931,
            -175.4620730370854,
            -445.88615469190455,
            -423.94616003999636,
            -551.6065952376053,
            -542.6810194679922,
            -575.2288399689951,
            -782.6462407893032,
            -639.0055105302105,
            -383.51485161162793,
            -156.0069245637976,
            71.92445171097279,
            145.6658913515304,
            381.39971386638575,
            432.7626098534619,
            334.0073540063915,
            374.3433324901252,
            71.98748523751973,
            231.67319690861692,
            0,
            -52.00625118044281,
            -376.66893026966727,
            -323.83186486893584,
            -238.5756449561768,
            -368.1708085328476,
            -291.0188989951631,
            -477.13939378079544,
            -288.26092245240073,
            -575.9864783565451,
            -576.4040515160548,
            -652.4635761438172,
            -708.0462676615749,
            -529.6213318904419,
            -647.670532413893,
            -578.9997005682152,
            -637.9362461823788,
            -470.3275047319008,
            0,
            0,
            0,
            0
        ],
        [
            0,
            -53.27323916359031,
            -383.82461430567395,
            -183.1568387186648,
            -162.7594722082971,
            -441.6025986127072,
            -413.18593391109255,
            -541.5320119046127,
            -527.9939281123012,
            -557.935254269247,
            -769.893884226504,
            -619.5702235622259,
            -353.99195663469874,
            -117.72649808521774,
            118.6204139813278,
            195.65347061429733,
            439.48082656106874,
            493.1139954441368,
            392.1412412414709,
            434.3228452217833,
            124.10219075553314,
            288.93475214695405,
            52.00625118044281,
            0,
            -331.2959976505431,
            -275.82863164394894,
            -187.59760055704808,
            -318.8782269563733,
            -239.5085047733163,
            -427.94632097541967,
            -235.91366767764467,
            -526.2076739211578,
            -525.577576034524,
            -600.4044478337534,
            -653.4111258223642,
            -474.174422564588,
            -584.5624934670215,
            -508.6896000163951,
            -537.538777603333,
            -312.8576662373143,
            0,
            0,
            0,
            0
        ],
        [
            0,
            -4.755430304330517,
            -322.1575193588265,
            -72.22537836627234,
            -25.211165037738237,
            -293.5448598651717,
            -242.5424692494081,
            -355.84231437908585,
            -323.4147479590179,
            -337.14554951842564,
            -543.3267293489511,
            -380.68567221278875,
            -99.96642772992796,
            150.01219801484294,
            399.52555539494483,
            484.9258779688938,
            741.1422835279985,
            801.7607761597196,
            703.5889271574008,
            751.9157062057234,
            439.1252648513608,
            612.5012671951528,
            376.66893026966727,
            331.2959976505431,
            0,
            62.07823195970472,
            155.81571759545434,
            24.946517496353913,
            106.13149746315851,
            -85.34596768602019,
            105.14752461447699,
            -191.59716213614064,
            -197.95913871192465,
            -281.73782239872247,
            -345.64608169992744,
            -185.9491976018996,
            -310.15802231995383,
            -258.29668888908145,
            -289.51499930903077,
            0,
            0,
            0,
            0,
            0
        ],
        [
            0,
            -17.685656300588363,
            -362.69234077181517,
            -99.03537408973023,
            -53.68568270945325,
            -335.48019038563,
            -285.37234693128823,
            -404.84532122009716,
            -373.93638646618183,
            -390.4556284570312,
            -603.6647993133491,
            -437.9230026440512,
            -151.39833312649202,
            103.34533051339788,
            357.3561239003877,
            443.2978700158909,
            703.7634609314516,
            764.1891759352567,
            662.4928164459988,
            710.4206715499855,
            390.13322213550487,
            565.6781850491435,
            323.83186486893584,
            275.82863164394894,
            -62.07823195970472,
            0,
            94.1560828596978,
            -38.48661398983082,
            43.31405633579917,
            -148.63456386769,
            43.11830329047681,
            -251.13404214613118,
            -254.1440627980013,
            -331.823400384176,
            -386.6845490948399,
            -223.75405765284376,
            -325.4331013084019,
            -250.58509638339498,
            -177.2397623869238,
            0,
            0,
            0,
            0,
            0
        ],
        [
            -10.323555305837084,
            -39.47374105771542,
            -411.58427786647104,
            -139.0095245477361,
            -97.6812235801829,
            -393.63321760122244,
            -346.4932241511988,
            -473.40035063074737,
            -445.7199713814905,
            -466.4408508870206,
            -686.9511531129731,
            -519.3441302169573,
            -228.6475856320037,
            29.363517508370713,
            286.3954029467648,
            372.0206983843556,
            635.2651471145618,
            694.7676184336909,
            589.438413429279,
            636.3326943716032,
            309.34379221583487,
            485.995707973903,
            238.5756449561768,
            187.59760055704814,
            -155.81571759545432,
            -94.15608285969779,
            0,
            -133.46340628264025,
            -50.989298617719655,
            -241.3711629036346,
            -48.51524728267783,
            -336.28487282371003,
            -333.50371260369144,
            -400.8921951273778,
            -441.0913296446765,
            -271.33258895299,
            -335.90214260015637,
            -212.41811352779163,
            0,
            0,
            0,
            0,
            0,
            0
        ],
        [
            -21.88690613719821,
            -12.128657267758264,
            -387.7621363060651,
            -91.60081985385023,
            -39.504332731972966,
            -334.59291730775095,
            -277.9250127538535,
            -399.87701553150083,
            -364.3556731485945,
            -378.70146347394626,
            -598.2622803880384,
            -424.64995310869483,
            -126.2643138834673,
            138.47302368644225,
            401.80184381806026,
            490.8382901478949,
            759.7219762855045,
            821.7360580332006,
            716.6548941468286,
            765.6037650704277,
            436.3072038672428,
            616.2166119964853,
            368.1708085328476,
            318.8782269563733,
            -24.946517496353913,
            38.48661398983082,
            133.46340628264025,
            0,
            81.28997332542245,
            -109.07080784884444,
            78.68507296544307,
            -206.61131474959933,
            -206.83369185255526,
            -274.3626472181524,
            -313.3021354292881,
            -159.42547015079447,
            -203.27683454226096,
            0,
            0,
            0,
            0,
            0,
            0,
            0
        ],
        [
            -37.77933192039986,
            -32.526637382257235,
            -428.4940638944216,
            -127.15059889554071,
            -78.86930103087532,
            -384.8684500786997,
            -331.09028782240887,
            -458.9581652142882,
            -426.36601198345176,
            -444.2240982087376,
            -669.008712205893,
            -494.52893777116475,
            -193.91561978473445,
            72.36940055566203,
            336.9714411145025,
            425.23912548945725,
            695.0158020582461,
            755.789615686418,
            648.0739306059191,
            695.737451472816,
            362.6202758124007,
            542.2677436520373,
            291.0188989951631,
            239.5085047733163,
            -106.13149746315851,
            -43.31405633579917,
            50.989298617719655,
            -81.28997332542245,
            0,
            -185.3939592019789,
            0.8007112998419883,
            -271.30025691224677,
            -263.7774890916732,
            -315.483837443302,
            -330.93931407980466,
            -168.1175608379923,
            -103.9008018619458,
            0,
            0,
            0,
            0,
            0,
            0,
            0
        ],
        [
            -20.48445470543903,
            14.676443693107574,
            -374.7227405165158,
            -50.11007056349313,
            12.249441550394375,
            -286.620063339463,
            -220.5405404470554,
            -339.36061403939783,
            -296.32029308626244,
            -304.9860172402831,
            -525.1762530382579,
            -344.87989065028626,
            -37.844278673024064,
            234.07492413353677,
            503.78360850296855,
            595.599922988824,
            869.5351667781994,
            932.9620146119871,
            826.9881787264709,
            876.7692915342731,
            544.7358318449959,
            726.3259293366812,
            477.13939378079544,
            427.94632097541967,
            85.34596768602019,
            148.63456386769,
            241.3711629036346,
            109.07080784884444,
            185.3939592019789,
            0,
            172.94422734698804,
            -95.20770736996487,
            -96.67084557702597,
            -152.5992579515485,
            -169.8959008351762,
            -43.213819988101115,
            0,
            0,
            0,
            0,
            0,
            0,
            0,
            0
        ],
        [
            -48.603411784464825,
            -35.13146879508273,
            -449.0822495637792,
            -132.18212473147284,
            -81.70555014431994,
            -395.5321008356529,
            -339.30335084041405,
            -468.91514223855467,
            -434.6140067655792,
            -451.73804041790373,
            -678.7846316934698,
            -501.32441997407915,
            -196.7657323412711,
            72.35127614152033,
            339.04769950556596,
            427.42855536760777,
            698.0157402997248,
            757.9173406970963,
