{
    "bin_ranges": {
        "m3pi_lower_limit": 1.3,
        "m3pi_upper_limit": 1.34,
        "t_lower_limit": 0.326,
        "t_upper_limit": 1
    },
    "info": "The dalitz matrix M is computed as sqrt(-Kibble) * (A[1]-A[2])",
    "bin_centers": [
        0.29900000000000004,
        0.33999999999999997,
        0.38,
        0.42000000000000004,
        0.45999999999999996,
        0.5,
        0.54,
        0.5800000000000001,
        0.62,
        0.66,
        0.69,
        0.71,
        0.73,
        0.75,
        0.77,
        0.79,
        0.81,
        0.83,
        0.85,
        0.87,
        0.89,
        0.91,
        0.94,
        0.98,
        1.02,
        1.06,
        1.1,
        1.1400000000000001,
        1.18
    ],
    "real(M)": [
        [
            0,
            0,
            0,
            0,
            0,
            0,
            0,
            0,
            0,
            0,
            0,
            0,
            0,
            0,
            -15.587747752314916,
            -10.576544196034082,
            -12.76558681956834,
            -13.512418891518692,
            -11.016549052548681,
            -17.46406680864671,
            -14.740698538448598,
            -9.42121467963765,
            -18.116480905492946,
            -24.65272122752168,
            -25.103430383630617,
            -7.2544644392505075,
            0,
            0,
            0
        ],
        [
            0,
            0,
            0,
            0,
            0,
            0,
            0,
            0,
            0,
            -34.605755278980446,
            -63.55861867860612,
            -46.82292322769381,
            -43.37562989010182,
            -27.173853213383417,
            2.2536731360497573,
            36.53672702991168,
            38.339183021087294,
            41.59397300594055,
            49.93151417633768,
            39.900347015739115,
            46.65491820192816,
            57.145750721481285,
            41.209101391911986,
            25.503179576507588,
            13.415590057547956,
            29.21047258227862,
            17.643244746952668,
            0,
            0
        ],
        [
            0,
            0,
            0,
            0,
            0,
            0,
            0,
            -1.4306399960103342,
            -14.625116527346194,
            -38.07328092458267,
            -71.51430114525684,
            -37.05239448765317,
            -27.036027018427852,
            -0.1369683435688577,
            43.46634361131422,
            91.80147752969549,
            94.52861701198844,
            99.13798854597327,
            110.38070486802962,
            97.17504348556572,
            106.07444796431218,
            119.69490978636172,
            98.50368157360884,
            76.97612860255191,
            59.084596177817836,
            77.78505089315946,
            58.56484239672329,
            19.171118992232174,
            0
        ],
        [
            0,
            0,
            0,
            0,
            0,
            0.4587317971756419,
            -2.164695932833745,
            2.7414286427948222,
            -14.857325227674789,
            -43.744799887372466,
            -84.69411914934425,
            -39.14139181932906,
            -25.70229990935289,
            8.26196711347718,
            62.09454106412633,
            120.90847614832605,
            123.71465706013295,
            128.84507051149427,
            141.97429415774343,
            125.77217032312092,
            136.1308593807254,
            152.114350106155,
            126.54226621380808,
            100.65015719517085,
            79.13771056513052,
            101.62519834933352,
            79.11361473371673,
            31.031552330987488,
            0
        ],
        [
            0,
            0,
            0,
            0,
            0,
            -13.147855397060495,
            -21.790153277060774,
            -18.618440094354018,
            -43.56591699487339,
            -80.35543452908486,
            -129.8435597006324,
            -76.36394320603102,
            -61.205186139391984,
            -22.263476669604653,
            39.41582498531732,
            106.4489837854053,
            108.69581343841108,
            113.75161566306883,
            128.08631403843307,
            109.0270352051846,
            120.46308947921396,
            138.4130679707025,
            109.34137918484778,
            80.68318115765013,
            57.92021926487251,
            86.00116045742172,
            64.80084858031188,
            17.113408013341736,
            0
        ],
        [
            0,
            0,
            0,
            -0.4587317971756419,
            13.147855397060495,
            0,
            -5.591480084406783,
            2.310801133129769,
            -23.579991943095543,
            -62.736003981090136,
            -116.775064359413,
            -54.717605147400974,
            -36.50571263194865,
            8.177511796189458,
            77.94198272883897,
            153.2068210973726,
            155.8400411506963,
            161.51141481141482,
            177.3684305644692,
            156.10665317850993,
            168.5156612795097,
            187.94694097007485,
            155.13029826787994,
            122.16869237458434,
            95.09289817815956,
            122.35273880891515,
            94.39043157872645,
            35.80576922213428,
            0
        ],
        [
            0,
            0,
            0,
            2.164695932833745,
            21.790153277060774,
            5.591480084406783,
            0,
            9.899787536720014,
            -18.516449791370146,
            -61.21602381498797,
            -120.20372572098897,
            -51.18109264185492,
            -30.79610428516061,
            18.46618093661612,
            94.89500766591766,
            176.9658215834047,
            179.58476601780907,
            185.48040991269036,
            202.37880666698453,
            179.00074675166996,
            192.0536199211586,
            212.57728427755984,
            176.4915154592177,
            140.02973207532904,
            109.79534091090342,
            136.44370438639882,
            103.61697069616021,
            38.58363382873372,
            0
        ],
        [
            0,
            0,
            1.4306399960103342,
            -2.7414286427948222,
            18.618440094354018,
            -2.310801133129769,
            -9.899787536720014,
            0,
            -32.13253696843115,
            -79.23987429559959,
            -143.39303347488945,
            -68.75780687871,
            -46.90934308320183,
            5.95182748815051,
            87.80796634235564,
            175.42456249055365,
            177.73567185040784,
            183.57386618557072,
            201.14655900759863,
            175.84535267301777,
            189.33105690674893,
            210.6775230025793,
            171.99608823195155,
            133.14655716076376,
            101.28623681579262,
            127.8739321861743,
            92.56364330747428,
            26.337492443622875,
            0
        ],
        [
            0,
            0,
            14.625116527346194,
            14.857325227674789,
            43.56591699487339,
            23.579991943095543,
            18.516449791370146,
            32.13253696843115,
            0,
            -48.15125137307673,
            -114.96521252594948,
            -34.42399482906011,
            -10.386222248251478,
            46.34192046630243,
            133.43386041939794,
            226.16446380314457,
            228.48928125937624,
            234.37847181115217,
            252.4050270897338,
            225.28237649938126,
            238.6060804586716,
            259.8135561180677,
            217.60554653659167,
            173.99229844473726,
            136.59870229920847,
            155.19629235232648,
            106.50919851780675,
            6.4870768084697294,
            0
        ],
        [
            0,
            34.60575527898045,
            38.07328092458267,
            43.744799887372466,
            80.35543452908486,
            62.736003981090136,
            61.21602381498797,
            79.23987429559959,
            48.15125137307673,
            0,
            -68.48568921547108,
            17.332316643823116,
            43.44241782750892,
            103.52887672455905,
            194.94885214754223,
            291.711981335746,
            293.84570904234454,
            299.4538118741288,
            317.3536035202317,
            288.2841051801171,
            300.6849163997266,
            320.71128616176827,
            274.22584218406644,
            224.11800803199372,
            178.39343290166613,
            181.90290827848673,
            107.16756007789283,
            0,
            0
        ],
        [
            0,
            63.55861867860612,
            71.51430114525684,
            84.69411914934425,
            129.8435597006324,
            116.775064359413,
            120.20372572098897,
            143.39303347488945,
            114.96521252594948,
            68.48568921547108,
            0,
            89.65789749514343,
            117.48938571946888,
            179.9221887758887,
            274.0628004351973,
            373.1214090076878,
            374.9157199738811,
            379.93998954965093,
            397.0989287193849,
            366.14679294280864,
            376.85885350133725,
            394.66416787853626,
            343.2791116513919,
            284.82646844966416,
            227.38608302843295,
            207.97207005561805,
            79.97584312689521,
            0,
            0
        ],
        [
            0,
            46.82292322769381,
            37.05239448765317,
            39.14139181932906,
            76.36394320603102,
            54.717605147400974,
            51.18109264185492,
            68.75780687871,
            34.42399482906011,
            -17.332316643823116,
            -89.65789749514343,
            0,
            26.96203471594478,
            89.19107253443725,
            183.64144739454673,
            283.0923624364343,
            284.29813938425264,
            289.02171963036943,
            306.21935951177625,
            275.29893261898417,
            286.5715888443916,
            305.1780319861512,
            255.7828789429746,
            201.96602465542762,
            151.91253457203638,
            138.7810939301086,
            0,
            0,
            0
        ],
        [
            0,
            43.37562989010182,
            27.036027018427852,
            25.70229990935289,
            61.205186139391984,
            36.50571263194865,
            30.79610428516061,
            46.90934308320183,
            10.386222248251478,
            -43.44241782750892,
            -117.48938571946888,
            -26.96203471594478,
            0,
            62.6252454324671,
            157.7016850172165,
            257.6332432888377,
            258.42661640202056,
            262.79581899866025,
            279.694165631306,
            248.39495180192168,
            259.36847685822545,
            277.5521156443051,
            228.02997827218164,
            174.50595407484667,
            125.10047214385183,
            105.07525079288106,
            0,
            0,
            0
        ],
        [
            0,
            27.173853213383417,
            0.1369683435688577,
            -8.26196711347718,
            22.263476669604653,
            -8.177511796189458,
            -18.46618093661612,
            -5.95182748815051,
            -46.34192046630243,
            -103.52887672455905,
            -179.9221887758887,
            -89.19107253443725,
            -62.6252454324671,
            0,
            95.30670758969033,
            195.40087813833574,
            195.9010841692184,
            200.16144020425682,
            217.1047028069578,
            186.13617490798066,
            197.52301436510544,
            216.14536180079756,
            168.6753956120877,
            119.48850429926866,
            76.79244728399976,
            55.87536782619986,
            0,
            0,
            0
        ],
        [
            15.587747752314916,
            -2.2536731360497573,
            -43.46634361131422,
            -62.09454106412633,
            -39.41582498531732,
            -77.94198272883897,
            -94.89500766591766,
            -87.80796634235564,
            -133.43386041939794,
            -194.94885214754223,
            -274.0628004351973,
            -183.64144739454673,
            -157.7016850172165,
            -95.30670758969033,
            0,
            100.10931470018402,
            100.6394595114105,
            105.25480689303909,
            122.82017367884357,
            93.1675080475352,
            105.97123399187302,
            126.21965943696442,
            83.63834584346239,
            44.13289883142535,
            16.795257808516943,
            0,
            0,
            0,
            0
        ],
        [
            10.576544196034076,
            -36.53672702991168,
            -91.80147752969549,
            -120.90847614832605,
            -106.4489837854053,
            -153.2068210973726,
            -176.9658215834047,
            -175.42456249055365,
            -226.16446380314457,
            -291.711981335746,
            -373.1214090076878,
            -283.0923624364343,
            -257.6332432888377,
            -195.40087813833574,
            -100.10931470018402,
            0,
            0.9587159138993934,
            6.380938455538056,
            25.036120674316507,
            -2.5009062837276326,
            12.413776068902102,
            35.04632882220553,
            -0.5994167558893253,
            -26.41887329677147,
            -30.261227294122616,
            0,
            0,
            0,
            0
        ],
        [
            12.76558681956834,
            -38.339183021087294,
            -94.52861701198844,
            -123.71465706013295,
            -108.69581343841108,
            -155.8400411506963,
            -179.58476601780907,
            -177.73567185040784,
            -228.48928125937624,
            -293.84570904234454,
            -374.9157199738811,
            -284.29813938425264,
            -258.42661640202056,
            -195.9010841692184,
            -100.6394595114105,
            -0.9587159138993934,
            0,
            5.366223230147407,
            23.718043025903512,
            -3.3424215020170815,
            11.225254494976278,
            33.03724900682001,
            -1.3129369355869434,
            -24.38905751845284,
            -20.23156982607054,
            0,
            0,
            0,
            0
        ],
        [
            13.512418891518697,
            -41.593973005940434,
            -99.13798854597343,
            -128.84507051149427,
            -113.75161566306886,
            -161.51141481141482,
            -185.48040991269048,
            -183.57386618557075,
            -234.3784718111522,
            -299.45381187412886,
            -379.93998954965105,
            -289.0217196303695,
            -262.7958189986603,
            -200.16144020425688,
            -105.25480689303909,
            -6.380938455538056,
            -5.3662232301474075,
            0,
            18.0449114605764,
            -8.221761675746617,
            6.065491591888591,
            27.043311665794324,
            -5.193355680459301,
            -23.66671490376001,
            0,
            0,
            0,
            0,
            0
        ],
        [
            11.016549052548676,
            -49.93151417633768,
            -110.38070486802962,
            -141.97429415774351,
            -128.08631403843307,
            -177.3684305644692,
            -202.37880666698453,
            -201.14655900759863,
            -252.4050270897338,
            -317.3536035202317,
            -397.0989287193849,
            -306.21935951177625,
            -279.694165631306,
            -217.1047028069578,
            -122.82017367884357,
            -25.036120674316507,
            -23.718043025903512,
            -18.0449114605764,
            0,
            -24.718507936156076,
            -10.148295617182507,
            10.576698933630496,
            -17.314155792765842,
            -25.36019807014289,
            0,
            0,
            0,
            0,
            0
        ],
        [
            17.464066808646862,
            -39.900347015739115,
            -97.1750434855658,
            -125.77217032312109,
            -109.02703520518466,
            -156.10665317850993,
            -179.00074675167,
            -175.84535267301777,
            -225.28237649938126,
            -288.2841051801171,
            -366.14679294280864,
            -275.2989326189842,
            -248.39495180192174,
            -186.13617490798066,
            -93.16750804753522,
            2.5009062837276326,
            3.3424215020170815,
            8.221761675746617,
            24.718507936156076,
            0,
            12.451863453899872,
            29.737875842663303,
            1.069061502632,
            -4.8805165533857595,
            0,
            0,
            0,
            0,
            0
        ],
        [
            14.740698538448598,
            -46.65491820192817,
            -106.07444796431216,
            -136.1308593807255,
            -120.46308947921396,
            -168.5156612795097,
            -192.0536199211586,
            -189.33105690674893,
            -238.6060804586716,
            -300.6849163997266,
            -376.85885350133725,
            -286.5715888443916,
            -259.36847685822545,
            -197.52301436510544,
            -105.97123399187302,
            -12.413776068902102,
            -11.225254494976278,
            -6.065491591888591,
            10.148295617182507,
            -12.451863453899872,
            0,
            16.267477434702943,
            -6.202044945780901,
            0,
            0,
            0,
            0,
            0,
            0
        ],
        [
            9.421214679637645,
            -57.145750721481285,
            -119.69490978636185,
            -152.114350106155,
            -138.4130679707025,
            -187.94694097007485,
            -212.57728427755984,
            -210.6775230025793,
            -259.8135561180677,
            -320.71128616176827,
            -394.6641678785363,
            -305.1780319861512,
            -277.5521156443051,
            -216.14536180079756,
            -126.21965943696442,
            -35.04632882220553,
            -33.03724900682001,
            -27.043311665794324,
            -10.576698933630496,
            -29.737875842663303,
            -16.267477434702943,
            0,
            -8.733611022138135,
            0,
            0,
            0,
            0,
            0,
            0
        ],
        [
            18.11648090549295,
            -41.209101391911986,
            -98.50368157360899,
            -126.54226621380819,
            -109.34137918484778,
            -155.13029826787994,
            -176.4915154592177,
            -171.99608823195155,
            -217.60554653659167,
            -274.22584218406644,
            -343.2791116513919,
            -255.7828789429746,
            -228.02997827218164,
            -168.6753956120877,
            -83.63834584346239,
            0.5994167558893253,
            1.3129369355869434,
            5.193355680459301,
            17.314155792765842,
            -1.0690615026320003,
            6.202044945780901,
            8.733611022138135,
            0,
            0,
            0,
            0,
            0,
            0,
            0
        ],
        [
            24.652721227521702,
            -25.50317957650758,
            -76.97612860255194,
            -100.65015719517089,
            -80.68318115765013,
            -122.16869237458434,
            -140.02973207532904,
            -133.14655716076376,
            -173.9922984447373,
            -224.1180080319937,
            -284.8264684496641,
            -201.96602465542762,
            -174.50595407484667,
            -119.48850429926866,
            -44.13289883142535,
            26.41887329677147,
            24.38905751845284,
            23.66671490376001,
            25.36019807014288,
            4.880516553385815,
            0,
            0,
            0,
            0,
            0,
            0,
            0,
            0,
            0
        ],
        [
            25.10343038363063,
            -13.41559005754796,
            -59.0845961778179,
            -79.13771056513052,
            -57.92021926487251,
            -95.09289817815956,
            -109.79534091090343,
            -101.2862368157926,
            -136.59870229920844,
            -178.39343290166616,
            -227.38608302843295,
            -151.91253457203638,
            -125.10047214385183,
            -76.79244728399975,
            -16.795257808516943,
            30.261227294122616,
            20.23156982607054,
            0,
            0,
            0,
            0,
            0,
            0,
            0,
            0,
            0,
            0,
            0,
            0
        ],
        [
            7.2544644392505075,
            -29.210472582278605,
            -77.78505089315945,
            -101.62519834933353,
            -86.00116045742172,
            -122.35273880891518,
            -136.44370438639882,
            -127.87393218617434,
            -155.19629235232648,
            -181.9029082784867,
            -207.97207005561805,
            -138.78109393010857,
            -105.07525079288106,
            -55.875367826199884,
            0,
            0,
            0,
            0,
            0,
            0,
            0,
            0,
            0,
            0,
            0,
            0,
            0,
            0,
            0
        ],
        [
            0,
            -17.64324474695265,
            -58.56484239672331,
            -79.11361473371673,
            -64.80084858031188,
            -94.39043157872646,
            -103.6169706961603,
            -92.56364330747427,
            -106.50919851780678,
            -107.16756007789272,
            -79.97584312689492,
            0,
            0,
            0,
            0,
            0,
            0,
            0,
            0,
            0,
            0,
            0,
            0,
            0,
            0,
            0,
            0,
            0,
            0
        ],
        [
            0,
            0,
            -19.17111899223223,
            -31.031552330987488,
            -17.11340801334173,
            -35.805769222134266,
            -38.58363382873374,
            -26.33749244362288,
            -6.487076808469816,
            0,
            0,
            0,
            0,
            0,
            0,
            0,
            0,
            0,
            0,
            0,
            0,
            0,
            0,
            0,
            0,
            0,
            0,
            0,
            0
        ],
        [
            0,
            0,
            0,
            0,
            0,
            0,
            0,
            0,
            0,
            0,
            0,
            0,
            0,
            0,
            0,
            0,
            0,
            0,
            0,
            0,
            0,
            0,
            0,
            0,
            0,
            0,
            0,
            0,
            0
        ]
    ],
    "imag(M)": [
        [
            0,
            0,
            0,
            0,
            0,
            0,
            0,
            0,
            0,
            0,
            0,
            0,
            0,
            0,
            0.19547034282128625,
            14.428351847015067,
            32.44235838772907,
            38.925170638345605,
            49.90604686540179,
            57.51815987891533,
            62.580917842199725,
            73.00593626015896,
            72.7671820034766,
            72.9668203113468,
            61.13803092329988,
            32.3557483080094,
            0,
            0,
            0
        ],
        [
            0,
            0,
            0,
            0,
            0,
            0,
            0,
            0,
            0,
            -10.031521555407098,
            -49.185479965871515,
            -29.896977518796017,
            -89.29412693533075,
            -105.51641813644413,
            -109.11671126406453,
            -76.24850970655409,
            -45.1334657130559,
            -42.12505972596183,
            -28.388546240035737,
            -20.21804450068569,
            -15.261651912399865,
            1.2010112678659388,
            0.7602221839660596,
            9.947395074608378,
            11.89796176221737,
            27.025058460154714,
            10.56854242224676,
            0,
            0
        ],
        [
            0,
            0,
            0,
            0,
            0,
            0,
            0,
            -19.960473916368723,
            -28.71189128930585,
            -43.76719863384539,
            -108.00350262097302,
            -74.54016887568254,
            -162.1120600904591,
            -182.43603200500874,
            -184.90208006035704,
            -137.72542779095474,
            -94.78055890830531,
            -90.70674531034233,
            -72.47425587505288,
            -61.81940041922174,
            -55.416278523848575,
            -33.89578569863202,
            -34.28308476674488,
            -21.316714875077977,
            -16.69261932613389,
            7.851083253241115,
            -8.417666231404311,
            -13.959810019420521,
            0
        ],
        [
            0,
            0,
            0,
            0,
            0,
            -3.9950501802797,
            -6.260666199295885,
            -39.902108931369916,
            -47.34464046644748,
            -65.10165434862868,
            -146.55740963745697,
            -102.11458121757279,
            -210.91121011546983,
            -234.22593745866396,
            -235.51949714139678,
            -176.49001730537964,
            -123.53380330913019,
            -118.17128245098273,
            -95.89472832724523,
            -82.89951823912602,
            -75.08228922105884,
            -49.28051768949498,
            -49.5975380580746,
            -33.926280659916486,
            -28.060672258169973,
            2.016232283051204,
            -16.794822499749397,
            -23.67777648810209,
            0
        ],
        [
            0,
            0,
            0,
            0,
            0,
            -1.1694842512232846,
            1.3128101233276244,
            -39.612585664679315,
            -44.666649674147074,
            -63.010115328872246,
            -157.70607278627892,
            -103.48095272961942,
            -229.638056118956,
            -255.02949798988206,
            -254.88619324988898,
            -185.301937162083,
            -123.37895813759523,
            -116.57354822572891,
            -90.56051791695336,
            -75.36692883652653,
            -66.22897116605907,
            -36.76581557984007,
            -37.18367990554281,
            -19.860246241492092,
            -14.130012918198899,
            18.39354243541923,
            -5.162681323859261,
            -16.857549024972297,
            0
        ],
        [
            0,
            0,
            0,
            3.9950501802797,
            1.1694842512232846,
            0,
            3.531073554440878,
            -44.98667650580307,
            -49.558884816212704,
            -69.60959596259777,
            -176.5387444958537,
            -114.28814445785999,
            -255.97058899100549,
            -283.5400341181434,
            -282.446819565243,
            -203.8996057351471,
            -134.35890387085473,
            -126.44997096982196,
            -97.3022925727351,
            -80.27314441459862,
            -70.01867266543968,
            -37.40388539863884,
            -37.79266433270707,
            -18.7588650339892,
            -12.580565508824938,
            22.53963623963421,
            -3.343658941154004,
            -16.02635470837761,
            0
        ],
        [
            0,
            0,
            0,
            6.260666199295885,
            -1.3128101233276244,
            -3.531073554440878,
            0,
            -55.75995746114046,
            -60.63383713679626,
            -82.76796664455952,
            -200.8032163362915,
            -131.7244939808815,
            -287.212065435226,
            -316.82642869654285,
            -314.9936579462545,
            -228.6792318038227,
            -152.55126301847193,
            -143.708267792155,
            -111.85198610775537,
            -93.22039750102724,
            -81.95800510722654,
            -46.605571595279265,
            -46.79336933034113,
            -26.00665308260272,
            -18.940316689726615,
            18.637603318641,
            -7.631878918170444,
            -18.089953145482443,
            0
        ],
        [
            0,
            0,
            19.960473916368723,
            39.902108931369916,
            39.612585664679315,
            44.98667650580307,
            55.75995746114046,
            0,
            0.3234177108368698,
            -18.91741896199894,
            -143.6209390245157,
            -66.75012903731947,
            -232.6510319100153,
            -262.57301269123684,
            -258.81519132340924,
            -164.73112948061632,
            -82.13281769196769,
            -71.92541271385899,
            -37.46853111253504,
            -17.46308842288685,
            -5.627552120795174,
            31.365987743379154,
            29.79446799400438,
            48.43924073648785,
            50.637520084038,
            81.16523342903079,
            42.410186707820394,
            13.050314185334754,
            0
        ],
        [
            0,
            0,
            28.71189128930585,
            47.34464046644748,
            44.666649674147074,
            49.558884816212704,
            60.63383713679626,
            -0.3234177108368698,
            0,
            -20.616174576367367,
            -153.58333076203095,
            -71.44489265713894,
            -247.55714575379707,
            -278.8077332828401,
            -274.29771137616916,
            -174.39746999953522,
            -86.9877398440983,
            -76.07164474579659,
            -39.74038336126875,
            -18.69878833509288,
            -6.288339881268432,
            32.25170948345285,
            30.463458392920042,
            49.325195749707746,
            50.84994423206449,
            79.52206648663193,
            38.526333651464455,
            2.1118013358572068,
            0
        ],
        [
            0,
            10.031521555407098,
            43.76719863384539,
            65.10165434862868,
            63.010115328872246,
            69.60959596259777,
            82.76796664455952,
            18.91741896199894,
            20.616174576367367,
            0,
            -139.1747598663242,
            -52.154303818995096,
            -236.32194877509713,
            -268.2281347893729,
            -262.7036743530073,
            -157.81346245211478,
            -66.4061818661457,
            -54.842132158697986,
            -17.09459302534424,
            4.594716954221101,
            17.185958604181458,
            56.36573093875519,
            53.58949595572475,
            70.67033319720203,
            68.87602769213015,
            90.14951256871215,
            40.28066976746295,
            0,
            0
        ],
        [
            0,
            49.185479965871515,
            108.00350262097302,
            146.55740963745697,
            157.70607278627892,
            176.5387444958537,
            200.8032163362915,
            143.6209390245157,
            153.58333076203095,
            139.1747598663242,
            0,
            92.23795628639488,
            -94.96212394643729,
            -125.67717779784374,
            -118.32101673006648,
            -9.730773568718567,
            84.2615286566191,
            96.02878196373825,
            133.8398615000339,
            154.5945048246266,
            165.38032892780836,
            202.15084621444396,
            193.50030324902323,
            198.8354057400439,
            179.0962269511492,
            169.02832200569597,
            58.84580206985795,
            0,
            0
        ],
        [
            0,
            29.896977518796017,
            74.54016887568254,
            102.11458121757279,
            103.48095272961942,
            114.28814445785999,
            131.7244939808815,
            66.75012903731947,
            71.44489265713894,
            52.154303818995096,
            -92.23795628639488,
            0,
            -191.31872318350236,
            -223.32100154194165,
            -216.41530468410514,
            -106.83566771981849,
            -11.976412288880335,
            0.008511386356155032,
            38.515764007907684,
            60.105592332941505,
            71.99660374320725,
            110.21143418713494,
            104.4584383993317,
            115.23059902310722,
            103.60832301823204,
            102.38572289249052,
            0,
            0,
            0
        ],
        [
            0,
            89.29412693533075,
            162.1120600904591,
            210.91121011546983,
            229.638056118956,
            255.97058899100549,
            287.212065435226,
            232.6510319100153,
            247.55714575379707,
            236.32194877509713,
            94.96212394643729,
            191.31872318350236,
            0,
            -30.38056057469698,
            -21.96475910553975,
            89.34998740337122,
            184.87426956290133,
            196.08977178093295,
            233.07502976778602,
            252.09502203567692,
            260.35065587153707,
            293.6044811249467,
            278.10585199772197,
            269.47569674345675,
            228.08406160554924,
            170.42883651086177,
            0,
            0,
            0
        ],
        [
            0,
            105.51641813644413,
            182.43603200500874,
            234.22593745866396,
            255.02949798988206,
            283.5400341181434,
            316.82642869654285,
            262.57301269123684,
            278.8077332828401,
            268.2281347893729,
            125.67717779784374,
            223.32100154194165,
            30.38056057469698,
            0,
            8.651077176488549,
            120.57376878004644,
            216.1655161331356,
            226.8353575870414,
            263.0046655312758,
            280.8548778972456,
            287.60789985618965,
            318.6507259291009,
            299.47881591230777,
            283.030223544908,
            228.8043923089434,
            131.29999075445124,
            0,
            0,
            0
        ],
        [
            -0.19547034282128625,
            109.11671126406453,
            184.90208006035704,
            235.51949714139678,
            254.88619324988898,
            282.446819565243,
            314.9936579462545,
            258.81519132340924,
            274.29771137616916,
            262.7036743530073,
            118.32101673006648,
            216.41530468410514,
            21.96475910553975,
            -8.651077176488549,
            0,
            112.0583140711317,
            207.38856045535675,
            217.6116533553976,
            253.0909046261381,
            270.1100905183719,
            275.9028362467064,
            305.28706510794757,
            283.9829268267098,
            262.2723203239961,
            197.98974798000506,
            0,
            0,
            0,
            0
        ],
        [
            -14.428351847015058,
            76.24850970655409,
            137.72542779095474,
            176.49001730537964,
            185.301937162083,
            203.8996057351471,
            228.6792318038227,
            164.73112948061632,
            174.39746999953522,
            157.81346245211478,
            9.730773568718567,
            106.83566771981849,
            -89.34998740337122,
            -120.57376878004644,
            -112.0583140711317,
            0,
            95.36381988756825,
            106.20430581279291,
            142.4270953982291,
            160.66426093770832,
            168.2072415792469,
            199.15940692187795,
            182.5375080953601,
            168.3140273999799,
            113.2146836093862,
            0,
            0,
            0,
            0
        ],
        [
            -32.44235838772907,
            45.133465713055905,
            94.78055890830531,
            123.53380330913019,
            123.37895813759523,
            134.35890387085473,
            152.55126301847193,
            82.13281769196769,
            86.9877398440983,
            66.4061818661457,
            -84.2615286566191,
            11.976412288880335,
            -184.87426956290133,
            -216.1655161331356,
            -207.38856045535675,
            -95.36381988756825,
            0,
            11.756528486094787,
            48.8704784657217,
            68.53607894226217,
            78.08531167095175,
            110.65089922203359,
            99.2782900854962,
            93.23089534506391,
            46.72610602741832,
            0,
            0,
            0,
            0
        ],
        [
            -38.92517063834562,
            42.12505972596172,
            90.70674531034247,
            118.17128245098273,
            116.57354822572894,
            126.44997096982196,
            143.70826779215508,
            71.925412713859,
            76.0716447457966,
            54.842132158698,
            -96.02878196373827,
            -0.008511386356155035,
            -196.089771780933,
            -226.83535758704144,
            -217.6116533553976,
            -106.20430581279291,
            -11.756528486094789,
            0,
            36.510974589953996,
            55.71267892280072,
            64.8843255507037,
            95.78511985844301,
            83.76406953433387,
            73.21377071882023,
            0,
            0,
            0,
            0,
            0
        ],
        [
            -49.90604686540177,
            28.388546240035737,
            72.47425587505288,
            95.8947283272453,
            90.56051791695336,
            97.3022925727351,
            111.85198610775537,
            37.46853111253504,
            39.74038336126875,
            17.09459302534424,
            -133.8398615000339,
            -38.515764007907684,
            -233.07502976778602,
            -263.0046655312758,
            -253.0909046261381,
            -142.4270953982291,
            -48.8704784657217,
            -36.510974589953996,
            0,
            19.62727229368347,
            29.603551791197845,
            59.98360993143347,
            50.287340890447076,
            39.71219985088039,
            0,
            0,
            0,
            0,
            0
        ],
        [
