{
    "bin_ranges": {
        "m3pi_lower_limit": 1.94,
        "m3pi_upper_limit": 1.98,
        "t_lower_limit": 0.326,
        "t_upper_limit": 1
    },
    "info": "The dalitz matrix M is computed as sqrt(-Kibble) * (A[1]-A[2])",
    "bin_centers": [
        0.29900000000000004,
        0.33999999999999997,
        0.38,
        0.42000000000000004,
        0.45999999999999996,
        0.5,
        0.54,
        0.5800000000000001,
        0.62,
        0.66,
        0.69,
        0.71,
        0.73,
        0.75,
        0.77,
        0.79,
        0.81,
        0.83,
        0.85,
        0.87,
        0.89,
        0.91,
        0.94,
        0.98,
        1.02,
        1.06,
        1.1,
        1.1400000000000001,
        1.18,
        1.22,
        1.26,
        1.3,
        1.34,
        1.38,
        1.42,
        1.46,
        1.5,
        1.54,
        1.58,
        1.62,
        1.66,
        1.7,
        1.74,
        1.78,
        1.82
    ],
    "real(M)": [
        [
            0,
            0,
            0,
            0,
            0,
            0,
            0,
            0,
            0,
            0,
            0,
            0,
            0,
            0,
            0,
            0,
            0,
            0,
            0,
            0,
            0,
            0,
            0,
            0,
            0,
            0,
            0,
            72.24153489409225,
            122.94954379420986,
            139.48137711075395,
            172.37740140079705,
            151.2537019405401,
            138.1832985875684,
            141.17143600872785,
            129.3490885561827,
            141.53151219207197,
            116.05601256837859,
            91.04106114928017,
            52.10451419849074,
            0,
            0,
            0,
            0,
            0,
            0
        ],
        [
            0,
            0,
            0,
            0,
            0,
            0,
            0,
            0,
            0,
            0,
            0,
            0,
            0,
            0,
            0,
            0,
            0,
            0,
            0,
            0,
            0,
            0,
            3.836003664028185,
            -5.108449274762682,
            -25.37868271316201,
            -30.8403726724824,
            -67.142846127024,
            -55.59159850438965,
            -47.94287565216026,
            -79.05029790249638,
            -53.63097394715042,
            -121.30900289249378,
            -159.48097217355607,
            -158.32899929246986,
            -175.22771941139587,
            -137.0361895946677,
            -156.92302585530066,
            -159.59355860097764,
            -159.4711834916248,
            -152.11117297653823,
            -122.58998305969702,
            -44.99224038551851,
            0,
            0,
            0
        ],
        [
            0,
            0,
            0,
            0,
            0,
            0,
            0,
            0,
            0,
            0,
            0,
            0,
            0,
            0,
            0,
            0,
            106.47576988045213,
            182.58702034673428,
            221.8606579599812,
            228.69624911653787,
            241.03893077195963,
            248.82779453648598,
            240.56477095629492,
            248.46076905484594,
            240.64825103411732,
            256.8947438868441,
            224.62937058115898,
            260.29584756717094,
            286.30320187999536,
            256.29717491464413,
            300.4541991161837,
            217.16878825818824,
            171.03407911170575,
            173.78061582908728,
            148.94003766914125,
            192.94287357668807,
            155.0774843762582,
            134.07251430362857,
            108.8922174408763,
            82.28075902337433,
            70.12034311865396,
            112.58322284408341,
            59.83497127213302,
            0,
            0
        ],
        [
            0,
            0,
            0,
            0,
            0,
            0,
            0,
            0,
            0,
            0,
            0,
            0.06087119894978711,
            46.8079687877365,
            79.79066958213704,
            147.36480279324033,
            205.01913179012556,
            263.3948351133461,
            315.0089208195828,
            323.2499011039714,
            294.2055104010171,
            286.1655036193688,
            277.2714327741877,
            242.9621395233252,
            232.46708490187604,
            206.47880064007603,
            215.11561439793124,
            164.56463725830093,
            201.2132052226397,
            226.62072150600903,
            184.4414995123752,
            234.14447978352277,
            130.14562989845658,
            72.79407352747202,
            75.75332061226602,
            46.56232062764746,
            101.82926717411193,
            59.564656542188686,
            39.20926108055877,
            15.454914124980458,
            -8.150962257822927,
            -10.93647249845519,
            65.45162577109623,
            28.83980186586243,
            -53.924646068819115,
            0
        ],
        [
            0,
            0,
            0,
            0,
            0,
            0,
            0,
            0,
            0,
            -13.243445265831044,
            -27.172691493303475,
            -31.357662287573174,
            65.41992407596877,
            96.58820363287755,
            183.39237062290417,
            248.4952168287642,
            312.7689559805321,
            366.8927815543034,
            363.7672821578739,
            314.77593076724446,
            295.6446920946812,
            277.0307729497048,
            225.44845812786832,
            203.3602767222743,
            164.68787898025428,
            168.97568244351987,
            104.21053537846709,
            143.22252643558588,
            169.3649412339619,
            117.34167858880843,
            172.82441264144032,
            50.84128255556463,
            -16.179677760846246,
            -12.81949588719167,
            -45.88715140215753,
            19.21866441538039,
            -27.39984127894668,
            -47.87243255845978,
            -71.34932244946815,
            -93.65577512377989,
            -90.30216895543616,
            10.462203706145642,
            -19.938083232705733,
            -124.80569550484275,
            0
        ],
        [
            0,
            0,
            0,
            0,
            0,
            0,
            0,
            0,
            12.176710919601065,
            72.4373866403333,
            78.65233709592043,
            87.93947181929235,
            232.9952807792945,
            280.9051993362374,
            398.1301626383368,
            484.04334739759656,
            566.9659272412706,
            636.1054075235537,
            635.4457995060569,
            580.5513777044449,
            562.198832016029,
            544.850211228314,
            491.6424750030894,
            475.70027835741826,
            440.4188042461332,
            454.0014044776141,
            388.001648991191,
            439.3590907630515,
            474.8303184948452,
            420.82603486658815,
            486.9981617280794,
            352.1002674678873,
            277.92861743319423,
            281.35055950482655,
            242.21208003788337,
            311.2812410961032,
            252.947697993524,
            221.4729951402846,
            183.7035928145747,
            143.65302154751367,
            127.99305975348344,
            217.41229734332148,
            149.19868934151512,
            -30.3689901322065,
            0
        ],
        [
            0,
            0,
            0,
            0,
            0,
            0,
            0,
            -21.091513322055388,
            -63.751546263972,
            -6.540812418701609,
            -17.71938643274323,
            -16.933932084520066,
            150.03203663663152,
            196.03143755230153,
            324.1915175766375,
            413.96147963169983,
            499.72737056771643,
            569.2371626513573,
            558.358861488782,
            486.1640679758356,
            456.92257427017796,
            429.5617134591566,
            358.93238760777183,
            328.8752387157516,
            278.6996318026435,
            284.607000655658,
            202.96624870747993,
            253.1218654476503,
            286.49876876590156,
            221.86368731022742,
            291.2799797616416,
            139.91231637063757,
            57.04568292568569,
            61.06539570940693,
            19.705159237798767,
            98.91713956703366,
            39.869549765930046,
            12.401640647905019,
            -19.595501824160415,
            -51.25665075072539,
            -52.57155642270874,
            66.64224871230009,
            19.445340361634987,
            -140.37227328353342,
            0
        ],
        [
            0,
            0,
            0,
            0,
            0,
            0,
            21.091513322055388,
            0,
            -42.17899395573213,
            39.03625608519091,
            30.698573278888272,
            34.807318009822936,
            231.16763131589897,
            285.32413278993965,
            432.69034488218836,
            534.9927734212658,
            632.0158861812628,
            710.1773708874999,
            697.8866935012783,
            617.3589435507344,
            585.2939819549389,
            555.5708415643551,
            478.55281377787543,
            447.37158269913124,
            394.19244972389555,
            402.7180353458083,
            315.1201672421951,
            371.6992947362476,
            409.4880793483483,
            340.04188917835376,
            416.33200719628144,
            252.04401916429038,
            162.0733786501499,
            166.05239928196735,
            120.29723709406967,
            204.56915874429052,
            138.42843438024602,
            105.74486390646103,
            67.30096699713702,
            28.17920870545602,
            20.439858877229913,
            140.40204806969197,
            78.56022777658636,
            -107.05899467829293,
            0
        ],
        [
            0,
            0,
            0,
            0,
            0,
            -12.176710919601065,
            63.751546263972,
            42.17899395573213,
            0,
            102.26011587427759,
            96.98782516579469,
            104.44474739060631,
            327.8584799347373,
            389.96906510784044,
            555.4677456840449,
            669.8584033703164,
            777.8280226447624,
            864.5381857398951,
            851.4354854861843,
            763.6013927571204,
            729.3126832492774,
            697.7605432767208,
            615.2753312903137,
            583.6397533162298,
            528.156199524579,
            539.5810188159058,
            446.74159316895816,
            509.63807559803973,
            551.760116685452,
            477.8936843773042,
            560.6106948387726,
            384.12692606696834,
            287.31674975272267,
            290.90860187529734,
            240.5902276140966,
            328.8027857752652,
            255.2598051046106,
            216.67969180484653,
            170.98258022163756,
            123.41124311784228,
            107.65160218902125,
            224.20183644266814,
            145.23066263012635,
            -63.54001910148411,
            0
        ],
        [
            0,
            0,
            0,
            0,
            13.243445265831044,
            -72.4373866403333,
            6.540812418701609,
            -39.03625608519091,
            -102.26011587427759,
            0,
            -15.4904821757703,
            -13.221714441897825,
            227.20511468099568,
            289.0918490156634,
            464.1175105051335,
            582.7264694296413,
            694.1209964627576,
            782.2673058570509,
            762.0675582867859,
            661.2515813380406,
            618.9495234617949,
            579.9636777224788,
            484.1625265932612,
            441.96089074577947,
            375.0632679469959,
            380.9018327893185,
            275.7775767916259,
            338.28051211845985,
            379.20058932332734,
            297.0526332409586,
            382.8545970538923,
            193.38365650738191,
            90.05347312460435,
            94.68098625078507,
            43.27516116536179,
            140.06309507469177,
            66.93994620423233,
            32.66782765260582,
            -6.954014051898719,
            -45.87466633750457,
            -48.14813596823395,
            90.6314255594436,
            32.31240318062276,
            -134.9341128985628,
            0
        ],
        [
            0,
            0,
            0,
            0,
            27.172691493303475,
            -78.65233709592043,
            17.71938643274323,
            -30.698573278888272,
            -96.98782516579469,
            15.4904821757703,
            0,
            3.1566607367363657,
            259.9341934875796,
            325.90855756427806,
            511.7711919787987,
            637.3373890641002,
            754.9963402480563,
            847.8654785634108,
            826.1950375193236,
            719.5866537192085,
            674.8875510129614,
            633.7853044864205,
            533.0254404817808,
            488.88167905440923,
            418.9260235084263,
            425.331448804803,
            315.4725480665884,
            381.1258952669956,
            424.01916222214084,
            338.2044735434765,
            427.69143702660045,
            229.88085572758087,
            122.01744048838675,
            126.5566095710552,
            72.6688748782081,
            172.57071488703005,
            95.82644237395054,
            59.275986075760834,
            17.061722552527595,
            -24.521661976799333,
            -28.623801450628424,
            109.79117160210258,
            46.37819741505226,
            -113.13360455209589,
            0
        ],
        [
            0,
            0,
            0,
            -0.06087119894978711,
            31.357662287573174,
            -87.93947181929235,
            16.933932084520066,
            -34.807318009822936,
            -104.44474739060631,
            13.221714441897825,
            -3.1566607367363657,
            0,
            266.6795854278528,
            334.751728132418,
            527.0542202344221,
            656.599077135761,
            777.8114373664484,
            873.261954196493,
            850.212959425558,
            739.4637045791874,
            692.8154608703107,
            649.9574902913367,
            545.44434329249,
            499.34618667797093,
            426.7817028249705,
            432.96891045692996,
            319.56211869078754,
            386.78951936229726,
            430.5731910497444,
            342.1289446769829,
            433.7532940168034,
            230.53930281974422,
            119.81102518515235,
            124.40971704744689,
            69.20888751328908,
            171.4084033627654,
            92.94976812598948,
            55.7104936604793,
            12.85854832419302,
            -29.095488064775893,
            -32.73904797058888,
            106.79604123748744,
            43.05512969634747,
            -101.22990819022937,
            0
        ],
        [
            0,
            0,
            0,
            -46.8079687877365,
            -65.41992407596877,
            -232.9952807792945,
            -150.03203663663152,
            -231.16763131589897,
            -327.8584799347373,
            -227.20511468099568,
            -259.9341934875796,
            -266.6795854278528,
            0,
            60.83514534109752,
            250.40446230674385,
            375.12290763628266,
            491.3797678397308,
            581.2103398670292,
            548.97504636961,
            426.63234515939774,
            370.7901953157027,
            319.201137066103,
            201.0270382588334,
            140.66719915711428,
            54.379170956691816,
            50.38226672045713,
            -75.14659933313261,
            -13.727769092661312,
            25.027471922003357,
            -70.29041036888206,
            20.715346774680782,
            -188.53926560284052,
            -300.8733969283839,
            -292.8984551727548,
            -343.58565376098323,
            -230.7362010211169,
            -299.1581067440364,
            -321.71745980260204,
            -345.41414342119504,
            -362.45065513248153,
            -333.2475364027915,
            -150.63769173243034,
            -154.53943516893688,
            -166.78500919543046,
            0
        ],
        [
            0,
            0,
            0,
            -79.79066958213704,
            -96.58820363287755,
            -280.9051993362374,
            -196.03143755230153,
            -285.32413278993965,
            -389.96906510784044,
            -289.0918490156634,
            -325.90855756427806,
            -334.751728132418,
            -60.83514534109752,
            0,
            193.70564109883924,
            320.3135188140547,
            438.11961366782793,
            528.6432179271038,
            493.4324834650366,
            365.57097779413004,
            306.3292136594799,
            251.58169977519373,
            127.73190732632517,
            62.89731537691801,
            -28.210043586428892,
            -34.49800777308946,
            -165.1297569446004,
            -103.70329871116934,
            -65.24166974294322,
            -163.74492665277106,
            -71.1155956392769,
            -285.22240514839154,
            -399.54880515364437,
            -390.35055154646716,
            -440.41578729688393,
            -323.0735765856249,
            -389.6757861548739,
            -408.5206900062479,
            -427.2017237589211,
            -437.35894784546167,
            -398.47610251949396,
            -203.71543366570052,
            -188.74231192700026,
            -104.08152145296242,
            0
        ],
        [
            0,
            0,
            0,
            -147.36480279324033,
            -183.39237062290417,
            -398.1301626383368,
            -324.1915175766375,
            -432.69034488218836,
            -555.4677456840467,
            -464.1175105051335,
            -511.7711919787987,
            -527.0542202344221,
            -250.40446230674436,
            -193.70564109883924,
            0,
            124.55883360027846,
            240.1110374482776,
            327.67428499632456,
            286.0702132792839,
            149.47346796311285,
            83.67504283633636,
            22.730724131061066,
            -111.08186566535873,
            -185.7419937460992,
            -286.458950467177,
            -299.3353488664041,
            -438.6601029083022,
            -380.3492908097921,
            -344.6067987738186,
            -447.8596255451695,
            -354.56560872316965,
            -573.3005498950952,
            -688.5320267658274,
            -676.1021202747216,
            -722.2748688753536,
            -596.0587324352331,
            -654.6338313055173,
            -661.7737475938127,
            -665.1774005457683,
            -655.3016888887443,
            -589.7610647553919,
            -360.7213328640103,
            -291.84844876882465,
            0,
            0
        ],
        [
            0,
            0,
            0,
            -205.01913179012556,
            -248.4952168287642,
            -484.04334739759656,
            -413.96147963169983,
            -534.9927734212658,
            -669.8584033703164,
            -582.7264694296413,
            -637.3373890641002,
            -656.599077135761,
            -375.12290763628266,
            -320.3135188140547,
            -124.55883360027846,
            0,
            115.28956062384694,
            201.84224095430898,
            155.839429611806,
            12.513953138276381,
            -57.96441821006505,
            -123.3012004644593,
            -264.4624508129453,
            -345.78958832945807,
            -453.21540752220767,
            -470.14286325861815,
            -615.815660203103,
            -558.7657263125037,
            -524.2079436122526,
            -630.9041744872596,
            -536.2166308630767,
            -758.9410630599555,
            -874.9793367577786,
            -859.8499403763659,
            -903.124457040487,
            -769.8765946747437,
            -822.6675615094284,
            -821.1813148460882,
            -813.2576112775502,
            -788.3227020666291,
            -702.4303746487933,
            -447.7339682225427,
            -332.4959654844416,
            0,
            0
        ],
        [
            0,
            0,
            -106.47576988045213,
            -263.3948351133461,
            -312.7689559805321,
            -566.9659272412706,
            -499.72737056771643,
            -632.0158861812628,
            -777.8280226447624,
            -694.1209964627576,
            -754.9963402480563,
            -777.8114373664484,
            -491.37976783973164,
            -438.11961366782793,
            -240.1110374482776,
            -115.28956062384694,
            0,
            85.82037794441237,
            35.798480003669845,
            -113.80698600993782,
            -188.58879993211312,
            -257.95631304030854,
            -405.9067505111963,
            -493.2749536874012,
            -606.796942733986,
            -627.2722306871054,
            -778.7128364667128,
            -722.5532133543193,
            -688.8280496742583,
            -798.5173998834528,
            -702.2187637509608,
            -928.4171742385967,
            -1044.8731630771845,
            -1026.830243973068,
            -1066.9385707695487,
            -926.6675499043836,
            -973.4042689040956,
            -963.073134629946,
            -943.518352971286,
            -903.0296672635897,
            -795.9716435768843,
            -514.6203994551465,
            -343.95232095985557,
            0,
            0
        ],
        [
            0,
            0,
            -182.58702034673428,
            -315.0089208195828,
            -366.8927815543034,
            -636.1054075235537,
            -569.2371626513573,
            -710.1773708874999,
            -864.5381857398951,
            -782.2673058570509,
            -847.8654785634108,
            -873.261954196493,
            -581.2103398670303,
            -528.6432179271038,
            -327.67428499632456,
            -201.84224095430898,
            -85.82037794441237,
            0,
            -53.22276244220877,
            -208.2360241804612,
            -286.53700886973235,
            -359.1817029279906,
            -512.8044633473821,
            -604.9047582415101,
            -723.2982699224477,
            -746.2829918462197,
            -902.4545372099892,
            -846.4476234818103,
            -812.9285749808053,
            -924.9832444481482,
            -826.7924973911468,
            -1055.99522354945,
            -1172.6587643412065,
            -1151.8172831478928,
            -1188.980737187164,
            -1042.3806911037343,
            -1083.6808585613342,
            -1065.428464121718,
            -1035.382114187156,
            -980.656849612485,
            -853.8933514309472,
            -547.7616412575529,
            -311.23491978416575,
            0,
            0
        ],
        [
            0,
            0,
            -221.8606579599813,
            -323.2499011039714,
            -363.7672821578739,
            -635.4457995060569,
            -558.358861488782,
            -697.8866935012783,
            -851.4354854861865,
            -762.0675582867859,
            -826.1950375193236,
            -850.212959425558,
            -548.9750463696109,
            -493.4324834650366,
            -286.0702132792839,
            -155.839429611806,
            -35.798480003669845,
            53.22276244220877,
            0,
            -157.25269404057283,
            -236.08095263545394,
            -309.1313903135865,
            -464.304335488523,
            -556.1536643898,
            -674.9167225266311,
            -696.5164539157267,
            -853.970341402497,
            -795.4484806503132,
            -760.0927360056103,
            -873.0208917776931,
            -772.4041146521286,
            -1004.5415950647374,
            -1122.338856715285,
            -1100.774797199648,
            -1138.0989573525496,
            -989.8237453378094,
            -1031.4965514136534,
            -1012.9368374345578,
            -982.0893872319828,
            -925.4346774524361,
            -794.8920432556696,
            -486.139500150285,
            -194.41720003061184,
            0,
            0
        ],
        [
            0,
            0,
            -228.69624911653787,
            -294.2055104010171,
            -314.77593076724446,
            -580.5513777044449,
            -486.1640679758356,
            -617.3589435507344,
            -763.6013927571204,
            -661.2515813380406,
            -719.5866537192085,
            -739.4637045791874,
            -426.63234515939774,
            -365.57097779413004,
            -149.47346796311285,
            -12.513953138276381,
            113.80698600993782,
            208.2360241804612,
            157.25269404057283,
            0,
            -77.26152091353835,
            -148.71259455412624,
            -302.5529461936225,
            -390.70941458621667,
            -506.7489768909389,
            -524.3434019166108,
            -680.760166379884,
            -618.0398666222411,
            -579.6308113488087,
            -692.5951304582088,
            -589.5003619801861,
            -824.7809463645357,
            -944.7110282906804,
            -924.3535479121906,
            -964.5474798434453,
            -818.5975638184062,
            -865.4862154901253,
            -852.9411383323426,
            -829.3267038025667,
            -781.0028500636062,
            -660.2077581635162,
            -368.7512438797618,
            0,
            0,
            0
        ],
        [
            0,
            0,
            -241.03893077195963,
            -286.1655036193688,
            -295.6446920946812,
            -562.198832016029,
            -456.92257427017796,
            -585.2939819549389,
            -729.3126832492774,
            -618.9495234617949,
            -674.8875510129614,
            -692.8154608703107,
            -370.7901953157033,
            -306.3292136594799,
            -83.67504283633636,
            57.96441821006505,
            188.58879993211312,
            286.53700886973235,
            236.08095263545394,
            77.26152091353835,
            0,
            -71.35900774069457,
            -225.96776339829222,
            -313.08871530329037,
            -428.75672205401935,
            -444.4819929579772,
            -601.5622283762244,
            -536.2012979434606,
            -495.92115921420725,
            -609.5680511979747,
            -504.4431662989916,
            -742.4757455986042,
            -863.7400971108926,
            -843.3856319443202,
            -884.5053622817734,
            -738.5018144977921,
            -787.0142134053626,
            -775.918725418747,
            -753.6094980659699,
            -705.8316400311181,
            -584.2796159452179,
            -295.26208177110465,
            0,
            0,
            0
        ],
        [
            0,
            0,
            -248.82779453648598,
            -277.2714327741877,
            -277.0307729497048,
            -544.850211228314,
            -429.5617134591566,
            -555.5708415643551,
            -697.7605432767208,
            -579.9636777224788,
            -633.7853044864205,
            -649.9574902913367,
            -319.201137066103,
            -251.58169977519373,
            -22.730724131061066,
            123.3012004644593,
            257.95631304030854,
            359.1817029279906,
            309.1313903135865,
            148.71259455412624,
            71.35900774069457,
            0,
            -155.46812671093582,
            -241.75136103475967,
            -357.2006492895075,
            -371.2712252752574,
            -529.0829019841434,
            -461.32422145346953,
            -419.37546865147516,
            -533.729105500289,
            -426.8015767420945,
            -667.3920934735022,
            -789.8688426300718,
            -769.5286662395783,
            -811.4405016101189,
            -665.518348178524,
            -715.3613200623779,
            -705.4154029818349,
            -683.9373570676073,
            -635.9116898515081,
            -512.1907503481078,
            -222.3848016606738,
            0,
            0,
            0
        ],
        [
            0,
            -3.836003664028185,
            -240.56477095629492,
            -242.9621395233252,
            -225.44845812786832,
            -491.6424750030894,
            -358.93238760777183,
            -478.55281377787543,
            -615.2753312903137,
            -484.1625265932612,
            -533.0254404817808,
            -545.44434329249,
            -201.0270382588336,
            -127.73190732632517,
            111.08186566535873,
            264.4624508129453,
            405.9067505111963,
            512.8044633473821,
            464.304335488523,
            302.5529461936225,
            225.96776339829222,
            155.46812671093582,
            0,
            -83.63094414271174,
            -197.48116382547303,
            -208.1427894316037,
            -366.0810540801026,
            -294.35331054706575,
            -249.73082122756603,
            -364.93020808452155,
            -255.81568411281296,
            -500.30174931216436,
            -625.2065488254564,
            -606.2236002176111,
            -650.9040982749312,
            -507.84425774115607,
            -562.3128265361153,
            -557.6304245049396,
            -541.7850218794188,
            -498.77671199114195,
            -378.33050115564976,
            -84.93546826618685,
            0,
            0,
            0
        ],
        [
            0,
            5.108449274762682,
            -248.46076905484594,
            -232.46708490187604,
            -203.3602767222743,
            -475.70027835741826,
            -328.8752387157516,
            -447.37158269913124,
            -583.6397533162298,
            -441.96089074577947,
            -488.88167905440923,
            -499.34618667797093,
            -140.66719915711428,
            -62.89731537691801,
            185.7419937460992,
            345.78958832945807,
            493.2749536874012,
            604.9047582415101,
            556.1536643898,
            390.70941458621667,
            313.08871530329037,
            241.75136103475967,
            83.63094414271174,
            0,
            -114.74328032466177,
            -123.75343166988122,
            -283.80960331808836,
            -208.98611520038355,
            -162.39126297580012,
            -279.1329390924832,
            -167.76461371037567,
            -415.8678406475052,
            -542.0377050004817,
            -522.6601038571341,
            -567.3809931777736,
            -424.5694503703042,
            -478.66398132540326,
            -472.87272357448285,
            -453.53394534469874,
            -401.268323994807,
            -256.24105696940694,
            0,
            0,
            0,
            0
        ],
        [
            0,
            25.37868271316201,
            -240.64825103411732,
            -206.47880064007603,
            -164.68787898025428,
            -440.4188042461332,
            -278.6996318026435,
            -394.19244972389555,
            -528.156199524579,
            -375.0632679469959,
            -418.9260235084263,
            -426.7817028249705,
            -54.379170956691816,
            28.210043586428892,
            286.458950467177,
            453.21540752220767,
            606.796942733986,
            723.2982699224477,
            674.9167225266311,
            506.7489768909389,
            428.75672205401935,
            357.2006492895075,
            197.48116382547303,
            114.74328032466177,
            0,
            -6.964569879290389,
            -168.3018979086167,
            -90.60731170174022,
            -42.35427521500636,
            -160.40733514978865,
            -47.85138178341283,
            -298.9623894650981,
            -426.5159949431802,
            -407.965875037688,
            -453.7309912937867,
            -314.1922138827366,
            -369.3959302844699,
            -364.75379299260703,
            -343.9961827300233,
            -281.9941814181381,
            -54.740649307555906,
            0,
            0,
            0,
            0
        ],
        [
            0,
            30.8403726724824,
            -256.8947438868441,
            -215.11561439793124,
            -168.97568244351987,
            -454.0014044776141,
            -284.607000655658,
            -402.7180353458083,
            -539.5810188159058,
            -380.9018327893185,
            -425.331448804803,
            -432.96891045692996,
            -50.38226672045717,
            34.49800777308946,
            299.3353488664041,
            470.14286325861787,
            627.2722306871051,
            746.2829918462197,
            696.5164539157263,
            524.3434019166108,
            444.4819929579772,
            371.2712252752574,
            208.1427894316037,
            123.75343166988122,
            6.964569879290389,
            0,
            -163.61177236172261,
            -84.55902141691365,
            -35.579346456863185,
            -154.5325611283602,
            -40.96476759179807,
            -292.48071302653443,
            -418.5429815610162,
            -397.9422005474967,
            -440.1677775661385,
            -299.8773894039049,
            -348.1059525758548,
            -334.2645213123772,
            -296.18251564880006,
            -188.4703428391958,
            0,
            0,
            0,
            0,
            0
        ],
        [
            0,
            67.14284612702403,
            -224.62937058115898,
            -164.56463725830093,
            -104.21053537846709,
            -388.001648991191,
            -202.96624870747993,
            -315.1201672421951,
            -446.7415931689577,
            -275.7775767916259,
            -315.4725480665884,
            -319.5621186907873,
            75.14659933313261,
            165.1297569446004,
            438.6601029083019,
            615.8156602031025,
            778.7128364667124,
            902.4545372099888,
            853.970341402497,
            680.7601663798839,
            601.5622283762243,
            529.0829019841435,
            366.0810540801027,
            283.8096033180885,
            168.30189790861664,
            163.61177236172261,
            0,
            80.88280906131507,
            130.33198154198436,
            10.191075553512968,
            122.15992374105917,
            -131.17507077070988,
            -258.9946472939787,
            -242.09696111113018,
            -287.57989648943396,
            -157.73183678920321,
            -210.1348202299374,
            -201.98193184591707,
            -163.29778883492236,
            0,
            0,
            0,
            0,
            0,
            0
        ],
        [
            -72.24153489409225,
            55.59159850438965,
            -260.29584756717094,
            -201.2132052226397,
            -143.22252643558588,
            -439.3590907630515,
            -253.1218654476503,
            -371.6992947362476,
            -509.63807559803973,
            -338.28051211845985,
            -381.1258952669956,
            -386.78951936229726,
            13.727769092661312,
            103.70329871116934,
            380.34929080979225,
            558.765726312504,
            722.553213354319,
            846.4476234818103,
            795.448480650313,
            618.0398666222411,
            536.2012979434606,
            461.32422145346953,
            294.35331054706575,
            208.98611520038355,
            90.60731170174022,
            84.55902141691365,
            -80.88280906131509,
            0,
            49.450398076142164,
            -69.97224926888933,
            42.4218333886385,
            -206.28421020572515,
            -327.8948975659751,
            -305.3704039681761,
            -340.81712522667726,
            -206.81618775670484,
            -239.59519664226426,
            -203.1585267939805,
            -81.70888677141896,
            0,
            0,
            0,
            0,
            0,
            0
        ],
        [
            -122.9495437942101,
            47.94287565216026,
            -286.3032018799953,
            -226.62072150600903,
            -169.3649412339619,
            -474.8303184948452,
            -286.49876876590156,
            -409.4880793483483,
            -551.760116685452,
            -379.20058932332734,
            -424.01916222214084,
            -430.5731910497444,
            -25.027471922003354,
            65.24166974294322,
            344.6067987738184,
            524.2079436122526,
            688.8280496742584,
            812.9285749808053,
            760.0927360056103,
            579.6308113488087,
            495.92115921420725,
            419.37546865147516,
            249.73082122756603,
            162.39126297580012,
            42.35427521500636,
            35.579346456863185,
            -130.33198154198436,
            -49.450398076142164,
            0,
            -117.72635596989836,
            -5.670832686707896,
            -247.60624372218678,
            -361.52091231447275,
            -333.13453489092274,
            -356.9733691387828,
            -219.95569331360153,
            -227.2174020268168,
            -141.50772541083245,
            0,
            0,
            0,
            0,
            0,
            0,
            0
        ],
        [
            -139.48137711075375,
            79.05029790249638,
            -256.29717491464413,
            -184.4414995123752,
            -117.34167858880846,
            -420.82603486658815,
            -221.86368731022742,
            -340.04188917835376,
            -477.8936843773042,
            -297.0526332409586,
            -338.2044735434763,
            -342.12894467698277,
            70.29041036888206,
            163.74492665277106,
            447.85962554516954,
            630.9041744872595,
            798.5173998834528,
            924.9832444481482,
            873.020891777693,
            692.5951304582088,
            609.5680511979747,
            533.729105500289,
            364.93020808452155,
            279.1329390924832,
            160.40733514978865,
            154.5325611283602,
            -10.191075553512968,
            69.97224926888933,
            117.72635596989836,
            0,
            106.75432121303852,
            -131.51365875598168,
            -243.3481201985847,
