{
    "bin_ranges": {
        "m3pi_lower_limit": 2.46,
        "m3pi_upper_limit": 2.5,
        "t_lower_limit": 0.194,
        "t_upper_limit": 0.326
    },
    "info": "The dalitz matrix M is computed as sqrt(-Kibble) * (A[1]-A[2])",
    "bin_centers": [
        0.29900000000000004,
        0.33999999999999997,
        0.38,
        0.42000000000000004,
        0.45999999999999996,
        0.5,
        0.54,
        0.5800000000000001,
        0.62,
        0.66,
        0.69,
        0.71,
        0.73,
        0.75,
        0.77,
        0.79,
        0.81,
        0.83,
        0.85,
        0.87,
        0.89,
        0.91,
        0.94,
        0.98,
        1.02,
        1.06,
        1.1,
        1.1400000000000001,
        1.18,
        1.22,
        1.26,
        1.3,
        1.34,
        1.38,
        1.42,
        1.46,
        1.5,
        1.54,
        1.58,
        1.62,
        1.66,
        1.7,
        1.74,
        1.78,
        1.82,
        1.8599999999999999,
        1.9,
        1.94,
        1.98,
        2.02,
        2.06,
        2.1,
        2.14,
        2.18,
        2.22,
        2.26
    ],
    "real(M)": [
        [
            0,
            0,
            0,
            0,
            0,
            0,
            0,
            0,
            0,
            0,
            0,
            0,
            0,
            0,
            0,
            0,
            0,
            0,
            0,
            0,
            0,
            0,
            0,
            0,
            0,
            0,
            0,
            0,
            0,
            0,
            0,
            0,
            0,
            0,
            -80.65692502191447,
            -252.79625235147256,
            -319.9561474065034,
            -384.3240592493067,
            -447.2679855580602,
            -582.0912268893074,
            -547.6831566979342,
            -434.99287668752015,
            -401.04344593718827,
            -407.051199428902,
            -419.7961540522719,
            -312.75544682141,
            -397.5042720081184,
            -275.06893772372746,
            -231.5875683800418,
            -84.70517673562672,
            0,
            0,
            0,
            0,
            0,
            0
        ],
        [
            0,
            0,
            0,
            0,
            0,
            0,
            0,
            0,
            0,
            0,
            0,
            0,
            0,
            0,
            0,
            0,
            0,
            0,
            0,
            0,
            0,
            0,
            0,
            0,
            0,
            0,
            0,
            0,
            35.51797041755655,
            46.54846604493897,
            73.7608170621528,
            52.52556421489492,
            -0.1315083157808548,
            -48.06281050049804,
            72.4628064812953,
            -14.281987362517164,
            30.64520629198802,
            16.24241614715998,
            -22.485275962596827,
            -218.786188916142,
            -102.0848761154519,
            135.8000527051953,
            208.62049012087394,
            193.54352495798847,
            149.9883056457284,
            315.2776071653408,
            86.54675924665257,
            244.62395885325566,
            185.95323288979785,
            291.5604644213433,
            88.07197169527882,
            94.16367308625095,
            147.842498637326,
            4.002230701555004,
            0,
            0
        ],
        [
            0,
            0,
            0,
            0,
            0,
            0,
            0,
            0,
            0,
            0,
            0,
            0,
            0,
            0,
            0,
            0,
            0,
            0,
            0,
            0,
            0,
            0,
            0,
            0,
            -90.82028626185384,
            -179.96412108383896,
            -245.72958239798635,
            -239.4400011281777,
            -278.79998062862,
            -334.3767148266433,
            -336.2633994302836,
            -414.6681305341288,
            -529.7275799148836,
            -626.6756373019023,
            -474.3873774323247,
            -619.2052314992094,
            -574.6709742797337,
            -610.2397079989262,
            -675.5488872154507,
            -948.5327642420958,
            -798.8436649777047,
            -487.1015292872361,
            -392.5306625673915,
            -410.9490132857434,
            -463.3144062656555,
            -232.993459022887,
            -524.7655659461125,
            -290.6782386196062,
            -343.34202964656964,
            -156.7793551728919,
            -404.72737763000924,
            -337.9805965700996,
            -143.4472775638432,
            -207.72267422055967,
            -160.15368936904403,
            0
        ],
        [
            0,
            0,
            0,
            0,
            0,
            0,
            0,
            0,
            0,
            0,
            0,
            0,
            0,
            0,
            0,
            0,
            0,
            0,
            0,
            0,
            0,
            -1.839818333040781,
            33.23073492907556,
            40.765807253502764,
            113.35944704910798,
            114.75691893692601,
            111.56216640677701,
            199.91733718008842,
            204.9158248776666,
            181.727199270094,
            226.11742862112422,
            165.14798402140087,
            55.52186212516692,
            -32.16295649944836,
            190.0273756366985,
            36.328396794497266,
            114.94458783325669,
            91.10886407022763,
            27.84102736429318,
            -291.33170623858337,
            -98.95454952462612,
            285.4390691635136,
            401.9830624896228,
            377.6483402875833,
            307.9671206759771,
            576.9648522015963,
            206.3008412325146,
            470.69379024657206,
            378.63928580649,
            575.286246690393,
            221.0698648389773,
            247.77682842135653,
            431.40492296616736,
            248.8694026979224,
            163.18032103197802,
            62.6523591272538
        ],
        [
            0,
            0,
            0,
            0,
            0,
            0,
            0,
            0,
            0,
            0,
            0,
            0,
            0,
            0,
            0,
            0,
            -46.71107644615025,
            -104.92323921262995,
            -253.93728639197514,
            -234.78515844761577,
            -109.29862478166464,
            -210.3848781179854,
            -173.39486529173396,
            -205.26557977213952,
            -138.18822101617792,
            -171.2118371205957,
            -205.1763253128114,
            -119.87973920291583,
            -139.2474528330793,
            -190.6443688201521,
            -157.4094678240806,
            -249.6722548392454,
            -397.0887300938146,
            -515.4013989057794,
            -265.92987650411595,
            -458.682130363832,
            -376.79036703087513,
            -413.5544816860693,
            -494.5837108912433,
            -871.2285441186156,
            -651.4581525236521,
            -207.94603530138622,
            -73.63356188575027,
            -100.55237732412796,
            -177.77303260888132,
            140.11569368572083,
            -281.32698722944554,
            37.65418393623935,
            -54.26586498674538,
            195.4956581596299,
            -196.68106469173475,
            -136.23064441749221,
            122.0057346467639,
            -50.751405740156336,
            -94.9480905716075,
            -141.55717149961987
        ],
        [
            0,
            0,
            0,
            0,
            0,
            0,
            0,
            0,
            0,
            0,
            0,
            0,
            0,
            100.05429367868182,
            -36.26563001725228,
            -189.3547736624975,
            -279.5045491770605,
            -264.89774467651677,
            -483.76535145645215,
            -412.65096335179817,
            -210.31940841006528,
            -346.8452078178109,
            -289.23079041666654,
            -326.4450609871255,
            -241.89513813226603,
            -283.703347979023,
            -326.02168455531773,
            -226.73911325688698,
            -252.26210428000292,
            -314.7374807591018,
            -278.4820222897812,
            -387.1652550475794,
            -558.1708640493281,
            -694.6637284878774,
            -410.9602834312771,
            -631.6898987559906,
            -539.5900654191258,
            -582.1600280298233,
            -674.5209340132739,
            -1100.5265781561272,
            -852.2150623357069,
            -351.7733585176083,
            -200.27443552610586,
            -230.26307185727393,
            -316.55125866600525,
            42.99343048165833,
            -430.64042277488113,
            -68.51542872608,
            -169.54036964197323,
            116.94170989547177,
            -323.83555309455824,
            -250.49123789855264,
            51.87637713152762,
            -139.43003351021358,
            -183.07252286222237,
            -233.6944953253103
        ],
        [
            0,
            0,
            0,
            0,
            0,
            0,
            0,
            0,
            0,
            0,
            -55.30910931536085,
            191.68453781007543,
            282.31434748943735,
            349.70746707000325,
            46.35500667883266,
            -168.67932806694895,
            -264.0565681638808,
            -214.42944819260327,
            -478.5215153297159,
            -362.4088119648898,
            -90.38487531558192,
            -245.65385634574122,
            -156.2126151346728,
            -178.98311024620486,
            -60.85856857601031,
            -93.22043744553501,
            -126.84033266971856,
            0.5685044117741431,
            -16.13220794374855,
            -75.30442706888003,
            -23.588483749079018,
            -135.8306365481969,
            -318.08341612673826,
            -461.73941586143775,
            -136.87606376531392,
            -375.87448916247604,
            -267.0776864678782,
            -309.0532729984428,
            -407.09723990743606,
            -875.7835706019628,
            -597.8062032176299,
            -42.19248575532042,
            125.62802672300263,
            91.43705186303924,
            -6.2185887132832764,
            387.8419251402142,
            -140.98345253444458,
            252.9938012875632,
            132.8267664295185,
            439.9118875013129,
            -61.65576990795494,
            3.9377141644649933,
            322.038248993733,
            85.04569707984804,
            5.858391659722078,
            -93.79539587625248
        ],
        [
            0,
            0,
            0,
            0,
            0,
            0,
            0,
            0,
            0,
            61.898289920493276,
            -116.69043253353857,
            360.97303926270655,
            455.4932567881759,
            521.1497459798171,
            104.29306716489948,
            -167.40289094181435,
            -277.50414211741924,
            -208.28321941287365,
            -518.6417562898165,
            -371.6541252612486,
            -45.44233513130634,
            -223.0679965285973,
            -113.48550598115054,
            -133.17501210016536,
            6.556769561081557,
            -25.471800727582895,
            -58.85358885474669,
            87.51349298509446,
            72.28523234346756,
            9.853764659102149,
            70.22023818206831,
            -50.90108259130803,
            -248.92128537644055,
            -404.07485940878746,
            -44.376696327505734,
            -304.5406780009659,
            -183.21466779542445,
            -227.49947733462912,
            -333.33273873859434,
            -844.4691258933836,
            -539.6023976791515,
            67.65030945930407,
            250.75464920799607,
            213.000507009324,
            105.69649670711108,
            534.1352873756523,
            -44.03908194338072,
            383.30565486717995,
            249.63843822840403,
            581.2533514407143,
            30.191112059561366,
            96.86759060417616,
            438.7773078713664,
            172.59616451637544,
            76.84357520074124,
            -45.270126357110435
        ],
        [
            0,
            0,
            0,
            0,
            0,
            0,
            0,
            0,
            0,
            68.33742820979845,
            -202.4307362560706,
            423.8910563643576,
            521.6513696157729,
            583.7660446004243,
            67.97550319524099,
            -258.5601053306022,
            -388.2391106346724,
            -308.1351213479617,
            -665.9551959435536,
            -497.1347718400145,
            -127.17075976619466,
            -330.36755567158303,
            -209.6827468151734,
            -235.8130779834903,
            -84.6227225576317,
            -124.52846765548381,
            -165.43697046147872,
            -8.442613122562657,
            -29.13524377841311,
            -101.11749255658995,
            -38.555267845408856,
            -173.76202652071018,
            -392.03550480395535,
            -562.9458220371216,
            -174.27624144420926,
            -458.5146589342518,
            -328.56607940846004,
            -377.9032788796186,
            -493.48774555051034,
            -1046.8946553882693,
            -717.483840567989,
            -61.51697498049254,
            136.2524840417818,
            95.92801435050012,
            -18.932458132220074,
            444.44228634988355,
            -176.97666169354997,
            286.0867029244578,
            145.18946148481126,
            506.23188260266187,
            -82.49183038744665,
            -4.9140708033928115,
            370.1907701797976,
            92.1604098590213,
            -0.3185643651370213,
            -118.20954229911871
        ],
        [
            0,
            0,
            0,
            0,
            0,
            0,
            0,
            -61.898289920493276,
            -68.33742820979845,
            0,
            -348.474043638561,
            397.76006360685227,
            496.83959741261515,
            554.0181314475501,
            -52.099760813046515,
            -431.2981687390142,
            -582.3572454227514,
            -495.8343951311659,
            -900.7242755066997,
            -715.1178726708632,
            -307.66079493731286,
            -537.6739534367223,
            -410.94457557780413,
            -448.6320846920431,
            -291.8134927248207,
            -344.1083793582713,
            -396.8544193977072,
            -234.15713050974273,
            -264.2343803465253,
            -349.27332614195234,
            -288.28392218437443,
            -440.39867722648313,
            -681.2378642534549,
            -870.1335150398147,
            -456.2653244023262,
            -765.8664982743231,
            -629.6071017058983,
            -685.4058296693369,
            -811.5890612620774,
            -1406.3076971790044,
            -1053.8714443332242,
            -351.43977364602796,
            -139.32491797469262,
            -181.2491730383279,
            -301.8904952175705,
            196.50188568028602,
            -463.11648408549513,
            36.85559564768003,
            -106.70106610053837,
            286.63937517637277,
            -330.6809427927823,
            -235.58971321806038,
            178.26008079452222,
            -99.19977712529162,
            -174.62726582699537,
            -269.43508585377975
        ],
        [
            0,
            0,
            0,
            0,
            0,
            0,
            55.30910931536085,
            116.69043253353857,
            202.4307362560706,
            348.474043638561,
            0,
            858.6274259902116,
            989.633744722667,
            1073.0975510647856,
            432.7497067988835,
            43.87194245107655,
            -96.12125279367778,
            20.182026143401245,
            -393.42139511070343,
            -172.08293077639786,
            285.29005338796975,
            58.88817031381016,
            222.91961686943378,
            219.0754106645391,
            420.0228728513388,
            396.94209932627393,
            371.86554753778995,
            572.9840949377033,
            568.5325608895637,
            504.53627082923055,
            592.9210416037532,
            455.10401652028196,
            222.40909800103492,
            42.852952567230666,
            495.12748909644273,
            185.03357495087144,
            341.3264191281557,
            293.79949659189765,
            170.2477667911098,
            -446.79979091597664,
            -73.23269148835875,
            663.9766035735166,
            884.2742574438604,
            835.3880908824082,
            700.8269696368191,
            1210.086532906251,
            504.40718878028144,
            1006.411126872172,
            830.9271179171911,
            1210.1118956059133,
            528.5021517599428,
            582.2562274910092,
            957.7574043402229,
            602.2877176560332,
            441.04916623395115,
            236.53688931577838
        ],
        [
            0,
            0,
            0,
            0,
            0,
            0,
            -191.68453781007543,
            -360.97303926270655,
            -423.8910563643576,
            -397.76006360685227,
            -858.6274259902116,
            0,
            83.85720338335602,
            119.22447331994668,
            -605.4458757992783,
            -1061.1510180696325,
            -1252.9300973573404,
            -1174.719170162965,
            -1649.5342824247368,
            -1459.3735997700114,
            -1022.6003985797444,
            -1298.0966386130901,
            -1184.76076413016,
            -1262.2432336350703,
            -1123.673976166038,
            -1214.3608357770117,
            -1303.7042951255194,
            -1155.556675438631,
            -1216.970126847575,
            -1336.5407890658448,
            -1295.1500881038348,
            -1483.9214802091972,
            -1766.876327260274,
            -1991.0507134197833,
            -1559.4358119716605,
            -1910.2095151130688,
            -1775.7272326425239,
            -1846.9009133729614,
            -1991.6326131881194,
            -2639.5530045633313,
            -2261.7802785685117,
            -1504.2063831644805,
            -1272.9028994146875,
            -1312.0848478847759,
            -1432.2223213165057,
            -882.5849537491172,
            -1573.3996305095561,
            -1013.5205201281441,
            -1139.128370021356,
            -683.2773731767575,
            -1301.802782465941,
            -1149.2280850579903,
            -647.383599660606,
            -867.7693591815707,
            -853.7497027582698,
            -828.7691490221833
        ],
        [
            0,
            0,
            0,
            0,
            0,
            0,
            -282.31434748943735,
            -455.4932567881759,
            -521.6513696157729,
            -496.83959741261515,
            -989.633744722667,
            -83.85720338335602,
            0,
            32.627379477384366,
            -731.4387173132427,
            -1211.1615498119334,
            -1413.7145582707751,
            -1334.1632268386504,
            -1831.2126977021737,
            -1635.082000132317,
            -1182.9616675787488,
            -1471.795360802419,
            -1357.6961462971587,
            -1442.92141538921,
            -1304.1923114657811,
            -1402.8325034689078,
            -1499.795376711819,
            -1351.102690238777,
            -1418.7908100484065,
            -1546.213688677554,
            -1507.2480998232359,
            -1705.3865825914077,
            -2000.1732431306025,
            -2233.8980643778564,
            -1791.722275860885,
            -2155.082777036184,
            -2018.380694800451,
            -2093.004380908489,
            -2242.8460327148036,
            -2909.6556691511155,
            -2521.0502972879226,
            -1741.7705733423297,
            -1503.147319396132,
            -1541.9039789404171,
            -1663.0929302313523,
            -1095.9351209699962,
            -1801.1876807405563,
            -1222.1777360990213,
            -1345.3397568546816,
            -871.5062308347307,
            -1496.5744489129422,
            -1330.2228621210522,
            -805.393570154003,
            -1015.1695520044909,
            -981.0419764423899,
            -927.1507593788367
        ],
        [
            0,
            0,
            0,
            0,
            0,
            -100.05429367868182,
            -349.70746707000325,
            -521.1497459798171,
            -583.7660446004243,
            -554.0181314475501,
            -1073.0975510647856,
            -119.22447331994668,
            -32.627379477384366,
            0,
            -799.7010546822002,
            -1300.3180311081283,
            -1511.0082195350144,
            -1427.8760104745195,
            -1944.3686105380461,
            -1740.2541175223912,
            -1271.0314486487619,
            -1570.8099018948599,
            -1452.9331220986762,
            -1541.8457209995013,
            -1399.2463555362665,
            -1502.1348140572302,
            -1603.19374112126,
            -1450.764665167966,
            -1521.5760404346095,
            -1653.8456767933624,
            -1614.5827602519066,
            -1819.4163477656507,
            -2123.5026671536543,
            -2364.4819826437706,
            -1910.0477314474028,
            -2284.0488002008583,
            -2143.6995302325795,
            -2220.4607650804887,
            -2374.304306090756,
            -3058.830454252175,
            -2659.1640007671263,
            -1858.531366197857,
            -1612.9255854287778,
            -1651.7538916850265,
            -1774.80144970943,
            -1191.8994615904437,
            -1912.7489879347033,
            -1317.4006600478788,
            -1440.818546267363,
            -953.0008017203917,
            -1588.0023619195333,
            -1413.064947566028,
            -872.1578230273965,
            -1078.166273872964,
            -1032.7472364363664,
            -960.6389162707904
        ],
        [
            0,
            0,
            0,
            0,
            0,
            36.26563001725228,
            -46.35500667883266,
            -104.29306716489948,
            -67.97550319524099,
            52.099760813046515,
            -432.7497067988835,
            605.4458757992783,
            731.4387173132427,
            799.7010546822002,
            0,
            -487.30002603599337,
            -673.1539795185533,
            -554.580351160298,
            -1058.8527981802456,
            -816.4893881393559,
            -300.79300743241754,
            -582.1747887438643,
            -418.18786260664825,
            -456.3691077284368,
            -258.10134941435933,
            -315.7010834233438,
            -373.7407923440212,
            -173.0422153961603,
            -204.77535794441255,
            -302.1731322828168,
            -225.57510534514088,
            -402.5962722364495,
            -684.1832394629633,
            -903.5263891983792,
            -411.3299768126407,
            -773.1490621329472,
            -609.9234198534533,
            -672.9533276082086,
            -818.5680041464809,
            -1512.160722060507,
            -1097.6156409359303,
            -276.5562112521096,
            -29.349642069270367,
            -78.622298379991,
            -219.46305912944067,
            356.5243386488373,
            -408.29127754802937,
            166.31207968312432,
            -2.3071559762464697,
            444.1295836783841,
            -266.1523599957589,
            -162.4882228751345,
            297.20760378692705,
            -22.59037800606064,
            -113.99536570145949,
            -219.6162879202359
        ],
        [
            0,
            0,
            0,
            0,
            0,
            189.3547736624975,
            168.67932806694895,
            167.40289094181435,
            258.5601053306022,
            431.2981687390142,
            -43.87194245107655,
            1061.1510180696325,
            1211.1615498119334,
            1300.3180311081283,
            487.30002603599337,
            0,
            -174.27043849208323,
            -33.414419977246105,
            -537.742809931198,
            -269.70410443139457,
            280.01963790135187,
            5.497375485751201,
            198.39244534759257,
            189.13839945865686,
            422.15894786166723,
            390.09595783661626,
            356.3047909499895,
            587.3335518742641,
            577.8514234257698,
            499.5250457133538,
            598.5746719654373,
            435.65457146199617,
            163.97986350091907,
            -45.23948411147335,
            473.9745872177087,
            115.25647720310447,
            293.248790235432,
            237.2888004194671,
            94.68721878421532,
            -611.3735564250272,
            -184.44496038644525,
            655.9386134018096,
            905.7833708718094,
            849.2318020063076,
            695.9291421610693,
            1272.0451065149423,
            473.91655273470195,
            1040.0380607496975,
            842.2673626476554,
            1266.2146543784709,
            505.02488930019325,
            565.6085153722494,
            977.3879694849139,
            585.9162074023366,
            409.372744200466,
            192.71100732162424
        ],
        [
            0,
            0,
            0,
            0,
            46.71107644615025,
            279.5045491770605,
            264.0565681638808,
            277.50414211741924,
            388.2391106346724,
            582.3572454227514,
            96.12125279367778,
            1252.9300973573404,
            1413.7145582707751,
            1511.0082195350144,
            673.1539795185533,
            174.27043849208323,
            0,
            151.5870086105678,
            -363.5648625803776,
            -80.94475315375212,
            491.7900876646404,
            213.94019616141713,
            420.49785003581155,
            420.82243902741277,
            669.9929471659215,
            645.8908261781244,
            619.6337859583097,
            865.000741972767,
            862.7818136319693,
            789.464685060205,
            897.7241412533654,
            736.7388475815379,
            463.84010307895,
            254.5894556109289,
            791.3396333579152,
            427.8088371715909,
            613.5277837988656,
            558.9470236739606,
            415.0119699344805,
            -306.15098311603316,
            131.31872126934167,
            990.4591313321154,
            1244.4000624490054,
            1184.0348183752624,
            1023.7735190372655,
            1607.0871039668968,
            786.203364406114,
            1355.8369235423272,
            1144.5534662855946,
            1564.3106843472467,
            775.8692261437147,
            820.6613790895071,
            1216.7508398574405,
            794.6577108955624,
            583.7734428225449,
            322.96235513975415
        ],
        [
            0,
            0,
            0,
            0,
            104.92323921262995,
            264.89774467651677,
            214.42944819260327,
            208.28321941287365,
            308.1351213479617,
            495.8343951311659,
            -20.182026143401245,
            1174.719170162965,
            1334.1632268386504,
            1427.8760104745195,
            554.580351160298,
            33.414419977246105,
            -151.5870086105678,
            0,
            -535.9869323975857,
            -249.13186949309562,
            336.3185987521861,
            45.622507301484944,
            251.56697497558605,
            243.3301343479019,
            491.183031450374,
            458.53144984773354,
            424.10264418996434,
            668.7756595280159,
            659.7447444526149,
            578.2461702940099,
            683.3082889344068,
            512.8910418120118,
            228.39968952994914,
            9.700815329740957,
            555.2144652431834,
            179.64120564914174,
            366.7041360132295,
            308.44647222029744,
            159.44440939508928,
            -578.858082713997,
            -132.11943235985996,
            745.7589893602908,
            1005.7924951851202,
            945.6092811257272,
            784.4178964840446,
            1382.5104220493972,
            549.9730470383122,
            1135.6472029383049,
            927.0763982888401,
            1361.569516972684,
            570.306748328347,
            627.5093657095464,
            1041.3076753016655,
            631.43646800316,
            439.95667783289076,
            208.08804834310854
        ],
        [
            0,
            0,
            0,
            0,
            253.93728639197514,
            483.76535145645215,
            478.5215153297159,
            518.6417562898165,
            665.9551959435536,
            900.7242755066997,
            393.42139511070343,
            1649.5342824247368,
            1831.2126977021737,
            1944.3686105380461,
            1058.8527981802456,
            537.742809931198,
            363.5648625803776,
            535.9869323975857,
            0,
            310.93783760285766,
            928.352759234021,
            644.1793119939422,
            877.4093986323956,
            896.562971439672,
            1177.3208341059064,
            1168.9040656604118,
            1157.4874867842368,
            1430.88777751937,
            1442.933216391745,
            1379.4709322887727,
            1505.7007799156372,
            1348.524725703794,
            1073.2702319610974,
            863.9374148369152,
            1434.5634191313286,
            1061.5778244224905,
            1262.019697095482,
            1209.8115134638797,
            1062.936134800162,
            312.28596345923495,
            769.4586486403552,
            1663.7875669538796,
            1924.5820557760844,
            1855.7664922893402,
            1680.886832746879,
            2275.976871255022,
            1410.28711691015,
            1983.7723407571652,
            1744.1933277046526,
            2151.77919788704,
            1309.1501655024028,
            1318.9020632355744,
            1676.800439068337,
            1189.9217512958676,
            902.7731020169908,
            539.6427493572251
        ],
        [
            0,
            0,
            0,
            0,
            234.78515844761577,
            412.65096335179817,
            362.4088119648898,
            371.6541252612486,
            497.1347718400145,
            715.1178726708632,
            172.08293077639786,
            1459.3735997700114,
            1635.082000132317,
            1740.2541175223912,
            816.4893881393559,
            269.70410443139457,
            80.94475315375212,
            249.13186949309562,
            -310.93783760285766,
            0,
            625.6426794376991,
            325.27978049192797,
            552.2708810824714,
            555.9572537508693,
            828.5247630726265,
            805.2869680419245,
            779.7315925042722,
            1046.5046647087395,
            1046.375570595209,
            969.7670349241179,
            1087.991209891218,
            917.1969050314366,
            626.6467903486231,
            404.4885452923414,
            980.1313672262587,
            592.7211663975464,
            791.9897948831455,
            734.3210478342237,
            581.2056681876497,
            -186.51305112410898,
            279.19078713472925,
            1191.5353252367138,
            1459.0850827915456,
            1392.2455114783024,
            1219.1690420430461,
            1831.4030978653416,
            959.7606341520891,
            1553.5158868557521,
            1323.5549772197814,
            1752.6333544958575,
            918.703290036242,
            952.1311673425463,
            1339.704367160193,
            883.6001448223079,
            638.2772770106033,
            335.4066850000141
        ],
        [
            0,
            0,
            0,
            0,
            109.29862478165725,
            210.31940841006528,
            90.38487531558012,
            45.44233513130634,
            127.17075976619395,
            307.6607949373142,
            -285.29005338797083,
            1022.6003985797478,
            1182.9616675787488,
            1271.0314486487619,
            300.79300743241754,
            -280.01963790135187,
            -491.7900876646404,
            -336.3185987521861,
            -928.352759234021,
            -625.6426794376991,
            0,
            -324.10653672070674,
            -114.75347432309677,
            -141.02105383400746,
            109.3698944976242,
            58.110844701008716,
            5.867449905160397,
            253.9935908470706,
            230.48320721937014,
            130.26842449531827,
            230.6746556678867,
            37.35647310905398,
            -276.5295800799733,
            -518.7368281831369,
            55.19671196039244,
            -351.94830267269685,
            -158.46713814345472,
            -225.0252575744055,
            -386.6334797361333,
            -1172.1128366855467,
            -697.9957627327319,
            233.31792279551388,
            510.44183909178565,
            450.23639741167176,
            285.4838078541459,
            922.710978306435,
            56.397881242212144,
            682.8539919626162,
            478.5384689080372,
            947.6231816663517,
            146.5017741133349,
            231.4036075755409,
            681.789615137763,
            300.1883572613495,
            153.92971597288997,
            -1.2172903644170714
        ],
        [
            0,
            0,
            0,
            1.839818333040781,
            210.3848781179854,
            346.8452078178109,
            245.65385634574122,
            223.0679965285973,
            330.36755567158303,
            537.6739534367223,
            -58.88817031381016,
            1298.0966386130901,
            1471.795360802419,
            1570.8099018948599,
            582.1747887438643,
            -5.497375485751201,
            -213.94019616141713,
            -45.622507301484944,
            -644.1793119939422,
            -325.27978049192797,
            324.10653672070674,
            0,
            226.0409138288517,
            214.03039805680268,
            484.37796838755844,
            445.4232759497875,
            404.8404433927527,
            670.5142607337809,
            657.8742816366107,
            566.2075377394756,
            678.648952842818,
            490.50022304133233,
            178.63552901074746,
            -60.79988972419405,
            531.2158429398851,
            121.84025579732251,
            323.81125931871765,
            259.6765349720955,
            97.65194521565263,
            -700.6507166266197,
            -217.6631686580519,
            728.7209893589074,
            1007.5373118174052,
            941.565849591852,
            767.6436353756125,
            1406.012192916144,
            516.1168841848987,
            1137.8749021083463,
            914.4813552554583,
            1368.5920992966533,
            535.8519762405143,
            592.8945070922557,
            1008.2204814543246,
            581.1471611292847,
            376.4783525888625,
            138.224661200604
        ],
        [
            0,
            0,
            0,
            -33.23073492907784,
            173.39486529173396,
            289.23079041666654,
            156.2126151346728,
            113.48550598115122,
            209.6827468151734,
            410.9445755778026,
            -222.91961686943378,
            1184.7607641301527,
            1357.6961462971587,
            1452.9331220986762,
            418.18786260664825,
            -198.39244534759257,
            -420.49785003581155,
            -251.56697497558605,
            -877.4093986323956,
            -552.2708810824714,
            114.75347432309677,
            -226.0409138288517,
            0,
            -22.480354136485694,
            247.10214624414854,
            197.58496761956823,
            146.90449380663352,
            412.5129076008787,
            391.52951016010064,
            289.6540993186286,
            398.55182115279933,
            198.4952352793441,
            -128.13558558831852,
            -379.433072215515,
            224.85411138626242,
            -199.76630416998842,
            4.609924972062473,
            -63.688790481176575,
            -231.61123936676626,
            -1051.1278926627167,
            -555.4400825932794,
            415.30260497136373,
            702.3505613074132,
            637.3363155930251,
            463.24994072274353,
            1119.8608822836338,
            218.29732741952378,
            859.3380168689386,
            641.2360330838703,
            1112.1543353286054,
            283.016815992681,
            357.169966041855,
            789.9827448436575,
            386.99990234197037,
            215.00523515929677,
            35.70664072973481
        ],
        [
            0,
            0,
            0,
            -40.765807253502764,
            205.26557977213952,
            326.4450609871255,
            178.98311024620486,
            133.17501210016536,
            235.8130779834903,
            448.6320846920431,
            -219.0754106645391,
            1262.2432336350703,
            1442.92141538921,
            1541.8457209995013,
            456.3691077284368,
            -189.13839945865686,
            -420.82243902741277,
            -243.3301343479019,
            -896.562971439672,
            -555.9572537508693,
            141.02105383400746,
            -214.03039805680268,
            22.480354136485694,
            0,
            281.4493681651785,
            230.62399195231927,
            178.62764975505704,
            455.1631656901271,
            433.8526633084042,
            328.60707642342715,
            441.9805686243804,
            235.0031097291727,
            -102.91102458485558,
            -362.5300712134337,
            263.31328744816875,
            -175.56458456925776,
            36.037873042301406,
            -34.30225579809354,
            -207.43506998856535,
            -1052.339167656901,
            -540.7253320021327,
            458.9786697198256,
            753.46940901018,
            685.4677138466371,
            505.52031490889254,
            1176.4429446858367,
            252.0899711159267,
            904.0226561694029,
            678.4968901943913,
            1150.8799480140633,
            308.62121988187687,
