{
    "bin_ranges": {
        "m3pi_lower_limit": 2.42,
        "m3pi_upper_limit": 2.46,
        "t_lower_limit": 0.194,
        "t_upper_limit": 0.326
    },
    "info": "The dalitz matrix M is computed as sqrt(-Kibble) * (A[1]-A[2])",
    "bin_centers": [
        0.29900000000000004,
        0.33999999999999997,
        0.38,
        0.42000000000000004,
        0.45999999999999996,
        0.5,
        0.54,
        0.5800000000000001,
        0.62,
        0.66,
        0.69,
        0.71,
        0.73,
        0.75,
        0.77,
        0.79,
        0.81,
        0.83,
        0.85,
        0.87,
        0.89,
        0.91,
        0.94,
        0.98,
        1.02,
        1.06,
        1.1,
        1.1400000000000001,
        1.18,
        1.22,
        1.26,
        1.3,
        1.34,
        1.38,
        1.42,
        1.46,
        1.5,
        1.54,
        1.58,
        1.62,
        1.66,
        1.7,
        1.74,
        1.78,
        1.82,
        1.8599999999999999,
        1.9,
        1.94,
        1.98,
        2.02,
        2.06,
        2.1,
        2.14,
        2.18,
        2.22,
        2.26
    ],
    "real(M)": [
        [
            0,
            0,
            0,
            0,
            0,
            0,
            0,
            0,
            0,
            0,
            0,
            0,
            0,
            0,
            0,
            0,
            0,
            0,
            0,
            0,
            0,
            0,
            0,
            0,
            0,
            0,
            0,
            0,
            0,
            0,
            0,
            0,
            0,
            0,
            -300.6110891744431,
            -479.50845616493785,
            -620.8859242287433,
            -641.9109164173726,
            -720.4499358326111,
            -764.4597153306484,
            -891.3338102685826,
            -863.9725252565514,
            -780.413507848925,
            -751.7946029620337,
            -713.4890145052134,
            -625.7224999745551,
            -537.682081143608,
            -404.15104026217415,
            -265.6644593051023,
            0,
            0,
            0,
            0,
            0,
            0,
            0
        ],
        [
            0,
            0,
            0,
            0,
            0,
            0,
            0,
            0,
            0,
            0,
            0,
            0,
            0,
            0,
            0,
            0,
            0,
            0,
            0,
            0,
            0,
            0,
            0,
            0,
            0,
            0,
            0,
            -17.21053226329559,
            -144.0356038184523,
            -187.71926848295593,
            -262.4309722272854,
            -320.776580599815,
            -355.4179816262248,
            -241.83949218230455,
            -289.39726611254605,
            -368.97589012201263,
            -460.24580298039723,
            -342.83684000306,
            -393.37132641067194,
            -402.8817058191588,
            -590.5818918253316,
            -514.156203600406,
            -360.2186907966522,
            -331.20547128202793,
            -311.2772344469031,
            -227.84187383421315,
            -183.25192466576803,
            -102.00615494398573,
            -246.9141247407982,
            -144.18816076294377,
            -197.247531353393,
            -182.01392709587606,
            -36.742507842667834,
            0,
            0,
            0
        ],
        [
            0,
            0,
            0,
            0,
            0,
            0,
            0,
            0,
            0,
            0,
            0,
            0,
            0,
            0,
            0,
            0,
            0,
            0,
            0,
            0,
            0,
            0,
            0,
            0,
            -40.03832148077045,
            -99.8427722895249,
            -78.10467705144188,
            -48.578939677414986,
            -52.4728315075762,
            -30.73741485846747,
            -91.88805197208758,
            -130.4045039954532,
            -138.3112747375678,
            63.2854058377743,
            20.778482171841013,
            -67.94386394314178,
            -173.28067040204976,
            3.2019825269804016,
            -52.41070572628878,
            -55.53530688332163,
            -298.56087098025455,
            -193.49880498290372,
            10.337654030499131,
            45.07185147841932,
            64.11183055410237,
            164.44648664478458,
            209.4575157662954,
            301.42824303090794,
            71.98648812366791,
            182.87969186022002,
            49.327384954588254,
            -20.640355737877286,
            89.58491909288495,
            50.708447410759284,
            0,
            0
        ],
        [
            0,
            0,
            0,
            0,
            0,
            0,
            0,
            0,
            0,
            0,
            0,
            0,
            0,
            0,
            0,
            0,
            0,
            0,
            0,
            0,
            -133.29886405426222,
            -182.70564055226362,
            -195.43889738451045,
            -122.86760362462084,
            -190.4976831946084,
            -285.0574632822191,
            -242.85930852734563,
            -202.398185439398,
            -214.09313885670338,
            -191.28048061410914,
            -278.276653149007,
            -332.90034110828634,
            -347.1425940068064,
            -97.91632905833582,
            -156.7729650562623,
            -271.25500590066014,
            -404.2440699590332,
            -190.7238124170644,
            -261.24296934225646,
            -266.89803705823346,
            -562.9565405092677,
            -435.77561475662355,
            -188.49166696915634,
            -145.26705873161507,
            -120.01526834502904,
            5.41205305721914,
            65.48763059364997,
            185.66447719685124,
            -88.65656728821642,
            60.65970526372571,
            -95.00416539850781,
            -172.00289152504348,
            -0.40555405066771366,
            -18.097658845654138,
            120.83169707727497,
            0
        ],
        [
            0,
            0,
            0,
            0,
            0,
            0,
            0,
            0,
            0,
            0,
            0,
            0,
            0,
            0,
            0,
            0,
            70.32765359946234,
            38.08223605039133,
            -96.5420674070575,
            -69.12018592577934,
            -183.43662957581262,
            -114.8643708387365,
            -26.413788916501463,
            159.81143381931275,
            114.42045026411071,
            33.1883772407504,
            127.40593096884115,
            211.75761895095727,
            226.55354539886534,
            280.8545461253642,
            199.83610554171995,
            156.98264168627065,
            160.7421867422488,
            473.7752903446049,
            419.8069843968879,
            299.37008046181995,
            156.26294208838175,
            415.7034883326218,
            341.73089069675405,
            341.2561055508914,
            1.8331665188491,
            151.0289319215679,
            436.6188124308518,
            483.11201575030776,
            505.97220208085497,
            642.0458118096013,
            699.2442144852926,
            823.1693741485011,
            482.21306490936115,
            631.7816616322975,
            415.9110403605357,
            282.7244727437267,
            440.7993550743707,
            355.7881188983196,
            474.5515401026438,
            113.38651267887091
        ],
        [
            0,
            0,
            0,
            0,
            0,
            0,
            0,
            0,
            0,
            0,
            0,
            0,
            15.653280952492173,
            -61.28312014072793,
            -55.02427290378428,
            -133.69257331332156,
            -226.56482114281997,
            -377.4994034568876,
            -643.8340621911047,
            -631.073494617461,
            -823.2068537854509,
            -755.9207531560083,
            -683.8700043340741,
            -509.0952115132669,
            -624.9863568902144,
            -776.7845219532937,
            -713.1429510251952,
            -660.0122479788429,
            -686.3958832851761,
            -663.8668636489581,
            -795.1382815978195,
            -878.6391838641131,
            -905.4641471147597,
            -576.3928055003017,
            -664.1351100173435,
            -823.9709500201727,
            -1005.8150709623106,
            -728.3269126964643,
            -825.1719054818541,
            -835.3195654265368,
            -1224.1118120094486,
            -1057.6566516118182,
            -733.5069053293767,
            -674.3763233885315,
            -636.9172621146973,
            -466.3395428389786,
            -378.46511938646375,
            -208.14013548489183,
            -555.7488176442437,
            -339.13997954558243,
            -526.9838959054082,
            -609.1158274782903,
            -338.732982649016,
            -323.9585290357046,
            -17.837667709543613,
            -220.29401041812739
        ],
        [
            0,
            0,
            0,
            0,
            0,
            0,
            0,
            0,
            0,
            0,
            62.3671334495936,
            322.7888029934463,
            275.3782557504251,
            123.41818192931729,
            184.1154813620053,
            104.56907178315576,
            13.097596946593086,
            -150.6419497859749,
            -456.1350113375388,
            -401.07802423951205,
            -604.6257973426934,
            -489.422559227345,
            -360.6352396826625,
            -106.98209735207877,
            -202.56680437225924,
            -340.84191755540206,
            -233.08591769250665,
            -141.2040065374517,
            -142.58267612746553,
            -90.77790707525727,
            -214.27660249765825,
            -285.3562031631842,
            -294.58127011623293,
            91.63858360137135,
            10.010338573622287,
            -153.44773116400688,
            -342.8670596274281,
            -24.147077129907498,
            -123.25557064805831,
            -128.3925576015433,
            -555.0375436412922,
            -369.44101608564796,
            -12.358919793389566,
            48.59089411500249,
            82.4366171340772,
            260.04521072695013,
            342.5180572920623,
            512.1413155573866,
            103.7061167194296,
            314.57242715328977,
            70.24140264240636,
            -65.56573590559422,
            181.9382306192854,
            130.1633035828856,
            391.3045959080665,
            18.092059508580963
        ],
        [
            0,
            0,
            0,
            0,
            0,
            0,
            0,
            0,
            0,
            -129.6188446986217,
            29.940427856888533,
            399.8509448437112,
            273.3414064449659,
            37.78161594718755,
            99.35231884761195,
            -15.941384286364165,
            -139.62440949793756,
            -345.836178617255,
            -715.3634292430739,
            -652.9482578755091,
            -894.3018062297253,
            -763.0956636736207,
            -620.758727581755,
            -341.63044686676614,
            -461.46803928942234,
            -627.4912852830703,
            -516.4389815885391,
            -423.66005528090426,
            -434.6363003301336,
            -386.1434734803736,
            -531.0343531083521,
            -616.9575319039541,
            -633.9279144737096,
            -215.68014832110572,
            -311.40628178422185,
            -495.8809586696049,
            -707.6543477463637,
            -362.36704357158317,
            -473.598710320396,
            -481.15380581402076,
            -947.9329563733758,
            -745.2255333441561,
            -354.66018986771167,
            -286.1069829748365,
            -245.881666403934,
            -47.631698579319156,
            48.449784823336515,
            241.23731187163358,
            -193.96790827502224,
            48.05953514416056,
            -203.64434288073068,
            -334.10490926798343,
            -41.55029635775899,
            -70.58897134095862,
            254.51214296552186,
            -108.39152662506288
        ],
        [
            0,
            0,
            0,
            0,
            0,
            0,
            0,
            0,
            0,
            -28.27578942563472,
            239.967784429715,
            727.9376366948774,
            574.2647768180633,
            299.03863341342213,
            387.3379917068271,
            265.6668894388793,
            136.71294161013356,
            -85.47770598366883,
            -491.8787028067949,
            -403.00778694178274,
            -659.6442526655002,
            -495.1504395019048,
            -313.1957489738113,
            24.248114363367637,
            -85.42598426644862,
            -246.5247276054973,
            -103.07162172055935,
            18.224280047797407,
            24.181631923416035,
            93.92620750448674,
            -48.58869373816618,
            -127.60951159645359,
            -132.63676415786506,
            333.7625957574038,
            240.32705450926417,
            49.62796218712298,
            -171.6281226338955,
            208.81477709391638,
            93.60668853172646,
            89.02615302088691,
            -413.145753953387,
            -193.91926702547565,
            225.84449720173896,
            295.925279814095,
            333.1923366492974,
            538.2729700048889,
            630.4737442426498,
            823.7477319245402,
            337.50022750102386,
            576.4255080457002,
            279.4069017244885,
            107.34549714712972,
            383.227384140956,
            303.7221171681052,
            590.9748869530847,
            112.6159815471456
        ],
        [
            0,
            0,
            0,
            0,
            0,
            0,
            0,
            129.6188446986217,
            28.27578942563472,
            0,
            329.9450301706615,
            904.6907078088921,
            715.8998784760861,
            393.7600358993744,
            494.1257574827774,
            355.37799882204683,
            210.59959811213915,
            -36.98754775460992,
            -487.93226175395665,
            -384.8015510904887,
            -665.5648909546459,
            -479.57079838288104,
            -274.18533870599754,
            100.9757868617,
            -15.27243429110737,
            -187.02609133338078,
            -27.22716679186969,
            107.62921755610495,
            116.95426541513103,
            195.0241541833901,
            43.603647892750146,
            -39.17083619320427,
            -42.28070719784951,
            461.5940441379803,
            362.58561754895095,
            159.07870624639315,
            -77.13587523049875,
            332.0760972538259,
            209.23926361570796,
            204.79134908873007,
            -332.6509170529131,
            -97.91783117446285,
            350.67777524246725,
            424.67513697347516,
            463.14293338511885,
            680.2993839528764,
            776.2630349268749,
            979.3219840850722,
            457.310304803695,
            707.4791312197091,
            386.15896404811514,
            197.21012710527776,
            482.47407996064317,
            388.43146846294286,
            677.1366780454083,
            156.04000984333155
        ],
        [
            0,
            0,
            0,
            0,
            0,
            0,
            -62.3671334495936,
            -29.940427856888533,
            -239.967784429715,
            -329.9450301706615,
            0,
            608.3937949554042,
            371.74450991547883,
            -6.042394585409042,
            80.08462748729423,
            -92.50776146516893,
            -269.70768225696423,
            -555.9491827712059,
            -1058.6508253022105,
            -965.1360519530749,
            -1282.267750297471,
            -1099.6605561078052,
            -904.662033682982,
            -537.0073043930806,
            -690.7664388403056,
            -901.3352814641463,
            -759.2718907379143,
            -642.5157344476191,
            -657.0143728200297,
            -597.5344548253314,
            -778.3230988818403,
            -885.0156132834885,
            -906.1575866091052,
            -392.742314396651,
            -511.4297952210569,
            -737.8294051925433,
            -996.3647619068458,
            -575.6635099963087,
            -710.9377332584944,
            -719.7168907131127,
            -1284.2788071388854,
            -1037.265268654282,
            -563.8042684835265,
            -479.50892924716834,
            -429.0669547072045,
            -188.24827745295076,
            -70.16988641159905,
            164.11305250436493,
            -352.9448811868727,
            -58.53586076960093,
            -352.4288127034743,
            -499.2590621728708,
            -142.76859649395416,
            -165.37168508588027,
            226.63511515279836,
            -167.2601073683097
        ],
        [
            0,
            0,
            0,
            0,
            0,
            0,
            -322.7888029934463,
            -399.8509448437112,
            -727.9376366948774,
            -904.6907078088921,
            -608.3937949554042,
            0,
            -287.21134955754314,
            -720.0624558520441,
            -662.2055058628005,
            -875.0617932197486,
            -1091.1761615247524,
            -1419.9121928874301,
            -1973.143947164899,
            -1902.672116957388,
            -2259.6790917935023,
            -2095.29870607975,
            -1930.3340740959059,
            -1597.3167222196253,
            -1803.718104909515,
            -2066.4054630156425,
            -1961.4088474470702,
            -1880.5647620793407,
            -1933.2868707824184,
            -1907.1940872923838,
            -2126.901711524815,
            -2267.4471059239468,
            -2317.03391062244,
            -1812.4962263826815,
            -1957.330685637752,
            -2210.152420664749,
            -2492.8250577991685,
            -2072.307231335165,
            -2221.150346918987,
            -2235.9645666806564,
            -2818.855713932982,
            -2562.066733624363,
            -2067.908938491923,
            -1969.2604652916345,
            -1900.0340450570727,
            -1629.2496424072217,
            -1478.10180839222,
            -1200.3423231043193,
            -1685.2089653055114,
            -1327.6352564185868,
            -1561.429071095819,
            -1629.7539782301967,
            -1165.3585007379895,
            -1063.4494486267868,
            -503.80323272175457,
            -658.8961244672973
        ],
        [
            0,
            0,
            0,
            0,
            0,
            -15.653280952492173,
            -275.3782557504251,
            -273.3414064449659,
            -574.2647768180633,
            -715.8998784760861,
            -371.74450991547883,
            287.21134955754314,
            0,
            -439.08150232156373,
            -363.2002264683289,
            -571.0847272869216,
            -782.2551000259402,
            -1110.7609798805763,
            -1672.7425525768988,
            -1585.3389266176378,
            -1942.8282740765865,
            -1758.783544760821,
            -1568.6635135711492,
            -1199.8901582680678,
            -1391.5346906795842,
            -1642.2723374923041,
            -1513.8559551300339,
            -1411.7194057261422,
            -1448.7011675385577,
            -1405.468122193993,
            -1616.8747989531612,
            -1747.6673610685054,
            -1785.833408256252,
            -1254.4758701761557,
            -1393.3495636506257,
            -1644.5956713896312,
            -1927.7763145254723,
            -1488.8939732354768,
            -1637.296103050149,
            -1649.434390203751,
            -2247.1046230421634,
            -1983.5387854142307,
            -1478.3061987134572,
            -1381.6087734430175,
            -1317.4847414397125,
            -1049.1682379356796,
            -906.5729197204325,
            -637.5239148703326,
            -1153.3628612591863,
            -810.4820609280749,
            -1077.441837988291,
            -1180.46609571244,
            -747.7028595529073,
            -694.5355768633108,
            -195.1810296062951,
            -437.1235693758868
        ],
        [
            0,
            0,
            0,
            0,
            0,
            61.28312014072793,
            -123.41818192931729,
            -37.78161594718755,
            -299.03863341342213,
            -393.7600358993744,
            6.042394585409042,
            720.0624558520441,
            439.08150232156373,
            0,
            99.21978413791037,
            -98.11399167160039,
            -298.8959476215281,
            -621.7318693453748,
            -1186.9273918099518,
            -1077.8199163171948,
            -1430.7014452674264,
            -1222.4830148430988,
            -1000.5177271582183,
            -587.4506137568371,
            -755.7493686804022,
            -986.3086233007166,
            -826.8976723775785,
            -696.277966713248,
            -710.6604150869564,
            -643.9134098617398,
            -840.9466821747371,
            -956.4367094305711,
            -978.1820064714555,
            -415.86098292081755,
            -544.7803991424378,
            -790.9645214726792,
            -1071.7522031368321,
            -612.697450842467,
            -759.1736327857523,
            -767.9713346341207,
            -1380.1396492312533,
            -1110.9487752548694,
            -596.9085103688445,
            -505.143374462515,
            -450.1813075993695,
            -189.79706978515478,
            -62.48777088909817,
            189.42302018393488,
            -366.69811655851805,
            -50.88630699321933,
            -365.0202108961363,
            -519.9486617317873,
            -141.13935241413287,
            -163.99612081568552,
            236.14713876122943,
            -148.51781879226368
        ],
        [
            0,
            0,
            0,
            0,
            0,
            55.02427290378428,
            -184.1154813620053,
            -99.35231884761195,
            -387.3379917068271,
            -494.1257574827774,
            -80.08462748729423,
            662.2055058628005,
            363.2002264683289,
            -99.21978413791037,
            0,
            -209.11502144092873,
            -421.2490800919192,
            -759.4863916630342,
            -1348.2374892780922,
            -1237.8713709942945,
            -1605.7053921940778,
            -1392.8533685349018,
            -1167.3931486662364,
            -746.3273483288665,
            -925.4368886558174,
            -1168.2542124762572,
            -1008.8530300754308,
            -879.0455738377968,
            -898.3295657732525,
            -833.8756066619355,
            -1040.404853026348,
            -1162.665290674541,
            -1188.204134156143,
            -613.4773741644923,
            -748.5267039003841,
            -1003.4809854904743,
            -1293.3852289780752,
            -823.6861303326709,
            -974.8249271221192,
            -984.2158648660214,
            -1611.4801769513433,
            -1334.7049063246025,
            -806.7028660892443,
            -710.7435433040816,
            -651.7725734448563,
            -381.9108099165785,
            -247.4619190303373,
            15.113930277491722,
            -546.2667838473602,
            -216.18353726365825,
            -526.5455318209584,
            -671.8040084367758,
            -272.65700674883414,
            -277.28038423114543,
            145.65816382143768,
            -190.21390514323676
        ],
        [
            0,
            0,
            0,
            0,
            0,
            133.69257331332156,
            -104.56907178315576,
            15.941384286364165,
            -265.6668894388793,
            -355.37799882204683,
            92.50776146516893,
            875.0617932197486,
            571.0847272869216,
            98.11399167160039,
            209.11502144092873,
            0,
            -212.02010581917156,
            -554.3805645648698,
            -1155.493779996183,
            -1033.5107727711468,
            -1405.8114458444,
            -1178.5085501342294,
            -935.164183616345,
            -487.74013180599644,
            -659.7703521660189,
            -897.786160622072,
            -722.4374683389045,
            -578.3345149755817,
            -588.2145639405048,
            -512.7051649127551,
            -716.1716049969596,
            -833.6623283901712,
            -852.5180244331463,
            -256.2968530899241,
            -389.10132983007435,
            -645.5426361638874,
            -938.4795684223081,
            -453.79576325699185,
            -606.2660091075226,
            -614.4711783624039,
            -1256.2105918368993,
            -973.5099822748513,
            -435.230550071176,
            -340.4514552515255,
            -284.99607134813965,
            -15.773345073098035,
            113.11865204130277,
            370.4844634666359,
            -214.5574485298763,
            106.32275574254764,
            -227.65755636478397,
            -396.70213727522895,
            -19.585087736713422,
            -58.40696265794956,
            314.56992716645163,
            -79.75975664855281
        ],
        [
            0,
            0,
            0,
            0,
            -70.32765359946234,
            226.56482114281997,
            -13.097596946593086,
            139.62440949793756,
            -136.71294161013356,
            -210.59959811213915,
            269.70768225696423,
            1091.1761615247524,
            782.2551000259402,
            298.8959476215281,
            421.2490800919192,
            212.02010581917156,
            0,
            -346.4955871360683,
            -959.7970065894933,
            -826.5642124511141,
            -1203.3334927972246,
            -961.9862468640755,
            -701.2636252792599,
            -228.17603377782842,
            -393.4052746474469,
            -626.8424349633506,
            -435.9827770790575,
            -277.9817097312431,
            -278.75545914330536,
            -192.5211121535613,
            -393.096121381452,
            -506.0246778208643,
            -518.4486361614867,
            98.6896414591677,
            -32.05009813453064,
            -290.0828681825156,
            -586.1264566934778,
            -86.97921464191835,
            -240.93045104925784,
            -248.1844765088828,
            -904.2169801258382,
            -616.0105445095137,
            -68.08257854547269,
            25.17737265972778,
            76.78831677672292,
            344.8265171874216,
            467.6843878065047,
            719.1575261632281,
            110.66961370144423,
            421.4102056318885,
            63.69281480718443,
            -129.5368999077395,
            223.63715972161566,
            148.986812177113,
            465.8525106397307,
            5.108334918341058
        ],
        [
            0,
            0,
            0,
            0,
            -38.08223605039133,
            377.4994034568876,
            150.6419497859749,
            345.836178617255,
            85.47770598366883,
            36.98754775460992,
            555.9491827712059,
            1419.9121928874301,
            1110.7609798805763,
            621.7318693453748,
            759.4863916630342,
            554.3805645648698,
            346.4955871360683,
            0,
            -621.2692441318045,
            -473.17513966786584,
            -850.5390240643148,
            -591.750283165323,
            -308.61399708259495,
            196.53739350718348,
            44.585673470655536,
            -178.06942651201746,
            33.963560904826224,
            211.2268744711145,
            224.67802075060084,
            326.36913574036794,
            133.20975882663575,
            28.951524024275113,
            26.627168005596143,
            667.6082621227571,
            541.8216304198021,
            284.7033928367353,
            -12.394542757580346,
            502.30266809401644,
            347.78535560640546,
            341.7270490281391,
            -328.5576174890271,
            -36.090385830794425,
            519.2954292082172,
            608.34229717306,
            652.5486718965989,
            914.6495479685982,
            1025.7029553878383,
            1264.0688035963421,
            624.4244355547734,
            914.4542659842866,
            521.2500066455802,
            289.24479018385983,
            598.8743281734725,
            464.02245588307125,
            686.162200437764,
            80.23432718136586
        ],
        [
            0,
            0,
            0,
            0,
            96.5420674070575,
            643.8340621911047,
            456.1350113375388,
            715.3634292430739,
            491.8787028067949,
            487.93226175395665,
            1058.6508253022105,
            1973.143947164899,
            1672.7425525768988,
            1186.9273918099518,
            1348.2374892780922,
            1155.493779996183,
            959.7970065894933,
            621.2692441318045,
            0,
            170.25471288928466,
            -200.23067774426073,
            82.93078700451902,
            398.67088586047134,
            948.8934321260944,
            822.9917608855835,
            623.3121508311747,
            867.8616469212068,
            1075.1115206816794,
            1112.9358139337414,
            1239.5035770475579,
            1062.6167470026498,
            975.0990579403338,
            990.1157217495067,
            1661.0284800182612,
            1545.818748483874,
            1294.4029732301844,
            1000.1039117733545,
            1532.7205228961564,
            1379.2926988417044,
            1374.8281185310418,
            689.8625233476952,
            984.1832447940601,
            1542.9271248190391,
            1622.3511162133984,
            1651.9806721927632,
            1898.7748333544782,
            1986.512524455462,
            2197.521557680774,
            1510.5067904788364,
            1758.922567246173,
            1305.9775954975146,
            1005.2447551250111,
            1232.3105191779532,
            987.2025067765165,
            1036.5077618039952,
            0
        ],
        [
            0,
            0,
            0,
            0,
            69.12018592577934,
            631.073494617461,
            401.07802423951205,
            652.9482578755091,
            403.00778694178274,
            384.8015510904887,
            965.1360519530749,
            1902.672116957388,
            1585.3389266176378,
            1077.8199163171948,
            1237.8713709942945,
            1033.5107727711468,
            826.5642124511141,
            473.17513966786584,
            -170.25471288928466,
            0,
            -384.9647207098245,
            -98.69499980885612,
            218.69721419848892,
            774.2693304814381,
            636.8724133181481,
            424.4703035240735,
            667.4469035714487,
            872.4814521559912,
            904.474450093912,
            1027.6424058977736,
            840.9431856457805,
            746.1610363467323,
            756.6789304077165,
            1437.6657920452044,
            1316.0128133966564,
            1055.9238807484733,
            752.7949745572914,
            1294.1185365389886,
            1136.0205536395629,
            1130.5798283190568,
            432.3214661022215,
            733.0454553367142,
            1303.5868793370116,
            1386.6217778870714,
            1419.8503113297136,
            1674.745895152635,
            1768.7713813826933,
            1988.7500865012048,
            1299.6978301438285,
            1560.0088174491857,
            1113.2092210833844,
            823.7968648838109,
            1065.9304308135256,
            837.0662547551212,
            883.9118488158244,
            0
        ],
        [
            0,
            0,
            0,
            133.29886405426222,
            183.43662957581262,
            823.2068537854509,
            604.6257973426875,
            894.3018062297253,
            659.6442526655002,
            665.5648909546487,
            1282.267750297471,
            2259.6790917934945,
            1942.8282740765865,
            1430.7014452674264,
            1605.7053921940778,
            1405.8114458444,
            1203.3334927972246,
            850.5390240643148,
            200.23067774426073,
            384.9647207098245,
            0,
            303.1770221103638,
            642.422213367511,
            1229.1719630780003,
            1105.2680880064925,
            903.9583786774443,
            1167.7281148391005,
            1391.68078752462,
            1437.7712724941805,
            1576.0919570015672,
            1396.9004692685578,
            1310.6896714557151,
            1330.9867942824496,
            2034.402794257737,
            1917.4021471404756,
            1658.0564388937319,
            1353.6863532468253,
            1908.8576774376418,
            1749.5170412217747,
            1744.1855425367228,
            1031.7495843396548,
            1334.734722249987,
            1909.8675207878414,
            1986.5250030461048,
            2009.9677036535184,
            2255.55448099298,
            2334.2809831166696,
            2536.5688146429584,
            1814.2383279449343,
            2047.2372686447516,
            1560.2117427767037,
            1225.0582075495456,
            1409.0719013321527,
            1101.5306282916508,
            996.9956513278245,
            0
        ],
        [
            0,
            0,
            0,
            182.70564055226362,
            114.8643708387365,
            755.9207531560083,
            489.422559227345,
            763.0956636736207,
            495.1504395019048,
            479.57079838288104,
            1099.6605561078052,
            2095.29870607975,
            1758.783544760821,
            1222.4830148430988,
            1392.8533685349018,
            1178.5085501342294,
            961.9862468640755,
            591.750283165323,
            -82.93078700451902,
            98.69499980885612,
            -303.1770221103633,
            0,
            336.48641109172917,
            922.8002927066195,
            782.566997048611,
            564.0072006495468,
            821.4739082207402,
            1038.7724756664115,
            1075.0205123395942,
            1206.1108897273048,
            1013.8593395877557,
            917.3432554471746,
            930.3063183860452,
            1640.5959141726983,
            1515.1065489046528,
            1245.5586219144307,
            931.2773130994293,
            1493.5285526342077,
            1329.1190469339424,
            1322.7014031998128,
            598.2804080305399,
            908.22360999311,
            1495.8482808019571,
            1578.1133915565267,
            1607.9151537331195,
            1864.7055614466597,
            1953.9151418899694,
            2169.9779482273984,
            1453.789036267534,
            1705.7123329465503,
            1235.7633817127617,
            924.7848081583535,
            1136.347645959878,
            863.5703683002116,
            763.2815366153704,
            0
        ],
        [
            0,
            0,
            0,
            195.43889738452097,
            26.413788916500963,
            683.8700043340741,
            360.6352396826652,
            620.7587275817588,
            313.1957489738113,
            274.1853387059965,
            904.662033682982,
            1930.334074095911,
            1568.6635135711492,
            1000.5177271582183,
            1167.3931486662364,
            935.164183616345,
            701.2636252792599,
            308.61399708259495,
            -398.67088586047134,
            -218.69721419848892,
            -642.422213367511,
            -336.4864110917297,
            0,
            590.8390336982905,
            431.6937265021478,
            192.6459661082644,
            445.36465293697006,
            657.1610876101086,
            683.0137371543913,
            807.2661934676395,
            599.435303803644,
            491.0952254241471,
            496.2869514524588,
            1219.1342752505843,
            1083.6054502259071,
            801.2464505746012,
            474.2833599484037,
            1048.0241986732865,
            877.2332982815176,
            869.7928383481957,
            128.420762915042,
            448.055157120934,
            1052.678860675644,
            1141.662101074836,
            1178.7075586228702,
            1448.8450234550187,
            1549.7201529656247,
            1781.0808470614895,
            1069.9171251356706,
            1342.292468652242,
            890.848430700513,
            607.082154116318,
            845.2044203084735,
            608.4388742971486,
            456.19536943612735,
            0
        ],
        [
            0,
            0,
            0,
            122.86760362462084,
            -159.81143381931275,
            509.0952115132669,
            106.98209735207877,
            341.63044686676614,
            -24.248114363367637,
            -100.9757868617,
            537.0073043930806,
            1597.3167222196253,
            1199.8901582680678,
            587.4506137568371,
            746.3273483288665,
            487.74013180599644,
            228.17603377782842,
            -196.53739350718348,
            -948.8934321260944,
            -774.2693304814381,
            -1229.1719630780003,
            -922.8002927066195,
            -590.8390336982905,
            0,
            -188.9125635348886,
            -459.4520401343696,
            -217.7644848866244,
            -17.660126232318717,
            -9.432780305134745,
            102.0842060561917,
            -129.26432867805826,
            -255.92634531493596,
            -263.4746542830226,
            472.8548086111323,
            322.5876236701663,
            22.526068941819002,
            -321.3704796267794,
            266.39203235132516,
            87.82484626500309,
            80.01326566571068,
            -680.5849282734064,
            -346.3977143131159,
            282.43545481719224,
            384.03750124380247,
            435.4765001418822,
            728.3791093909715,
            851.445747320988,
            1110.5407008322334,
            419.6381157383831,
            730.0321900724548,
            321.5866911263192,
            96.43316969608362,
            391.85941185897974,
            242.4739890259068,
