{
    "bin_ranges": {
        "m3pi_lower_limit": 1.1800000000000002,
        "m3pi_upper_limit": 1.2200000000000002,
        "t_lower_limit": 0.194,
        "t_upper_limit": 0.326
    },
    "info": "The dalitz matrix M is computed as sqrt(-Kibble) * (A[1]-A[2])",
    "bin_centers": [
        0.29900000000000004,
        0.33999999999999997,
        0.38,
        0.42000000000000004,
        0.45999999999999996,
        0.5,
        0.54,
        0.5800000000000001,
        0.62,
        0.66,
        0.69,
        0.71,
        0.73,
        0.75,
        0.77,
        0.79,
        0.81,
        0.83,
        0.85,
        0.87,
        0.89,
        0.91,
        0.94,
        0.98,
        1.02,
        1.06
    ],
    "real(M)": [
        [
            0,
            0,
            0,
            0,
            0,
            0,
            0,
            0,
            0,
            0,
            -8.04635956017576,
            -21.618487666698968,
            -35.30355853750956,
            -30.855263710779504,
            -19.75282570593331,
            2.5212399814429207,
            7.255119672445522,
            15.064626538644884,
            27.452377299978636,
            22.794534590882648,
            16.795091256447815,
            20.833986004273022,
            12.211994127974002,
            0,
            0,
            0
        ],
        [
            0,
            0,
            0,
            0,
            0,
            0,
            0,
            -4.849426048751221,
            -16.67270438244181,
            -36.223220001192225,
            -50.81444146223544,
            -55.226261300582536,
            -73.76055133488812,
            -54.06971153881155,
            -27.080720386982666,
            17.003315278427863,
            25.698240048146413,
            39.65399031780511,
            61.83555051992581,
            53.727585837117964,
            43.38962350365502,
            52.68173258149743,
            39.96539172847919,
            29.322095394406936,
            5.673343463139996,
            0
        ],
        [
            0,
            0,
            0,
            0,
            0,
            -0.7524515290090311,
            -16.214809444629786,
            -25.858667114980282,
            -42.727953135874664,
            -70.0232260941729,
            -88.98194897237698,
            -93.97233083480144,
            -118.2635862792541,
            -90.91552092355262,
            -54.71335345893425,
            3.2657139622805893,
            14.366383448959107,
            32.38102261009295,
            61.20216659259801,
            50.93064632660974,
            38.03469522682272,
            51.10538838815441,
            36.56500437392682,
            27.433986036083375,
            1.7947480954776087,
            0
        ],
        [
            0,
            0,
            0,
            0,
            -7.695631936717299,
            -10.643527716105941,
            -35.27912315303546,
            -46.683784571887884,
            -67.70845345906514,
            -101.04648928218155,
            -123.51749062828819,
            -128.9995894710839,
            -157.87317363257444,
            -124.36153328238818,
            -80.67009143406291,
            -11.405758654215052,
            1.7220163836559008,
            23.05388142484378,
            57.18177935871158,
            45.15932179803403,
            30.202448759612512,
            46.08141345028744,
            29.900766684046463,
            21.268248073024978,
            -6.478974473137345,
            0
        ],
        [
            0,
            0,
            0,
            7.695631936717299,
            0,
            6.783443321494666,
            -18.96135606316159,
            -27.387110137225186,
            -48.01089208228372,
            -83.24940933286753,
            -106.75800817491637,
            -111.5847647495238,
            -143.3922642716663,
            -103.96852958267267,
            -53.4495026445756,
            25.569100233706656,
            40.47229322268023,
            64.37702812858859,
            102.3842317235971,
            88.16937732104182,
            70.48496203465174,
            87.10343660253417,
            66.66195675454094,
            52.42152105614357,
            14.23745487290174,
            0
        ],
        [
            0,
            0,
            0.7524515290090311,
            10.643527716105941,
            -6.783443321494666,
            0,
            -31.814716321321782,
            -42.053636815805135,
            -65.84232432374331,
            -105.51774907758194,
            -131.5840465230389,
            -136.75459788856566,
            -171.76712628999795,
            -127.89231087262556,
            -72.01982984526428,
            14.892681816328311,
            31.170334714239157,
            57.25417654423054,
            98.6170046016696,
            83.07676832415218,
            63.93175536699303,
            81.96743326632871,
            60.221488332699536,
            45.67144784482466,
            7.540713962283916,
            0
        ],
        [
            0,
            0,
            16.214809444629786,
            35.27912315303546,
            18.96135606316159,
            31.814716321321782,
            0,
            -7.519353276093399,
            -30.443947046003075,
            -71.00362445254508,
            -97.50156992152445,
            -102.01878288085379,
            -138.94106673578995,
            -90.79401710112819,
            -30.187256911686138,
            63.17362962980421,
            80.28292933275134,
            107.49468568428313,
            150.46247949946124,
            132.59205837533887,
            110.68819901055087,
            127.43659066787356,
            100.47701412366911,
            77.03708114442809,
            25.79133021843212,
            0
        ],
        [
            0,
            4.849426048751221,
            25.858667114980282,
            46.683784571887884,
            27.387110137225186,
            42.053636815805135,
            7.519353276093399,
            0,
            -24.099912685937287,
            -66.90169958100974,
            -94.60199747532661,
            -99.01124290605719,
            -137.77611183414155,
            -86.42560950968289,
            -22.26194989478525,
            75.88141749914911,
            93.47278831475118,
            121.37069138616255,
            165.2393621792692,
            145.66466438800097,
            121.93513431924025,
            137.48957387007522,
            107.20207181946918,
            77.47055257526982,
            15.74726504717388,
            0
        ],
        [
            0,
            16.67270438244181,
            42.727953135874785,
            67.70845345906528,
            48.01089208228372,
            65.84232432374331,
            30.443947046003075,
            24.099912685937287,
            0,
            -43.835639132803976,
            -72.01968612626203,
            -76.0990441978579,
            -116.03504655841509,
            -62.211061145337354,
            4.426151234951691,
            105.47850173542233,
            122.81977695889108,
            150.26696151019914,
            193.25707627356883,
            171.3022880060867,
            144.98856030277992,
            157.0630138172665,
            120.73325542740375,
            76.38815463943418,
            0,
            0
        ],
        [
            0,
            36.223220001192225,
            70.02322609417304,
            101.04648928218155,
            83.24940933286753,
            105.51774907758194,
            71.00362445254508,
            66.90169958100974,
            43.835639132803976,
            0,
            -28.118645195282586,
            -31.796883931377767,
            -72.35907326720647,
            -17.076214254650374,
            50.58333089404005,
            152.14581183390135,
            168.0570976610909,
            193.33820401454722,
            232.8788820006559,
            207.14566200165166,
            176.60245272718848,
            181.36785454085296,
            133.05146009161717,
            43.64045966913706,
            0,
            0
        ],
        [
            8.04635956017576,
            50.81444146223544,
            88.98194897237698,
            123.51749062828836,
            106.75800817491637,
            131.5840465230389,
            97.50156992152445,
            94.60199747532661,
            72.01968612626203,
            28.118645195282586,
            0,
            -3.5411596469340454,
            -44.31904183857399,
            11.237999156743525,
            78.58458087756799,
            178.79692810514138,
            192.89042414062254,
            215.46241094597582,
            250.7146147721647,
            221.43412306075925,
            186.85390448673095,
            183.2870813488104,
            120.06044959868619,
            0,
            0,
            0
        ],
        [
            21.618487666698968,
            55.226261300582536,
            93.97233083480164,
            128.9995894710839,
            111.5847647495238,
            136.75459788856566,
            102.01878288085379,
            99.01124290605719,
            76.0990441978579,
            31.796883931377767,
            3.5411596469340454,
            0,
            -40.73058739972859,
            14.69255365407431,
            81.43843600426251,
            180.0685793623642,
            192.883764286117,
            213.47869240355004,
            245.43033165532992,
            214.00726678323906,
            176.96517409725118,
            166.75532332551748,
            88.12447897768104,
            0,
            0,
            0
        ],
        [
            35.30355853750956,
            73.76055133488812,
            118.26358627925393,
            157.87317363257444,
            143.3922642716663,
            171.76712628999795,
            138.94106673578995,
            137.77611183414155,
            116.03504655841509,
            72.35907326720647,
            44.319041838573995,
            40.73058739972859,
            0,
            54.51571973926778,
            119.50588820197862,
            214.7745734345177,
            224.67543334897084,
            241.06473338921364,
            266.6030169811861,
            229.75017802621406,
            185.7987622574613,
            160.82636172609745,
            0,
            0,
            0,
            0
        ],
        [
            30.855263710779514,
            54.06971153881157,
            90.91552092355276,
            124.36153328238831,
            103.96852958267267,
            127.89231087262556,
            90.79401710112819,
            86.42560950968289,
            62.211061145337354,
            17.076214254650374,
            -11.237999156743527,
            -14.69255365407431,
            -54.51571973926778,
            0,
            64.61103554261614,
            158.20368381001813,
            168.21576291597785,
            184.14154040155933,
            207.66241506879706,
            171.75531742000385,
            128.76555599270094,
            94.99675657721164,
            0,
            0,
            0,
            0
        ],
        [
            19.752825705933304,
            27.080720386982673,
            54.71335345893431,
            80.67009143406291,
            53.4495026445756,
            72.01982984526428,
            30.187256911686138,
            22.26194989478525,
            -4.426151234951691,
            -50.58333089404007,
            -78.58458087756799,
            -81.43843600426251,
            -119.50588820197862,
            -64.61103554261614,
            0,
            92.03975066817685,
            103.14793171187804,
            119.62915837234269,
            141.91095630024049,
            108.91835078320872,
            68.76874297033437,
            0,
            0,
            0,
            0,
            0
        ],
        [
            -2.521239981442919,
            -17.003315278427863,
            -3.2657139622805893,
            11.405758654215063,
            -25.569100233706656,
            -14.892681816328311,
            -63.17362962980421,
            -75.88141749914911,
            -105.47850173542233,
            -152.14581183390135,
            -178.79692810514138,
            -180.0685793623642,
            -214.7745734345177,
            -158.20368381001813,
            -92.03975066817685,
            0,
            15.181155219764129,
            35.78596046093018,
            60.82523035628643,
            37.710278175991924,
            7.954547139564148,
            0,
            0,
            0,
            0,
            0
        ],
        [
            -7.255119672445522,
            -25.698240048146417,
            -14.366383448959123,
            -1.7220163836559013,
            -40.47229322268023,
            -31.170334714239157,
            -80.28292933275134,
            -93.47278831475118,
            -122.81977695889108,
            -168.0570976610909,
            -192.8904241406226,
            -192.883764286117,
            -224.67543334897084,
            -168.21576291597785,
            -103.14793171187804,
            -15.181155219764129,
            0,
            19.088716994819734,
            38.125703245448875,
            12.691767867183634,
            0,
            0,
            0,
            0,
            0,
            0
        ],
        [
            -15.06462653864488,
            -39.65399031780507,
            -32.38102261009297,
            -23.05388142484378,
            -64.3770281285886,
            -57.25417654423054,
            -107.49468568428316,
            -121.37069138616255,
            -150.26696151019914,
            -193.33820401454722,
            -215.46241094597582,
            -213.47869240355004,
            -241.06473338921364,
            -184.14154040155933,
            -119.62915837234269,
            -35.78596046093018,
            -19.088716994819734,
            0,
            11.228519746862302,
            0,
            0,
            0,
            0,
            0,
            0,
            0
        ],
        [
            -27.45237729997863,
            -61.83555051992582,
            -61.20216659259809,
            -57.18177935871161,
            -102.3842317235971,
            -98.6170046016696,
            -150.46247949946127,
            -165.2393621792692,
            -193.25707627356886,
            -232.8788820006559,
            -250.7146147721647,
            -245.43033165532992,
            -266.6030169811861,
            -207.66241506879706,
            -141.91095630024049,
            -60.82523035628643,
            -38.125703245448875,
            -11.228519746862302,
            0,
            0,
            0,
            0,
            0,
            0,
            0,
            0
        ],
        [
            -22.794534590882648,
            -53.727585837118056,
            -50.93064632660977,
            -45.15932179803404,
            -88.16937732104184,
            -83.07676832415218,
            -132.59205837533887,
            -145.66466438800097,
            -171.30228800608674,
            -207.14566200165166,
            -221.43412306075925,
            -214.00726678323906,
            -229.75017802621406,
            -171.75531742000385,
            -108.91835078320872,
            -37.710278175991924,
            -12.691767867183634,
            0,
            0,
            0,
            0,
            0,
            0,
            0,
            0,
            0
        ],
        [
            -16.795091256447808,
            -43.38962350365503,
            -38.03469522682274,
            -30.20244875961253,
            -70.48496203465174,
            -63.93175536699303,
            -110.68819901055089,
            -121.93513431924025,
            -144.98856030277992,
            -176.60245272718848,
            -186.8539044867309,
            -176.96517409725118,
            -185.7987622574613,
            -128.76555599270094,
            -68.76874297033437,
            -7.9545471395641165,
            0,
            0,
            0,
            0,
            0,
            0,
            0,
            0,
            0,
            0
        ],
        [
            -20.83398600427305,
            -52.68173258149744,
            -51.105388388154374,
            -46.08141345028747,
            -87.10343660253417,
            -81.96743326632871,
            -127.43659066787356,
            -137.48957387007522,
            -157.06301381726652,
            -181.36785454085293,
            -183.28708134881035,
            -166.75532332551748,
            -160.82636172609745,
            -94.99675657721167,
            0,
            0,
            0,
            0,
            0,
            0,
            0,
            0,
            0,
            0,
            0,
            0
        ],
        [
            -12.211994127974016,
            -39.96539172847915,
            -36.565004373926854,
            -29.900766684046474,
            -66.66195675454097,
            -60.221488332699536,
            -100.47701412366911,
            -107.20207181946921,
            -120.73325542740373,
            -133.05146009161717,
            -120.06044959868613,
            -88.12447897768108,
            0,
            0,
            0,
            0,
            0,
            0,
            0,
            0,
            0,
            0,
            0,
            0,
            0,
            0
        ],
        [
            0,
            -29.32209539440686,
            -27.433986036083404,
            -21.26824807302498,
            -52.42152105614356,
            -45.67144784482466,
            -77.03708114442809,
            -77.47055257526982,
            -76.38815463943416,
            -43.64045966913715,
            0,
            0,
            0,
            0,
            0,
            0,
            0,
            0,
            0,
            0,
            0,
            0,
            0,
            0,
            0,
            0
        ],
        [
            0,
            -5.673343463140008,
            -1.7947480954776065,
            6.47897447313734,
            -14.23745487290173,
            -7.540713962283916,
            -25.7913302184321,
            -15.747265047173872,
            0,
            0,
            0,
            0,
            0,
            0,
            0,
            0,
            0,
            0,
            0,
            0,
            0,
            0,
            0,
            0,
            0,
            0
        ],
        [
            0,
            0,
            0,
            0,
            0,
            0,
            0,
            0,
            0,
            0,
            0,
            0,
            0,
            0,
            0,
            0,
            0,
            0,
            0,
            0,
            0,
            0,
            0,
            0,
            0,
            0
        ]
    ],
    "imag(M)": [
        [
            0,
            0,
            0,
            0,
            0,
            0,
            0,
            0,
            0,
            0,
            -0.19978347084763867,
            -5.780836048618164,
            -21.53402701090992,
            -29.764352030216074,
            -37.32111872510406,
            -46.37654870693805,
            -44.09452847554429,
            -35.08376653730864,
            -31.33445308002573,
            -11.484307434061284,
            -0.7046880658964136,
            1.886513516608761,
            6.6743022062941355,
            0,
            0,
            0
        ],
        [
            0,
            0,
            0,
            0,
            0,
            0,
            0,
            3.736818127846803,
            1.4395590670063914,
            -4.4842976170829765,
            -20.754237525786884,
            -38.05092826041388,
            -73.24804699734476,
            -85.61651209866454,
            -96.67799541418964,
            -110.84221512958881,
            -104.43499641971924,
            -87.0457622432379,
            -80.03158965966792,
            -44.21987036886903,
            -24.122716289726554,
            -18.297660717685588,
            -4.212253179821194,
            3.5295459751622977,
            5.174806059751959,
            0
        ],
        [
            0,
            0,
            0,
            0,
            0,
            -1.9662306802739935,
            1.6435117326740243,
            4.127047776868421,
            -5.663965697449837,
            -15.89507049073537,
            -39.23040904564412,
            -62.80170586748416,
            -109.9355856386987,
            -125.34483981405725,
            -138.9483077784353,
            -156.64540440505763,
            -147.49591580147538,
            -124.36536013414681,
            -115.00222362051196,
            -68.38521147958208,
            -42.153618270978946,
            -34.40942353397794,
            -15.381686448439211,
            -3.3199630370184896,
            5.066837732190853,
            0
        ],
        [
            0,
            0,
            0,
            0,
            0.6605659327708749,
            -1.3391378016672542,
            13.537887549541292,
            18.632877398606137,
            7.2074235437566925,
            -4.029889522835577,
            -31.59561617448869,
            -59.46277805870312,
            -115.57862359029212,
            -133.01726430182217,
            -148.32929734550746,
            -168.60513526943336,
            -157.06056647315813,
            -129.22891100861867,
            -118.00497800385611,
            -63.003023770003395,
            -32.34324066756283,
            -23.70356620479467,
            -2.2978864506011427,
            9.861157539939251,
            16.778664231108902,
            0
        ],
        [
            0,
            0,
            0,
            -0.6605659327708749,
            0,
            -3.750179535957396,
            15.019992273884297,
            20.164650476007044,
            5.777354246613554,
            -7.679688659800822,
            -39.63524938953012,
            -71.58531847505604,
            -135.63715293285222,
            -155.08392810019438,
            -172.02565029308775,
            -194.53601863323036,
            -180.96586620297134,
            -149.1130411328767,
            -136.1177014263416,
            -73.99573044363737,
            -39.40777930958922,
            -29.575952610554204,
            -5.42223225872126,
            8.479445912428686,
            16.631102445508642,
            0
        ],
        [
            0,
            0,
            1.9662306802739935,
            1.3391378016672542,
            3.750179535957396,
            0,
            22.92149931123035,
            29.024872490965777,
            12.86763539547843,
            -1.907875353322772,
            -37.2575031177674,
            -72.48044586329327,
            -143.07143018251315,
            -164.02985365609058,
            -182.16236841367686,
            -206.3573256175598,
            -190.9405792119047,
            -155.66165946831083,
            -141.13694348917772,
            -73.35307538182707,
            -35.82120123875202,
            -25.2833049493551,
            0.341504515495092,
            14.136131097051324,
            20.22721386288584,
            0
        ],
        [
            0,
            0,
            -1.6435117326740243,
            -13.537887549541292,
            -15.019992273884297,
            -22.92149931123035,
            0,
            4.003067824090785,
            -16.099746360004527,
            -33.95725252290134,
            -73.3129909427763,
            -111.86386344369265,
            -188.3233786418707,
            -210.74465961549473,
            -229.8728136183,
            -255.23785599808713,
            -237.92891475687267,
            -199.3457392259083,
            -182.8093837898206,
            -109.80027038784176,
            -68.974361775751,
            -56.49841493114509,
            -27.246031158325028,
            -8.563171119660772,
            3.705337708630935,
            0
        ],
        [
            0,
            -3.736818127846803,
            -4.127047776868421,
            -18.632877398606137,
            -20.164650476007044,
            -29.024872490965777,
            -4.003067824090785,
            0,
            -21.95067413649759,
            -41.176161869629844,
            -83.09332770748458,
            -123.91965655312826,
            -204.68777728353888,
            -227.85062679826555,
            -247.35130213120183,
            -273.20049861860406,
            -254.08409114450075,
            -212.7819117237426,
            -194.54284725868186,
            -118.00531265714477,
            -75.2079129260259,
            -61.67879741109602,
            -30.9783666448111,
            -10.982755178968997,
            0.9292479102525304,
            0
        ],
        [
            0,
            -1.4395590670063914,
            5.663965697449854,
            -7.207423543756708,
            -5.777354246613554,
            -12.86763539547843,
            16.099746360004527,
            21.95067413649759,
            0,
            -19.137637525989025,
            -62.37784873337519,
            -104.56751837781954,
            -188.202862204543,
            -211.54974145879464,
            -230.98200515379162,
            -256.81974093778257,
            -236.2555609892308,
            -193.17905943307542,
            -173.9177264696851,
            -96.15781163376764,
            -53.364049364952756,
            -40.3448477753807,
            -11.824856455452245,
            2.6769531748683657,
            0,
            0
        ],
        [
            0,
            4.4842976170829765,
            15.895070490735401,
            4.029889522835577,
            7.679688659800822,
            1.907875353322772,
            33.95725252290134,
            41.176161869629844,
            19.137637525989025,
            0,
            -44.18539196585953,
            -87.2410778048097,
            -172.5333530788494,
            -195.67524886867352,
            -214.62876501404415,
            -239.81702261762624,
            -217.95579105463062,
            -173.7440944930294,
            -153.58936281531084,
            -76.4486836439838,
            -34.89419874498174,
            -22.833583437235937,
            1.7718671424015935,
            5.333815716837877,
            0,
            0
        ],
        [
            0.19978347084763867,
            20.754237525786884,
            39.23040904564412,
            31.595616174488736,
            39.63524938953012,
            37.2575031177674,
            73.3129909427763,
            83.09332770748458,
            62.37784873337519,
            44.18539196585953,
            0,
            -43.21784350415653,
            -128.88186256554906,
            -151.7506378765961,
            -170.37772612918448,
            -195.12423854572953,
            -173.14454971562745,
            -129.5669637987072,
            -110.12685652021595,
            -36.594048299734396,
            0.8568513482179899,
            9.018838236587854,
            22.645277699230803,
            0,
            0,
            0
        ],
        [
            5.780836048618164,
            38.05092826041388,
            62.80170586748429,
            59.46277805870312,
            71.58531847505604,
            72.48044586329327,
            111.86386344369265,
            123.91965655312826,
            104.56751837781954,
            87.2410778048097,
            43.21784350415653,
            0,
            -85.60594170522307,
            -108.39401448867805,
            -126.99801413157665,
            -151.66462561393539,
            -130.28563325108047,
            -88.19939830701644,
            -70.2984802279857,
            -1.3582194418883773,
            30.958926234091212,
            33.790059241995394,
            31.18106774751718,
            0,
            0,
            0
        ],
        [
            21.53402701090992,
            73.24804699734476,
            109.93558563869853,
            115.57862359029212,
            135.63715293285222,
            143.07143018251315,
            188.3233786418707,
            204.68777728353888,
            188.202862204543,
            172.5333530788494,
            128.88186256554908,
            85.60594170522307,
            0,
            -23.319921112618236,
            -42.81679848718393,
            -68.58859281612519,
            -49.716795939821026,
            -11.756060431017005,
            1.514352352405466,
            61.02808982656188,
            82.15013644489913,
            71.39170125405862,
            0,
            0,
            0,
            0
        ],
        [
            29.764352030216088,
            85.61651209866456,
            125.34483981405745,
            133.0172643018223,
            155.08392810019438,
            164.02985365609058,
            210.74465961549473,
            227.85062679826555,
            211.54974145879464,
            195.67524886867352,
            151.75063787659613,
            108.39401448867805,
            23.319921112618236,
            0,
            -19.512935932058063,
            -45.038879339725334,
            -27.25116864805105,
            8.209178509215308,
            19.203261515156136,
            71.05557104200705,
            83.06317731050191,
            59.52624072543614,
            0,
            0,
            0,
            0
        ],
        [
            37.32111872510405,
            96.67799541418967,
            138.94830777843544,
            148.32929734550746,
            172.02565029308775,
            182.16236841367686,
            229.8728136183,
            247.35130213120183,
            230.98200515379162,
            214.62876501404418,
            170.37772612918448,
            126.99801413157665,
            42.81679848718393,
            19.512935932058063,
            0,
            -25.163148825522637,
            -8.779774150056973,
            23.45218245232761,
            31.509203451553933,
            72.97383590609813,
            70.70806584202346,
            0,
            0,
            0,
            0,
            0
        ],
        [
            46.376548706938024,
            110.84221512958881,
            156.64540440505763,
            168.6051352694335,
            194.53601863323036,
            206.3573256175598,
            255.23785599808713,
            273.20049861860406,
            256.81974093778257,
            239.81702261762624,
            195.12423854572953,
            151.66462561393539,
            68.58859281612519,
            45.038879339725334,
            25.163148825522637,
            0,
            13.932810465521149,
            41.123996080307386,
            44.07132376577849,
            68.57247942358624,
            25.087926142822788,
            0,
            0,
            0,
            0,
            0
        ],
        [
            44.09452847554429,
            104.43499641971925,
            147.49591580147555,
            157.06056647315816,
            180.96586620297134,
            190.9405792119047,
            237.92891475687267,
            254.08409114450075,
            236.2555609892308,
            217.95579105463062,
            173.14454971562748,
            130.28563325108047,
            49.716795939821026,
            27.25116864805105,
            8.779774150056973,
            -13.932810465521149,
            0,
            24.65676911588262,
            25.89157740291879,
            26.46491995571149,
            0,
            0,
            0,
            0,
            0,
            0
        ],
        [
            35.083766537308634,
            87.0457622432378,
            124.3653601341469,
            129.22891100861867,
            149.11304113287676,
            155.66165946831083,
            199.34573922590832,
            212.7819117237426,
            193.17905943307542,
            173.7440944930294,
            129.5669637987072,
            88.19939830701644,
            11.756060431017005,
            -8.209178509215308,
            -23.45218245232761,
            -41.123996080307386,
            -24.65676911588262,
            0,
            3.376111109617394,
            0,
            0,
            0,
            0,
            0,
            0,
            0
        ],
        [
            31.334453080025728,
            80.03158965966793,
            115.0022236205121,
            118.00497800385617,
            136.1177014263416,
            141.13694348917772,
            182.80938378982066,
            194.54284725868186,
            173.91772646968514,
            153.58936281531084,
            110.12685652021595,
            70.2984802279857,
            -1.514352352405466,
            -19.203261515156136,
            -31.509203451553933,
            -44.07132376577849,
            -25.89157740291879,
            -3.376111109617394,
            0,
            0,
            0,
            0,
            0,
            0,
            0,
            0
        ],
        [
            11.484307434061284,
            44.21987036886911,
            68.38521147958213,
            63.00302377000342,
            73.99573044363738,
            73.35307538182707,
            109.80027038784178,
            118.00531265714477,
            96.15781163376765,
            76.4486836439838,
            36.594048299734396,
            1.3582194418883773,
            -61.02808982656188,
            -71.05557104200705,
            -72.97383590609813,
            -68.57247942358624,
            -26.46491995571149,
            0,
            0,
            0,
            0,
            0,
            0,
            0,
            0,
            0
        ],
        [
            0.7046880658964132,
            24.12271628972656,
            42.153618270978974,
            32.343240667562846,
            39.40777930958922,
            35.82120123875202,
            68.97436177575102,
            75.2079129260259,
            53.364049364952756,
            34.89419874498174,
            -0.8568513482179897,
            -30.958926234091212,
            -82.15013644489913,
            -83.06317731050191,
            -70.70806584202346,
            -25.087926142822692,
            0,
            0,
            0,
            0,
            0,
            0,
            0,
            0,
            0,
            0
        ],
        [
            -1.8865135166087637,
            18.29766071768559,
            34.40942353397792,
            23.70356620479468,
            29.575952610554207,
            25.2833049493551,
            56.49841493114509,
            61.67879741109602,
            40.34484777538071,
            22.83358343723593,
            -9.01883823658785,
            -33.790059241995394,
            -71.39170125405863,
            -59.52624072543615,
            0,
            0,
            0,
            0,
            0,
            0,
            0,
            0,
            0,
            0,
            0,
            0
        ],
        [
            -6.6743022062941435,
            4.2122531798211895,
            15.381686448439224,
            2.297886450601143,
            5.4222322587212615,
            -0.341504515495092,
            27.246031158325028,
            30.978366644811107,
            11.824856455452244,
            -1.7718671424015935,
            -22.64527769923079,
            -31.18106774751719,
            0,
            0,
            0,
            0,
            0,
            0,
            0,
            0,
            0,
            0,
            0,
            0,
            0,
            0
        ],
        [
            0,
            -3.529545975162288,
            3.3199630370184927,
            -9.861157539939253,
            -8.479445912428684,
            -14.136131097051324,
            8.563171119660772,
            10.982755178968997,
            -2.6769531748683653,
            -5.333815716837888,
            0,
            0,
            0,
            0,
            0,
            0,
            0,
            0,
            0,
            0,
            0,
            0,
            0,
            0,
            0,
            0
        ],
        [
            0,
            -5.174806059751971,
            -5.066837732190847,
            -16.778664231108888,
            -16.631102445508628,
            -20.22721386288584,
            -3.7053377086309327,
            -0.92924791025253,
            0,
            0,
            0,
            0,
            0,
            0,
            0,
            0,
            0,
            0,
            0,
            0,
            0,
            0,
            0,
            0,
            0,
            0
        ],
        [
            0,
            0,
            0,
            0,
            0,
            0,
            0,
            0,
            0,
            0,
            0,
            0,
            0,
            0,
            0,
            0,
            0,
            0,
            0,
            0,
            0,
            0,
            0,
            0,
            0,
            0
        ]
    ],
    "abs_M": [
        [
            0,
            0,
            0,
            0,
            0,
            0,
            0,
            0,
            0,
            0,
            8.048839395021856,
            22.378048941232983,
            41.352818098866756,
            42.87148178498586,
            42.22605861624185,
            46.44503117676878,
            44.6874054174338,
            38.18132589621818,
            41.65910427799326,
            25.524108690706143,
            16.809868398730153,
            20.919223362127756,
            13.916864248910898,
            0,
            0,
            0
        ],
        [
            0,
            0,
            0,
            0,
            0,
            0,
            0,
            6.122151804954804,
            16.734736380705094,
            36.499734141132436,
            54.88939639307152,
            67.0657369952749,
            103.95140846641709,
            101.26065795673591,
            100.39920424975494,
            112.13879518387766,
            107.55030459630937,
            95.65251524466507,
            101.13698953180167,
            69.5848432873457,
            49.64438406288843,
            55.76889218487258,
            40.18675917341067,
            29.533759887787483,
            7.678896001822066,
            0
        ],
        [
            0,
            0,
            0,
            0,
            0,
            2.1052900967702195,
            16.297888701948253,
            26.1859349330116,
            43.101722547983975,
            71.80463396286554,
            97.24614252920914,
            113.02589624679544,
            161.4686001343736,
            154.84495733737216,
            149.33245890031094,
            156.67944220256683,
            148.19392076437697,
            128.51176376725743,
            130.273622169994,
            85.26703867470343,
            56.77645263956442,
            61.60981374947325,
            39.66857475210555,
            27.634140920158647,
            5.375310719444361,
            0
        ],
        [
            0,
            0,
            0,
            0,
            7.7239302338227205,
            10.727440155758016,
            37.78744407539451,
            50.26489691729134,
