{
    "bin_ranges": {
        "m3pi_lower_limit": 1.7,
        "m3pi_upper_limit": 1.74,
        "t_lower_limit": 0.194,
        "t_upper_limit": 0.326
    },
    "info": "The dalitz matrix M is computed as sqrt(-Kibble) * (A[1]-A[2])",
    "bin_centers": [
        0.29900000000000004,
        0.33999999999999997,
        0.38,
        0.42000000000000004,
        0.45999999999999996,
        0.5,
        0.54,
        0.5800000000000001,
        0.62,
        0.66,
        0.69,
        0.71,
        0.73,
        0.75,
        0.77,
        0.79,
        0.81,
        0.83,
        0.85,
        0.87,
        0.89,
        0.91,
        0.94,
        0.98,
        1.02,
        1.06,
        1.1,
        1.1400000000000001,
        1.18,
        1.22,
        1.26,
        1.3,
        1.34,
        1.38,
        1.42,
        1.46,
        1.5,
        1.54,
        1.58
    ],
    "real(M)": [
        [
            0,
            0,
            0,
            0,
            0,
            0,
            0,
            0,
            0,
            0,
            0,
            0,
            0,
            0,
            0,
            0,
            0,
            0,
            0,
            0,
            0,
            0,
            0,
            0,
            57.7639260024757,
            79.69876899417804,
            81.83630791192806,
            98.5888227406783,
            90.8771768010963,
            92.09663967769532,
            60.2975226788326,
            73.36554225819049,
            41.47642862776035,
            21.725672134140304,
            0,
            0,
            0,
            0,
            0
        ],
        [
            0,
            0,
            0,
            0,
            0,
            0,
            0,
            0,
            0,
            0,
            0,
            0,
            0,
            0,
            0,
            0,
            44.95320900578516,
            108.29648457808788,
            135.3358458410097,
            153.68743279863114,
            154.3715019553926,
            169.36800900075983,
            170.05270977398064,
            169.81771633174455,
            151.29133829671628,
            160.74990305570728,
            143.93757907645283,
            164.97859853619727,
            144.71057113292045,
            145.6378587412807,
            89.8560100231616,
            121.86700328033847,
            71.17621173772751,
            50.863810641760125,
            29.936179246724823,
            45.231983139639645,
            6.756456477930838,
            0,
            0
        ],
        [
            0,
            0,
            0,
            0,
            0,
            0,
            0,
            0,
            0,
            0,
            0,
            -3.5478649294072877,
            24.92858372342643,
            90.45723879248602,
            172.47857143891216,
            255.7653312833598,
            309.8916023384073,
            314.90723487266916,
            313.7783819317211,
            316.44840928456364,
            297.86442541740047,
            309.46077415946297,
            297.50966964415113,
            287.17690263092146,
            255.61660665279766,
            265.5825383540004,
            241.00649684460365,
            267.89945095162915,
            240.30100804277942,
            241.1204454760184,
            167.3240237795231,
            209.63338112147522,
            141.7329396330329,
            113.48527655025927,
            82.89711708622873,
            110.06576858814641,
            110.83662335173342,
            35.54152945550661,
            0
        ],
        [
            0,
            0,
            0,
            0,
            0,
            0,
            0,
            0,
            0,
            9.650049753950427,
            12.71637526961464,
            43.71258305407174,
            114.86909652425673,
            227.16478568600496,
            348.25831404526645,
            460.99337217457725,
            526.5468438388142,
            523.4895860220612,
            515.0911548343655,
            513.9695105937599,
            486.46950825035066,
            499.4979979183325,
            482.46249607336017,
            468.74150191888305,
            429.96075123236733,
            442.889195485152,
            413.60406166298753,
            446.5313593486095,
            413.12342139071666,
            413.4836058431233,
            323.3476793219832,
            372.1794824668106,
            286.90378860122394,
            247.887727739242,
            203.83040543852948,
            230.82729894320295,
            228.67520392939693,
            167.146559745954,
            0
        ],
        [
            0,
            0,
            0,
            0,
            0,
            0,
            0,
            -4.748903649331057,
            -42.74224006167493,
            -26.803922154317284,
            -31.718216324158966,
            6.753240065464298,
            96.68612341240777,
            235.9929969325603,
            381.48826883995565,
            512.7922579738508,
            583.2844523568405,
            569.309013873707,
            550.373759660636,
            541.5386392087105,
            502.0073301368218,
            511.932770202208,
            484.3748880008818,
            460.2923644533874,
            408.7504225033117,
            418.99855636562523,
            381.4434240111106,
            416.9385666850208,
            376.9866226279931,
            377.0970059827498,
            274.4321957202235,
            332.81410933995903,
            238.5047942593901,
            199.0409199272498,
            155.76618167028195,
            198.70762264725784,
            215.16497761716045,
            180.32865165189472,
            0
        ],
        [
            0,
            0,
            0,
            0,
            0,
            0,
            0.5474842876752339,
            15.544849212221386,
            -28.130394059702418,
            6.108486798973759,
            5.739341197218864,
            56.633838383057466,
            168.2900329414255,
            336.47815205333995,
            508.8912676655323,
            662.1324300124971,
            742.5471753394562,
            724.2131072384459,
            700.7695456102159,
            689.5139514593444,
            643.3433088318666,
            654.2804684717415,
            622.4269234963429,
            594.947012630561,
            536.7773464726031,
            548.5142485270289,
            506.3289845659596,
            545.9418390186933,
            500.67025605014413,
            499.88600881063957,
            383.89693806280087,
            447.1412152876647,
            339.34182320494386,
            291.86402709451073,
            238.9947023792979,
            281.23356345402726,
            292.64892352867093,
            245.4099880012559,
            0
        ],
        [
            0,
            0,
            0,
            0,
            0,
            -0.5474842876752339,
            0,
            19.832176909793077,
            -36.71457221629442,
            5.517591088965442,
            4.792431798922266,
            63.91169621306879,
            192.33571971169826,
            384.06740420363616,
            578.6917868958088,
            749.9849505092527,
            837.8216140613457,
            814.0650375468191,
            785.0689689538016,
            770.1841390305143,
            716.5715197631179,
            727.1028960225058,
            689.4345342058652,
            656.5664778634855,
            590.3380573814632,
            601.8031313222112,
            554.0869327388586,
            596.5712126268154,
            545.9540198171833,
            544.3200129581778,
            416.77854670474494,
            485.41152695899484,
            367.31292452052753,
            315.26418147315354,
            257.4923856897775,
            303.1885332816083,
            315.0774399573235,
            262.57205504938185,
            0
        ],
        [
            0,
            0,
            0,
            0,
            4.748903649331057,
            -15.544849212221386,
            -19.832176909793077,
            0,
            -70.75902785741832,
            -24.743366294432473,
            -27.895446707049704,
            37.29392707480462,
            179.65721333021708,
            391.67134741083663,
            605.5580318952165,
            792.4561950296661,
            886.247877107365,
            856.6830501398641,
            821.7584253206008,
            802.7263557618038,
            741.4682547222114,
            750.8719601747247,
            706.7663253309543,
            667.6328376596556,
            592.8516174504916,
            603.1538701184229,
            549.6515255324999,
            594.3050623022136,
            538.593142201767,
            536.2584074901703,
            398.7279394728464,
            472.9299293720783,
            346.9631933083393,
            292.7082814086874,
            233.20187932381984,
            284.4644581726998,
            299.41722923958145,
            244.17525704021475,
            0
        ],
        [
            0,
            0,
            0,
            0,
            42.74224006167493,
            28.130394059702418,
            36.71457221629442,
            70.75902785741832,
            0,
            60.66486337639093,
            63.1313198580128,
            138.8030811337238,
            298.6919347073794,
            533.9250240119984,
            769.9639204623003,
            975.4907576383517,
            1078.8218753991987,
            1047.7152599488113,
            1010.9184455013867,
            991.4495269982002,
            926.3039483197736,
            937.6479284100752,
            891.6627085505519,
            851.4207488019573,
            772.5342846229452,
            784.6128712100192,
            727.624941736602,
            774.9737491310354,
            714.1181508875509,
            709.277126557862,
            559.4642255068305,
            633.4178874658973,
            493.4636144498749,
            427.7443140928477,
            354.16319735555345,
            392.24834206285345,
            383.8216906680605,
            282.23690490586233,
            0
        ],
        [
            0,
            0,
            0,
            -9.650049753950427,
            26.803922154317284,
            -6.108486798973759,
            -5.517591088965442,
            24.743366294432473,
            -60.66486337639093,
            0,
            -1.629070000679702,
            77.84777679102065,
            248.31325621275832,
            499.6589926632474,
            751.0919719497633,
            968.9977306162197,
            1076.5174658120623,
            1039.5464136786134,
            996.7872417878868,
            972.8983210839356,
            900.3549422576324,
            909.919626520629,
            857.2611803949362,
            810.2494611565526,
            722.846162496587,
            732.8870235896468,
            670.1992687765697,
            718.701946316209,
            653.2680661134248,
            647.7156193260761,
            490.32323896022933,
            569.0410575178645,
            424.4244380227348,
            358.92769624884943,
            286.86387829415736,
            330.1604305386799,
            322.82403654314464,
            205.1325355892023,
            0
        ],
        [
            0,
            0,
            0,
            -12.71637526961464,
            31.718216324158966,
            -5.739341197218864,
            -4.792431798922266,
            27.895446707049704,
            -63.1313198580128,
            1.629070000679702,
            0,
            83.94466166789203,
            263.54750488293325,
            527.8426108874473,
            791.655732191676,
            1019.7564626019602,
            1131.6549876676577,
            1091.941284304416,
            1046.2937176252792,
            1020.5196364743829,
            943.9330214520653,
            953.305724608159,
            897.4163187220307,
            847.3035382093909,
            755.2607205071174,
            764.7919208885157,
            698.6886586919029,
            748.0289093256314,
            679.0692417296193,
            672.0662575220714,
            508.17365357302975,
            587.6793512387474,
            437.18241421150805,
            367.9632706496216,
            291.85826859244776,
            330.22411496954993,
            310.0637000349913,
            140.1722083126249,
            0
        ],
        [
            0,
            0,
            3.5478649294072877,
            -43.71258305407174,
            -6.753240065464298,
            -56.633838383057466,
            -63.91169621306879,
            -37.29392707480462,
            -138.8030811337238,
            -77.84777679102065,
            -83.94466166789203,
            0,
            182.6793048289664,
            452.5816293118947,
            721.7510607505293,
            953.9294755708979,
            1066.3246444087222,
            1022.7032686966647,
            973.1684739612992,
            944.2573969116662,
            863.287146114003,
            870.831750397887,
            810.5750421587938,
            755.8593724291744,
            658.8092107325822,
            666.5209320029547,
            597.4405576237315,
            647.1469694531311,
            576.6599821954835,
            570.2846063415637,
            405.05398143026565,
            488.66760023145054,
            339.92158755160364,
            275.4734492773308,
            206.34573876769352,
            253.5744093940291,
            241.75034233621145,
            0,
            0
        ],
        [
            0,
            0,
            -24.92858372342643,
            -114.86909652425673,
            -96.68612341240777,
            -168.2900329414255,
            -192.33571971169826,
            -179.65721333021708,
            -298.6919347073794,
            -248.31325621275832,
            -263.54750488293325,
            -182.67930482896656,
            0,
            272.45295338158303,
            544.0518557461668,
            777.5515955034325,
            887.9534248358201,
            838.240881160321,
            782.7640878904175,
            748.7621432329038,
            661.6454220458621,
            665.6273798375931,
            598.747120906969,
            536.9025302840779,
            433.0033740516419,
            437.60422584499423,
            365.1096309596816,
            415.40256128120086,
            344.7178893176897,
            341.25001151069074,
            178.49294602028488,
            270.9542111432071,
            131.00521827016067,
            80.44067140014864,
            30.520575410274926,
            102.72106561896379,
            123.43023015929214,
            0,
            0
        ],
        [
            0,
            0,
            -90.45723879248602,
            -227.16478568600496,
            -235.9929969325603,
            -336.47815205333995,
            -384.06740420363616,
            -391.67134741083663,
            -533.9250240119984,
            -499.6589926632474,
            -527.8426108874473,
            -452.5816293118947,
            -272.45295338158274,
            0,
            271.58750031185446,
            504.1192410880852,
            610.4872329173196,
            552.9337970182362,
            489.8787455620605,
            449.235301368613,
            354.59819658685325,
            353.65588750165784,
            278.428476656401,
            207.58691064091266,
            95.59680575789247,
            96.33189200249781,
            20.46417705717595,
            71.97556811340203,
            2.7790886201845897,
            4.792307072898738,
            -151.4249696414349,
            -45.184273001208275,
            -169.07753222279698,
            -196.37699723210008,
            -214.33196689942162,
            -99.76859982472108,
            -17.31610387179653,
            0,
            0
        ],
        [
            0,
            0,
            -172.47857143891216,
            -348.25831404526645,
            -381.48826883995565,
            -508.8912676655323,
            -578.6917868958088,
            -605.5580318952165,
            -769.9639204622995,
            -751.091971949764,
            -791.6557321916752,
            -721.7510607505293,
            -544.0518557461668,
            -271.58750031185446,
            0,
            231.6171795120482,
            334.1445271878731,
            269.1252906177062,
            198.86905831088325,
            151.93279937555818,
            50.18535341342439,
            44.6202568949238,
            -38.41278190560515,
            -117.55139429256626,
            -236.85489090182588,
            -239.3186216596746,
            -317.7406876953763,
            -264.3189549986143,
            -331.0654691566397,
            -322.61449835882974,
            -470.84005044521206,
            -349.70468417756916,
            -455.46092370868075,
            -456.998223268039,
            -439.2364578410096,
            -276.7064084212119,
            -116.16202501115663,
            0,
            0
        ],
        [
            0,
            0,
            -255.7653312833598,
            -460.99337217457725,
            -512.7922579738508,
            -662.1324300124971,
            -749.9849505092527,
            -792.4561950296661,
            -975.4907576383489,
            -968.9977306162197,
            -1019.7564626019602,
            -953.9294755708979,
            -777.5515955034325,
            -504.1192410880852,
            -231.6171795120482,
            0,
            99.69981334691451,
            28.36919593713464,
            -47.975249071330026,
            -100.16493562372797,
            -207.9669356628125,
            -217.2573255005228,
            -306.7516273904465,
            -392.6008427255116,
            -517.777026782265,
            -522.3588274660082,
            -602.3683437053903,
            -546.501284565928,
            -610.3192168784017,
            -595.3395294415891,
            -735.4030513365971,
            -600.0766508384711,
            -687.9988531565033,
            -664.4014958465567,
            -611.156497695828,
            -399.93599550993537,
            -140.67396068095135,
            0,
            0
        ],
        [
            0,
            -44.95320900576375,
            -309.8916023384073,
            -526.5468438388142,
            -583.2844523568405,
            -742.5471753394562,
            -837.8216140613457,
            -886.247877107365,
            -1078.8218753991964,
            -1076.5174658120623,
            -1131.6549876676568,
            -1066.3246444087222,
            -887.9534248358201,
            -610.4872329173196,
            -334.1445271878731,
            -99.69981334691451,
            0,
            -74.77239450921915,
            -154.48141778193684,
            -209.38270432935488,
            -320.7907112196916,
            -331.6335385659015,
            -424.5541295780536,
            -513.7181906459689,
            -642.0627910802832,
            -647.0229396000063,
            -727.6530342789388,
            -669.5538237134004,
            -731.5416764498694,
            -712.4860154406366,
            -847.8657845658181,
            -704.0862535269357,
            -781.1469472705113,
            -741.9122528688558,
            -665.3247313712338,
            -421.3155681712898,
            0,
            0,
            0
        ],
        [
            0,
            -108.29648457808783,
            -314.90723487266916,
            -523.4895860220612,
            -569.309013873707,
            -724.2131072384459,
            -814.0650375468191,
            -856.6830501398641,
            -1047.7152599488113,
            -1039.5464136786134,
            -1091.941284304417,
            -1022.7032686966647,
            -838.240881160321,
            -552.9337970182362,
            -269.12529061770636,
            -28.36919593713466,
            74.7723945092192,
            0,
            -79.82508744496022,
            -134.4213828939137,
            -246.56210953003992,
            -256.4167855660677,
            -349.281663610833,
            -437.984553276061,
            -566.6805853095935,
            -570.473102683514,
            -651.2857793737726,
            -592.0927660811125,
            -654.7145300809856,
            -635.9388852426781,
            -772.6390335649953,
            -629.521862559706,
            -707.0942860774744,
            -667.6583305217817,
            -588.2060828955292,
            -340.29923971777515,
            0,
            0,
            0
        ],
        [
            0,
            -135.33584584100467,
            -313.7783819317211,
            -515.0911548343655,
            -550.373759660636,
            -700.7695456102159,
            -785.0689689538016,
            -821.7584253206008,
            -1010.9184455013856,
            -996.7872417878879,
            -1046.2937176252783,
            -973.1684739612992,
            -782.7640878904175,
            -489.87874556206026,
            -198.86905831088325,
            47.975249071330026,
            154.48141778193684,
            79.82508744496022,
            0,
            -54.210084703778925,
            -166.9405207037589,
            -175.79083541475546,
            -268.4944336374957,
            -356.66124127210327,
            -485.6061701214703,
            -488.33285864138435,
            -569.353165993106,
            -509.3660756537927,
            -572.761560518945,
            -554.6195385093167,
            -692.6537771374971,
            -551.0252811099011,
            -629.2289042468511,
            -589.9726899008524,
            -507.4762276688247,
            -252.8738189284978,
            0,
            0,
            0
        ],
        [
            0,
            -153.68743279863114,
            -316.44840928456364,
            -513.9695105937599,
            -541.5386392087105,
            -689.5139514593444,
            -770.184139030513,
            -802.7263557618038,
            -991.4495269982002,
            -972.8983210839356,
            -1020.5196364743819,
            -944.2573969116662,
            -748.7621432329033,
            -449.235301368613,
            -151.93279937555818,
            100.16493562372797,
            209.382704329355,
            134.4213828939137,
            54.210084703778925,
            0,
            -113.60562135194712,
            -121.82957296100801,
            -214.78011112475443,
            -302.8747930497283,
            -432.32003311894954,
            -434.2429846797062,
            -515.4285946359446,
            -454.64101654280654,
            -518.348432972707,
            -500.2701472982367,
            -638.3067569960946,
            -497.21616390506614,
            -573.690591215718,
            -531.6029083165444,
            -440.65853746529115,
            -160.11474826543932,
            0,
            0,
            0
        ],
        [
            0,
            -154.3715019553926,
            -297.86442541740047,
            -486.46950825035066,
            -502.0073301368218,
            -643.3433088318666,
            -716.5715197631167,
            -741.4682547222124,
            -926.3039483197736,
            -900.3549422576324,
            -943.9330214520653,
            -863.2871461140035,
            -661.6454220458621,
            -354.59819658685325,
            -50.185353413424416,
            207.9669356628126,
            320.79071121969173,
            246.56210953003992,
            166.94052070375895,
            113.60562135194712,
            0,
            -6.925927436683611,
            -99.16290734534091,
            -186.24086295224924,
            -315.5406613473852,
            -316.59880138704847,
            -398.2092315249826,
            -337.6399417143518,
            -403.0242935677985,
            -387.2253799082055,
            -527.8208059821616,
            -391.6750297739921,
            -471.169555888977,
            -432.93147308793596,
            -341.6028299394901,
            0,
            0,
            0,
            0
        ],
        [
            0,
            -169.36800900075983,
            -309.46077415946297,
            -499.4979979183325,
            -511.932770202208,
            -654.2804684717415,
            -727.1028960225058,
            -750.8719601747257,
            -937.6479284100752,
            -909.919626520629,
            -953.3057246081582,
            -870.8317503978875,
            -665.6273798375931,
            -353.65588750165784,
            -44.6202568949238,
            217.2573255005229,
            331.6335385659017,
            256.4167855660677,
            175.79083541475552,
            121.82957296100801,
            6.925927436683611,
            0,
            -93.10549825625108,
            -180.80303316704735,
            -310.8831499563866,
            -311.4844208425255,
            -393.0026085251252,
            -331.5073208289545,
            -396.14979532135584,
            -379.18982848858104,
            -516.9379113039348,
            -379.4112269694389,
            -452.05001179429553,
            -404.04843247175404,
            -288.2863736640077,
            0,
            0,
            0,
            0
        ],
        [
            0,
            -170.05270977398058,
            -297.50966964415113,
            -482.46249607336017,
            -484.3748880008818,
            -622.4269234963429,
            -689.4345342058647,
            -706.7663253309543,
            -891.6627085505519,
            -857.2611803949362,
            -897.4163187220314,
            -810.5750421587934,
            -598.7471209069688,
            -278.428476656401,
            38.41278190560515,
            306.7516273904465,
            424.5541295780536,
            349.281663610833,
            268.49443363749583,
            214.78011112475443,
            99.16290734534091,
            93.10549825625108,
            0,
            -87.38464201523772,
            -217.76428788376555,
            -217.74857872892045,
            -299.5568977920212,
            -238.3458489205666,
            -303.86800526637825,
            -288.4872073207175,
            -425.37429649837156,
            -292.50563738989,
            -361.05246721342115,
            -306.54479130108695,
            -145.22330966980695,
            0,
            0,
            0,
            0
        ],
        [
            0,
            -169.8177163317462,
            -287.17690263092146,
            -468.74150191888305,
            -460.29236445338836,
            -594.947012630561,
            -656.5664778634847,
            -667.6328376596556,
            -851.4207488019566,
            -810.2494611565526,
            -847.3035382093909,
            -755.8593724291741,
            -536.9025302840777,
            -207.58691064091266,
            117.55139429256626,
            392.60084272551165,
            513.7181906459691,
            437.984553276061,
            356.6612412721032,
            302.8747930497283,
            186.24086295224924,
            180.80303316704735,
            87.38464201523772,
            0,
            -130.7066662620121,
            -130.31988806117036,
            -212.15770051813527,
            -151.758946448996,
            -217.50952540084006,
            -203.63333785933045,
            -335.9236626377923,
            -209.13747508416768,
            -265.05093551024845,
            -186.2121710561083,
            0,
            0,
            0,
            0,
            0
        ],
        [
            -57.76392600247578,
            -151.29133829671702,
            -255.6166066527976,
            -429.96075123236733,
            -408.750422503311,
            -536.7773464726031,
            -590.3380573814632,
            -592.8516174504921,
            -772.5342846229452,
            -722.846162496587,
            -755.2607205071174,
            -658.8092107325825,
            -433.00337405164174,
            -95.59680575789247,
            236.854890901826,
            517.777026782265,
            642.0627910802833,
            566.6805853095935,
            485.60617012147054,
            432.32003311894954,
            315.5406613473852,
            310.8831499563866,
            217.76428788376555,
            130.7066662620121,
            0,
            -0.2747769630308621,
            -82.93867327794948,
            -26.104711886187587,
            -94.15035385029182,
            -85.67549024957174,
            -215.04167649476872,
            -103.20972501992094,
            -147.18389903803484,
            0,
            0,
            0,
            0,
            0,
            0
        ],
        [
            -79.69876899417804,
            -160.74990305570802,
            -265.5825383540004,
            -442.889195485152,
            -418.998556365626,
            -548.5142485270289,
            -601.8031313222108,
            -603.1538701184234,
            -784.6128712100192,
            -732.8870235896468,
            -764.7919208885155,
            -666.520932002955,
            -437.60422584499423,
            -96.33189200249781,
            239.3186216596746,
            522.3588274660084,
            647.0229396000062,
            570.473102683514,
            488.3328586413844,
            434.2429846797062,
            316.59880138704847,
            311.4844208425255,
            217.74857872892045,
            130.31988806117036,
            0.2747769630308621,
            0,
            -80.78258579974707,
            -24.994219522712704,
            -89.46711162276384,
            -79.51369498613914,
            -191.5717757014289,
            -82.99086611228292,
            -60.288649728826186,
            0,
            0,
            0,
            0,
            0,
            0
        ],
        [
            -81.83630791192802,
            -143.93757907645377,
            -241.00649684460365,
            -413.60406166298753,
            -381.4434240111106,
            -506.3289845659596,
            -554.0869327388591,
            -549.6515255324999,
            -727.6249417366016,
            -670.1992687765697,
            -698.6886586919027,
            -597.4405576237317,
            -365.1096309596815,
            -20.46417705717595,
            317.7406876953763,
            602.3683437053905,
            727.6530342789389,
            651.2857793737727,
            569.3531659931061,
            515.4285946359446,
            398.2092315249826,
            393.0026085251252,
            299.5568977920212,
            212.15770051813527,
            82.93867327794948,
            80.78258579974707,
            0,
            49.75810343070549,
            -15.60323313728076,
            -12.002608596851685,
            -110.3255301171389,
            -22.646611592974153,
            0,
            0,
            0,
            0,
            0,
            0,
            0
        ],
        [
            -98.5888227406783,
            -164.97859853619818,
            -267.89945095162915,
            -446.53135934860944,
            -416.9385666850208,
            -545.9418390186933,
            -596.5712126268154,
            -594.3050623022141,
            -774.9737491310354,
            -718.701946316209,
            -748.0289093256316,
            -647.1469694531312,
            -415.40256128120086,
            -71.97556811340203,
            264.31895499861434,
            546.5012845659281,
            669.5538237134004,
            592.0927660811125,
            509.3660756537927,
            454.6410165428064,
            337.6399417143518,
            331.5073208289545,
            238.3458489205666,
            151.758946448996,
            26.104711886187587,
            24.994219522712704,
            -49.75810343070549,
            0,
            -54.50484682211107,
            -42.7220724484882,
            -88.7885421465039,
            0,
            0,
            0,
            0,
            0,
            0,
            0,
            0
        ],
        [
            -90.87717680109637,
            -144.7105711329209,
            -240.30100804277942,
            -413.12342139071666,
            -376.9866226279931,
            -500.67025605014413,
            -545.9540198171827,
            -538.593142201767,
            -714.1181508875504,
            -653.2680661134248,
            -679.0692417296192,
            -576.6599821954835,
            -344.7178893176896,
            -2.7790886201845897,
            331.0654691566397,
            610.3192168784018,
            731.5416764498696,
            654.7145300809857,
            572.761560518945,
            518.348432972707,
            403.0242935677985,
            396.14979532135584,
            303.86800526637825,
            217.50952540084006,
            94.15035385029182,
            89.46711162276384,
            15.60323313728076,
            54.50484682211107,
            0,
            0.8681254111480278,
            0,
            0,
            0,
            0,
            0,
            0,
            0,
            0,
            0
        ],
        [
            -92.09663967769526,
            -145.6378587412807,
            -241.12044547601846,
            -413.48360584312337,
            -377.0970059827498,
            -499.88600881063957,
            -544.320012958178,
            -536.2584074901705,
            -709.2771265578618,
            -647.7156193260761,
            -672.0662575220713,
            -570.2846063415637,
            -341.2500115106907,
            -4.792307072898738,
            322.61449835882985,
            595.3395294415891,
            712.4860154406365,
            635.9388852426782,
            554.6195385093167,
            500.27014729823657,
            387.2253799082055,
            379.18982848858104,
            288.4872073207175,
            203.63333785933045,
            85.67549024957174,
            79.51369498613914,
            12.002608596851685,
            42.7220724484882,
            -0.8681254111480278,
            0,
            0,
            0,
            0,
            0,
            0,
            0,
            0,
            0,
            0
        ],
        [
            -60.29752267883265,
            -89.85601002316167,
            -167.32402377952317,
            -323.3476793219832,
            -274.43219572022326,
            -383.89693806280087,
            -416.77854670474494,
            -398.7279394728465,
            -559.4642255068303,
            -490.32323896022933,
            -508.1736535730296,
            -405.0539814302657,
            -178.49294602028485,
            151.4249696414349,
            470.840050445212,
            735.4030513365974,
            847.8657845658184,
            772.6390335649953,
            692.6537771374971,
            638.3067569960946,
            527.8208059821616,
            516.9379113039348,
            425.37429649837156,
            335.9236626377923,
            215.04167649476872,
            191.5717757014289,
            110.3255301171389,
            88.7885421465039,
            0,
            0,
            0,
            0,
            0,
            0,
            0,
            0,
            0,
            0,
            0
        ],
        [
            -73.36554225819037,
            -121.86700328033847,
            -209.63338112147525,
            -372.17948246681067,
            -332.81410933995903,
            -447.14121528766475,
            -485.41152695899495,
            -472.92992937207856,
            -633.417887465897,
            -569.0410575178645,
            -587.6793512387472,
            -488.66760023145054,
            -270.9542111432071,
            45.184273001208275,
            349.70468417756916,
            600.0766508384711,
            704.0862535269358,
            629.5218625597062,
            551.025281109901,
            497.21616390506614,
            391.6750297739921,
            379.4112269694389,
            292.50563738989,
            209.13747508416768,
            103.20972501992094,
            82.99086611228292,
            22.646611592974153,
            0,
            0,
            0,
            0,
            0,
            0,
            0,
            0,
            0,
            0,
            0,
            0
        ],
        [
            -41.47642862776026,
            -71.17621173772734,
            -141.73293963303294,
            -286.903788601224,
            -238.5047942593899,
            -339.3418232049439,
            -367.3129245205274,
            -346.9631933083393,
            -493.4636144498749,
            -424.4244380227348,
            -437.18241421150805,
            -339.9215875516037,
            -131.00521827016067,
            169.07753222279698,
            455.46092370868075,
            687.9988531565034,
            781.1469472705114,
            707.0942860774743,
            629.228904246851,
            573.690591215718,
            471.169555888977,
            452.05001179429553,
            361.05246721342115,
            265.05093551024845,
            147.18389903803484,
            60.288649728826186,
            0,
            0,
            0,
            0,
            0,
            0,
            0,
            0,
            0,
            0,
            0,
            0,
            0
        ],
        [
            -21.72567213414026,
            -50.86381064176027,
            -113.48527655025927,
            -247.88772773924228,
            -199.04091992724975,
            -291.86402709451073,
            -315.2641814731536,
            -292.70828140868736,
            -427.7443140928477,
            -358.92769624884943,
            -367.9632706496215,
            -275.47344927733076,
            -80.44067140014863,
            196.37699723210008,
            456.9982232680387,
            664.4014958465568,
            741.912252868856,
            667.6583305217819,
            589.9726899008523,
            531.6029083165441,
            432.93147308793596,
            404.04843247175404,
            306.5447913010869,
            186.21217105610825,
            0,
            0,
            0,
            0,
            0,
            0,
            0,
            0,
            0,
            0,
            0,
            0,
            0,
            0,
            0
        ],
        [
            0,
            -29.93617924672503,
            -82.89711708622875,
            -203.8304054385297,
            -155.76618167028198,
            -238.99470237929793,
            -257.49238568977756,
            -233.20187932381984,
            -354.1631973555533,
            -286.86387829415736,
            -291.85826859244764,
            -206.3457387676936,
            -30.520575410274926,
            214.3319668994216,
            439.23645784100984,
            611.1564976958277,
            665.324731371234,
            588.2060828955292,
            507.4762276688252,
            440.65853746529115,
            341.6028299394901,
            288.2863736640077,
            145.22330966980684,
            0,
            0,
            0,
            0,
            0,
            0,
            0,
            0,
            0,
            0,
            0,
            0,
            0,
            0,
            0,
            0
        ],
        [
            0,
            -45.231983139639894,
            -110.0657685881464,
            -230.8272989432031,
