{
    "bin_ranges": {
        "m3pi_lower_limit": 1.38,
        "m3pi_upper_limit": 1.42,
        "t_lower_limit": 0.194,
        "t_upper_limit": 0.326
    },
    "info": "The dalitz matrix M is computed as sqrt(-Kibble) * (A[1]-A[2])",
    "bin_centers": [
        0.29900000000000004,
        0.33999999999999997,
        0.38,
        0.42000000000000004,
        0.45999999999999996,
        0.5,
        0.54,
        0.5800000000000001,
        0.62,
        0.66,
        0.69,
        0.71,
        0.73,
        0.75,
        0.77,
        0.79,
        0.81,
        0.83,
        0.85,
        0.87,
        0.89,
        0.91,
        0.94,
        0.98,
        1.02,
        1.06,
        1.1,
        1.1400000000000001,
        1.18,
        1.22,
        1.26
    ],
    "real(M)": [
        [
            0,
            0,
            0,
            0,
            0,
            0,
            0,
            0,
            0,
            0,
            0,
            0,
            0,
            0,
            0,
            0,
            39.862661732364955,
            76.36317816733305,
            93.41722888231111,
            103.11697314502352,
            127.61954280396007,
            138.44447976864305,
            140.02173727802,
            130.00925087358107,
            109.80917366378002,
            93.33999161250775,
            70.03247846926007,
            0,
            0,
            0,
            0
        ],
        [
            0,
            0,
            0,
            0,
            0,
            0,
            0,
            0,
            0,
            -4.3684115108643935,
            -32.5801605127861,
            -38.30918561198332,
            -38.054667718660816,
            -10.961801754312663,
            25.11257027509319,
            92.68398191822494,
            96.03625980448787,
            125.04982422710941,
            122.57268771943383,
            116.3294992501822,
            147.77715311038898,
            154.21257376873305,
            143.00962816701664,
            117.79596773122908,
            85.54662578003224,
            71.87968946670415,
            65.98984881953784,
            47.943541766321864,
            11.888776551905165,
            0,
            0
        ],
        [
            0,
            0,
            0,
            0,
            0,
            0,
            0,
            -2.6583714982873667,
            -24.582806205476167,
            -42.73410636458402,
            -56.23626577495444,
            -54.61108503399976,
            -46.78540865209936,
            0.33316347393044043,
            55.92208096460576,
            153.46626385482412,
            155.6007747272564,
            193.87003186151063,
            188.37083448768914,
            178.35320862821342,
            219.26824687130366,
            226.59856881435886,
            210.46834194440265,
            176.50489176026704,
            134.05591669711038,
            116.21340659602357,
            109.02671189218935,
            85.93673470200977,
            34.38257096239548,
            46.09127769311193,
            0
        ],
        [
            0,
            0,
            0,
            0,
            0,
            0,
            -10.166640181684983,
            -15.877589950869345,
            -47.45312393854308,
            -68.51018159081599,
            -84.09472206047633,
            -80.43161793294244,
            -69.27092273059428,
            -8.63341463162097,
            61.009691227264675,
            181.51827428244763,
            182.28911251353327,
            227.64402412806334,
            219.33823151897496,
            205.87966451515382,
            254.27019733338145,
            262.07613421888175,
            241.55091341062473,
            200.12527685443345,
            149.39556509906646,
            128.68468723715878,
            121.42708651615773,
            95.93107070583427,
            35.81568556338005,
            61.189239631501586,
            0
        ],
        [
            0,
            0,
            0,
            0,
            0,
            -18.033590352747336,
            -24.46492567218591,
            -29.868195509353242,
            -70.11322859382085,
            -94.65103590545765,
            -112.52799114382066,
            -107.48993989424667,
            -93.7627965827673,
            -21.843580856223156,
            59.72977092696595,
            199.9434655812582,
            199.6365636397248,
            251.1716146531843,
            240.4912480136697,
            224.07767979411207,
            278.94536976977025,
            287.14426833467815,
            262.752607472833,
            214.7697218888674,
            156.8286072349769,
            133.56498644206553,
            126.06755077478958,
            98.39772207941286,
            31.728964610253122,
            65.17041230684289,
            0
        ],
        [
            0,
            0,
            0,
            0,
            18.033590352747336,
            0,
            3.7703882976935272,
            5.353182673465068,
            -35.94875032289252,
            -58.217283653684376,
            -74.57216932701085,
            -66.19228622977846,
            -48.21425282285888,
            35.475456412506624,
            129.28721630029807,
            288.4666690200837,
            288.63843512170587,
            346.8685155668252,
            335.1330775980953,
            316.9519177337569,
            378.1524648690424,
            387.0947130361234,
            359.4741918634029,
            305.1325091336085,
            239.24668793908316,
            210.79134776297835,
            198.41233876990623,
            162.18402762298248,
            81.07246889122447,
            103.84531701310274,
            0
        ],
        [
            0,
            0,
            0,
            10.166640181684983,
            24.46492567218591,
            -3.7703882976935272,
            0,
            1.0759927079457936,
            -46.581244412147775,
            -71.61580894558442,
            -89.76854739286992,
            -80.32974520665582,
            -60.328757158641935,
            32.22466448036312,
            135.46530536525685,
            310.1906184817374,
            309.5799767801651,
            372.67307238802357,
            359.04349725847385,
            338.4766947583328,
            404.57292429178557,
            413.6067906265364,
            382.6004477428768,
            322.59258198703833,
            250.54688402539284,
            219.21399212862573,
            205.20761610655293,
            165.7151695903679,
            79.37473443848103,
            99.12126224175043,
            0
        ],
        [
            0,
            0,
            2.6583714982873667,
            15.877589950869345,
            29.868195509353242,
            -5.353182673465068,
            -1.0759927079457936,
            0,
            -52.89360245700422,
            -80.08265521273455,
            -99.62964052795651,
            -89.1161269914305,
            -67.18665284454693,
            33.37792995108075,
            145.1044518842987,
            333.7019882062435,
            332.4213898702823,
            399.8060718530401,
            384.46638736375604,
            361.7416219563224,
            432.0080934087098,
            440.9649148033155,
            406.7398345763101,
            341.41379691040106,
            263.64587473518264,
            229.2060748117726,
            212.78000604281294,
            169.3128074710944,
            78.24007282288082,
            86.99407767004746,
            0
        ],
        [
            0,
            0,
            24.582806205476167,
            47.45312393854308,
            70.11322859382085,
            35.94875032289252,
            46.581244412147775,
            52.89360245700422,
            0,
            -25.009631706993083,
            -43.06508819790607,
            -29.93988302698343,
            -4.77801090247134,
            104.24842228374207,
            224.6731101736173,
            426.49255664239564,
            425.4629029683137,
            497.24040493297105,
            480.8764967185138,
            456.5622006259625,
            530.4378311974804,
            539.1261736671883,
            501.44717244049247,
            429.84311910466687,
            344.4500197656217,
            303.00831218889584,
            277.9573228555656,
            221.94922540221629,
            114.87159159024985,
            73.20481693851464,
            0
        ],
        [
            0,
            4.3684115108643935,
            42.73410636458402,
            68.51018159081599,
            94.65103590545765,
            58.217283653684376,
            71.61580894558442,
            80.08265521273455,
            25.009631706993083,
            0,
            -18.01991195880724,
            -3.379959017126495,
            23.887856343742012,
            139.60327057281577,
            266.91242699786284,
            479.47273107207104,
            478.018608112239,
            552.9120984318647,
            535.0925744110546,
            508.90005083076517,
            585.1951118625302,
            593.0988598191831,
            551.8385705433817,
            474.33966829268013,
            382.3417367529758,
            334.73092807726255,
            301.7856756833989,
            234.51194637600094,
            114.01102785931764,
            0,
            0
        ],
        [
            0,
            32.5801605127861,
            56.23626577495444,
            84.09472206047633,
            112.52799114382066,
            74.57216932701085,
            89.76854739286992,
            99.62964052795651,
            43.06508819790607,
            18.01991195880724,
            0,
            15.618209493234843,
            44.24072952191842,
            164.26347292335416,
            295.9434441777311,
            515.2542141843231,
            513.3506649336177,
            589.981620874042,
            570.9955393104453,
            543.3599204544659,
            620.7414542897118,
            627.7289806738074,
            583.6078975939482,
            501.5594363498575,
            404.54753928629606,
            351.6031005701813,
            311.2032309790396,
            233.0286214865746,
            96.84163222834425,
            0,
            0
        ],
        [
            0,
            38.30918561198332,
            54.61108503399976,
            80.43161793294244,
            107.48993989424667,
            66.19228622977846,
            80.32974520665582,
            89.1161269914305,
            29.93988302698343,
            3.379959017126495,
            -15.618209493234843,
            0,
            28.896690053548657,
            150.9800292137695,
            284.77994613899835,
            507.60203485343567,
            505.06026863903213,
            582.3454195767385,
            562.4149412609917,
            533.7501551618282,
            611.5199444404615,
            617.8529754167091,
            572.1055761039635,
            487.8462178613096,
            388.8915245178279,
            334.1328680695212,
            290.95906432784415,
            208.44845646556377,
            62.02954467629852,
            0,
            0
        ],
        [
            0,
            38.05466771866082,
            46.78540865209936,
            69.27092273059428,
            93.7627965827673,
            48.21425282285888,
            60.328757158641935,
            67.18665284454693,
            4.77801090247134,
            -23.887856343742012,
            -44.24072952191842,
            -28.896690053548657,
            0,
            123.69848636416812,
            259.1655244550932,
            484.86035552057524,
            481.5632325234939,
            559.2233746033905,
            538.329296575903,
            508.6755978350844,
            586.6188066911698,
            592.3019183758194,
            545.173655782099,
            459.2979142969095,
            359.34174605153675,
            303.81809594288154,
            259.0522137390434,
            173.4972700549108,
            0,
            0,
            0
        ],
        [
            0,
            10.961801754312665,
            -0.33316347393044043,
            8.63341463162097,
            21.843580856223156,
            -35.475456412506624,
            -32.22466448036312,
            -33.37792995108075,
            -104.24842228374207,
            -139.60327057281577,
            -164.26347292335416,
            -150.9800292137695,
            -123.69848636416812,
            0,
            135.69661238707872,
            362.8269407596068,
            358.08768845806856,
            435.48465634593776,
            413.494649515551,
            383.0319904321677,
            461.32654904047644,
            467.05949161058675,
            420.45648635377097,
            337.101204992413,
            242.519173964069,
            195.2414458067974,
            161.84590043598007,
            93.61657852903532,
            0,
            0,
            0
        ],
        [
            0,
            -25.11257027509319,
            -55.92208096460576,
            -61.009691227264675,
            -59.72977092696595,
            -129.28721630029807,
            -135.46530536525685,
            -145.1044518842987,
            -224.6731101736173,
            -266.91242699786284,
            -295.9434441777311,
            -284.77994613899835,
            -259.1655244550932,
            -135.69661238707872,
            0,
            228.14171897532952,
            222.12035149736005,
            299.2509019639842,
            276.4685838026674,
            245.5901983138774,
            324.3682376723867,
            330.56041210626347,
            285.44244054033476,
            206.39118237147514,
            119.73413250850902,
            84.03632954319839,
            66.9486910853859,
            26.14893409888719,
            0,
            0,
            0
        ],
        [
            0,
            -92.68398191822494,
            -153.46626385482412,
            -181.51827428244763,
            -199.9434655812582,
            -288.4666690200837,
            -310.1906184817374,
            -333.7019882062435,
            -426.49255664239564,
            -479.47273107207104,
            -515.2542141843231,
            -507.60203485343567,
            -484.86035552057524,
            -362.8269407596068,
            -228.14171897532952,
            0,
            -7.480681022951836,
            69.26691726156554,
            46.151550880264956,
            15.682909306709632,
            95.7838250839108,
            103.89148916866439,
            63.49211472380566,
            -4.885696929019057,
            -74.1452309372812,
            -84.56720553449289,
            -63.5924019645056,
            -18.064998687154414,
            0,
            0,
            0
        ],
        [
            -39.8626617323648,
            -96.03625980448787,
            -155.6007747272564,
            -182.28911251353327,
            -199.6365636397248,
            -288.63843512170587,
            -309.5799767801651,
            -332.4213898702823,
            -425.4629029683137,
            -478.018608112239,
            -513.3506649336177,
            -505.06026863903213,
            -481.5632325234939,
            -358.08768845806856,
            -222.12035149736005,
            7.480681022951836,
            0,
            76.94711577344691,
            53.686660283061556,
            23.122174491061664,
            102.87715953167559,
            110.60956605748932,
            69.9286906710457,
            1.836336364866357,
            -65.739665140652,
            -74.3674536020524,
            -50.631586623052875,
            0,
            0,
            0,
            0
        ],
        [
            -76.36317816733295,
            -125.04982422710941,
            -193.87003186151063,
            -227.64402412806334,
            -251.1716146531843,
            -346.8685155668252,
            -372.6730723880238,
            -399.8060718530402,
            -497.2404049329713,
            -552.9120984318646,
            -589.9816208740422,
            -582.3454195767387,
            -559.2233746033907,
            -435.4846563459378,
            -299.2509019639842,
            -69.26691726156555,
            -76.94711577344691,
            0,
            -23.023183402045017,
            -52.962008950706135,
            27.08851289348804,
            35.69868410456846,
            -2.3758569592515166,
            -64.38630790230101,
            -121.43491395204558,
            -115.03156825184726,
            -63.49641808955559,
            0,
            0,
            0,
            0
        ],
        [
            -93.41722888231111,
            -122.57268771943383,
            -188.37083448768914,
            -219.33823151897496,
            -240.4912480136697,
            -335.1330775980953,
            -359.04349725847385,
            -384.46638736375604,
            -480.8764967185138,
            -535.0925744110546,
            -570.9955393104453,
            -562.4149412609917,
            -538.329296575903,
            -413.494649515551,
            -276.4685838026674,
            -46.151550880264956,
            -53.686660283061556,
            23.023183402045017,
            0,
            -29.86241711788098,
            49.1023862769079,
            57.055543579289086,
            18.648784157706665,
            -42.979355300520474,
            -97.77110928552516,
            -88.73248068828289,
            -13.98831777649075,
            0,
            0,
            0,
            0
        ],
        [
            -103.11697314502352,
            -116.32949925018264,
            -178.35320862821342,
            -205.87966451515382,
            -224.0776797941123,
            -316.9519177337569,
            -338.476694758333,
            -361.74162195632243,
            -456.5622006259626,
            -508.9000508307653,
            -543.3599204544659,
            -533.7501551618283,
            -508.6755978350844,
            -383.0319904321676,
            -245.59019831387744,
            -15.682909306709634,
            -23.122174491061664,
            52.962008950706135,
            29.862417117880987,
            0,
            77.25858259642514,
            84.16864710545364,
            45.007345358094234,
            -16.850093242321936,
            -69.93231234519094,
            -58.791228844916546,
            0,
            0,
            0,
            0,
            0
        ],
        [
            -127.61954280396,
            -147.777153110389,
            -219.26824687130366,
            -254.27019733338145,
            -278.94536976977025,
            -378.1524648690424,
            -404.57292429178557,
            -432.0080934087098,
            -530.4378311974804,
            -585.1951118625302,
            -620.7414542897118,
            -611.5199444404615,
            -586.6188066911698,
            -461.32654904047644,
            -324.3682376723867,
            -95.7838250839108,
            -102.87715953167559,
            -27.08851289348804,
            -49.1023862769079,
            -77.25858259642514,
            0,
            8.512550251948808,
            -25.750410821361708,
            -76.67166905819596,
            -110.09825666931675,
            -60.351456450482594,
            0,
            0,
            0,
            0,
            0
        ],
        [
            -138.44447976864313,
            -154.21257376873305,
            -226.59856881435886,
            -262.07613421888175,
            -287.14426833467815,
            -387.0947130361234,
            -413.6067906265364,
            -440.9649148033155,
            -539.1261736671883,
            -593.0988598191831,
            -627.7289806738074,
            -617.8529754167091,
            -592.3019183758194,
            -467.05949161058675,
            -330.56041210626347,
            -103.89148916866439,
            -110.60956605748932,
            -35.69868410456846,
            -57.055543579289086,
            -84.16864710545364,
            -8.512550251948808,
            0,
            -32.16088690583623,
            -77.15198175970555,
            -96.65457985506669,
            0,
            0,
            0,
            0,
            0,
            0
        ],
        [
            -140.02173727802008,
            -143.00962816701664,
            -210.46834194440288,
            -241.55091341062496,
            -262.752607472833,
            -359.4741918634029,
            -382.6004477428768,
            -406.7398345763101,
            -501.44717244049247,
            -551.8385705433817,
            -583.6078975939482,
            -572.1055761039635,
            -545.173655782099,
            -420.45648635377097,
            -285.44244054033476,
            -63.49211472380566,
            -69.9286906710457,
            2.3758569592515166,
            -18.648784157706665,
            -45.007345358094234,
            25.750410821361708,
            32.16088690583623,
            0,
            -41.09256872831742,
            -37.75911235596812,
            0,
            0,
            0,
            0,
            0,
            0
        ],
        [
            -130.00925087358112,
            -117.7959677312291,
            -176.50489176026713,
            -200.1252768544335,
            -214.7697218888674,
            -305.1325091336085,
            -322.59258198703833,
            -341.41379691040106,
            -429.84311910466687,
            -474.33966829268013,
            -501.5594363498575,
            -487.8462178613096,
            -459.2979142969095,
            -337.101204992413,
            -206.39118237147514,
            4.885696929019057,
            -1.836336364866357,
            64.38630790230101,
            42.979355300520474,
            16.850093242321936,
            76.67166905819596,
            77.15198175970555,
            41.09256872831742,
            0,
            0,
            0,
            0,
            0,
            0,
            0,
            0
        ],
        [
            -109.80917366378007,
            -85.54662578003226,
            -134.0559166971105,
            -149.39556509906652,
            -156.8286072349769,
            -239.24668793908316,
            -250.54688402539284,
            -263.64587473518264,
            -344.4500197656217,
            -382.3417367529758,
            -404.54753928629606,
            -388.8915245178279,
            -359.34174605153675,
            -242.519173964069,
            -119.73413250850902,
            74.1452309372812,
            65.739665140652,
            121.4349139520456,
            97.77110928552516,
            69.93231234519094,
            110.09825666931675,
            96.65457985506669,
            37.75911235596812,
            0,
            0,
            0,
            0,
            0,
            0,
            0,
            0
        ],
        [
            -93.33999161250783,
            -71.87968946670415,
            -116.21340659602373,
            -128.6846872371588,
            -133.56498644206553,
            -210.79134776297835,
            -219.21399212862573,
            -229.2060748117726,
            -303.00831218889584,
            -334.73092807726255,
            -351.6031005701813,
            -334.1328680695212,
            -303.81809594288154,
            -195.2414458067974,
            -84.03632954319839,
            84.56720553449289,
            74.3674536020524,
            115.03156825184728,
            88.73248068828289,
            58.79122884491657,
            60.35145645048262,
            0,
            0,
            0,
            0,
            0,
            0,
            0,
            0,
            0,
            0
        ],
        [
            -70.03247846926025,
            -65.98984881953787,
            -109.02671189218937,
            -121.4270865161578,
            -126.06755077478958,
            -198.41233876990623,
            -205.2076161065529,
            -212.7800060428129,
            -277.9573228555656,
            -301.78567568339895,
            -311.2032309790396,
            -290.95906432784415,
            -259.0522137390434,
            -161.84590043598007,
            -66.9486910853859,
            63.5924019645056,
            50.63158662305288,
            63.496418089555554,
            13.988317776490812,
            0,
            0,
            0,
            0,
            0,
            0,
            0,
            0,
            0,
            0,
            0,
            0
        ],
        [
            0,
            -47.9435417663219,
            -85.93673470200987,
            -95.93107070583426,
            -98.39772207941287,
            -162.1840276229825,
            -165.71516959036796,
            -169.3128074710944,
            -221.94922540221629,
            -234.51194637600096,
            -233.0286214865745,
            -208.44845646556377,
            -173.4972700549108,
            -93.61657852903532,
            -26.14893409888719,
            18.064998687154336,
            0,
            0,
            0,
            0,
            0,
            0,
            0,
            0,
            0,
            0,
            0,
            0,
            0,
            0,
            0
        ],
        [
            0,
            -11.888776551905185,
            -34.382570962395505,
            -35.81568556338006,
            -31.72896461025312,
            -81.07246889122449,
            -79.37473443848103,
            -78.24007282288079,
            -114.87159159024984,
            -114.01102785931764,
            -96.84163222834431,
            -62.029544676298485,
            0,
            0,
            0,
            0,
            0,
            0,
            0,
            0,
            0,
            0,
            0,
            0,
            0,
            0,
            0,
            0,
            0,
            0,
            0
        ],
        [
            0,
            0,
            -46.09127769311217,
            -61.18923963150162,
            -65.17041230684288,
            -103.8453170131027,
            -99.12126224175047,
            -86.99407767004745,
            -73.20481693851444,
            0,
            0,
            0,
            0,
            0,
            0,
            0,
            0,
            0,
            0,
            0,
            0,
            0,
            0,
            0,
            0,
            0,
            0,
            0,
            0,
            0,
            0
        ],
        [
            0,
            0,
            0,
            0,
            0,
            0,
            0,
            0,
            0,
            0,
            0,
            0,
            0,
            0,
            0,
            0,
            0,
            0,
            0,
            0,
            0,
            0,
            0,
            0,
            0,
            0,
            0,
            0,
            0,
            0,
            0
        ]
    ],
    "imag(M)": [
        [
            0,
            0,
            0,
            0,
            0,
            0,
            0,
            0,
            0,
            0,
            0,
            0,
            0,
            0,
            0,
            0,
            -32.982324572165524,
            -40.35413374244907,
            -41.46092212110838,
            -38.56228831759752,
            -53.38189648278773,
            -44.10432101029111,
            -36.54229480597641,
            -28.09747872313629,
            -29.060378759205015,
            -22.43726443143132,
            -10.462054675724136,
            0,
            0,
            0,
            0
        ],
        [
            0,
            0,
            0,
            0,
            0,
            0,
            0,
            0,
            0,
            -4.208594116400264,
            -40.27545224329494,
            -83.28754968354214,
            -126.47668935931455,
            -171.87293422742374,
            -179.31780441003494,
            -194.85779635567715,
            -146.55621276090477,
            -106.17832649374577,
            -87.19764804397553,
            -69.77120691998503,
            -93.75343929317717,
            -70.32530964927346,
            -52.23574479927333,
            -35.21611460133341,
            -37.88597299483835,
            -29.1776241817781,
            -11.501602507809292,
            -11.398117683463449,
            -13.343419476637287,
            0,
            0
        ],
        [
            0,
            0,
            0,
            0,
            0,
            0,
            0,
            1.4067252524014369,
            -11.473725698875592,
            -42.97509756854394,
            -75.54348824147398,
            -139.8178789245842,
            -197.00239867510513,
            -254.6074905482064,
            -253.5956513526619,
            -267.00252283806464,
            -191.23903773796627,
            -130.76350215339644,
            -102.17063037369695,
            -76.8401376977546,
            -107.71837951858579,
            -75.43632404206221,
            -50.63581921579572,
            -27.917707636968345,
            -31.709539147670448,
            -21.246777194188386,
            0.7271458643862553,
            -1.590095904977308,
            -10.078931808380638,
            -4.910675193371139,
            0
        ],
        [
            0,
            0,
            0,
            0,
            0,
            0,
            0.8664941753562563,
            1.0728368050032389,
            -25.255334694181673,
            -68.61166951389141,
            -109.97159998657655,
            -192.61692431563577,
            -263.39467537447433,
            -333.20267754794173,
            -328.19380541528767,
            -341.9113738929421,
            -245.76674413338907,
            -170.1466236030599,
            -134.52438210101388,
            -103.33484056832003,
            -140.37623119298917,
            -101.16267102911914,
            -71.15150029094362,
            -43.799434774506096,
            -48.13659302232632,
            -35.35429928650667,
            -8.51357496997591,
            -10.479474846537816,
            -19.97947919464249,
            -12.350038958663866,
            0
        ],
        [
            0,
            0,
            0,
            0,
            0,
            -8.308668194510366,
            -13.096017229226772,
            -16.852323000705766,
            -54.057081153673515,
            -108.95252802191916,
            -159.10348132647457,
            -257.99489842572365,
            -341.23988454682325,
            -422.3983963920824,
            -414.92917108272803,
            -429.69549898904836,
            -316.6684918598475,
            -228.46439455045405,
            -187.13175180851744,
            -151.15218749221106,
            -193.73857739692906,
            -148.65553195679314,
            -114.20219642453554,
            -82.6856903096134,
            -86.97240869786583,
            -71.30722095822146,
            -39.06400780766447,
            -38.74110418498683,
            -45.925588232542054,
            -31.599699605520506,
            0
        ],
        [
            0,
            0,
            0,
            0,
            8.308668194510366,
            0,
            -0.6543671235148603,
            -1.3324667508174903,
            -42.419833454768124,
            -102.92733281551462,
            -157.9500990078327,
            -269.34394864193507,
            -362.0172608354114,
            -451.78911491361055,
            -440.9110704370051,
            -455.4388502153274,
            -326.4388243408783,
            -226.14517409396592,
            -178.91007881661042,
            -137.9739875565626,
            -184.84857256335067,
            -134.1473700553373,
            -95.41458651630047,
            -60.362654311757076,
            -65.45050286996272,
            -49.061753174465686,
            -15.17868029177853,
            -17.2005838697711,
            -28.47063376634255,
            -18.177764212089805,
            0
        ],
        [
            0,
            0,
            0,
            -0.8664941753562563,
            13.096017229226772,
            0.6543671235148603,
            0,
            -0.6540751986835894,
            -47.287808679763174,
            -114.66907597640125,
            -175.303218685498,
            -298.58154057670276,
            -400.37460009389486,
            -498.4814352498599,
            -485.16444138267985,
            -499.99200332412687,
            -357.2232952472636,
            -246.56589780980306,
            -194.41455497542762,
            -149.35254561627286,
            -200.19817863384952,
            -144.67639008523162,
            -102.26589526791567,
            -64.00329677135706,
            -69.29329336407157,
            -51.448991832043845,
            -15.043207842528197,
            -17.164415882464404,
            -28.781256318169998,
            -17.356114681312288,
            0
        ],
        [
            0,
            0,
            -1.4067252524014369,
            -1.0728368050032389,
            16.852323000705766,
            1.3324667508174903,
            0.6540751986835894,
            0,
            -51.55587951288906,
            -125.09166173275064,
            -190.75596210329962,
            -324.6392919933267,
            -434.55953238796695,
            -540.0667377045887,
            -524.5298296804726,
            -539.552489084343,
            -384.4973329807513,
            -264.6088593825707,
            -208.06650029087254,
            -159.32995067918375,
            -213.5776691195677,
            -153.7964227049683,
            -108.12579088020442,
            -67.034450439207,
            -72.36272295131369,
            -53.199334192562084,
            -14.80716899120451,
            -16.873857512617388,
            -28.10715908220066,
            -14.948388738734822,
            0
        ],
        [
            0,
            0,
            11.473725698875592,
            25.255334694181673,
            54.057081153673515,
            42.419833454768124,
            47.287808679763174,
            51.55587951288906,
            0,
            -75.15625896417637,
            -142.71852330681,
            -284.4401190292598,
            -400.0914510491242,
            -510.7712277896526,
            -492.0119692989551,
            -506.0606886202386,
            -339.2442442542463,
            -210.48308807806401,
            -149.4826576076042,
            -97.10570853361926,
            -153.94550690071478,
            -90.41942667825698,
            -42.21990796592433,
            0.10259455794964047,
            -7.353645578145123,
            9.426491068410586,
            43.979978897826435,
            34.52839766321861,
            13.047121304635386,
            6.932716787513605,
            0
        ],
        [
            0,
            4.208594116400264,
            42.97509756854394,
            68.61166951389141,
            108.95252802191916,
            102.92733281551462,
            114.66907597640125,
            125.09166173275064,
            75.15625896417637,
            0,
            -68.27804661667707,
            -216.28051063085883,
            -336.373565269482,
            -451.011289304547,
            -428.9531227538508,
            -441.70528392665926,
            -264.4463483681618,
            -127.89341919921566,
            -63.00081887608475,
            -7.566461822530694,
            -66.60470173460679,
            -0.2215194325845149,
            49.41580699476008,
            91.26621231533215,
            79.99568790361944,
            91.57628387076318,
            117.81059238248857,
            95.39751520534725,
            54.511428777587696,
            0,
            0
        ],
        [
            0,
            40.27545224329494,
            75.54348824147398,
            109.97159998657655,
            159.10348132647457,
            157.9500990078327,
            175.303218685498,
            190.75596210329962,
            142.71852330681,
            68.27804661667707,
            0,
            -151.83264670222604,
            -274.5407761746949,
            -391.4683239805448,
            -367.0170769500301,
            -378.70619580207574,
            -194.64419164244032,
            -53.11705620028986,
            14.179727602927278,
            71.38228510620168,
            10.85705514137018,
            78.65234142106506,
            128.44406955988626,
            168.53571409896654,
            153.0099661265347,
            158.43188714177725,
            174.75468353181938,
            137.53422996128566,
            70.59966251103387,
            0,
            0
        ],
        [
            0,
            83.28754968354214,
            139.8178789245842,
            192.61692431563577,
            257.99489842572365,
            269.34394864193507,
            298.58154057670276,
            324.6392919933267,
            284.4401190292598,
            216.28051063085883,
            151.83264670222604,
            0,
            -122.1887644178344,
            -238.61673133690633,
            -211.14867354836824,
            -220.86223186328968,
            -31.810294242762552,
            113.29841149625328,
            182.3585270425634,
            240.59489943738083,
            178.96215956001552,
            246.7838040803226,
            294.6831055528724,
            329.333246090525,
            304.5979963055336,
            296.32998944785646,
            291.73048698376925,
            222.63432418064954,
            87.98696327143865,
            0,
            0
        ],
        [
            0,
            126.47668935931458,
            197.00239867510513,
            263.39467537447433,
            341.23988454682325,
            362.0172608354114,
            400.37460009389486,
            434.55953238796695,
            400.0914510491242,
            336.373565269482,
            274.5407761746949,
            122.1887644178344,
            0,
            -116.39591810155943,
            -86.62508495482558,
            -94.93901925091129,
            98.12569982481229,
            245.97220548649628,
            316.173031213955,
            374.89145973737624,
            311.97571539328686,
            379.345353913378,
            424.87142556942445,
            453.6849780230664,
            419.74354979684506,
            397.76020143134525,
            371.6472927740759,
            267.8311592795228,
            0,
            0,
            0
        ],
        [
            0,
            171.87293422742377,
            254.6074905482064,
            333.20267754794173,
            422.3983963920824,
            451.78911491361055,
            498.4814352498599,
            540.0667377045887,
            510.7712277896526,
            451.011289304547,
            391.4683239805448,
            238.61673133690633,
            116.39591810155943,
            0,
            31.728462959711216,
            24.55323321446785,
            220.88669822940375,
            370.79849494510455,
            441.62817910371206,
            500.3154775652053,
            435.92075294874866,
            502.2340732431737,
            544.549580143004,
            566.2772308779842,
            521.7450261871495,
            483.83691947737975,
            431.98819917460503,
