{
    "bin_ranges": {
        "m3pi_lower_limit": 1.3,
        "m3pi_upper_limit": 1.34,
        "t_lower_limit": 0.194,
        "t_upper_limit": 0.326
    },
    "info": "The dalitz matrix M is computed as sqrt(-Kibble) * (A[1]-A[2])",
    "bin_centers": [
        0.29900000000000004,
        0.33999999999999997,
        0.38,
        0.42000000000000004,
        0.45999999999999996,
        0.5,
        0.54,
        0.5800000000000001,
        0.62,
        0.66,
        0.69,
        0.71,
        0.73,
        0.75,
        0.77,
        0.79,
        0.81,
        0.83,
        0.85,
        0.87,
        0.89,
        0.91,
        0.94,
        0.98,
        1.02,
        1.06,
        1.1,
        1.1400000000000001,
        1.18
    ],
    "real(M)": [
        [
            0,
            0,
            0,
            0,
            0,
            0,
            0,
            0,
            0,
            0,
            0,
            0,
            0,
            0,
            21.162089380433,
            34.31187178114067,
            59.265340373520175,
            61.7028861250231,
            73.26780909368215,
            73.69798065587392,
            74.05733452963679,
            67.47506112460026,
            54.29284852916964,
            39.58214958061577,
            35.57996113125628,
            13.840708002968087,
            0,
            0,
            0
        ],
        [
            0,
            0,
            0,
            0,
            0,
            0,
            0,
            0,
            0,
            -31.059812552456698,
            -48.2911506568818,
            -42.194238678421534,
            -30.563452673764562,
            14.671450936735377,
            65.46609931625287,
            76.28909596827684,
            119.35754103794959,
            111.58118712787152,
            126.26321271386064,
            120.98194306033655,
            117.79266820324968,
            103.69243536154009,
            79.46728612597576,
            56.061091894363386,
            58.84507627661687,
            40.96542513771404,
            19.97735253620244,
            0,
            0
        ],
        [
            0,
            0,
            0,
            0,
            0,
            0,
            0,
            -13.34155739672281,
            -28.538959330156764,
            -42.89314742159174,
            -59.381942708410996,
            -43.765211750670744,
            -22.586784673085486,
            44.84437739129164,
            116.43748011873834,
            130.34584872076692,
            187.84575348901316,
            176.05963308851662,
            194.6168579559756,
            186.77933364512742,
            181.96201020211285,
            163.05725524636117,
            131.023549131919,
            100.06296274726029,
            103.49070262122355,
            79.45279687549356,
            49.9471347545459,
            23.203237933950575,
            0
        ],
        [
            0,
            0,
            0,
            0,
            0,
            -9.77087695051721,
            -35.80314572432951,
            -50.91077138274944,
            -74.00743481144508,
            -94.38603112622638,
            -116.5166027146836,
            -97.07722377522103,
            -71.28674999751951,
            11.319206319558758,
            97.6975524269583,
            112.63888621937396,
            180.6027460376943,
            164.5358507823288,
            185.43056710693725,
            174.872128894562,
            168.3096574027164,
            145.29885594651958,
            107.14899241209869,
            71.54559361539589,
            78.4080386351772,
            54.41147209628797,
            26.192360441940725,
            5.4652874980147335,
            0
        ],
        [
            0,
            0,
            0,
            0,
            0,
            -12.540251813037251,
            -39.25057141379773,
            -51.201359502404046,
            -74.59801614256743,
            -94.85846375837887,
            -118.40076066864142,
            -93.7917709379103,
            -62.271619694646155,
            34.923416038624836,
            135.47479122989856,
            152.68064346133497,
            230.77541970617767,
            211.98325253717408,
            235.58814528987878,
            223.16553063786228,
            215.327439752614,
            188.7809475977769,
            144.90034937383143,
            103.66295419115642,
            110.15551633547713,
            81.2174783383168,
            46.65562263970842,
            18.887342779137505,
            0
        ],
        [
            0,
            0,
            0,
            9.77087695051721,
            12.540251813037251,
            0,
            -28.21658825602117,
            -37.61469008204571,
            -60.9390689556384,
            -80.71640252314148,
            -105.1916596287161,
            -75.90551952267691,
            -39.20922899979843,
            70.88574549085067,
            183.95877517229562,
            203.25406892513854,
            290.2363844102927,
            269.07364259311316,
            294.9694847237227,
            280.8101214134441,
            271.68479278186373,
            241.85978536676868,
            192.62654098626473,
            145.78853578739884,
            150.61402957205817,
            115.82038801350151,
            73.75058885838317,
            36.831898159089675,
            0
        ],
        [
            0,
            0,
            0,
            35.80314572432951,
            39.25057141379773,
            28.21658825602117,
            0,
            -6.088587800071687,
            -28.29110083269192,
            -46.70409540901452,
            -71.37370604633406,
            -37.6083985929765,
            3.9660604777761663,
            125.6563562205687,
            249.90346782593804,
            271.1575588937966,
            365.92366772022507,
            342.66085775041785,
            370.3988919247573,
            354.5166707491676,
            343.96151676656984,
            310.932753117929,
            256.39115346199594,
            203.4212203560926,
            204.52032697385016,
            161.81639023442565,
            109.30345551413254,
            57.60774466185176,
            0
        ],
        [
            0,
            0,
            13.34155739672281,
            50.91077138274944,
            51.201359502404046,
            37.61469008204571,
            6.088587800071687,
            0,
            -23.702424452966103,
            -43.05042873300434,
            -69.26600427369743,
            -32.395195336639524,
            12.699499727626176,
            143.80387232333146,
            277.09964086692213,
            299.4483207990325,
            400.33879685091733,
            374.7781001834896,
            403.6218276331037,
            385.9003047801221,
            373.82722096571206,
            337.9213175051665,
            278.90657161430033,
            221.19841931756508,
            219.57893573522946,
            171.5383383024143,
            112.4319747996237,
            49.692740722881354,
            0
        ],
        [
            0,
            0,
            28.538959330156764,
            74.00743481144508,
            74.59801614256743,
            60.9390689556384,
            28.29110083269192,
            23.702424452966103,
            0,
            -19.035478721100606,
            -45.86119390569095,
            -5.887357270081364,
            42.590561222161064,
            182.0033653256964,
            323.12251581468547,
            346.4298836271809,
            452.33401617758494,
            424.66960694136765,
            454.07760191212134,
            434.4168454604172,
            420.5451076003999,
            381.6894345280477,
            317.9903065403979,
            254.53260844820835,
            247.21948034859102,
            190.41133565641667,
            118.90531914520368,
            9.733551001105546,
            0
        ],
        [
            0,
            31.059812552456705,
            42.89314742159174,
            94.38603112622638,
            94.85846375837887,
            80.71640252314148,
            46.70409540901452,
            43.05042873300434,
            19.035478721100606,
            0,
            -27.508294402717432,
            14.963969491692861,
            66.1392648905422,
            212.2320678407012,
            359.46881219942,
            383.22156736141966,
            492.66792139294483,
            462.87806987499636,
            492.1273054407947,
            470.36260960161644,
            454.4265996289851,
            412.68505864791183,
            344.50295556572354,
            275.20771114097016,
            260.4148322725606,
            193.0019391057815,
            103.18441769698883,
            0,
            0
        ],
        [
            0,
            48.2911506568818,
            59.381942708410996,
            116.5166027146836,
            118.40076066864142,
            105.1916596287161,
            71.37370604633406,
            69.26600427369743,
            45.86119390569095,
            27.508294402717432,
            0,
            44.25143024728396,
            97.24877216242581,
            247.4423596210091,
            398.24053995358537,
            422.07231052473566,
            533.1807679979844,
            501.76063265209496,
            530.2844632091623,
            506.65811966079553,
            488.7335069928495,
            444.53483422820403,
            372.43342399764884,
            297.2844065983241,
            273.2419932590168,
            192.35848555358248,
            67.2506001416591,
            0,
            0
        ],
        [
            0,
            42.194238678421534,
            43.765211750670744,
            97.07722377522103,
            93.7917709379103,
            75.90551952267691,
            37.6083985929765,
            32.395195336639524,
            5.887357270081364,
            -14.963969491692861,
            -44.25143024728396,
            0,
            53.15470615235249,
            204.8571259954173,
            356.9438445301518,
            380.34883309877574,
            491.9350410037594,
            459.53630174926093,
            487.65633903173216,
            463.32625788655184,
            444.8499559296025,
            400.21892233793636,
            328.01271778347325,
            253.65919650132614,
            229.6559693668572,
            149.14439356583006,
            0,
            0,
            0
        ],
        [
            0,
            30.563452673764562,
            22.586784673085486,
            71.28674999751951,
            62.271619694646155,
            39.20922899979843,
            -3.9660604777761663,
            -12.699499727626176,
            -42.590561222161064,
            -66.1392648905422,
            -97.24877216242581,
            -53.15470615235249,
            0,
            152.7976428437853,
            305.7557813420968,
            328.70549199011106,
            440.4766330764482,
            407.29598249918524,
            435.03013918050425,
            410.2433032686716,
            391.48669914751935,
            346.87388374674237,
            275.4368266878438,
            203.3125914712834,
            180.6846893008677,
            102.28531977756508,
            0,
            0,
            0
        ],
        [
            0,
            -14.671450936735377,
            -44.84437739129164,
            -11.319206319558758,
            -34.923416038624836,
            -70.88574549085067,
            -125.6563562205687,
            -143.80387232333146,
            -182.0033653256964,
            -212.2320678407012,
            -247.4423596210091,
            -204.8571259954173,
            -152.7976428437853,
            0,
            153.01725341309267,
            175.41994757120273,
            287.33476587488644,
            254.21540504416353,
            282.61066604461564,
            259.09809210886704,
            242.30713155903345,
            200.70773968018415,
            135.9821927357062,
            77.32843062717967,
            72.61586458602608,
            26.08623807849659,
            0,
            0,
            0
        ],
        [
            -21.162089380433,
            -65.46609931625287,
            -116.43748011873834,
            -97.6975524269583,
            -135.47479122989856,
            -183.95877517229562,
            -249.90346782593804,
            -277.09964086692213,
            -323.12251581468547,
            -359.46881219942,
            -398.24053995358537,
            -356.9438445301518,
            -305.7557813420968,
            -153.01725341309267,
            0,
            22.246464581397117,
            134.40770721055506,
            102.03643769954878,
            131.6020024740167,
            110.18185811721801,
            96.26038211495758,
            58.87473541262762,
            3.1431088429192453,
            -37.801341540128476,
            -17.915815370508508,
            0,
            0,
            0,
            0
        ],
        [
            -34.311871781140646,
            -76.28909596827684,
            -130.34584872076692,
            -112.63888621937396,
            -152.68064346133497,
            -203.25406892513854,
            -271.1575588937966,
            -299.4483207990325,
            -346.4298836271809,
            -383.22156736141966,
            -422.07231052473566,
            -380.34883309877574,
            -328.70549199011106,
            -175.41994757120273,
            -22.246464581397117,
            0,
            111.72882541252773,
            79.48767899995212,
            108.78208750927455,
            87.64961708532029,
            74.09632522430744,
            37.84867727258669,
            -14.996056084283504,
            -50.127981431288894,
            -24.4945237577678,
            0,
            0,
            0,
            0
        ],
        [
            -59.265340373520175,
            -119.3575410379496,
            -187.84575348901316,
            -180.6027460376943,
            -230.77541970617767,
            -290.2363844102927,
            -365.92366772022507,
            -400.33879685091733,
            -452.33401617758494,
            -492.66792139294483,
            -533.1807679979844,
            -491.9350410037594,
            -440.4766330764482,
            -287.33476587488644,
            -134.40770721055506,
            -111.72882541252773,
            0,
            -30.616340699133865,
            0.09963337927525767,
            -18.21917731551658,
            -28.251112110520484,
            -59.22679774021887,
            -100.93285583438404,
            -113.59599502605195,
            -48.854648604601714,
            0,
            0,
            0,
            0
        ],
        [
            -61.70288612502313,
            -111.5811871278712,
            -176.05963308851688,
            -164.5358507823288,
            -211.98325253717414,
            -269.07364259311316,
            -342.6608577504181,
            -374.77810018348964,
            -424.66960694136776,
            -462.87806987499647,
            -501.76063265209507,
            -459.53630174926104,
            -407.2959824991853,
            -254.2154050441636,
            -102.03643769954878,
            -79.48767899995212,
            30.616340699133872,
            0,
            29.426930335423496,
            10.668075203482012,
            -0.08188796238609311,
            -30.885836558257445,
            -71.35038595288577,
            -80.49456500170713,
            0,
            0,
            0,
            0,
            0
        ],
        [
            -73.26780909368212,
            -126.26321271386064,
            -194.6168579559756,
            -185.43056710693736,
            -235.58814528987878,
            -294.9694847237227,
            -370.3988919247573,
            -403.6218276331037,
            -454.07760191212134,
            -492.1273054407947,
            -530.2844632091623,
            -487.65633903173216,
            -435.03013918050425,
            -282.61066604461564,
            -131.6020024740167,
            -108.78208750927455,
            -0.09963337927525767,
            -29.426930335423496,
            0,
            -17.13496153926211,
            -26.053565209933915,
            -53.203329913841976,
            -85.14518925046552,
            -72.85040894625457,
            0,
            0,
            0,
            0,
            0
        ],
        [
            -73.69798065587456,
            -120.98194306033655,
            -186.77933364512756,
            -174.87212889456225,
            -223.1655306378624,
            -280.8101214134441,
            -354.5166707491677,
            -385.9003047801221,
            -434.4168454604172,
            -470.36260960161644,
            -506.65811966079553,
            -463.3262578865519,
            -410.24330326867164,
            -259.09809210886704,
            -110.18185811721804,
            -87.64961708532029,
            18.21917731551658,
            -10.668075203482012,
            17.13496153926211,
            0,
            -9.198607193673057,
            -34.960087505433236,
            -62.295336776564646,
            -22.348347943494936,
            0,
            0,
            0,
            0,
            0
        ],
        [
            -74.05733452963679,
            -117.79266820324969,
            -181.96201020211282,
            -168.30965740271648,
            -215.327439752614,
            -271.68479278186373,
            -343.96151676656984,
            -373.82722096571206,
            -420.5451076003999,
            -454.4265996289851,
            -488.7335069928495,
            -444.8499559296025,
            -391.48669914751935,
            -242.30713155903345,
            -96.26038211495758,
            -74.09632522430744,
            28.251112110520484,
            0.08188796238609311,
            26.053565209933915,
            9.198607193673057,
            0,
            -23.512918397185757,
            -43.126809979267755,
            0,
            0,
            0,
            0,
            0,
            0
        ],
        [
            -67.47506112460023,
            -103.69243536154009,
            -163.05725524636134,
            -145.29885594651958,
            -188.7809475977769,
            -241.85978536676868,
            -310.932753117929,
            -337.9213175051665,
            -381.6894345280477,
            -412.68505864791183,
            -444.53483422820403,
            -400.21892233793636,
            -346.87388374674237,
            -200.70773968018415,
            -58.87473541262762,
            -37.84867727258669,
            59.22679774021887,
            30.885836558257445,
            53.203329913841976,
            34.960087505433236,
            23.512918397185757,
            0,
            -13.243126380316768,
            0,
            0,
            0,
            0,
            0,
            0
        ],
        [
            -54.29284852916965,
            -79.46728612597576,
            -131.0235491319192,
            -107.14899241209879,
            -144.90034937383143,
            -192.62654098626473,
            -256.39115346199594,
            -278.90657161430033,
            -317.9903065403979,
            -344.50295556572354,
            -372.43342399764884,
            -328.01271778347325,
            -275.4368266878438,
            -135.9821927357062,
            -3.1431088429192453,
            14.996056084283504,
            100.93285583438404,
            71.35038595288577,
            85.14518925046552,
            62.29533677656465,
            43.126809979267755,
            13.243126380316768,
            0,
            0,
            0,
            0,
            0,
            0,
            0
        ],
        [
            -39.582149580615805,
            -56.06109189436337,
            -100.06296274726033,
            -71.5455936153959,
            -103.66295419115642,
            -145.78853578739884,
            -203.4212203560926,
            -221.19841931756508,
            -254.53260844820838,
            -275.2077111409701,
            -297.28440659832404,
            -253.65919650132614,
            -203.3125914712834,
            -77.32843062717967,
            37.801341540128476,
            50.127981431288894,
            113.59599502605195,
            80.49456500170713,
            72.85040894625453,
            22.348347943495188,
            0,
            0,
            0,
            0,
            0,
            0,
            0,
            0,
            0
        ],
        [
            -35.5799611312563,
            -58.845076276616886,
            -103.49070262122366,
            -78.4080386351772,
            -110.15551633547713,
            -150.61402957205817,
            -204.5203269738502,
            -219.57893573522944,
            -247.21948034859096,
            -260.41483227256066,
            -273.2419932590168,
            -229.6559693668572,
            -180.6846893008677,
            -72.61586458602606,
            17.915815370508508,
            24.4945237577678,
            48.854648604601714,
            0,
            0,
            0,
            0,
            0,
            0,
            0,
            0,
            0,
            0,
            0,
            0
        ],
        [
            -13.840708002968087,
            -40.96542513771402,
            -79.45279687549355,
            -54.41147209628798,
            -81.2174783383168,
            -115.82038801350153,
            -161.81639023442565,
            -171.53833830241436,
            -190.41133565641667,
            -193.00193910578147,
            -192.35848555358248,
            -149.14439356583003,
            -102.28531977756508,
            -26.086238078496596,
            0,
            0,
            0,
            0,
            0,
            0,
            0,
            0,
            0,
            0,
            0,
            0,
            0,
            0,
            0
        ],
        [
            0,
            -19.97735253620242,
            -49.947134754545914,
            -26.19236044194073,
            -46.65562263970842,
            -73.75058885838318,
            -109.30345551413262,
            -112.43197479962369,
            -118.9053191452037,
            -103.18441769698872,
            -67.25060014165885,
            0,
            0,
            0,
            0,
            0,
            0,
            0,
            0,
            0,
            0,
            0,
            0,
            0,
            0,
            0,
            0,
            0,
            0
        ],
        [
            0,
            0,
            -23.203237933950643,
            -5.4652874980147335,
            -18.887342779137498,
            -36.83189815908966,
            -57.6077446618518,
            -49.69274072288136,
            -9.733551001105676,
            0,
            0,
            0,
            0,
            0,
            0,
            0,
            0,
            0,
            0,
            0,
            0,
            0,
            0,
            0,
            0,
            0,
            0,
            0,
            0
        ],
        [
            0,
            0,
            0,
            0,
            0,
            0,
            0,
            0,
            0,
            0,
            0,
            0,
            0,
            0,
            0,
            0,
            0,
            0,
            0,
            0,
            0,
            0,
            0,
            0,
            0,
            0,
            0,
            0,
            0
        ]
    ],
    "imag(M)": [
        [
            0,
            0,
            0,
            0,
            0,
            0,
            0,
            0,
            0,
            0,
            0,
            0,
            0,
            0,
            -56.21013577267975,
            -68.21268595597876,
            -64.84323678342184,
            -55.137264226857134,
            -52.26049098201934,
            -39.32983540278335,
            -36.03883527474922,
            -38.01408262893387,
            -29.504828227670483,
            -16.821692686354023,
            -11.124696932673885,
            -4.448971992645875,
            0,
            0,
            0
        ],
        [
            0,
            0,
            0,
            0,
            0,
            0,
            0,
            0,
            0,
            -26.327214891083237,
            -69.06967788822665,
            -77.8317196492916,
            -128.70315863665093,
            -156.91239545561976,
            -175.82771868189266,
            -142.64275377099602,
            -105.82766851754484,
            -70.59346550776337,
            -56.94282829174255,
            -27.512739529728353,
            -18.945961799303817,
            -21.269285319112296,
            -5.792205649436622,
            14.60346942557652,
            19.343721452282125,
            19.672663270125152,
            3.0394333348233964,
            0,
            0
        ],
        [
            0,
            0,
            0,
            0,
            0,
            0,
            0,
            -15.815198755928057,
            -33.133655394854316,
            -62.67389413705222,
            -126.13824266782537,
            -133.32475813980108,
            -204.24141712057207,
            -239.25467552121384,
            -260.8205622880892,
            -210.92929929021534,
            -158.4590883552579,
            -109.85140285937217,
            -91.09137365346311,
            -51.908639155725005,
            -40.58471055238892,
            -43.57633212630318,
            -23.231171521137295,
            3.885787109249059,
            11.302990107000396,
            14.090238377997633,
            -6.29296618983609,
            1.6090318885022554,
            0
        ],
        [
            0,
            0,
            0,
            0,
            0,
            1.3520357250872455,
            -7.583792509089252,
            -20.81116240204706,
            -39.629245891089084,
            -74.38554863157171,
            -152.82983507184073,
            -158.92237587821214,
            -245.2528911741147,
            -285.66681559955344,
            -309.33615318027347,
            -245.89076775620782,
            -180.47441689540085,
            -120.65497355363925,
            -97.41536449753097,
            -49.99602913917613,
            -36.244354414547885,
            -39.70849168299914,
            -15.479600194094523,
            16.477711640171975,
            24.755439827091156,
            27.29561828413271,
            1.0823049782022276,
            8.69269024903903,
            0
        ],
        [
            0,
            0,
            0,
            0,
            0,
            5.643211571757103,
            -7.630890672518396,
            -23.096803431384227,
            -44.573484148813115,
            -84.6098355342257,
            -176.17906889127318,
            -181.81646459206263,
            -281.5689233485722,
            -326.9536366574792,
            -352.7341957282188,
            -277.93273553044065,
            -201.58062647134568,
            -132.25164701751058,
            -105.23979095480753,
            -50.81669300480497,
            -35.021719687400804,
            -38.896362695903804,
            -11.365720455599593,
            24.673630022581335,
            33.69964391226084,
            36.091618499647375,
            5.7316989734280375,
            13.326713069024956,
            0
        ],
        [
            0,
            0,
            0,
            -1.3520357250872455,
            -5.643211571757103,
            0,
            -18.64479528273827,
            -38.006249832192175,
            -63.49756723715227,
            -109.58375026868264,
            -213.51480146745985,
            -219.36637372198268,
            -331.3438757652092,
            -381.5338149576087,
            -409.5425913591291,
            -325.1367706807964,
            -239.48411739585325,
            -162.05194129382753,
            -131.87710192226442,
            -71.45367937236095,
            -53.898080822359645,
            -58.048696256438554,
            -27.469264703365134,
            12.545721794269129,
            23.080787018875043,
            26.69067352722431,
            -4.47277586974743,
            6.238897693343113,
            0
        ],
        [
            0,
            0,
            0,
            7.583792509089252,
            7.630890672518396,
            18.64479528273827,
            0,
            -18.981649794383234,
            -44.763950658034055,
            -93.3910697729328,
            -206.3757692385769,
            -211.34395479699705,
            -333.0664347154081,
            -386.56653980315843,
            -415.7036436310731,
            -322.18480384721977,
            -227.83388606673378,
            -142.91297308339446,
            -109.6888561368991,
            -43.95377687094377,
            -24.89691264972224,
            -29.43329559566906,
            3.1198503409787257,
            44.84285110291223,
            53.9907220584493,
            54.58851940534035,
            17.564870911456094,
            20.817238816814307,
            0
        ],
        [
            0,
            0,
            15.815198755928057,
            20.81116240204706,
            23.096803431384227,
            38.006249832192175,
            18.981649794383234,
            0,
            -26.31447815034241,
            -77.40062503340341,
            -198.45498162224288,
            -202.71446163438017,
            -332.98053419101115,
            -389.35703300449836,
            -419.4324503593797,
            -317.99732297669345,
            -216.1502616948504,
            -124.84500023101178,
            -89.06549500273428,
            -18.939086242783024,
            1.270500325061352,
            -3.6836166254929124,
            30.22261909102879,
            72.69724420192318,
            79.85902377288993,
            76.74792292015148,
            34.172449208794156,
            26.295082359200215,
            0
        ],
        [
            0,
            0,
            33.133655394854316,
            39.629245891089084,
            44.573484148813115,
            63.49756723715227,
            44.763950658034055,
            26.31447815034241,
            0,
            -52.8203019524055,
            -180.57908433752914,
            -184.0386797490752,
            -321.4407032080837,
            -380.0502610274384,
            -410.6861135743449,
            -302.3812739993559,
            -194.14316978599373,
            -97.5126856849335,
            -59.66120096298135,
            13.882720172159212,
            34.813282494795615,
            29.29221386722141,
            63.61520879275022,
            105.20035378503043,
            108.74371450438068,
            99.58733656438265,
            49.18870022257619,
            6.085269179990907,
            0
        ],
        [
            0,
            26.32721489108324,
            62.67389413705222,
            74.38554863157171,
            84.6098355342257,
            109.58375026868264,
            93.3910697729328,
            77.40062503340341,
            52.8203019524055,
            0,
            -132.45882678565118,
            -134.66478131189083,
            -277.45648772194147,
            -337.3803469575736,
            -367.98750569948527,
            -253.77799749489392,
            -140.26119032353242,
            -39.45950815905387,
            -0.16852704569951238,
            75.53772341257587,
            96.41436794957491,
            89.75099702954327,
            122.60903621416638,
            159.79038639083993,
            155.29887794767293,
            133.24556294544652,
            63.98782429477375,
            0,
            0
        ],
        [
            0,
            69.06967788822665,
            126.13824266782537,
            152.82983507184073,
            176.17906889127318,
            213.51480146745985,
            206.3757692385769,
            198.45498162224288,
            180.57908433752914,
            132.45882678565118,
            0,
            0.24347689025501412,
            -144.39356025343992,
            -203.88551323210655,
            -233.5065570349962,
            -115.23599488007581,
            1.5007878605453764,
            104.37472096802628,
            143.75302591647838,
            219.30692632104405,
            238.34787500614743,
            228.77408200735087,
            255.8277274204677,
            280.61771318254,
            256.9428170454086,
            203.92125109375496,
            70.98884769461006,
            0,
            0
        ],
        [
            0,
            77.8317196492916,
            133.32475813980108,
            158.92237587821214,
            181.81646459206263,
            219.36637372198268,
            211.34395479699705,
            202.71446163438017,
            184.0386797490752,
            134.66478131189083,
            -0.24347689025501412,
            0,
            -146.80115826261863,
            -206.96084493817557,
            -236.71976053529136,
            -116.8051863419839,
            1.2595286277740816,
            104.99904880043492,
            144.45639439721805,
            220.06951027717295,
            238.63460160960952,
            228.394988897593,
            254.0379533530807,
            275.51976251494995,
            246.65222932253593,
            183.1867151375116,
            0,
            0,
            0
        ],
        [
            0,
            128.70315863665093,
            204.24141712057207,
            245.2528911741147,
            281.5689233485722,
            331.3438757652092,
            333.0664347154081,
            332.98053419101115,
            321.4407032080837,
            277.45648772194147,
            144.39356025343992,
            146.80115826261863,
            0,
            -59.30070093906326,
            -88.19085306273611,
            33.446012690124306,
            152.3745705990468,
            255.96578702446268,
            294.07349696604194,
            367.47883756786547,
            382.75370160726465,
            368.31603513022696,
            385.170453987055,
            388.9668831339079,
            332.85838267636717,
            218.92806306279684,
            0,
            0,
            0
        ],
        [
            0,
            156.91239545561976,
            239.25467552121384,
            285.66681559955344,
            326.9536366574792,
            381.5338149576087,
            386.56653980315843,
            389.35703300449836,
            380.0502610274384,
            337.3803469575736,
            203.88551323210655,
            206.96084493817557,
            59.30070093906326,
            0,
            -28.719223286776597,
            93.71271764354405,
            212.80836418421384,
            315.83769894896176,
            352.68316919787827,
            424.09853943415357,
            436.84951578093745,
            419.47262078221263,
            429.8989903294842,
            420.50706575170744,
            343.10146583627164,
            174.9133408352127,
            0,
            0,
            0
        ],
        [
            56.21013577267975,
            175.82771868189266,
            260.8205622880892,
            309.33615318027347,
            352.7341957282188,
            409.5425913591291,
            415.7036436310731,
            419.4324503593797,
            410.6861135743449,
            367.98750569948527,
            233.5065570349962,
            236.71976053529136,
            88.19085306273611,
            28.719223286776597,
            0,
            122.62657983579874,
            241.3359065506423,
            343.33865462444714,
            378.76502006463704,
            447.91832817794216,
            458.1887383752987,
            438.14166899833583,
            442.3672678351342,
            419.87108489849425,
            319.29776091616645,
            0,
            0,
            0,
            0
        ],
        [
            68.21268595597871,
            142.64275377099602,
            210.92929929021534,
            245.89076775620782,
            277.93273553044065,
            325.1367706807964,
            322.18480384721977,
            317.99732297669345,
            302.3812739993559,
            253.77799749489392,
            115.23599488007581,
            116.8051863419839,
            -33.446012690124306,
            -93.71271764354405,
            -122.62657983579874,
            0,
            118.67830590130141,
            220.65281030573465,
            256.6004544024973,
            325.9839783886622,
            337.384385793823,
            319.42134174657826,
            326.4093849066759,
            307.6983597377568,
            208.14032387858546,
            0,
            0,
            0,
            0
        ],
        [
            64.84323678342184,
            105.82766851754485,
            158.4590883552579,
            180.47441689540085,
            201.58062647134568,
            239.48411739585325,
            227.83388606673378,
            216.1502616948504,
            194.14316978599373,
            140.26119032353242,
            -1.5007878605453764,
            -1.2595286277740816,
            -152.3745705990468,
            -212.80836418421384,
            -241.3359065506423,
            -118.67830590130141,
            0,
            102.028554271585,
            138.90199413958982,
            208.73958567807497,
            221.85576869424028,
            206.85003380639856,
            217.76019640775564,
            204.52788849832174,
            102.48495515570539,
            0,
            0,
            0,
            0
        ],
        [
            55.13726422685716,
            70.59346550776317,
            109.85140285937234,
            120.65497355363925,
            132.25164701751063,
            162.05194129382753,
            142.91297308339455,
            124.84500023101181,
            97.51268568493353,
            39.459508159053875,
            -104.3747209680263,
            -104.99904880043493,
            -255.96578702446274,
            -315.8376989489618,
            -343.33865462444714,
            -220.65281030573465,
            -102.02855427158501,
            0,
            38.04346886151466,
            108.30995892452006,
            123.45378961115368,
            111.97474016248215,
            127.31861890510517,
            119.84774418938083,
            0,
            0,
            0,
            0,
            0
        ],
        [
            52.26049098201932,
            56.94282829174255,
            91.09137365346311,
            97.41536449753104,
            105.23979095480753,
            131.87710192226442,
            109.6888561368991,
            89.06549500273428,
            59.66120096298135,
            0.16852704569951238,
            -143.75302591647838,
            -144.45639439721805,
            -294.07349696604194,
            -352.68316919787827,
            -378.76502006463704,
            -256.6004544024973,
            -138.90199413958982,
            -38.04346886151466,
            0,
            68.82949275222718,
            84.06523790874319,
            73.93445840239728,
            88.63460824782477,
            74.12163488118546,
            0,
