{
    "bin_ranges": {
        "m3pi_lower_limit": 1.9000000000000001,
        "m3pi_upper_limit": 1.9400000000000002,
        "t_lower_limit": 0.194,
        "t_upper_limit": 0.326
    },
    "info": "The dalitz matrix M is computed as sqrt(-Kibble) * (A[1]-A[2])",
    "bin_centers": [
        0.29900000000000004,
        0.33999999999999997,
        0.38,
        0.42000000000000004,
        0.45999999999999996,
        0.5,
        0.54,
        0.5800000000000001,
        0.62,
        0.66,
        0.69,
        0.71,
        0.73,
        0.75,
        0.77,
        0.79,
        0.81,
        0.83,
        0.85,
        0.87,
        0.89,
        0.91,
        0.94,
        0.98,
        1.02,
        1.06,
        1.1,
        1.1400000000000001,
        1.18,
        1.22,
        1.26,
        1.3,
        1.34,
        1.38,
        1.42,
        1.46,
        1.5,
        1.54,
        1.58,
        1.62,
        1.66,
        1.7,
        1.74,
        1.78
    ],
    "real(M)": [
        [
            0,
            0,
            0,
            0,
            0,
            0,
            0,
            0,
            0,
            0,
            0,
            0,
            0,
            0,
            0,
            0,
            0,
            0,
            0,
            0,
            0,
            0,
            0,
            0,
            0,
            0,
            35.179089165902575,
            91.71930129668374,
            136.3036199726502,
            139.2963679141057,
            180.27260512668755,
            154.4102919432337,
            136.45201279517792,
            134.47436828108962,
            107.60948775688111,
            104.48323058930514,
            94.51660326561515,
            48.205283249167344,
            0,
            0,
            0,
            0,
            0,
            0
        ],
        [
            0,
            0,
            0,
            0,
            0,
            0,
            0,
            0,
            0,
            0,
            0,
            0,
            0,
            0,
            0,
            0,
            0,
            0,
            0,
            0,
            0,
            56.50925576061299,
            101.19497841652336,
            133.33519364632733,
            139.24522511888847,
            162.44452362302852,
            191.35002115243097,
            152.25350961383973,
            192.78717188775812,
            159.93862083708711,
            217.1731423851878,
            154.4103819820651,
            116.0737961910611,
            113.54801557421979,
            71.1660833989601,
            80.36125098531633,
            90.10466449400641,
            35.930816573523614,
            62.8738125225577,
            41.362090574582304,
            52.0446563670663,
            0,
            0,
            0
        ],
        [
            0,
            0,
            0,
            0,
            0,
            0,
            0,
            0,
            0,
            0,
            0,
            0,
            0,
            0,
            0,
            51.730853357325984,
            118.03557383090997,
            117.09746928889042,
            118.36538037704982,
            160.20671878283434,
            174.12832822801323,
            176.28427505755025,
            180.109098074052,
            186.96331987863275,
            168.4007399456976,
            186.00825450517192,
            214.62924173498277,
            149.78476515037363,
            198.7559994515814,
            148.9625397440601,
            221.87153488848602,
            135.99341151886875,
            84.37949101915153,
            81.30085621630427,
            26.521759781166303,
            41.16118864944339,
            58.34309140553435,
            -10.54333563740897,
            35.57724997570631,
            16.535840493288212,
            73.94949239468976,
            43.807534492283715,
            0,
            0
        ],
        [
            0,
            0,
            0,
            0,
            0,
            0,
            0,
            0,
            0,
            0,
            0,
            8.732472444636334,
            61.86106486798571,
            117.09473227785126,
            187.00031930016664,
            210.18688587603202,
            285.0212386355919,
            242.72214810439948,
            226.36947755685364,
            280.30272208328995,
            291.3905655634258,
            287.471920297435,
            285.7599519344579,
            289.22944030874646,
            262.00208777713925,
            282.73749497454025,
            317.334648532906,
            236.2740285912077,
            296.275595651216,
            235.31186355277706,
            323.7795787358454,
            219.61259831130295,
            157.1623560596422,
            153.17062971788937,
            86.4440241119348,
            103.1444482211167,
            122.65601129071375,
            36.38592749905464,
            90.56836560585289,
            63.318520989601815,
            136.25387600172493,
            98.26065562363118,
            39.638335846933565,
            0
        ],
        [
            0,
            0,
            0,
            0,
            0,
            0,
            0,
            0,
            0,
            19.870760291069473,
            0.7105582200590114,
            -8.209646541090114,
            80.08095561421688,
            150.7651514198282,
            237.13088052023843,
            252.8234200915934,
            341.09623312334753,
            272.08522577502913,
            241.74183866167823,
            303.1573324306162,
            310.0082919165595,
            298.924038363455,
            289.0155136747576,
            284.76507848815163,
            245.4102631229226,
            264.55251685717565,
            300.5728441209326,
            201.76314786924257,
            268.7272321591396,
            195.48587440515362,
            296.203198740627,
            174.6088917511966,
            102.13383157417853,
            97.80400902365378,
            21.80130235579177,
            42.70236370614336,
            67.73317255640153,
            -28.84142216014974,
            38.67943281019641,
            12.88610034976121,
            108.8579444739733,
            78.02074222267211,
            30.159259492051692,
            0
        ],
        [
            0,
            0,
            0,
            0,
            0,
            0,
            0,
            -0.36876442834750833,
            4.243869607127486,
            -0.19089370720917165,
            -40.63013495498094,
            -56.66346899278739,
            57.25394969242489,
            141.8508438157647,
            243.22159518265974,
            254.71148441631098,
            355.39902405864257,
            264.98582791708685,
            223.24294926201378,
            291.4486392736452,
            294.8813858671609,
            277.66507473151296,
            260.5783532858514,
            249.36011937688548,
            198.88377597715024,
            216.34386006023772,
            253.4338521373532,
            138.17613982597055,
            211.32544498893333,
            126.68334409966687,
            238.5597556283181,
            100.98505220637342,
            19.43910357118337,
            15.030635115910396,
            -69.02990990146577,
            -43.76777794666377,
            -13.048030845462193,
            -117.79978751643179,
            -37.245580639999254,
            -60.13874282792901,
            57.05507867453667,
            34.063639762962346,
            -3.652023312634622,
            0
        ],
        [
            0,
            0,
            0,
            0,
            0,
            0,
            0,
            -23.28227076226201,
            -23.46972924045998,
            -36.689602577247314,
            -91.55754346236795,
            -112.78593831170039,
            23.053372046727716,
            120.4241390420205,
            235.7767149691754,
            244.59928906103954,
            357.13979848721766,
            248.48435351769157,
            197.14126357137047,
            272.0041328065185,
            272.84662156349384,
            250.50148495769707,
            227.43660003262463,
            210.46810732315583,
            150.26997783649344,
            166.62358476932943,
            205.0971794420743,
            74.9063620920725,
            154.08262279427288,
            59.09536878527733,
            181.52564417549985,
            29.30904079126849,
            -60.465459191252634,
            -64.79991460008084,
            -156.10372660898508,
            -126.69990042303378,
            -90.67829542859457,
            -202.54292736379466,
            -110.16223045516398,
            -130.15088774248792,
            5.326514352287566,
            -10.826293820664212,
            -39.3939499143712,
            0
        ],
        [
            0,
            0,
            0,
            0,
            0,
            0.36876442834750833,
            23.28227076226201,
            0,
            10.911265726541243,
            3.019183670809367,
            -55.9664327563132,
            -76.69324646435936,
            83.39221991497868,
            197.0046333583811,
            329.65532573345666,
            340.6235392131449,
            468.3209050105907,
            347.167956539917,
            290.9628157428441,
            375.7302830282371,
            377.8038944055594,
            354.1706262832982,
            330.4481650304797,
            314.1144787167299,
            250.23360479644424,
            270.3399487662732,
            314.2875565290271,
            173.68530768172536,
            261.38926033259105,
            158.94408773897112,
            292.6733418769388,
            127.50403802155833,
            29.937821596124365,
            24.592531304601255,
            -75.45325051628649,
            -45.4820543697712,
            -9.196332684094656,
            -133.40467419433452,
            -38.35128870163355,
            -65.75653940643615,
            71.95144616497274,
            44.03366277602049,
            -1.464418840710108,
            0
        ],
        [
            0,
            0,
            0,
            0,
            0,
            -4.243869607127486,
            23.46972924045998,
            -10.911265726541243,
            0,
            -11.070952974561889,
            -79.08881042893674,
            -102.75381957688974,
            76.17557546275762,
            201.66807322308375,
            347.406347203742,
            357.6838362589248,
            496.83251111787575,
            361.6141495747436,
            298.47360920857466,
            390.1349458899336,
            391.11867548247324,
            364.1261391559598,
            336.709615408196,
            317.16380071130675,
            246.37162243026262,
            266.9063732844037,
            313.2757161293721,
            160.59545206458716,
            254.39226804398672,
            143.52531564253357,
            286.81678052814857,
            109.13668998069153,
            4.479751645757569,
            -1.040872759132169,
            -107.63319678145156,
            -74.9076303344609,
            -35.312146600911284,
            -166.32930604862742,
            -63.67634665280885,
            -90.66314341746521,
            56.8280837717588,
            30.143893940662604,
            -12.230440048233962,
            0
        ],
        [
            0,
            0,
            0,
            0,
            -19.870760291069473,
            0.19089370720917165,
            36.689602577247314,
            -3.019183670809367,
            11.070952974561889,
            0,
            -74.31370596228969,
            -99.46542965099925,
            98.04563961028204,
            235.74072590896662,
            394.8189938663723,
            405.6064101646247,
            556.5476187330487,
            409.25069527173326,
            340.6242114629942,
            439.70396787679255,
            440.5872653112901,
            411.321034125171,
            381.6749219309918,
            360.62168883179686,
            284.684670514204,
            306.81130114933376,
            356.4736792627354,
            193.3197927964233,
            293.48674950731606,
            175.23366644742424,
            327.682587476288,
            138.44533113417367,
            27.087305334911658,
            21.002237742639657,
            -92.19714527919433,
            -57.94293872995198,
            -16.741406671456687,
            -155.320618042617,
            -48.35130282754966,
            -77.6286939614199,
            73.3476344801044,
            42.41888016179736,
            -3.7606834628524237,
            0
        ],
        [
            0,
            0,
            0,
            0,
            -0.7105582200590114,
            40.63013495498094,
            91.55754346236795,
            55.9664327563132,
            79.08881042893674,
            74.31370596228969,
            0,
            -23.39758969273631,
            189.90318806040597,
            338.84606130995127,
            509.9120666209808,
            523.5414465478501,
            685.2287109726418,
            531.678075364424,
            461.3760779412426,
            567.8518174493688,
            570.7106926192421,
            541.7908654567685,
            513.3419155431986,
            494.6222339087609,
            418.08104548678506,
            444.0166731873563,
            498.2998823120836,
            329.6168013923748,
            435.7208824838204,
            313.23968892388774,
            472.562212168741,
            275.15298369105363,
            158.45813279896507,
            150.63489632285226,
            30.836864429203274,
            63.185715626061025,
            101.48401032654421,
            -47.09487799150114,
            55.971279927850304,
            16.82994131676902,
            157.7357728977058,
            108.19971094123447,
            34.64009814124492,
            0
        ],
        [
            0,
            0,
            0,
            -8.732472444636334,
            8.209646541090114,
            56.66346899278739,
            112.78593831170039,
            76.69324646435936,
            102.75381957688974,
            99.46542965099925,
            23.39758969273631,
            0,
            222.30654552626152,
            377.40733472377747,
            555.1496331433249,
            569.6413384927017,
            737.2864357070767,
            578.8356244617712,
            506.59548801588363,
            616.9785574491862,
            620.300870593884,
            590.8304045164148,
            562.0474888651249,
            543.4643182484178,
            465.3064710098115,
            492.58358560393793,
            548.8612701239,
            375.839881086405,
            485.0690173158776,
            359.4103095368268,
            522.7630859939368,
            320.06403991631015,
            200.10064329710733,
            191.49743681240983,
            68.1677226390479,
            100.16012571603775,
            137.76919405999905,
            -15.322676264921318,
            87.12853572177839,
            44.481390835220495,
            181.58651200291743,
            124.47861509254638,
            38.96814953822507,
            0
        ],
        [
            0,
            0,
            0,
            -61.86106486798571,
            -80.08095561421688,
            -57.25394969242489,
            -23.053372046727716,
            -83.39221991497868,
            -76.17557546275762,
            -98.04563961028204,
            -189.90318806040597,
            -222.30654552626152,
            0,
            152.6417216981739,
            328.70902946874867,
            336.17074285455345,
            501.98735598293575,
            331.45469647178703,
            250.2633629657665,
            357.6209701628018,
            354.84473014007307,
            318.55893685365436,
            280.53486543412765,
            251.1588245785025,
            161.65564888499847,
            181.6464503322695,
            232.52919167642722,
            49.35151298361748,
            157.05082504482252,
            25.353925492256618,
            191.24965939778147,
            -15.974105882727338,
            -136.48633408292005,
            -141.01842869143474,
            -260.30444748658795,
            -218.39386037665582,
            -167.81401285292316,
            -307.26662411925264,
            -182.76353727967194,
            -199.20165329779297,
            -27.483717972479816,
            -36.85942963966032,
            -31.608827045413772,
            0
        ],
        [
            0,
            0,
            0,
            -117.09473227785126,
            -150.7651514198282,
            -141.8508438157647,
            -120.4241390420205,
            -197.0046333583811,
            -201.66807322308375,
            -235.74072590896662,
            -338.84606130995127,
            -377.40733472377747,
            -152.6417216981739,
            0,
            176.74636004657603,
            179.6250991577729,
            345.8170509338085,
            165.65545735659646,
            77.7916639641922,
            184.1412880464796,
            177.30815440046524,
            136.19893256390552,
            91.75433551444114,
            55.041130514676375,
            -42.629280438766536,
            -27.19101384528167,
            20.64114603163791,
            -170.50098255476365,
            -62.82334771509867,
            -199.23472908368726,
            -30.250562971830167,
            -241.5338731755661,
            -362.7513129324197,
            -364.10165299041034,
            -480.72047763953606,
            -431.24577691012416,
            -370.9313091436177,
            -500.5525218344909,
            -359.5806577088643,
            -356.43290971282113,
            -159.4509566347596,
            -131.73107643893098,
            -9.371382317190715,
            0
        ],
        [
            0,
            0,
            0,
            -187.00031930016664,
            -237.13088052023843,
            -243.22159518265974,
            -235.7767149691754,
            -329.65532573345666,
            -347.406347203742,
            -394.8189938663723,
            -509.9120666209808,
            -555.1496331433249,
            -328.7090294687494,
            -176.74636004657603,
            0,
            -2.1915866037104252,
            163.74892478621896,
            -26.324252058172345,
            -121.21611414708917,
            -16.39047390707743,
            -27.67395012705703,
            -73.94989307975315,
            -125.30723491550776,
            -169.9571299493824,
            -276.2437945757699,
            -265.80453538923473,
            -221.38749123363257,
            -420.50655832559517,
            -313.01484026262796,
            -453.9073438129003,
            -281.7599403183361,
            -496.41341416614597,
            -617.5136536435259,
            -614.7539073287594,
            -727.3068623530289,
            -668.7634185407256,
            -596.8153880166311,
            -713.7174201964602,
            -553.2643874521378,
            -525.9587452411708,
            -298.1326130083648,
            -221.64765607976847,
            0,
            0
        ],
        [
            0,
            0,
            -51.730853357325984,
            -210.18688587603202,
            -252.8234200915934,
            -254.71148441631098,
            -244.59928906103954,
            -340.6235392131449,
            -357.6838362589248,
            -405.6064101646247,
            -523.5414465478501,
            -569.6413384927017,
            -336.170742854553,
            -179.6250991577729,
            2.1915866037104252,
            0,
            170.43414907632226,
            -24.6513618005801,
            -121.93127311245674,
            -14.338033482100627,
            -25.84882777371392,
            -73.21145581001699,
            -125.70785487758329,
            -171.2491695422137,
            -279.80180683823164,
            -268.90203524670227,
            -223.30657030862452,
            -426.46486399886095,
            -316.4662611514115,
            -459.9210081190846,
            -284.1402201988589,
            -502.47550934202985,
            -625.1982586625088,
            -621.7131097238678,
            -735.0899006854625,
            -674.5581037074356,
            -600.363181055032,
            -716.1983182011853,
            -551.9799359646761,
            -520.2497070532423,
            -288.8408074953541,
            -200.2172867027456,
            0,
            0
        ],
        [
            0,
            0,
            -118.03557383090997,
            -285.0212386355919,
            -341.09623312334753,
            -355.39902405864257,
            -357.13979848721766,
            -468.3209050105907,
            -496.83251111787575,
            -556.5476187330487,
            -685.2287109726418,
            -737.2864357070767,
            -501.98735598293575,
            -345.8170509338085,
            -163.74892478621896,
            -170.43414907632226,
            0,
            -204.11490486848072,
            -307.73433431433233,
            -201.34764149437032,
            -216.79950149790028,
            -268.7723977136939,
            -327.40385629261664,
            -379.93010292244793,
            -496.0822762660064,
            -489.4157475155794,
            -446.577106597411,
            -656.6253623718965,
            -546.3568661315254,
            -693.3611507663182,
            -514.194396931701,
            -734.8144975417284,
            -856.5179479021367,
            -848.3185282365416,
            -956.6240878051374,
            -886.4774490938952,
            -800.0716548578891,
            -901.4526239335119,
            -716.9720625695519,
            -658.4483375446061,
            -393.4951435397776,
            -239.2823833009083,
            0,
            0
        ],
        [
            0,
            0,
            -117.09746928889042,
            -242.72214810439948,
            -272.08522577502913,
            -264.98582791708685,
            -248.48435351769157,
            -347.167956539917,
            -361.6141495747436,
            -409.25069527173326,
            -531.678075364424,
            -578.8356244617712,
            -331.45469647178703,
            -165.65545735659646,
            26.324252058172345,
            24.651361800580126,
            204.11490486848072,
            0,
            -101.34298726348209,
            11.94606012831325,
            0.43364145224297757,
            -48.57519943423167,
            -102.64173811633545,
            -149.1504836606388,
            -261.327909503524,
            -248.99620905744075,
            -200.7202765891629,
            -411.01007186485595,
            -296.056447504903,
            -444.0176095216528,
            -261.50582605607696,
            -486.49598437519046,
            -612.1388290579288,
            -607.4704458133967,
            -722.3139517004853,
            -658.5722893610346,
            -580.9345600807678,
            -694.3550763859412,
            -524.6166740745352,
            -484.5063989707188,
            -249.56030761964263,
            -125.67341024559812,
            0,
            0
        ],
        [
            0,
            0,
            -118.36538037704982,
            -226.36947755685364,
            -241.74183866167823,
            -223.24294926201378,
            -197.14126357137047,
            -290.9628157428441,
            -298.47360920857466,
            -340.6242114629942,
            -461.3760779412426,
            -506.59548801588363,
            -250.2633629657669,
            -77.7916639641922,
            121.21611414708917,
            121.93127311245674,
            307.73433431433233,
            101.34298726348209,
            0,
            117.8232434445495,
            108.07633914080498,
            59.97968767604622,
            7.55727315415952,
            -36.51676315212719,
            -147.84715598617552,
            -132.66820260263657,
            -81.36477635001857,
            -293.5841089498704,
            -175.4403304688629,
            -325.0299064659733,
            -139.6103218102598,
            -368.26818081007485,
            -496.5052116756575,
            -493.3630383086072,
            -611.5923157632635,
            -550.3068952189851,
            -476.25489069670624,
            -594.4150708596208,
            -430.92077426656795,
            -397.3670340988162,
            -177.7772503044067,
            -43.834686548311225,
            0,
            0
        ],
        [
            0,
            0,
            -160.20671878283437,
            -280.30272208328995,
            -303.1573324306162,
            -291.4486392736452,
            -272.0041328065185,
            -375.7302830282371,
            -390.1349458899336,
            -439.70396787679255,
            -567.8518174493688,
            -616.9785574491862,
            -357.6209701628018,
            -184.1412880464796,
            16.39047390707743,
            14.338033482100627,
            201.34764149437032,
            -11.94606012831325,
            -117.8232434445495,
            0,
            -12.224185226223385,
            -63.43074433909771,
            -119.89588637598177,
            -168.43784492446974,
            -284.9223025968878,
            -272.1145447674079,
            -222.0846103954688,
            -439.25418875929586,
            -320.15763981448384,
            -472.1247337711465,
            -283.6008063950354,
            -513.7664717948461,
            -640.8891865490414,
            -633.8742259890939,
            -747.7259272382067,
            -678.9143410785232,
            -595.469451065445,
            -700.9553463188903,
            -521.9995030016455,
            -464.91017159526706,
            -217.84413635015665,
            0,
            0,
            0
        ],
        [
            0,
            0,
            -174.12832822801323,
            -291.3905655634258,
            -310.0082919165595,
            -294.8813858671609,
            -272.84662156349384,
            -377.8038944055594,
            -391.11867548247324,
            -440.5872653112901,
            -570.7106926192421,
            -620.300870593883,
            -354.84473014007307,
            -177.30815440046524,
            27.67395012705703,
            25.848827773713893,
            216.7995014979001,
            -0.43364145224297757,
            -108.07633914080498,
            12.224185226223385,
            0,
            -51.916133232817145,
            -109.0501458732549,
            -157.98935271436804,
            -275.9824171958817,
            -262.5297691671986,
            -211.34566625853668,
            -431.36615666665045,
            -310.1914682699388,
            -463.81416719245266,
            -272.616487601487,
            -505.0425746228428,
            -632.8316931961451,
            -624.9524174506139,
            -738.4028827001412,
            -667.7577579460401,
            -582.3423786242439,
            -684.0002311395175,
            -502.03009974130157,
            -436.72324812917776,
            -184.4583368669862,
            0,
            0,
            0
        ],
        [
            0,
            -56.50925576061299,
            -176.28427505755025,
            -287.471920297435,
            -298.924038363455,
            -277.66507473151296,
            -250.50148495769707,
            -354.1706262832982,
            -364.1261391559598,
            -411.321034125171,
            -541.7908654567685,
            -590.8304045164148,
            -318.55893685365436,
            -136.19893256390552,
            73.94989307975315,
            73.21145581001699,
            268.7723977136939,
            48.57519943423167,
            -59.97968767604622,
            63.43074433909771,
            51.916133232817145,
            0,
            -56.81925878746953,
            -104.99045637145039,
            -223.4129031217957,
            -208.51138693217257,
            -155.57847997422144,
            -377.76742359923844,
            -254.37758808901862,
            -409.43483951583283,
            -215.98842321021039,
            -450.826028648265,
            -579.8236115802474,
            -572.1370278524479,
            -686.3745982597858,
            -615.8594985328335,
            -531.0291065315923,
            -631.3687885653827,
            -450.73560587055374,
            -381.64114572104603,
            -130.1965628633967,
            0,
            0,
            0
        ],
        [
            0,
            -101.19497841652336,
            -180.109098074052,
            -285.7599519344579,
            -289.0155136747576,
            -260.5783532858514,
            -227.43660003262463,
            -330.4481650304797,
            -336.709615408196,
            -381.6749219309918,
            -513.3419155431986,
            -562.0474888651249,
            -280.53486543412765,
            -91.75433551444114,
            125.30723491550776,
            125.70785487758329,
            327.4038562926163,
            102.64173811633545,
            -7.55727315415952,
            119.89588637598177,
            109.0501458732549,
            56.81925878746953,
            0,
            -47.62918548754712,
            -167.10816466737364,
            -150.59187516154375,
            -95.5859854092673,
            -320.95757949724276,
            -194.75279424810478,
            -351.77227779908225,
            -155.44488154153956,
            -393.19868639366126,
            -523.3413772224243,
            -515.4567373373166,
            -629.6694957353767,
            -558.5348493869974,
            -473.53674724554253,
            -568.8691037007927,
            -388.419592943711,
            -307.18533153397584,
            0,
            0,
            0,
            0
        ],
        [
            0,
            -133.33519364632733,
            -186.96331987863275,
            -289.22944030874646,
            -284.76507848815163,
            -249.36011937688548,
            -210.46810732315583,
            -314.1144787167299,
            -317.16380071130675,
            -360.62168883179686,
            -494.6222339087609,
            -543.4643182484178,
            -251.1588245785025,
            -55.041130514676375,
            169.9571299493824,
            171.2491695422137,
            379.93010292244793,
            149.1504836606388,
            36.51676315212719,
            168.43784492446974,
            157.98935271436804,
            104.99045637145039,
            47.62918548754712,
            0,
            -121.26974102754602,
            -103.31621495694117,
            -46.29839638309239,
            -275.49836056184165,
            -146.32412776244922,
            -305.42594451708095,
            -106.14971525984369,
            -346.37633464404644,
            -476.7695273902995,
            -467.7933863230618,
            -579.7680362657386,
            -506.4968268616977,
            -419.58721532444525,
            -502.24570187414815,
            -318.3022005342009,
            -199.92518635084892,
            0,
            0,
            0,
            0
        ],
        [
            0,
            -139.24522511888847,
            -168.40073994569764,
            -262.00208777713925,
            -245.4102631229226,
            -198.88377597715024,
            -150.26997783649344,
            -250.23360479644424,
            -246.37162243026262,
            -284.684670514204,
            -418.08104548678506,
            -465.3064710098115,
            -161.65564888499847,
            42.629280438766536,
            276.2437945757699,
            279.80180683823164,
            496.0822762660064,
            261.327909503524,
            147.8471559861755,
            284.9223025968878,
            275.9824171958817,
            223.4129031217957,
            167.10816466737364,
            121.26974102754602,
            0,
            20.33091206342891,
            79.77321800289499,
            -151.9346418103272,
            -20.51882365377691,
            -181.43798403600127,
            18.568746105116883,
            -224.26649524689523,
            -356.11995307360866,
            -348.8916926089398,
            -460.95405409485846,
            -390.59364399232163,
            -308.37288866669644,
            -381.5009044200447,
            -203.89059603545223,
            0,
            0,
            0,
            0,
            0
        ],
        [
            0,
            -162.44452362302852,
            -186.00825450517192,
            -282.73749497454025,
            -264.55251685717565,
            -216.34386006023772,
            -166.62358476932943,
            -270.3399487662732,
            -266.9063732844037,
            -306.81130114933376,
            -444.0166731873563,
            -492.5835856039376,
            -181.6464503322696,
            27.19101384528167,
            265.80453538923473,
            268.90203524670216,
            489.41574751557926,
            248.99620905744075,
            132.66820260263665,
            272.1145447674079,
            262.5297691671986,
            208.51138693217257,
            150.59187516154375,
            103.31621495694117,
            -20.33091206342891,
            0,
            59.9093765452754,
            -174.19191705370497,
            -41.45973413779956,
            -202.70869793993404,
            -1.7418740889298214,
            -242.95065737353343,
            -371.25154404431606,
            -360.27682423429275,
            -463.4701643140357,
            -386.5994144991406,
            -296.53029182056457,
            -334.1436475766704,
            -119.32088236914431,
            0,
            0,
            0,
            0,
            0
        ],
        [
            -35.179089165902575,
            -191.35002115243097,
            -214.62924173498277,
            -317.334648532906,
            -300.5728441209326,
            -253.4338521373532,
            -205.0971794420743,
            -314.2875565290271,
            -313.2757161293717,
            -356.4736792627354,
            -498.2998823120836,
            -548.8612701238995,
            -232.52919167642722,
            -20.641146031637906,
            221.3874912336324,
            223.3065703086246,
            446.5771065974108,
            200.72027658916286,
            81.36477635001857,
            222.08461039546884,
            211.34566625853662,
            155.5784799742214,
            95.5859854092673,
            46.298396383092395,
            -79.77321800289498,
            -59.909376545275386,
            0,
            -235.18715497526796,
            -101.51083172149059,
            -261.3871103916221,
            -59.822591006164224,
            -295.99976906194456,
            -417.249060000142,
            -399.3883338960141,
            -487.48764650736086,
            -398.3791676672085,
            -291.6621507313764,
            -260.0980025799136,
            0,
            0,
            0,
            0,
            0,
            0
        ],
        [
            -91.71930129668402,
            -152.25350961383964,
            -149.78476515037363,
            -236.2740285912077,
            -201.76314786924257,
            -138.17613982597055,
            -74.9063620920725,
            -173.68530768172536,
            -160.59545206458716,
            -193.3197927964233,
            -329.61680139237495,
            -375.83988108640483,
            -49.3515129836175,
            170.50098255476365,
            420.5065583255951,
            426.4648639988608,
            656.6253623718961,
            411.01007186485595,
            293.5841089498703,
            439.25418875929586,
            431.36615666665045,
            377.76742359923844,
            320.95757949724276,
            275.49836056184165,
            151.9346418103272,
            174.19191705370497,
            235.18715497526796,
            0,
            131.65847937397564,
            -29.962613226980707,
            163.91165997673176,
            -74.5408287176028,
            -199.84791131154233,
            -191.51374534782454,
            -283.4667722337921,
            -210.50111294025703,
            -125.37920899930768,
            0,
            0,
            0,
            0,
            0,
            0,
            0
        ],
        [
            -136.3036199726502,
            -192.78717188775818,
            -198.75599945158135,
            -296.275595651216,
            -268.7272321591396,
            -211.32544498893333,
            -154.08262279427288,
            -261.38926033259105,
            -254.3922680439866,
            -293.48674950731606,
            -435.72088248382016,
            -485.06901731587783,
            -157.05082504482246,
            62.82334771509867,
            313.0148402626279,
            316.46626115141146,
            546.3568661315253,
            296.056447504903,
            175.44033046886287,
            320.15763981448384,
            310.1914682699388,
            254.37758808901862,
            194.75279424810478,
            146.32412776244922,
            20.51882365377691,
            41.45973413779956,
            101.51083172149059,
            -131.65847937397564,
            0,
            -156.37989313530602,
            36.803270891865886,
            -188.7880594615004,
            -298.9179516728836,
            -276.4556837464979,
            -336.84251084887774,
            -233.87743873775702,
            -79.47477647742666,
            0,
            0,
            0,
            0,
            0,
            0,
            0
        ],
        [
            -139.2963679141057,
            -159.93862083708711,
            -148.9625397440601,
            -235.31186355277706,
            -195.48587440515362,
            -126.68334409966688,
            -59.0953687852773,
            -158.944087738971,
            -143.5253156425335,
            -175.23366644742424,
            -313.23968892388757,
            -359.41030953682684,
            -25.35392549225662,
            199.23472908368726,
            453.9073438129002,
            459.9210081190845,
            693.361150766318,
            444.0176095216528,
            325.0299064659733,
            472.1247337711465,
            463.81416719245266,
            409.43483951583283,
            351.77227779908225,
            305.42594451708095,
            181.43798403600127,
            202.70869793993404,
            261.3871103916221,
            29.962613226980707,
            156.37989313530602,
            0,
            180.58411769898385,
            -42.37994824126546,
            -152.32553525822598,
            -137.9387865176264,
            -190.6215580580438,
            -90.15030363687995,
            0,
            0,
            0,
            0,
            0,
            0,
            0,
            0
        ],
        [
            -180.27260512668738,
            -217.1731423851878,
            -221.87153488848602,
            -323.7795787358453,
            -296.2031987406266,
            -238.5597556283181,
            -181.5256441755,
            -292.6733418769389,
            -286.81678052814846,
            -327.682587476288,
            -472.5622121687409,
            -522.7630859939366,
            -191.24965939778156,
            30.250562971830167,
