{
    "bin_ranges": {
        "m3pi_lower_limit": 1.42,
        "m3pi_upper_limit": 1.46,
        "t_lower_limit": 0.194,
        "t_upper_limit": 0.326
    },
    "info": "The dalitz matrix M is computed as sqrt(-Kibble) * (A[1]-A[2])",
    "bin_centers": [
        0.29900000000000004,
        0.33999999999999997,
        0.38,
        0.42000000000000004,
        0.45999999999999996,
        0.5,
        0.54,
        0.5800000000000001,
        0.62,
        0.66,
        0.69,
        0.71,
        0.73,
        0.75,
        0.77,
        0.79,
        0.81,
        0.83,
        0.85,
        0.87,
        0.89,
        0.91,
        0.94,
        0.98,
        1.02,
        1.06,
        1.1,
        1.1400000000000001,
        1.18,
        1.22,
        1.26,
        1.3
    ],
    "real(M)": [
        [
            0,
            0,
            0,
            0,
            0,
            0,
            0,
            0,
            0,
            0,
            0,
            0,
            0,
            0,
            0,
            0,
            0,
            24.84640053556273,
            52.59375892660343,
            68.59227106916163,
            81.97991022480002,
            83.23341686732995,
            96.19458418725519,
            91.31877980396906,
            84.72219132161226,
            65.30214729596027,
            50.05797676023921,
            42.75599034208858,
            0,
            0,
            0,
            0
        ],
        [
            0,
            0,
            0,
            0,
            0,
            0,
            0,
            0,
            0,
            0,
            -11.941013205913029,
            -14.376641406752835,
            -0.11923654005206807,
            3.8746692117566712,
            59.36048962337072,
            110.6021929735784,
            153.23458616032403,
            168.52432308751312,
            192.16120573804076,
            201.87089352927381,
            213.2742155633402,
            203.174797693767,
            217.19941423503707,
            200.15044995254502,
            186.19767775522246,
            153.1524347088602,
            131.26470168396577,
            139.19365315200406,
            103.7249693910303,
            87.90086653719953,
            0,
            0
        ],
        [
            0,
            0,
            0,
            0,
            0,
            0,
            0,
            0,
            -39.017811350237864,
            -83.98749230440865,
            -124.30591629085781,
            -125.24481090528752,
            -101.59623196833347,
            -101.3118390824737,
            -20.35731554876521,
            47.50216302477811,
            99.5792124199389,
            111.60632570020177,
            136.16521491019003,
            142.0672293294525,
            151.25117538805696,
            132.4378752869322,
            145.28688356334322,
            118.294698268157,
            99.30196898005806,
            59.13668482080288,
            37.69833277470392,
            61.86042259651898,
            35.557728431504,
            59.195019127204795,
            17.98432583498059,
            0
        ],
        [
            0,
            0,
            0,
            0,
            0,
            0,
            -2.7503164508465403,
            -8.246780818399765,
            -37.10753303293061,
            -80.58120618353263,
            -122.80045795601275,
            -115.56358545792715,
            -77.55042954146735,
            -72.20581049926359,
            35.34011154604991,
            123.26293552628242,
            189.52117049185776,
            205.04626546805213,
            235.75673232625846,
            243.29262912167675,
            254.72023339691722,
            232.11425101779105,
            247.82537449893053,
            215.30844599823953,
            191.97608275176128,
            142.60706308663327,
            114.5341388799711,
            139.94575312903092,
            102.77666620871992,
            125.60001793368282,
            62.84555183229534,
            0
        ],
        [
            0,
            0,
            0,
            0,
            0,
            0.6095811935246356,
            -11.631916832406617,
            -18.63417689838577,
            -56.8276102374966,
            -109.97584164910171,
            -160.03107824832352,
            -149.78756424181339,
            -103.0597924194618,
            -96.25653495865943,
            31.341500049354348,
            134.2777699037863,
            210.86457334273558,
            227.76093176372754,
            262.3134647949757,
            269.9510629332441,
            282.17389329494944,
            255.27992282722846,
            272.32176026492436,
            234.1177815002852,
            206.98480327117758,
            150.65221125101178,
            119.04106629354773,
            148.81731448072702,
            107.82342255740845,
            136.7224893013907,
            68.90032979567519,
            0
        ],
        [
            0,
            0,
            0,
            0,
            -0.6095811935246356,
            0,
            -17.362605079680417,
            -25.127139247283782,
            -70.4084051946523,
            -131.45746059557106,
            -188.11860330311,
            -175.18419649199876,
            -120.72048759429829,
            -112.47170416841799,
            32.971241058704074,
            149.38936388920214,
            235.33979663546918,
            253.65015861677924,
            291.7762562651347,
            299.6341731609155,
            312.65593779719916,
            282.01967488599433,
            300.2594725257374,
            256.9487002543444,
            226.26044350872675,
            163.54912704472494,
            128.44215864260906,
            161.07312189368747,
            115.91333587542657,
            147.4105102209939,
            73.14046736378113,
            0
        ],
        [
            0,
            0,
            0,
            2.7503164508465403,
            11.631916832406617,
            17.362605079680417,
            0,
            -5.176822686142796,
            -53.721990282092236,
            -119.24588873974972,
            -180.1190064658106,
            -163.78611686129446,
            -101.46624071832571,
            -91.01345484456985,
            71.23957015270871,
            200.51494637251045,
            295.56053047154626,
            315.76131188309785,
            357.61341870891084,
            366.1001940530217,
            380.16455001438294,
            346.42792719162503,
            365.8671978428981,
            317.8364944392767,
            283.3219854629984,
            213.85113648206908,
            173.86097643918166,
            205.85037641465763,
            153.26243930973445,
            179.7766957092206,
            91.05055800376877,
            0
        ],
        [
            0,
            0,
            0,
            8.246780818399765,
            18.63417689838577,
            25.127139247283782,
            5.176822686142796,
            0,
            -53.386433382090985,
            -124.64679849201157,
            -190.46431335622626,
            -171.80185061303655,
            -103.09279686485003,
            -91.26538129652305,
            85.50997202699567,
            225.78995033924633,
            328.48661036327496,
            349.9131415721349,
            394.6547560847156,
            403.2960772978763,
            417.911535225179,
            381.09974156527056,
            401.15598205253934,
            348.5733399370806,
            310.5129316645975,
            235.32613748256188,
            191.53412237739613,
            223.09252509134623,
            165.18670819509614,
            186.5642749554205,
            86.31906366773383,
            0
        ],
        [
            0,
            0,
            39.017811350237864,
            37.10753303293061,
            56.8276102374966,
            70.4084051946523,
            53.721990282092236,
            53.386433382090985,
            0,
            -72.56019826631584,
            -140.22244346835325,
            -117.88490766931217,
            -41.97847399124353,
            -27.557355949802247,
            163.41918826729793,
            314.5937051657083,
            425.0261146215177,
            448.3215587326412,
            496.2398349770154,
            505.47833146712395,
            520.8660300827271,
            481.4983975002762,
            501.9055773627104,
            444.4891888587138,
            401.5772342248572,
            318.8141456157495,
            267.7556671656718,
            292.3331338223637,
            221.61114202366943,
            222.59572888409363,
            83.74006818334254,
            0
        ],
        [
            0,
            0,
            83.98749230440865,
            80.58120618353263,
            109.97584164910171,
            131.45746059557106,
            119.24588873974972,
            124.64679849201157,
            72.56019826631584,
            0,
            -68.52173558591817,
            -42.440964074919314,
            40.28054958814161,
            57.38014445410853,
            261.1973658684587,
            422.1715637302741,
            539.5045072329591,
            564.4698711583737,
            615.0893545522591,
            624.6943012028883,
            640.48913310254,
            598.6060229817015,
            618.5371695382418,
            555.6533786026843,
            506.6809281256606,
            415.1215094218666,
            354.5063468227334,
            367.1113176747885,
            278.235547161488,
            243.50745850806555,
            0,
            0
        ],
        [
            0,
            11.941013205913029,
            124.30591629085781,
            122.80045795601275,
            160.03107824832352,
            188.11860330311,
            180.1190064658106,
            190.46431335622626,
            140.22244346835325,
            68.52173558591817,
            0,
            28.92853743900371,
            116.49600547202316,
            135.6382459618038,
            348.1457230706117,
            515.6902389820241,
            637.5795985303337,
            663.5981493863492,
            715.8467153920708,
            725.4870815404739,
            741.2455688164049,
            697.4045637930061,
            716.2341228196793,
            648.5360819904835,
            593.8272417272203,
            494.3720813891719,
            424.35050660237386,
            423.3644899281444,
            315.0996079865786,
            234.20727476839576,
            0,
            0
        ],
        [
            0,
            14.376641406753125,
            125.24481090528752,
            115.56358545792715,
            149.78756424181339,
            175.18419649199876,
            163.78611686129446,
            171.80185061303655,
            117.88490766931217,
            42.440964074919314,
            -28.92853743900371,
            0,
            88.90378911669886,
            107.81650507076179,
            324.21020511902833,
            494.47268011953594,
            617.9905489136728,
            643.693516572712,
            696.1050977097331,
            705.1281475141543,
            720.3856994541983,
            675.1283100696825,
            693.1984148148008,
            623.3654638348687,
            566.9481915989809,
            465.85348234816615,
            394.6752692855104,
            391.1253438735571,
            279.7617455027218,
            173.69665080521153,
            0,
            0
        ],
        [
            0,
            0.11923654005206807,
            101.59623196833347,
            77.55042954146735,
            103.0597924194618,
            120.72048759429829,
            101.46624071832571,
            103.09279686485003,
            41.97847399124353,
            -40.28054958814161,
            -116.49600547202316,
            -88.90378911669886,
            0,
            17.593532841198414,
            236.52008493796478,
            408.34687091976923,
            532.5476759258247,
            557.3145615973893,
            609.3478378103232,
            617.4492938394189,
            632.0412907456792,
            585.5137867997838,
            603.1714880426093,
            532.6305366539975,
            476.86762455729473,
            377.8803463214046,
            310.7477749960978,
            311.35303890047805,
            207.3897128957754,
            71.51554478754223,
            0,
            0
        ],
        [
            0,
            -3.8746692117566712,
            101.3118390824737,
            72.20581049926359,
            96.25653495865943,
            112.47170416841799,
            91.01345484456985,
            91.26538129652305,
            27.557355949802247,
            -57.38014445410853,
            -135.6382459618038,
            -107.81650507076179,
            -17.593532841198414,
            0,
            222.24225711597293,
            396.3478272775824,
            521.8749968566725,
            546.3871022811464,
            598.4900815258342,
            606.0318781674918,
            620.1123778399661,
            572.4180792941589,
            589.1850952908583,
            516.708176145057,
            459.2017018126498,
            358.7334796359612,
            290.1423166683105,
            286.0224312444743,
            176.0133301050393,
            0,
            0,
            0
        ],
        [
            0,
            -59.360489623371976,
            20.35731554876521,
            -35.34011154604991,
            -31.341500049354348,
            -32.971241058704074,
            -71.23957015270871,
            -85.50997202699567,
            -163.41918826729793,
            -261.1973658684587,
            -348.1457230706117,
            -324.21020511902833,
            -236.52008493796478,
            -222.24225711597293,
            0,
            173.57750338519247,
            298.1580745978134,
            320.822067462646,
            371.83328912149244,
            378.2806622579816,
            391.8599954709772,
            343.7735474770308,
            361.8129359467413,
            293.19086376320035,
            243.29585710358165,
            155.4927611689206,
            105.68074240330075,
            125.63649954170867,
            57.260903522339504,
            0,
            0,
            0
        ],
        [
            0,
            -110.60219297357935,
            -47.50216302477811,
            -123.26293552628242,
            -134.2777699037863,
            -149.38936388920214,
            -200.51494637251045,
            -225.78995033924633,
            -314.5937051657083,
            -422.1715637302741,
            -515.6902389820241,
            -494.47268011953594,
            -408.34687091976923,
            -396.3478272775824,
            -173.57750338519247,
            0,
            124.16472415760238,
            145.64034709497685,
            196.05755632159298,
            201.91593907866712,
            215.3808114290367,
            167.3564643902946,
            186.89797856495585,
            122.34673739265463,
            79.78366401565587,
            4.1728764238754,
            -27.743004589819687,
            14.72260556753595,
            -7.001406162406019,
            0,
            0,
            0
        ],
        [
            0,
            -153.234586160324,
            -99.5792124199389,
            -189.52117049185776,
            -210.86457334273558,
            -235.33979663546918,
            -295.56053047154626,
            -328.48661036327496,
            -425.0261146215177,
            -539.5045072329591,
            -637.5795985303337,
            -617.9905489136728,
            -532.5476759258247,
            -521.8749968566725,
            -298.1580745978134,
            -124.16472415760238,
            0,
            20.836360931946658,
            71.03475680938705,
            76.68414181366236,
            90.28468737345833,
            42.64055518234824,
            63.66891061882773,
            3.048553954389087,
            -32.89193005078042,
            -97.26322233223847,
            -112.6916684538893,
            -49.69144552465845,
            0,
            0,
            0,
            0
        ],
        [
            -24.84640053556273,
            -168.52432308751315,
            -111.60632570020177,
            -205.04626546805213,
            -227.76093176372754,
            -253.65015861677924,
            -315.76131188309785,
            -349.91314157213515,
            -448.32155873264145,
            -564.4698711583737,
            -663.5981493863492,
            -643.6935165727122,
            -557.3145615973893,
            -546.3871022811467,
            -320.82206746264603,
            -145.64034709497687,
            -20.836360931946658,
            0,
            50.28412015466187,
            55.87284022945781,
            69.44492260759326,
            21.901364710471523,
            43.074552784768,
            -16.39009464828903,
            -50.327181832764516,
            -109.99264526904696,
            -118.43152991294001,
            -49.503588609231,
            0,
            0,
            0,
            0
        ],
        [
            -52.59375892660337,
            -192.16120573804074,
            -136.16521491019003,
            -235.75673232625846,
            -262.3134647949757,
            -291.7762562651347,
            -357.61341870891084,
            -394.6547560847156,
            -496.2398349770154,
            -615.0893545522591,
            -715.8467153920708,
            -696.1050977097331,
            -609.3478378103232,
            -598.4900815258342,
            -371.83328912149244,
            -196.05755632159298,
            -71.03475680938705,
            -50.28412015466187,
            0,
            5.656828407928132,
            19.40445715058583,
            -27.5143451642836,
            -5.486949172885329,
            -61.93059343298062,
            -91.2051500972792,
            -141.82653541020875,
            -136.43479492285914,
            -47.12318969691721,
            0,
            0,
            0,
            0
        ],
        [
            -68.59227106916157,
            -201.87089352927447,
            -142.0672293294525,
            -243.29262912167675,
            -269.9510629332441,
            -299.6341731609155,
            -366.100194053022,
            -403.2960772978764,
            -505.47833146712395,
            -624.6943012028883,
            -725.4870815404739,
            -705.1281475141542,
            -617.449293839419,
            -606.0318781674919,
            -378.28066225798165,
            -201.91593907866712,
            -76.68414181366236,
            -55.87284022945781,
            -5.656828407928132,
            0,
            13.687430912948987,
            -32.76524844596544,
            -10.769670165146518,
            -65.59725197506951,
            -92.50061354698965,
            -136.84936390886148,
            -120.84647192454929,
            0,
            0,
            0,
            0,
            0
        ],
        [
            -81.97991022480007,
            -213.27421556334113,
            -151.25117538805696,
            -254.72023339691722,
            -282.17389329494944,
            -312.65593779719916,
            -380.16455001438294,
            -417.911535225179,
            -520.8660300827271,
            -640.48913310254,
            -741.2455688164049,
            -720.3856994541983,
            -632.0412907456792,
            -620.1123778399661,
            -391.8599954709772,
            -215.3808114290367,
            -90.28468737345833,
            -69.44492260759323,
            -19.40445715058583,
            -13.687430912948987,
            0,
            -45.6425249532214,
            -23.455895228624343,
            -75.69031129909932,
            -98.86567786704572,
            -134.03422475230812,
            -100.02184352288477,
            0,
            0,
            0,
            0,
            0
        ],
        [
            -83.23341686732995,
            -203.17479769376789,
            -132.4378752869322,
            -232.11425101779105,
            -255.27992282722846,
            -282.01967488599433,
            -346.42792719162503,
            -381.09974156527056,
            -481.4983975002762,
            -598.6060229817015,
            -697.4045637930061,
            -675.1283100696825,
            -585.5137867997838,
            -572.4180792941589,
            -343.7735474770308,
            -167.3564643902946,
            -42.64055518234824,
            -21.901364710471523,
            27.5143451642836,
            32.76524844596544,
            45.6425249532214,
            0,
            20.168586664917886,
            -33.1758180412892,
            -58.23309089198865,
            -91.52621158293375,
            -43.03901034697067,
            0,
            0,
            0,
            0,
            0
        ],
        [
            -96.19458418725513,
            -217.19941423503795,
            -145.28688356334322,
            -247.82537449893053,
            -272.32176026492436,
            -300.2594725257374,
            -365.8671978428981,
            -401.15598205253934,
            -501.9055773627104,
            -618.5371695382418,
            -716.2341228196793,
            -693.1984148148008,
            -603.1714880426093,
            -589.1850952908583,
            -361.8129359467413,
            -186.89797856495585,
            -63.66891061882773,
            -43.074552784768,
            5.486949172885329,
            10.769670165146518,
            23.455895228624343,
            -20.168586664917886,
            0,
            -47.68379235271922,
            -64.5472374358856,
            -72.54176774813014,
            0,
            0,
            0,
            0,
            0,
            0
        ],
        [
            -91.31877980396904,
            -200.15044995254505,
            -118.294698268157,
            -215.30844599823953,
            -234.1177815002852,
            -256.9487002543444,
            -317.8364944392767,
            -348.5733399370806,
            -444.4891888587138,
            -555.6533786026843,
            -648.5360819904835,
            -623.3654638348687,
            -532.6305366539975,
            -516.708176145057,
            -293.19086376320035,
            -122.34673739265463,
            -3.048553954389087,
            16.39009464828903,
            61.93059343298062,
            65.59725197506953,
            75.69031129909932,
            33.1758180412892,
            47.68379235271922,
            0,
            -17.044176887258967,
            0,
            0,
            0,
            0,
            0,
            0,
            0
        ],
        [
            -84.72219132161233,
            -186.19767775522314,
            -99.30196898005819,
            -191.97608275176117,
            -206.98480327117755,
            -226.26044350872675,
            -283.3219854629984,
            -310.5129316645975,
            -401.5772342248572,
            -506.6809281256606,
            -593.8272417272203,
            -566.9481915989809,
            -476.86762455729473,
            -459.2017018126498,
            -243.29585710358165,
            -79.78366401565587,
            32.89193005078042,
            50.327181832764516,
            91.2051500972792,
            92.50061354698965,
            98.86567786704572,
            58.23309089198865,
            64.5472374358856,
            17.044176887258967,
            0,
            0,
            0,
            0,
            0,
            0,
            0,
            0
        ],
        [
            -65.3021472959603,
            -153.15243470886048,
            -59.136684820802856,
            -142.6070630866334,
            -150.65221125101178,
            -163.54912704472494,
            -213.85113648206908,
            -235.32613748256188,
            -318.8141456157495,
            -415.1215094218666,
            -494.3720813891719,
            -465.85348234816615,
            -377.8803463214046,
            -358.7334796359612,
            -155.4927611689206,
            -4.1728764238754,
            97.26322233223847,
            109.99264526904696,
            141.82653541020875,
            136.84936390886148,
            134.03422475230812,
            91.52621158293375,
            72.54176774813017,
            0,
            0,
            0,
            0,
            0,
            0,
            0,
            0,
            0
        ],
        [
            -50.0579767602393,
            -131.26470168396625,
            -37.69833277470395,
            -114.53413887997115,
            -119.04106629354774,
            -128.44215864260906,
            -173.86097643918166,
            -191.53412237739613,
            -267.7556671656718,
            -354.50634682273335,
            -424.3505066023739,
            -394.6752692855104,
            -310.7477749960978,
            -290.1423166683105,
            -105.68074240330075,
            27.743004589819687,
            112.6916684538893,
            118.43152991294002,
            136.43479492285914,
            120.84647192454933,
            100.02184352288477,
            43.03901034697067,
            0,
            0,
            0,
            0,
            0,
            0,
            0,
            0,
            0,
            0
        ],
        [
            -42.75599034208873,
            -139.19365315200443,
            -61.86042259651906,
            -139.945753129031,
            -148.817314480727,
            -161.07312189368747,
            -205.85037641465763,
            -223.09252509134623,
            -292.3331338223637,
            -367.1113176747885,
            -423.36448992814434,
            -391.1253438735571,
            -311.35303890047805,
            -286.0224312444743,
            -125.63649954170867,
            -14.722605567535952,
            49.69144552465844,
            49.50358860923104,
            47.12318969691722,
            0,
            0,
            0,
            0,
            0,
            0,
            0,
            0,
            0,
            0,
            0,
            0,
            0
        ],
        [
            0,
            -103.72496939103051,
            -35.55772843150407,
            -102.77666620871993,
            -107.82342255740845,
            -115.91333587542658,
            -153.26243930973445,
            -165.18670819509614,
            -221.61114202366937,
            -278.23554716148794,
            -315.0996079865786,
            -279.76174550272185,
            -207.38971289577546,
            -176.01333010503933,
            -57.26090352233949,
            7.001406162406015,
            0,
            0,
            0,
            0,
            0,
            0,
            0,
            0,
            0,
            0,
            0,
            0,
            0,
            0,
            0,
            0
        ],
        [
            0,
            -87.90086653719966,
            -59.195019127204986,
            -125.60001793368278,
            -136.7224893013907,
            -147.4105102209939,
            -179.77669570922072,
            -186.5642749554205,
            -222.59572888409366,
            -243.50745850806558,
            -234.20727476839565,
            -173.6966508052114,
            -71.51554478754258,
            0,
            0,
            0,
            0,
            0,
            0,
            0,
            0,
            0,
            0,
            0,
            0,
            0,
            0,
            0,
            0,
            0,
            0,
            0
        ],
        [
            0,
            0,
            -17.984325834980638,
            -62.84555183229532,
            -68.90032979567499,
            -73.14046736378118,
            -91.05055800376877,
            -86.31906366773377,
            -83.74006818334242,
            0,
            0,
            0,
            0,
            0,
            0,
            0,
            0,
            0,
            0,
            0,
            0,
            0,
            0,
            0,
            0,
            0,
            0,
            0,
            0,
            0,
            0,
            0
        ],
        [
            0,
            0,
            0,
            0,
            0,
            0,
            0,
            0,
            0,
            0,
            0,
            0,
            0,
            0,
            0,
            0,
            0,
            0,
            0,
            0,
            0,
            0,
            0,
            0,
            0,
            0,
            0,
            0,
            0,
            0,
            0,
            0
        ]
    ],
    "imag(M)": [
        [
            0,
            0,
            0,
            0,
            0,
            0,
            0,
            0,
            0,
            0,
            0,
            0,
            0,
            0,
            0,
            0,
            0,
            -16.073338073134252,
            -22.57788574211649,
            -30.239244061310924,
            -20.80450324057598,
            -18.835061662113894,
            -8.892313254469695,
            -2.0369418779264454,
            8.325473963205193,
            16.384843562759144,
            9.463601520594258,
            13.619735794117757,
            0,
            0,
            0,
            0
        ],
        [
            0,
            0,
            0,
            0,
            0,
            0,
            0,
            0,
            0,
            0,
            -35.2389741357658,
            -80.43889151304819,
            -124.53606522440542,
            -178.72788256909692,
            -221.15045282876878,
            -214.86043560034463,
            -201.9632255235482,
            -180.8912913005497,
            -163.9989192946536,
            -173.52503083698846,
            -147.13244662420058,
            -142.40274289941743,
            -123.74296846876638,
            -112.78588263409476,
            -94.18091102634773,
            -76.60233729825718,
            -82.74020865695333,
            -57.274286048912394,
            -56.31173128618736,
            -51.50967881883932,
            0,
            0
        ],
        [
            0,
            0,
            0,
            0,
            0,
            0,
            0,
            0,
            -14.399286178624818,
            -36.8143468655399,
            -80.76608569980284,
            -139.1763264512847,
            -191.552516408343,
            -259.43685788243334,
            -306.26159606388603,
            -280.1846752607415,
            -249.46065884930437,
            -210.8156416883267,
            -180.98114222365186,
            -189.35649069668472,
            -149.62802295919562,
            -140.44527192522278,
            -112.57542491790143,
            -95.96760806356932,
            -71.1500884287787,
            -49.324644582938966,
            -60.54852625864438,
            -31.87036532865925,
            -40.022439964423306,
            -55.609144328972995,
            -21.434509439863373,
            0
        ],
        [
            0,
            0,
            0,
            0,
            0,
            0,
            1.2858111458497572,
            -7.483860462394433,
            -24.223356908428933,
            -51.11923506903211,
            -108.03299790123683,
            -183.17337379432627,
            -247.51352511539844,
            -330.46419082583566,
            -384.9506501104069,
            -347.0971459739278,
            -305.01529606144663,
            -254.41595695233372,
            -215.77297894934497,
            -224.5621314161344,
            -175.0045485874845,
            -163.0345664994622,
            -128.5140169756831,
            -107.91399237450125,
            -77.9780529951283,
            -51.99422312184204,
            -65.85839028791597,
            -32.14226479851584,
            -43.33329016593638,
            -65.98234852512083,
            -28.67021246538544,
            0
        ],
        [
            0,
            0,
            0,
            0,
            0,
            5.043164473728951,
            16.338752119892675,
            5.889767811464502,
            -11.96768994527352,
            -41.46892581272006,
            -108.08632646582831,
            -196.61688052581266,
            -270.73857269060215,
            -366.2398352019232,
            -427.15539231928494,
            -379.14234686354746,
            -327.09677816115504,
            -265.91310037175526,
            -219.34403164830582,
            -228.19550591957554,
            -169.82595235737722,
            -155.1915938674843,
            -114.61094793450457,
            -90.3754875697431,
            -56.12376448790371,
            -27.028071636586393,
            -43.95603951764328,
            -7.389549915144337,
            -22.959589130486016,
            -53.43177396214519,
            -17.404162272515613,
            0
        ],
        [
            0,
            0,
            0,
            0,
            -5.043164473728951,
            0,
            10.127002351567405,
            -7.152320152743973,
            -30.948609046437255,
            -67.02145676013878,
            -144.91817575792714,
            -246.9158422152375,
            -331.34532341902,
            -439.51550159993764,
            -507.630542442337,
            -452.02808731948056,
            -392.37681030528205,
            -322.8696445255202,
            -270.1850529850263,
            -279.8740853621077,
            -214.33818074407952,
            -197.862890437264,
            -152.45296563249497,
            -125.2376028296856,
            -86.8331702501953,
            -54.003529514628134,
            -71.68279819264296,
            -29.955184095189395,
            -45.003463391095764,
            -75.30266091662293,
            -31.233104282868627,
            0
        ],
        [
            0,
            0,
            0,
            -1.2858111458497572,
            -16.338752119892675,
            -10.127002351567405,
            0,
            -22.514748554227705,
            -51.244494464610185,
            -92.99683764060212,
            -180.85324494040202,
            -294.8313011280848,
            -388.47323251841925,
            -507.97966726066375,
            -582.5432589364756,
            -520.1352156339279,
            -453.6348375303941,
            -376.61931949166427,
            -318.3942977555546,
            -328.7472978167874,
            -256.73001923665896,
            -238.52044670290064,
            -188.6750485759604,
            -158.60789869838257,
            -116.32993460807289,
            -80.0127526347518,
            -97.92677313372901,
            -51.511957968219505,
            -65.35524906858093,
            -93.66369627867799,
            -41.64430105932988,
            0
        ],
        [
            0,
            0,
            0,
            7.483860462394433,
            -5.889767811464502,
            7.152320152743973,
            22.514748554227705,
            0,
            -29.120240515285868,
            -72.43268352787412,
            -166.85126255090913,
            -290.12812535256614,
            -390.6896509597924,
            -519.108157731809,
            -598.2760180654333,
            -528.6674705232687,
            -455.0251487467362,
            -370.38816699101193,
            -306.41924740181713,
            -316.668083075056,
            -238.32217289364405,
            -218.1254691648847,
            -163.94525317353276,
            -131.30638064854674,
            -86.25277985251353,
            -48.29831439858681,
            -68.46910316903688,
            -21.566930806520258,
            -38.78754569222156,
            -70.76621730545803,
            -22.95743070275709,
            0
        ],
        [
            0,
            0,
            14.399286178624818,
            24.223356908428933,
            11.96768994527352,
            30.948609046437255,
            51.244494464610185,
            29.120240515285868,
            0,
            -44.39438165555806,
            -144.4745630146887,
            -275.94026171744196,
            -382.5537060497713,
            -518.7894049299954,
            -601.9027303249719,
            -525.7110449088235,
            -445.56537856695354,
            -354.0385091219389,
            -284.8853824195649,
            -294.94384187152764,
            -210.986814856319,
            -189.01612489514127,
            -131.08688081584398,
            -96.36877823600517,
            -49.299581371450834,
            -10.587111748006198,
            -33.272649328705626,
            12.522888177606077,
            -8.785418410763922,
            -44.34343204085475,
            -5.371316940522643,
            0
        ],
        [
            0,
            0,
            36.8143468655399,
            51.11923506903211,
            41.46892581272006,
            67.02145676013878,
            92.99683764060212,
            72.43268352787412,
            44.39438165555806,
            0,
            -104.46462687583629,
            -242.7924811356105,
            -354.369659441241,
            -497.1216421940977,
            -583.3176988703806,
            -500.96609373803955,
            -414.7970911729652,
            -316.98970828528667,
            -243.12396545270096,
            -252.83831572900817,
            -163.97098858449874,
            -140.44432499846855,
            -79.43620584254087,
            -43.36883064501593,
            4.522574648894695,
            42.4484002986466,
            16.107214246978764,
            57.77379815059073,
            29.73583195170105,
            -12.113798553958324,
            0,
            0
        ],
        [
            0,
            35.2389741357658,
            80.76608569980284,
            108.03299790123683,
            108.08632646582831,
            144.91817575792714,
            180.85324494040202,
            166.85126255090913,
            144.4745630146887,
            104.46462687583629,
            0,
            -141.11304775444384,
            -254.32189946305354,
            -399.8470496258625,
            -486.65524540461274,
            -398.9783601725572,
            -307.76888874882354,
            -204.96602323449602,
            -127.34380412344981,
            -136.31230485310354,
            -44.03298906422463,
            -19.459456340640763,
            43.07202233052356,
            78.45358872195955,
            123.91815736343665,
            156.71324733461879,
            121.79795604715316,
            150.91928851771024,
            105.13759525118343,
            38.11929446093683,
            0,
            0
        ],
        [
            0,
            80.43889151304981,
            139.1763264512847,
            183.17337379432627,
            196.61688052581266,
            246.9158422152375,
            294.8313011280848,
            290.12812535256614,
            275.94026171744196,
            242.7924811356105,
            141.11304775444384,
            0,
            -112.6383511604307,
            -258.4126663901276,
            -344.30522457368863,
            -252.3222154340328,
            -157.17040145480732,
            -50.661223646937096,
            29.717191768441527,
            21.53353360285531,
            115.89126441876466,
