{
    "bin_ranges": {
        "m3pi_lower_limit": 1.3399999999999999,
        "m3pi_upper_limit": 1.38,
        "t_lower_limit": 0.194,
        "t_upper_limit": 0.326
    },
    "info": "The dalitz matrix M is computed as sqrt(-Kibble) * (A[1]-A[2])",
    "bin_centers": [
        0.29900000000000004,
        0.33999999999999997,
        0.38,
        0.42000000000000004,
        0.45999999999999996,
        0.5,
        0.54,
        0.5800000000000001,
        0.62,
        0.66,
        0.69,
        0.71,
        0.73,
        0.75,
        0.77,
        0.79,
        0.81,
        0.83,
        0.85,
        0.87,
        0.89,
        0.91,
        0.94,
        0.98,
        1.02,
        1.06,
        1.1,
        1.1400000000000001,
        1.18,
        1.22
    ],
    "real(M)": [
        [
            0,
            0,
            0,
            0,
            0,
            0,
            0,
            0,
            0,
            0,
            0,
            0,
            0,
            0,
            0,
            24.74637153890715,
            53.97875383678378,
            70.02980520089233,
            71.95065578438304,
            89.24564644604878,
            78.58364620993817,
            97.45670050158371,
            85.0545190575306,
            78.60831702134404,
            59.46772409050795,
            41.94606533724306,
            9.359927612693951,
            0,
            0,
            0
        ],
        [
            0,
            0,
            0,
            0,
            0,
            0,
            0,
            0,
            0,
            3.814515964304413,
            2.005482519349411,
            5.036246864624022,
            19.270168483052682,
            53.12399868923249,
            95.68746281878065,
            139.13116607645716,
            188.1365721683041,
            202.94724367260892,
            192.1012916017751,
            217.873935392547,
            190.44198039268477,
            221.69847082069882,
            195.317793397891,
            183.56556233771047,
            152.84310190836902,
            130.34280154475545,
            107.28901738983909,
            63.253375210673944,
            0,
            0
        ],
        [
            0,
            0,
            0,
            0,
            0,
            0,
            0,
            -6.0619020974803846,
            -22.559318432066565,
            -45.364564799117886,
            -58.71652896917302,
            -58.20458444204894,
            -40.28274763904564,
            5.548021954968503,
            61.4778355426057,
            116.6611230333198,
            178.3482251649368,
            192.60073593681506,
            173.01564105096026,
            203.56220130353853,
            164.07984386618003,
            203.1218169821004,
            166.68099513554571,
            151.85991060296772,
            115.65300677209558,
            94.13085327670716,
            77.51037964605462,
            40.41858266130325,
            38.421340903657786,
            0
        ],
        [
            0,
            0,
            0,
            0,
            0,
            0,
            4.993537582313939,
            1.6886910696703743,
            -16.567691918315052,
            -41.74489042882797,
            -54.99980371243425,
            -51.76425583166445,
            -26.84877213981082,
            32.20813992248546,
            102.41952319368319,
            170.45563318102273,
            245.51566120479413,
            262.0703202687882,
            237.63028937467288,
            273.9225714916188,
            225.90777101172725,
            272.2860713505385,
            228.07650612163053,
            209.69358136214703,
            165.7925324547293,
            139.1525745543357,
            118.00576600593442,
            71.00369542047778,
            68.75386072740898,
            0
        ],
        [
            0,
            0,
            0,
            0,
            0,
            6.583897493055738,
            20.921490800604097,
            18.14298162602912,
            -2.723649049394842,
            -30.738920930604387,
            -44.47313544162128,
            -39.26244588423792,
            -8.68393935933546,
            61.44572554674522,
            143.76848252042686,
            222.78678662485973,
            309.3227456954061,
            327.8336838180581,
            299.1516590416422,
            340.3046287042221,
            284.8205126372584,
            337.3538183664951,
            286.1928321963329,
            264.28616944166976,
            213.29985375960555,
            181.65416566138023,
            155.78629365765528,
            99.7624144197832,
            93.90320068744917,
            0
        ],
        [
            0,
            0,
            0,
            0,
            -6.583897493055738,
            0,
            14.94986571134547,
            8.461029425589416,
            -18.231676587805428,
            -51.89499276648965,
            -68.17448635969303,
            -62.52280748617366,
            -28.15693362587013,
            50.63148417147753,
            142.65689671022923,
            230.49825131329442,
            326.38142739774446,
            345.961543699604,
            313.0003532903449,
            357.9331782944982,
            295.5564953557165,
            353.16389289670667,
            295.7735934287813,
            270.9985919542463,
            214.77879466540818,
            180.43341332009243,
            153.0046055787406,
            93.60724968272892,
            89.06510311237565,
            0
        ],
        [
            0,
            0,
            0,
            -4.993537582313939,
            -20.921490800604097,
            -14.94986571134547,
            0,
            -10.144428808319045,
            -42.43010139995621,
            -81.57161595550241,
            -100.44930497631007,
            -94.61645330803232,
            -57.08499698342735,
            29.200600663529144,
            129.65761573698055,
            225.1497129401286,
            329.1275336283937,
            349.49739572473095,
            312.6427817664861,
            360.7394088932872,
            292.2466053165781,
            354.1210453395135,
            291.2335005131483,
            263.90873711502917,
            203.38305757665574,
            167.0611577218162,
            138.7718628279883,
            77.9488886944924,
            73.64078888552842,
            0
        ],
        [
            0,
            0,
            6.0619020974803846,
            -1.6886910696703743,
            -18.14298162602912,
            -8.461029425589416,
            10.144428808319045,
            0,
            -34.44273883826072,
            -76.02498745640631,
            -95.61463726176581,
            -88.6611079528429,
            -47.4528970112806,
            46.23598278495452,
            154.7996653371233,
            257.5745636108694,
            369.0685372774065,
            390.43090237496784,
            350.3936171518929,
            401.27350521991985,
            327.48943345902796,
            392.7635071972243,
            324.6758578510043,
            293.9063326257708,
            227.9194889758206,
            187.14657866312402,
            153.97279388830657,
            86.7242212259067,
            68.3673078743812,
            0
        ],
        [
            0,
            0,
            22.559318432066565,
            16.567691918315052,
            2.723649049394842,
            18.231676587805428,
            42.43010139995621,
            34.44273883826072,
            0,
            -42.071839520635045,
            -61.19252457839978,
            -52.600127651534436,
            -7.587625118050331,
            93.05898295852566,
            209.0617402793358,
            318.4122945728331,
            436.5109754145469,
            458.7426186841261,
            415.93242249580544,
            468.92295251130673,
            390.4266337624561,
            457.96489469827924,
            384.6676082343408,
            349.18295499857686,
            276.29098107592284,
            228.27836805777065,
            185.67872496404263,
            105.89485535549795,
            42.87929312756696,
            0
        ],
        [
            0,
            -3.8145159643044115,
            45.364564799117886,
            41.74489042882797,
            30.738920930604387,
            51.89499276648965,
            81.57161595550241,
            76.02498745640631,
            42.071839520635045,
            0,
            -18.437491902178003,
            -8.274445177498222,
            40.124279193563176,
            146.7684610740244,
            269.0565354551369,
            383.8218986323858,
            507.1893799632824,
            529.8145714579324,
            484.3680361242827,
            538.5242780422733,
            455.7563671894033,
            524.2355429272079,
            445.68462403941595,
            404.328423090043,
            323.5192936500195,
            266.0889270512898,
            210.0271021018152,
            110.62336318645981,
            0,
            0
        ],
        [
            0,
            -2.005482519349411,
            58.71652896917302,
            54.99980371243425,
            44.47313544162128,
            68.17448635969303,
            100.44930497631007,
            95.61463726176581,
            61.19252457839978,
            18.437491902178003,
            0,
            10.906381198349512,
            61.21168539936261,
            171.3885041496722,
            297.32816810426965,
            415.12477213440036,
            541.3321697864554,
            563.7845287822153,
            516.3751929242959,
            570.7138960706799,
            485.0927268638225,
            553.4338508747961,
            471.19877215495865,
            425.2641365320875,
            338.82163380360396,
            274.1726167209137,
            206.64731561091347,
            85.15376301315482,
            0,
            0
        ],
        [
            0,
            -5.036246864624022,
            58.20458444204894,
            51.76425583166445,
            39.26244588423792,
            62.52280748617366,
            94.61645330803232,
            88.6611079528429,
            52.600127651534436,
            8.274445177498222,
            -10.906381198349512,
            0,
            51.019994918499926,
            162.8680063394091,
            290.54892323208287,
            409.73090342109884,
            537.198470318911,
            559.2766869211149,
            510.59918116653455,
            564.7949418826728,
            477.6052750641452,
            545.6367935623398,
            461.55008423871976,
            413.40596526377624,
            324.74826618339927,
            257.1614748878004,
            183.86250088767025,
            34.56657851719986,
            0,
            0
        ],
        [
            0,
            -19.270168483052682,
            40.28274763904564,
            26.84877213981082,
            8.68393935933546,
            28.15693362587013,
            57.08499698342735,
            47.4528970112806,
            7.587625118050331,
            -40.124279193563176,
            -61.21168539936261,
            -51.019994918499926,
            0,
            112.75032765500103,
            241.45071335429606,
            361.40290301011424,
            489.5791259029434,
            511.11569410788894,
            461.33072922070056,
            515.3629205126417,
            427.1841898164952,
            495.10541200508703,
            410.47406289285675,
            362.3529412138038,
            275.0247105901843,
            209.38066786868256,
            136.860124498876,
            0,
            0,
            0
        ],
        [
            0,
            -53.1239986892325,
            -5.548021954968503,
            -32.20813992248546,
            -61.44572554674522,
            -50.63148417147753,
            -29.200600663529144,
            -46.23598278495452,
            -93.05898295852566,
            -146.7684610740244,
            -171.3885041496722,
            -162.8680063394091,
            -112.75032765500103,
            0,
            128.92654807035254,
            249.0312613065598,
            377.43360258188807,
            398.4261608416835,
            347.9617611229477,
            402.15482328873907,
            314.05228397009,
            382.6306360084069,
            299.9332762286462,
            256.2380388353378,
            177.0114691566654,
            123.16923043249683,
            66.87683136810001,
            0,
            0,
            0
        ],
        [
            0,
            -95.68746281878065,
            -61.4778355426057,
            -102.41952319368319,
            -143.76848252042686,
            -142.65689671022923,
            -129.65761573698055,
            -154.7996653371233,
            -209.0617402793358,
            -269.0565354551369,
            -297.32816810426965,
            -290.54892323208287,
            -241.45071335429606,
            -128.92654807035254,
            0,
            120.09551147250495,
            248.57713385165903,
            269.2536352941653,
            218.65392294548622,
            273.28710858608304,
            186.17158999103984,
            255.81585248446254,
            176.73569245861756,
            140.1160733331073,
            73.18785638765301,
            37.614522034826045,
            10.89813704239792,
            0,
            0,
            0
        ],
        [
            -24.74637153890715,
            -139.13116607645716,
            -116.6611230333198,
            -170.45563318102273,
            -222.78678662485973,
            -230.49825131329442,
            -225.1497129401286,
            -257.5745636108694,
            -318.4122945728331,
            -383.8218986323858,
            -415.12477213440036,
            -409.73090342109884,
            -361.40290301011424,
            -249.0312613065598,
            -120.09551147250495,
            0,
            128.51294187254874,
            149.14885713068455,
            98.9479842641336,
            154.1825002503366,
            68.80549092877882,
            139.61721932046885,
            65.26646401459331,
            37.204287238083396,
            -14.766109327806326,
            -27.017493509116633,
            0,
            0,
            0,
            0
        ],
        [
            -53.97875383678385,
            -188.1365721683041,
            -178.3482251649368,
            -245.51566120479413,
            -309.3227456954061,
            -326.38142739774446,
            -329.1275336283937,
            -369.0685372774065,
            -436.5109754145469,
            -507.1893799632824,
            -541.3321697864554,
            -537.198470318911,
            -489.5791259029434,
            -377.43360258188807,
            -248.57713385165903,
            -128.51294187254874,
            0,
            20.979193852280023,
            -28.083047660192992,
            28.171879176573864,
            -54.307642303047345,
            18.224147399182872,
            -49.26072484301802,
            -65.28485451813106,
            -96.15520647295433,
            -71.50167347768537,
            0,
            0,
            0,
            0
        ],
        [
            -70.02980520089233,
            -202.94724367260892,
            -192.60073593681506,
            -262.0703202687882,
            -327.8336838180581,
            -345.9615436996041,
            -349.4973957247311,
            -390.43090237496796,
            -458.7426186841262,
            -529.8145714579325,
            -563.7845287822151,
            -559.2766869211149,
            -511.11569410788894,
            -398.4261608416835,
            -269.2536352941653,
            -149.14885713068455,
            -20.97919385228002,
            0,
            -48.36752651374877,
            7.574466886142801,
            -73.12404700056179,
            -1.3373710395081675,
            -65.67222969378648,
            -77.4325331894498,
            -97.76484736464508,
            -43.235092617043925,
            0,
            0,
            0,
            0
        ],
        [
            -71.95065578438304,
            -192.10129160177513,
            -173.01564105096026,
            -237.63028937467288,
            -299.1516590416422,
            -313.0003532903449,
            -312.6427817664861,
            -350.3936171518929,
            -415.93242249580544,
            -484.3680361242827,
            -516.3751929242959,
            -510.59918116653455,
            -461.33072922070056,
            -347.9617611229477,
            -218.65392294548622,
            -98.9479842641336,
            28.083047660192992,
            48.36752651374877,
            0,
            54.06791614686827,
            -26.044920914332714,
            42.414551717058806,
            -22.40999116452818,
            -37.556587494780885,
            -57.903809364102415,
            0,
            0,
            0,
            0,
            0
        ],
        [
            -89.24564644604878,
            -217.87393539254697,
            -203.56220130353853,
            -273.9225714916188,
            -340.30462870422207,
            -357.9331782944981,
            -360.7394088932871,
            -401.2735052199199,
            -468.9229525113067,
            -538.5242780422733,
            -570.7138960706798,
            -564.7949418826728,
            -515.3629205126417,
            -402.154823288739,
            -273.28710858608304,
            -154.1825002503366,
            -28.171879176573864,
            -7.574466886142801,
            -54.06791614686827,
            0,
            -76.1409550666452,
            -7.939465998159185,
            -65.47947265611928,
            -69.33869375605849,
            -60.372858888892196,
            0,
            0,
            0,
            0,
            0
        ],
        [
            -78.58364620993817,
            -190.44198039268474,
            -164.07984386618014,
            -225.90777101172733,
            -284.8205126372584,
            -295.5564953557165,
            -292.2466053165781,
            -327.48943345902796,
            -390.4266337624561,
            -455.7563671894033,
            -485.0927268638225,
            -477.6052750641452,
            -427.1841898164952,
            -314.05228397009,
            -186.17158999103984,
            -68.80549092877882,
            54.307642303047345,
            73.12404700056179,
            26.044920914332714,
            76.1409550666452,
            0,
            61.56569565394781,
            0.7389456182423808,
            -13.680225975516535,
            0,
            0,
            0,
            0,
            0,
            0
        ],
        [
            -97.45670050158375,
            -221.6984708206988,
            -203.1218169821004,
            -272.28607135053863,
            -337.3538183664951,
            -353.16389289670667,
            -354.1210453395135,
            -392.7635071972243,
            -457.96489469827924,
            -524.2355429272079,
            -553.4338508747961,
            -545.6367935623398,
            -495.10541200508703,
            -382.6306360084069,
            -255.81585248446254,
            -139.61721932046885,
            -18.224147399182872,
            1.3373710395081675,
            -42.414551717058806,
            7.939465998159183,
            -61.56569565394781,
            0,
            -48.374135375452354,
            -40.46084012141758,
            0,
            0,
            0,
            0,
            0,
            0
        ],
        [
            -85.05451905753056,
            -195.317793397891,
            -166.68099513554571,
            -228.07650612163056,
            -286.1928321963329,
            -295.7735934287813,
            -291.2335005131483,
            -324.6758578510043,
            -384.6676082343408,
            -445.68462403941595,
            -471.19877215495865,
            -461.55008423871976,
            -410.47406289285675,
            -299.9332762286462,
            -176.73569245861756,
            -65.26646401459331,
            49.26072484301802,
            65.67222969378648,
            22.40999116452818,
            65.47947265611928,
            -0.7389456182423808,
            48.374135375452354,
            0,
            0,
            0,
            0,
            0,
            0,
            0,
            0
        ],
        [
            -78.60831702134404,
            -183.56556233771042,
            -151.85991060296772,
            -209.6935813621471,
            -264.28616944166976,
            -270.9985919542463,
            -263.90873711502917,
            -293.9063326257708,
            -349.18295499857686,
            -404.328423090043,
            -425.2641365320875,
            -413.40596526377624,
            -362.3529412138038,
            -256.2380388353378,
            -140.1160733331073,
            -37.204287238083396,
            65.28485451813106,
            77.4325331894498,
            37.556587494780885,
            69.33869375605845,
            13.680225975516535,
            40.46084012141759,
            0,
            0,
            0,
            0,
            0,
            0,
            0,
            0
        ],
        [
            -59.46772409050792,
            -152.84310190836902,
            -115.65300677209558,
            -165.7925324547293,
            -213.29985375960558,
            -214.77879466540818,
            -203.38305757665574,
            -227.9194889758206,
            -276.29098107592284,
            -323.5192936500195,
            -338.82163380360396,
            -324.74826618339927,
            -275.0247105901843,
            -177.0114691566654,
            -73.187856387653,
            14.766109327806328,
            96.15520647295433,
            97.76484736464508,
            57.903809364102415,
            60.37285888889218,
            0,
            0,
            0,
            0,
            0,
            0,
            0,
            0,
            0,
            0
        ],
        [
            -41.94606533724302,
            -130.34280154475545,
            -94.1308532767072,
            -139.1525745543357,
            -181.65416566138023,
            -180.43341332009243,
            -167.0611577218162,
            -187.14657866312402,
            -228.27836805777068,
            -266.0889270512898,
            -274.1726167209138,
            -257.1614748878004,
            -209.38066786868256,
            -123.16923043249683,
            -37.614522034826045,
            27.017493509116633,
            71.50167347768537,
            43.235092617043854,
            0,
            0,
            0,
            0,
            0,
            0,
            0,
            0,
            0,
            0,
            0,
            0
        ],
        [
            -9.359927612693513,
            -107.289017389839,
            -77.51037964605462,
            -118.00576600593448,
            -155.78629365765522,
            -153.0046055787406,
            -138.7718628279883,
            -153.97279388830657,
            -185.67872496404266,
            -210.02710210181522,
            -206.64731561091347,
            -183.86250088767025,
            -136.86012449887602,
            -66.8768313681,
            -10.89813704239791,
            0,
            0,
            0,
            0,
            0,
            0,
            0,
            0,
            0,
            0,
            0,
            0,
            0,
            0,
            0
        ],
        [
            0,
            -63.25337521067397,
            -40.41858266130326,
            -71.00369542047787,
            -99.7624144197833,
            -93.60724968272893,
            -77.94888869449242,
            -86.72422122590672,
            -105.89485535549795,
            -110.62336318645983,
            -85.15376301315479,
            -34.56657851719973,
            0,
            0,
            0,
            0,
            0,
            0,
            0,
            0,
            0,
            0,
            0,
            0,
            0,
            0,
            0,
            0,
            0,
            0
        ],
        [
            0,
            0,
            -38.421340903657935,
            -68.75386072740908,
            -93.90320068744926,
            -89.06510311237567,
            -73.64078888552831,
            -68.36730787438121,
            -42.87929312756688,
            0,
            0,
            0,
            0,
            0,
            0,
            0,
            0,
            0,
            0,
            0,
            0,
            0,
            0,
            0,
            0,
            0,
            0,
            0,
            0,
            0
        ],
        [
            0,
            0,
            0,
            0,
            0,
            0,
            0,
            0,
            0,
            0,
            0,
            0,
            0,
            0,
            0,
            0,
            0,
            0,
            0,
            0,
            0,
            0,
            0,
            0,
            0,
            0,
            0,
            0,
            0,
            0
        ]
    ],
    "imag(M)": [
        [
            0,
            0,
            0,
            0,
            0,
            0,
            0,
            0,
            0,
            0,
            0,
            0,
            0,
            0,
            0,
            -40.80487110877794,
            -51.52138643039208,
            -49.34126909013587,
            -48.23941162697122,
            -46.54764082732294,
            -32.9818280918445,
            -37.34265424033978,
            -21.846681698883895,
            -20.106831145284175,
            -7.493027085340938,
            3.621292080837246,
            1.9647941479969804,
            0,
            0,
            0
        ],
        [
            0,
            0,
            0,
            0,
            0,
            0,
            0,
            0,
            0,
            -26.681154829318864,
            -58.77146617565172,
            -104.65552761374317,
            -165.20717088157625,
            -196.78434502880145,
            -206.96935906223433,
            -200.72527766175185,
            -174.1001785044193,
            -146.5245703939703,
            -133.7441326218858,
            -124.53707040070259,
            -95.10693717317174,
            -101.81159952362394,
            -72.35118571962472,
            -68.99353868856907,
            -45.55352423540351,
            -20.74315131374713,
            -8.970075619902579,
            -23.098883067411638,
            0,
            0
        ],
        [
            0,
            0,
            0,
            0,
            0,
            0,
            0,
            -8.207217336907371,
            -25.19073954712289,
            -46.610861909938,
            -82.67366562713862,
            -147.12187561440874,
            -229.38198971001273,
            -264.0460845954179,
            -268.2122924545674,
            -251.09023623875663,
            -207.99195343831235,
            -166.03136872248106,
            -145.78289704671457,
            -131.26669899293123,
            -90.68324228123922,
            -98.53159919633012,
            -59.10702463797554,
            -54.94436540394814,
            -25.744221360881184,
            4.444770242949919,
            16.545097774482148,
            -12.653374659756462,
            -12.726906273064543,
            0
        ],
        [
            0,
            0,
            0,
            0,
            0,
            0,
            -0.07497050751407927,
            -13.312730730164695,
            -33.315813588985115,
            -58.06573933210748,
            -102.40984694597748,
            -183.2183280441459,
            -284.5876069429656,
            -324.18236331809163,
            -325.7109774788458,
            -301.56597558942724,
            -246.45557289267964,
            -193.75256039161138,
            -168.1149005799265,
            -149.7865087351875,
            -100.42270782175471,
            -109.4771834343101,
            -62.02514133259352,
            -57.02526123393892,
            -22.493229221667324,
            13.10635795366671,
            27.155979589057583,
            -9.713918388624759,
            -13.384884540750107,
            0
        ],
        [
            0,
            0,
            0,
            0,
            0,
            -6.4126551114020405,
            -12.261678747244051,
            -32.71874962780087,
            -59.06815076630028,
            -89.6895862167467,
            -142.8967362023546,
            -238.6371459154143,
            -357.36830350009694,
            -402.350527950998,
            -402.67932148579547,
            -373.3967146669676,
            -308.6784902617815,
            -247.29055587171334,
            -217.4440983702801,
            -196.15028806652955,
            -139.43565415819145,
            -149.6291071735857,
            -95.24194815262898,
            -89.04098210092688,
            -49.01190351327701,
            -7.376500918419094,
            10.506506996135307,
            -28.55025822941924,
            -28.543141085676293,
            0
        ],
        [
            0,
            0,
            0,
            0,
            6.4126551114020405,
            0,
            -4.250513928212692,
            -26.42168753574919,
            -54.78649043737813,
            -87.6358272037715,
            -146.68924869245802,
            -254.34558573395236,
            -387.2783449146257,
            -436.10666788075804,
            -434.5707078113193,
            -400.021521699472,
            -326.1758861194119,
            -256.5543017530236,
            -222.4982655046057,
            -198.18766497086182,
            -134.74826061540068,
            -145.73599687301865,
            -85.2939576903057,
            -78.47284256629598,
            -34.876744797615565,
            9.794324011238828,
            27.697397518826737,
            -16.998313007000316,
            -20.13435723659382,
            0
        ],
        [
            0,
            0,
            0,
            0.07497050751407927,
            12.261678747244051,
            4.250513928212692,
            0,
            -24.672820708258275,
            -55.694906180631584,
            -91.27912520602983,
            -155.99380463500765,
            -274.48130567622235,
            -420.24561697110073,
            -472.70732764077627,
            -469.70489509732306,
            -430.640782626505,
            -348.84834472619167,
            -272.0591082089245,
            -234.3612272882215,
            -207.4369483903886,
            -138.15495281182362,
            -149.8070229239901,
            -84.10021955224451,
            -76.56620674710244,
            -29.758994951002034,
            17.572175795929454,
            35.65065414007779,
            -12.209333746978915,
            -15.893674947532903,
            0
        ],
        [
            0,
            0,
            8.207217336907371,
            13.312730730164695,
            32.71874962780087,
            26.42168753574919,
            24.672820708258275,
            0,
            -31.45734624900812,
            -67.7934141844608,
            -136.41213232769005,
            -263.80451791029463,
            -420.2691070796531,
            -475.32981758787656,
            -470.4689128109827,
            -426.92452957484414,
            -337.73104729910335,
            -254.33128806399318,
            -213.19335541550169,
            -183.8156196450903,
            -109.43865722828109,
            -121.64543837115718,
            -51.73412436672229,
            -44.3017263722144,
            3.7187011044000418,
            50.750479797556096,
            65.31562618441882,
            11.211237079321071,
            0.1599753127304996,
            0
        ],
        [
            0,
            0,
            25.19073954712289,
            33.315813588985115,
            59.06815076630028,
            54.78649043737813,
            55.694906180631584,
            31.45734624900812,
            0,
            -36.65990013867637,
            -108.48009199937798,
            -243.52582555966927,
            -409.17147330886456,
            -466.2996013106531,
            -459.6229926459107,
            -412.0173577178465,
            -316.30939655464516,
            -227.16020096789705,
            -183.04271511057286,
            -151.57810530232172,
            -73.01852501867253,
            -85.75261960753758,
            -12.738434177912293,
            -5.990590058249504,
            41.74956248757128,
            86.33621860412039,
            94.87533313493428,
            33.319714430124876,
            7.430371602051666,
            0
        ],
        [
            0,
            26.681154829318853,
            46.610861909938,
            58.06573933210748,
            89.6895862167467,
            87.6358272037715,
            91.27912520602983,
            67.7934141844608,
            36.65990013867637,
            0,
            -74.39702374550438,
            -215.89012658599773,
            -389.22169516586797,
            -447.90107785544825,
            -439.47339218190035,
            -388.2606286901435,
            -286.9839325655902,
            -193.0172693498281,
            -146.44311247834145,
            -113.32105773666714,
            -31.594136597074694,
            -44.87538985742567,
            29.974215267686514,
            35.28010194514628,
            80.92129185869449,
            120.35035696694798,
            119.30338730787489,
            47.155819786328294,
            0,
            0
        ],
        [
            0,
            58.77146617565172,
            82.67366562713862,
            102.40984694597748,
            142.8967362023546,
            146.68924869245802,
            155.99380463500765,
            136.41213232769005,
            108.48009199937798,
            74.39702374550438,
            0,
            -144.63024569393883,
            -321.9274681593339,
            -380.7400921433935,
            -370.48051688519877,
            -316.4355047600695,
            -211.3291155291753,
            -114.22945356390791,
            -66.15656087891348,
            -32.22790704267988,
            50.84996654430369,
            36.65754249584411,
            110.85563751727557,
            112.19861111107666,
            151.3489915139127,
            179.4848407438759,
            159.90695578689122,
            59.03301157620533,
            0,
            0
        ],
        [
            0,
            104.65552761374317,
            147.12187561440874,
            183.2183280441459,
            238.6371459154143,
            254.34558573395236,
            274.48130567622235,
            263.80451791029463,
            243.52582555966927,
            215.89012658599773,
            144.63024569393883,
            0,
            -177.96743810922382,
            -235.45504257065753,
            -223.00430784801762,
            -166.49769553936557,
            -58.71677302359236,
            40.29798857909558,
            89.02304408011462,
            122.83400505153634,
            205.57027861901426,
            189.48913633226493,
            260.01221666775365,
            252.8405515441901,
            278.52006093215505,
            285.3298523790047,
            231.07126652646696,
            44.82872346811929,
            0,
            0
        ],
        [
            0,
            165.20717088157625,
            229.38198971001273,
            284.5876069429656,
            357.36830350009694,
            387.2783449146257,
            420.24561697110073,
            420.2691070796531,
            409.17147330886456,
            389.22169516586797,
            321.9274681593339,
            177.96743810922382,
            0,
            -55.85973859581322,
            -41.18416074230775,
            17.591012975973136,
            127.58296835855408,
            227.9160236282456,
            276.6726252798233,
            309.61357216733984,
            390.89197244172465,
            371.9215876141918,
            436.4286808427366,
            416.88951350138433,
            423.13332234796815,
            399.13390359590323,
            291.54742162905455,
            0,
            0,
            0
        ],
        [
            0,
            196.78434502880148,
            264.0460845954179,
            324.18236331809163,
            402.350527950998,
            436.10666788075804,
            472.70732764077627,
            475.32981758787656,
            466.2996013106531,
            447.90107785544825,
            380.7400921433935,
            235.45504257065753,
            55.85973859581322,
            0,
            15.393210170674196,
            75.11640447512033,
            186.1643465877702,
            287.00021472654817,
            335.4637472736544,
            367.6276345216306,
            447.75753763865737,
            426.99519919663214,
            487.6250573346212,
            460.8887862547832,
            455.14521654130164,
            410.3721465575847,
            257.442807544009,
            0,
            0,
            0
        ],
        [
            0,
            206.96935906223433,
            268.2122924545674,
            325.7109774788458,
            402.67932148579547,
            434.5707078113193,
            469.70489509732306,
            470.4689128109827,
            459.6229926459107,
            439.47339218190035,
            370.48051688519877,
            223.00430784801762,
            41.18416074230775,
            -15.393210170674196,
            0,
            60.016707361117305,
            171.49935654123297,
            272.4266463354574,
            320.5490019260067,
            352.16397738641376,
            431.4214157839825,
            409.7953726609884,
            468.0614355612099,
            437.7905759513728,
            424.95069910803534,
            365.15613943027694,
            153.88236940540187,
            0,
            0,
            0
        ],
        [
            40.80487110877794,
            200.72527766175185,
            251.09023623875663,
            301.56597558942724,
            373.3967146669676,
            400.021521699472,
            430.640782626505,
            426.92452957484414,
            412.0173577178465,
            388.2606286901435,
            316.4355047600695,
            166.49769553936557,
            -17.591012975973136,
            -75.11640447512033,
            -60.016707361117305,
            0,
            111.58770440685994,
            212.42477190529183,
            260.33348788389065,
            291.73949250675196,
            370.42355783103864,
            348.8442878829284,
            406.0398987305979,
            375.3427026976101,
            359.2463247046774,
            287.73406616371784,
            0,
            0,
            0,
            0
        ],
        [
            51.52138643039215,
            174.1001785044193,
            207.99195343831235,
            246.45557289267964,
            308.6784902617815,
            326.1758861194119,
            348.84834472619167,
            337.73104729910335,
            316.30939655464516,
            286.9839325655902,
            211.3291155291753,
            58.71677302359236,
