{
    "bin_ranges": {
        "m3pi_lower_limit": 1.82,
        "m3pi_upper_limit": 1.86,
        "t_lower_limit": 0.194,
        "t_upper_limit": 0.326
    },
    "info": "The dalitz matrix M is computed as sqrt(-Kibble) * (A[1]-A[2])",
    "bin_centers": [
        0.29900000000000004,
        0.33999999999999997,
        0.38,
        0.42000000000000004,
        0.45999999999999996,
        0.5,
        0.54,
        0.5800000000000001,
        0.62,
        0.66,
        0.69,
        0.71,
        0.73,
        0.75,
        0.77,
        0.79,
        0.81,
        0.83,
        0.85,
        0.87,
        0.89,
        0.91,
        0.94,
        0.98,
        1.02,
        1.06,
        1.1,
        1.1400000000000001,
        1.18,
        1.22,
        1.26,
        1.3,
        1.34,
        1.38,
        1.42,
        1.46,
        1.5,
        1.54,
        1.58,
        1.62,
        1.66,
        1.7
    ],
    "real(M)": [
        [
            0,
            0,
            0,
            0,
            0,
            0,
            0,
            0,
            0,
            0,
            0,
            0,
            0,
            0,
            0,
            0,
            0,
            0,
            0,
            0,
            0,
            0,
            0,
            0,
            0,
            5.126179001167008,
            1.219956929832607,
            0.8031454049569277,
            -15.673076849508318,
            -21.763991223423194,
            -19.610956621595154,
            -28.489582595513955,
            -44.64990118231844,
            -61.44029865433592,
            -41.185941875680946,
            -45.659303684192366,
            -7.277484718043893,
            0,
            0,
            0,
            0,
            0
        ],
        [
            0,
            0,
            0,
            0,
            0,
            0,
            0,
            0,
            0,
            0,
            0,
            0,
            0,
            0,
            0,
            0,
            0,
            0,
            0,
            46.441367783436796,
            80.43438247238369,
            89.0528401228446,
            109.07863437674705,
            106.77418895138457,
            106.44873134735454,
            118.5859094981234,
            100.0997252411749,
            103.93115401991261,
            74.8147083720417,
            67.91786617837883,
            74.75407313833237,
            59.23141247172488,
            27.727527942508654,
            -10.381228698077617,
            16.817592190458253,
            -21.31120427298834,
            -36.81317122834021,
            -31.844207853516032,
            -12.168632745263364,
            0,
            0,
            0
        ],
        [
            0,
            0,
            0,
            0,
            0,
            0,
            0,
            0,
            0,
            0,
            0,
            0,
            0,
            13.300137920137058,
            104.70417154124492,
            192.4929261794385,
            228.64742855790027,
            270.8883417232128,
            248.7365032160478,
            306.1618049610988,
            315.2772240734128,
            303.48818409810787,
            322.48448140624174,
            310.632663970663,
            309.86341597241795,
            329.4574269919655,
            306.3723159777072,
            314.77623984326607,
            278.30503075832394,
            271.3738671113405,
            281.6386517877375,
            261.1214289216059,
            218.08040009489397,
            164.20889013782738,
            195.01392813991126,
            134.9146308763772,
            100.240761534394,
            87.97796649001718,
            91.61599304485746,
            78.4954138349852,
            0,
            0
        ],
        [
            0,
            0,
            0,
            0,
            0,
            0,
            0,
            0,
            0,
            0,
            -28.457630259115657,
            -1.476895296381564,
            43.85388452443569,
            91.77708633968236,
            168.927971355295,
            271.47407346982817,
            282.22573058501195,
            313.01553867762215,
            252.5419950742608,
            314.6586081826519,
            309.29554888527997,
            278.3413297793124,
            285.498079945401,
            251.02363672553463,
            235.27814984505153,
            247.8583116408542,
            209.70589344681355,
            212.5369408857484,
            162.49607181168608,
            150.3140491296477,
            160.60638972841505,
            135.4820019521026,
            85.08786309166993,
            23.52530566063758,
            66.51698866625762,
            1.7359367867132711,
            -29.615823520713924,
            -29.634316281099302,
            -2.6015719316826678,
            18.190724759989887,
            41.9317427724892,
            0
        ],
        [
            0,
            0,
            0,
            0,
            0,
            0,
            0,
            0,
            -0.5205207457914802,
            12.730354111319407,
            -23.934977944722057,
            37.93585530729804,
            111.4433469139933,
            179.5308926348485,
            283.16580344368026,
            415.5090001215429,
            423.7278196787309,
            458.8456565591078,
            379.3650373459531,
            454.96200356072285,
            446.6253864462935,
            407.77091624986383,
            415.769429293554,
            374.4951192562169,
            356.5409420378961,
            372.2234452641162,
            328.5138381928977,
            332.6958468933022,
            275.3758863621077,
            261.79591188345427,
            273.79587812742324,
            244.51293293904516,
            185.65337921186673,
            113.30081058609468,
            160.66060091144357,
            82.7190412890497,
            41.94186989241485,
            35.86284259142846,
            59.827465325658004,
            74.87890223066266,
            96.9867385263924,
            0
        ],
        [
            0,
            0,
            0,
            0,
            0,
            0,
            0,
            -23.14613738009045,
            -16.745350914487993,
            -1.0706935418463541,
            -54.98488767779592,
            25.062435681670866,
            115.44480163556787,
            195.8443218092203,
            317.8730410993009,
            472.25387023261857,
            475.72012452652825,
            511.8874200617049,
            413.2056974828869,
            497.882517967589,
            484.3104427459055,
            435.8781086097555,
            440.91938501029307,
            388.9253463966633,
            364.8005979826588,
            379.62496004711846,
            327.68927128328346,
            330.49723485827644,
            264.5057072904587,
            248.26785584313507,
            261.13257405879904,
            228.11489026632717,
            162.46272690970892,
            82.21372385622487,
            136.38888263802335,
            50.87374449866536,
            7.475442925692519,
            3.65692714778058,
            34.79160135577908,
            58.03653559878466,
            95.74419991124357,
            0
        ],
        [
            0,
            0,
            0,
            0,
            0,
            0,
            0,
            -46.51816037175035,
            -31.224224331465273,
            -11.395453755461503,
            -77.82983110736717,
            18.249504184701582,
            124.09633856858416,
            216.31673351759227,
            355.65505521441867,
            530.7629425550102,
            531.1681043283136,
            569.3284207964087,
            454.2442207547769,
            547.9704958168302,
            530.3999011059857,
            473.9107710842271,
            477.1562759151354,
            416.3511417490526,
            387.40814871517335,
            402.16927223233404,
            343.2201216494906,
            345.22201614399086,
            271.55031358245395,
            253.0706956530386,
            266.8077792906361,
            230.2903013105931,
            158.21815004086724,
            70.45355218716772,
            130.26564726765153,
            37.28757650434361,
            -9.257018636491443,
            -12.163747912329528,
            23.581684998632795,
            51.3420028185883,
            96.40363367124617,
            0
        ],
        [
            0,
            0,
            0,
            0,
            0,
            23.14613738009045,
            46.51816037175035,
            0,
            34.158528239286575,
            68.89348182837928,
            -0.652634288128667,
            114.51400597394138,
            238.99168920340045,
            346.5425670946999,
            506.10562077517545,
            704.4982285557902,
            706.3566523444027,
            750.3888800908721,
            624.0504368176827,
            729.7634871859641,
            711.967660929784,
            651.3063186836698,
            657.4900307595722,
            594.0393571355131,
            565.4743623429132,
            584.3480788024525,
            522.3244954915696,
            526.2795716087928,
            447.3804605149242,
            427.87787056444114,
            442.54133296273426,
            401.9009430133174,
            321.93533261013357,
            224.09214884453453,
            284.2764242382963,
            178.28348264538525,
            120.67024151496877,
            107.74762080791155,
            133.06127038880317,
            144.8655628264539,
            164.68100033366727,
            0
        ],
        [
            0,
            0,
            0,
            0,
            0.5205207457914802,
            16.745350914487993,
            31.224224331465273,
            -34.158528239286575,
            0,
            33.86158718086306,
            -48.15556501531491,
            78.26248382006543,
            213.99199285650957,
            330.1206760420248,
            503.0682549920641,
            717.9673150911493,
            716.3846976034147,
            761.2530178440152,
            620.015312234927,
            732.6104974016081,
            710.5142815109733,
            642.0453406262791,
            645.4291676923115,
            572.7595040412077,
            538.5585026753103,
            556.0766630623816,
            486.8257794363278,
            489.12688216822255,
            402.84888793120405,
            380.9007031844068,
            396.0163203588125,
            352.39090391634267,
            267.37431355682105,
            164.0923342591626,
            229.92379762929943,
            119.74336811184632,
            62.18526930291601,
            53.20172382951056,
            85.67204883284799,
            105.06932557956657,
            131.3151938485706,
            0
        ],
        [
            0,
            0,
            0,
            0,
            -12.730354111319407,
            1.0706935418463541,
            11.395453755461503,
            -68.89348182837928,
            -33.86158718086306,
            0,
            -92.93519522919944,
            44.152779150569785,
            190.60600504481434,
            315.01559929671413,
            500.72363745616474,
            731.3099887763534,
            726.8435634652735,
            772.7861016381238,
            617.907550692878,
            737.1748927841221,
            711.2852149615386,
            635.7228151148031,
            636.7668028006486,
            555.7980387456408,
            516.6022166738245,
            533.0788864983804,
            457.27682083618157,
            458.1814167717047,
            365.1766259273876,
            341.04951075961276,
            356.61203509569225,
            310.26323616307667,
            220.67712745645454,
            112.57062299003735,
            183.37177321766228,
            69.67773611356758,
            12.472601979585104,
            7.211050731574562,
            45.79829851779879,
            71.20773839870347,
            97.81019635921679,
            0
        ],
        [
            0,
            0,
            0,
            28.457630259115657,
            23.934977944722057,
            54.98488767779592,
            77.82983110736717,
            0.652634288128667,
            48.15556501531491,
            92.93519522919944,
            0,
            149.43297984698432,
            308.12145784134077,
            442.89631217597207,
            641.974201617215,
            887.846660512061,
            885.3987311877412,
            935.9896534385995,
            775.1938889052433,
            902.7385292678656,
            877.5634546311888,
            800.217915041254,
            804.143483107077,
            722.764448483739,
            684.7919684808298,
            704.538080580664,
            627.3502781509425,
            629.6522006807311,
            533.4276837512087,
            508.2824053921584,
            523.5627286936488,
            473.56269380271215,
            377.77687978269665,
            261.8756937396462,
            329.60874631322304,
            205.33844351159328,
            137.65160759944567,
            120.77076127395274,
            144.2906338969698,
            146.50032497878678,
            121.89611609470664,
            0
        ],
        [
            0,
            0,
            0,
            1.476895296381564,
            -37.93585530729804,
            -25.062435681670866,
            -18.249504184701582,
            -114.51400597394138,
            -78.26248382006575,
            -44.152779150569785,
            -149.43297984698432,
            0,
            158.9109234723726,
            292.9947998320732,
            493.56828729082895,
            742.4234517989801,
            734.7436194710453,
            782.035280248674,
            611.4447990859309,
            738.5153526235945,
            708.2923672190078,
            624.5644352655411,
            622.9602855668728,
            532.4508035513558,
            487.5299791992142,
            502.830421738229,
            419.52121198260073,
            418.8382462488329,
            318.1997841247582,
            291.6464040348676,
            307.74468129183316,
            258.42785710260273,
            163.97582567653797,
            50.98861615750026,
            127.36692778074391,
            10.79682685864031,
            -44.81045564475339,
            -44.78208526039216,
            1.165696509788365,
            33.469244286096135,
            49.176486994467474,
            0
        ],
        [
            0,
            0,
            0,
            -43.85388452443569,
            -111.4433469139933,
            -115.44480163556787,
            -124.09633856858416,
            -238.99168920340045,
            -213.99199285650957,
            -190.60600504481434,
            -308.12145784134077,
            -158.91092347237222,
            0,
            133.20940932248615,
            335.0261457289833,
            586.5676244460082,
            573.6474375099564,
            617.5715859067544,
            437.3489517227162,
            563.7961147407369,
            528.5433745231377,
            438.5095343436852,
            431.3717772808962,
            331.8394139334117,
            280.0633226952601,
            290.98648878457936,
            201.77576016970335,
            198.29147511575624,
            93.6018328267021,
            65.99185633268544,
            83.28761271499602,
            35.22172008311297,
            -57.128107030150694,
            -166.22308545120688,
            -80.37369598027783,
            -187.75194251992912,
            -229.50210791956545,
            -210.3445284700218,
            -138.9650578122453,
            -71.26703352244606,
            1.731752006705835,
            0
        ],
        [
            0,
            0,
            -13.300137920137058,
            -91.77708633968236,
            -179.5308926348485,
            -195.8443218092203,
            -216.31673351759227,
            -346.5425670946999,
            -330.1206760420248,
            -315.01559929671413,
            -442.89631217597207,
            -292.9947998320732,
            -133.20940932248615,
            0,
            203.8296633721402,
            458.74637544684805,
            441.52156555979013,
            482.9187726406282,
            294.0971361797023,
            420.6076324829536,
            381.14084842648003,
            285.63708461656296,
            274.0279085148648,
            166.86007210830283,
            109.43087246111101,
            116.97191960330268,
            22.813384877722704,
            17.234308120144433,
            -90.84567143853948,
            -119.11272987587495,
            -100.46744367438433,
            -147.24464821332774,
            -237.59417210855554,
            -343.0779794181359,
            -248.66104715610402,
            -347.6095495678453,
            -376.64693343379946,
            -339.9214047197013,
            -245.0606375261944,
            -143.16168598918523,
            0,
            0
        ],
        [
            0,
            0,
            -104.70417154124497,
            -168.927971355295,
            -283.16580344368026,
            -317.8730410993009,
            -355.65505521441867,
            -506.10562077517545,
            -503.0682549920641,
            -500.72363745616474,
            -641.974201617215,
            -493.56828729082895,
            -335.026145728984,
            -203.8296633721402,
            0,
            256.30124575042004,
            233.128156858122,
            270.36346049156265,
            71.60398424009833,
            196.59805423622018,
            151.57268765381556,
            49.383126826257374,
            31.493558497455368,
            -85.3497672564441,
            -150.1779354189996,
            -147.46336838531627,
            -247.50822363670247,
            -255.78130877433927,
            -367.2542671326838,
            -395.74350351802394,
            -374.78758678934247,
            -418.55874149220455,
            -504.34241189836933,
            -602.6886967873714,
            -495.4744622169668,
            -579.9661910738039,
            -588.5636710228918,
            -524.1122537030011,
            -391.57068807884383,
            -230.86779253764539,
            0,
            0
        ],
        [
            0,
            0,
            -192.49292617943854,
            -271.47407346982817,
            -415.5090001215429,
            -472.25387023261857,
            -530.7629425550102,
            -704.4982285557902,
            -717.9673150911493,
            -731.3099887763534,
            -887.846660512061,
            -742.4234517989801,
            -586.5676244460092,
            -458.74637544684805,
            -256.30124575042004,
            0,
            -30.18118634934608,
            1.8205448570302325,
            -207.6720846949505,
            -85.2521138992757,
            -136.67824275068443,
            -246.28707863965602,
            -271.58249151670725,
            -399.30308974358013,
            -472.5261328232606,
            -475.4254189941145,
            -581.7322545135013,
            -592.839818706887,
            -707.354791535593,
            -735.3958747629744,
            -711.059244324731,
            -750.1286995948108,
            -828.942967928575,
            -916.9377739369224,
            -793.190002262245,
            -857.8313671235394,
            -839.0362760251056,
            -737.5055432334348,
            -553.3908689350714,
            -304.07828783285873,
            0,
            0
        ],
        [
            0,
            0,
            -228.64742855790027,
            -282.22573058501195,
            -423.7278196787309,
            -475.72012452652825,
            -531.1681043283136,
            -706.3566523444027,
            -716.3846976034162,
            -726.8435634652735,
            -885.3987311877412,
            -734.7436194710453,
            -573.6474375099568,
            -441.52156555979013,
            -233.128156858122,
            30.18118634934608,
            0,
            33.436978124067544,
            -180.17287484003728,
            -54.3117144529229,
            -106.24827474077676,
            -217.62548846897863,
            -242.54949273449404,
            -371.7827031211662,
            -445.40556328612854,
            -447.39858164904894,
            -554.8419448461871,
            -565.3853781897077,
            -681.1872040112542,
            -709.0618790392316,
            -683.8442990615515,
            -723.0227122690304,
            -802.318081664576,
            -890.4882948966592,
            -764.8585026209149,
            -828.2991447773454,
            -806.522060032855,
            -700.0753447908389,
            -508.02457167353,
            -228.1775109671822,
            0,
            0
        ],
        [
            0,
            0,
            -270.8883417232128,
            -313.01553867762215,
            -458.8456565591078,
            -511.8874200617049,
            -569.3284207964087,
            -750.3888800908721,
            -761.2530178440152,
            -772.7861016381238,
            -935.9896534385995,
            -782.0352802486728,
            -617.5715859067553,
            -482.9187726406282,
            -270.36346049156225,
            -1.8205448570302325,
            -33.436978124067544,
            0,
            -218.8696680551526,
            -90.96685964971675,
            -144.58330683224477,
            -258.77707804870687,
            -284.91131353689997,
            -417.42843850905393,
            -492.9789094906688,
            -495.34986274423113,
            -604.7586664067505,
            -615.2992643060898,
            -732.4122266169609,
            -759.7934628561902,
            -732.9360420591784,
            -770.7954334223599,
            -848.3927194721356,
            -933.7078679151278,
            -802.6616321446777,
            -859.634569210485,
            -828.0442898092972,
            -707.4327349734166,
            -493.2222831099691,
            -118.57428926136552,
            0,
            0
        ],
        [
            0,
            0,
            -248.7365032160478,
            -252.5419950742608,
            -379.3650373459531,
            -413.2056974828869,
            -454.2442207547769,
            -624.0504368176827,
            -620.015312234927,
            -617.907550692878,
            -775.1938889052433,
            -611.4447990859309,
            -437.3489517227165,
            -294.0971361797023,
            -71.60398424009833,
            207.6720846949505,
            180.17287484003728,
            218.8696680551527,
            0,
            134.64121496724923,
            83.96697577153552,
            -28.613255363005877,
            -49.93177559475408,
            -178.54114546477197,
            -250.01654926772193,
            -248.0553323804365,
            -355.9165859460675,
            -364.47687985013175,
            -482.35394803877375,
            -510.52650380464553,
            -485.3196430485521,
            -527.230557697162,
            -610.9074379673116,
            -703.9975283968255,
            -582.1577266625375,
            -651.1171035448247,
            -634.0356919394308,
            -532.0227045691578,
            -342.46309904291076,
            0,
            0,
            0
        ],
        [
            0,
            -46.441367783436796,
            -306.1618049610988,
            -314.6586081826519,
            -454.96200356072285,
            -497.882517967589,
            -547.9704958168302,
            -729.7634871859641,
            -732.6104974016081,
            -737.1748927841221,
            -902.7385292678656,
            -738.5153526235945,
            -563.7961147407369,
            -420.6076324829536,
            -196.59805423622018,
            85.2521138992757,
            54.3117144529229,
            90.96685964971675,
            -134.64121496724923,
            0,
            -53.96100927708857,
            -170.7527961108411,
            -195.46668992136114,
            -329.71849836401714,
            -405.14807757168734,
            -405.2711062451286,
            -516.0542941582079,
            -525.2265355494981,
            -644.1394201122398,
            -671.0662319235009,
            -642.8483341723366,
            -680.9771905144332,
            -759.2615580693274,
            -844.399969377303,
            -711.4739290586261,
            -765.0931976858201,
            -726.5316925165861,
            -593.8045421961797,
            -351.5190587912611,
            0,
            0,
            0
        ],
        [
            0,
            -80.43438247238369,
            -315.2772240734128,
            -309.29554888527997,
            -446.6253864462935,
            -484.3104427459055,
            -530.3999011059857,
            -711.967660929784,
            -710.5142815109733,
            -711.2852149615386,
            -877.5634546311888,
            -708.2923672190068,
            -528.5433745231377,
            -381.14084842648003,
            -151.5726876538154,
            136.67824275068435,
            106.24827474077672,
            144.58330683224477,
            -83.9669757715355,
            53.96100927708857,
            0,
            -117.83653495708995,
            -141.6879539617458,
            -276.4841001395278,
            -351.6492307625138,
            -350.6018763230361,
            -461.8831403198626,
            -470.3980234873079,
            -590.0732512248298,
            -616.853627530566,
            -588.2178066771647,
            -626.6444719246983,
            -705.3443478568993,
            -790.3999326510323,
            -657.3823717387176,
            -709.2338159002492,
            -667.0547527132468,
            -527.3673873924369,
            -260.2427596678842,
            0,
            0,
            0
        ],
        [
            0,
            -89.0528401228446,
            -303.48818409810787,
            -278.3413297793124,
            -407.77091624986383,
            -435.8781086097555,
            -473.9107710842271,
            -651.3063186836698,
            -642.0453406262791,
            -635.7228151148031,
            -800.217915041254,
            -624.5644352655411,
            -438.5095343436852,
            -285.63708461656296,
            -49.383126826257374,
            246.28707863965593,
            217.62548846897863,
            258.77707804870687,
            28.613255363005877,
            170.7527961108411,
            117.83653495708995,
            0,
            -21.68987700193031,
            -155.43062307637885,
            -229.07651194257355,
            -225.99730172360606,
            -337.1238346719983,
            -344.8174762263956,
            -465.3488065489907,
            -492.6469528288517,
            -464.8575718331279,
            -505.31690587746317,
            -586.7335823842963,
            -674.7159858858145,
            -546.1792994492242,
            -601.3773827720531,
            -562.3946722768297,
            -424.6270804232308,
            -123.19044303160925,
            0,
            0,
            0
        ],
        [
            0,
            -109.07863437674703,
            -322.48448140624174,
            -285.498079945401,
            -415.769429293554,
            -440.91938501029307,
            -477.1562759151354,
            -657.4900307595722,
            -645.4291676923115,
            -636.7668028006486,
            -804.143483107077,
            -622.9602855668728,
            -431.3717772808966,
            -274.0279085148648,
            -31.49355849745539,
            271.58249151670714,
            242.54949273449398,
            284.91131353689997,
            49.93177559475408,
            195.46668992136114,
            141.6879539617458,
            21.68987700193031,
            0,
            -135.71884338439537,
            -210.07612334805563,
            -206.36546312819937,
            -318.6242352520912,
            -325.80883273071436,
            -447.082833340681,
            -473.7634619879123,
            -444.80186845851705,
            -484.2334406161342,
            -563.7636702042486,
            -647.9589002966088,
            -516.6002717535885,
            -562.3043948727257,
            -508.1085859172985,
            -339.9285021516374,
            0,
            0,
            0,
            0
        ],
        [
            0,
            -106.77418895138457,
            -310.632663970663,
            -251.02363672553463,
            -374.4951192562169,
            -388.9253463966633,
            -416.3511417490526,
            -594.0393571355131,
            -572.7595040412077,
            -555.7980387456408,
            -722.764448483739,
            -532.4508035513558,
            -331.8394139334117,
            -166.86007210830283,
            85.3497672564441,
            399.30308974358013,
            371.7827031211661,
            417.42843850905393,
            178.54114546477194,
            329.71849836401714,
            276.4841001395278,
            155.43062307637885,
            135.71884338439537,
            0,
            -73.37062097783013,
            -67.72759172702433,
            -180.47672541998494,
            -187.05632928573124,
            -309.4950900258934,
            -336.7580780184841,
            -308.8705854327096,
            -350.1065802721024,
            -430.9720454560433,
            -514.8598820382603,
            -388.58098242549045,
            -428.95155922313904,
            -362.2628645842814,
            -126.50409434171054,
            0,
            0,
            0,
            0
        ],
        [
            0,
            -106.44873134735451,
            -309.86341597241795,
            -235.27814984505153,
            -356.5409420378961,
            -364.8005979826588,
            -387.40814871517335,
            -565.4743623429132,
            -538.5585026753103,
            -516.6022166738245,
            -684.7919684808298,
            -487.5299791992142,
            -280.0633226952601,
            -109.43087246111101,
            150.1779354189996,
            472.5261328232606,
            445.40556328612854,
            492.9789094906688,
            250.01654926772193,
            405.14807757168734,
            351.6492307625138,
            229.07651194257355,
            210.07612334805563,
            73.37062097783013,
            0,
            6.481227508413861,
            -106.91893693763997,
            -113.28500994706141,
            -236.14820370341593,
            -263.3823678705728,
            -235.90381801443266,
            -277.0815392922389,
            -356.0160046001459,
            -434.6251381608582,
            -310.29953178302185,
            -334.141091619121,
            -228.3939095895271,
            0,
            0,
            0,
            0,
            0
        ],
        [
            -5.126179001167008,
            -118.5859094981234,
            -329.4574269919655,
            -247.8583116408542,
            -372.2234452641162,
            -379.62496004711846,
            -402.16927223233404,
            -584.3480788024525,
            -556.0766630623812,
            -533.0788864983804,
            -704.538080580664,
            -502.830421738229,
            -290.98648878457936,
            -116.97191960330268,
            147.46336838531633,
            475.4254189941144,
            447.39858164904877,
            495.34986274423113,
            248.05533238043648,
            405.2711062451286,
            350.6018763230361,
            225.99730172360606,
            206.36546312819937,
            67.72759172702433,
            -6.481227508413861,
            0,
            -113.72953536021134,
            -119.659463741337,
            -241.2804727551851,
            -266.7395571996598,
            -237.5976012665853,
            -274.9197957037563,
            -345.95869924640317,
            -410.37303770046265,
            -279.9172152514183,
            -262.62980020427585,
            0,
            0,
            0,
            0,
            0,
            0
        ],
        [
            -1.219956929832607,
            -100.09972524117354,
            -306.3723159777072,
            -209.70589344681355,
            -328.5138381928977,
            -327.68927128328346,
            -343.22012164949,
            -522.3244954915696,
            -486.8257794363275,
            -457.27682083618157,
            -627.3502781509421,
            -419.52121198260045,
            -201.77576016970335,
            -22.813384877722704,
            247.50822363670247,
            581.7322545135011,
            554.841944846187,
            604.7586664067504,
            355.9165859460674,
            516.0542941582079,
            461.8831403198626,
            337.1238346719982,
            318.6242352520912,
            180.47672541998494,
            106.91893693763994,
            113.72953536021132,
            0,
            -6.715332711029239,
            -128.32393263234596,
            -155.02890281090805,
            -129.10639221092327,
            -168.13891239631764,
            -237.58056469443613,
            -294.62338107243045,
            -172.07500968512255,
            -92.59665226043725,
            0,
            0,
            0,
            0,
            0,
            0
        ],
        [
            -0.8031454049569277,
            -103.93115401991258,
            -314.776239843266,
            -212.5369408857484,
            -332.6958468933022,
            -330.49723485827644,
            -345.22201614399063,
            -526.2795716087928,
            -489.12688216822227,
            -458.1814167717047,
            -629.6522006807311,
            -418.8382462488329,
            -198.29147511575633,
            -17.234308120144433,
            255.78130877433918,
            592.8398187068868,
            565.3853781897076,
            615.2992643060898,
            364.47687985013175,
            525.2265355494981,
            470.3980234873079,
            344.8174762263956,
            325.80883273071436,
            187.05632928573124,
            113.28500994706141,
            119.659463741337,
            6.715332711029239,
            0,
            -118.80835378624609,
            -143.68617612514498,
            -117.30231943904037,
            -151.68264619439572,
            -209.27657671544168,
            -241.53701625816174,
            -102.53253442564348,
            0,
            0,
            0,
            0,
            0,
            0,
            0
        ],
        [
            15.67307684950833,
            -74.81470837204216,
            -278.3050307583239,
            -162.4960718116861,
            -275.37588636210745,
            -264.5057072904587,
            -271.55031358245395,
            -447.3804605149242,
            -402.84888793120405,
            -365.1766259273876,
            -533.4276837512086,
            -318.19978412475814,
            -93.60183282670212,
            90.84567143853948,
            367.2542671326838,
            707.3547915355927,
            681.1872040112542,
            732.4122266169609,
            482.35394803877364,
            644.1394201122398,
            590.0732512248298,
            465.3488065489907,
            447.082833340681,
            309.4950900258934,
            236.14820370341593,
            241.2804727551851,
            128.32393263234596,
            118.80835378624609,
            0,
            -28.284522635264103,
            -9.413251328495111,
            -48.24725862611994,
            -103.89410043291295,
            -116.95678484918086,
            0,
            0,
            0,
            0,
            0,
            0,
            0,
            0
        ],
        [
            21.763991223423222,
            -67.91786617837886,
            -271.37386711134053,
            -150.31404912964769,
            -261.79591188345427,
            -248.26785584313507,
            -253.07069565303837,
            -427.87787056444114,
            -380.9007031844068,
            -341.04951075961276,
            -508.2824053921584,
            -291.6464040348676,
            -65.99185633268546,
            119.11272987587495,
            395.74350351802383,
            735.3958747629744,
            709.0618790392315,
            759.7934628561902,
            510.52650380464553,
            671.0662319235009,
            616.853627530566,
            492.6469528288517,
            473.7634619879123,
            336.7580780184841,
            263.3823678705728,
            266.7395571996598,
            155.02890281090805,
            143.68617612514498,
            28.284522635264103,
            0,
            14.967054007530802,
            -21.205060068494568,
            -59.73910198132617,
            0,
            0,
            0,
            0,
            0,
            0,
            0,
            0,
            0
        ],
        [
            19.610956621595133,
            -74.75407313833267,
            -281.63865178773756,
            -160.60638972841502,
            -273.795878127423,
            -261.13257405879904,
            -266.8077792906361,
            -442.5413329627345,
            -396.01632035881227,
            -356.61203509569225,
            -523.5627286936485,
            -307.74468129183316,
            -83.28761271499604,
            100.46744367438433,
            374.7875867893423,
            711.059244324731,
            683.8442990615515,
            732.9360420591784,
            485.319643048552,
            642.8483341723366,
            588.2178066771647,
            464.8575718331279,
            444.80186845851705,
            308.8705854327096,
            235.90381801443266,
            237.5976012665853,
            129.10639221092327,
            117.30231943904037,
            9.413251328495111,
            -14.967054007530802,
            0,
            -23.884940120921428,
            0,
            0,
            0,
            0,
            0,
            0,
            0,
            0,
            0,
            0
        ],
        [
            28.48958259551397,
            -59.231412471725086,
            -261.12142892160597,
            -135.4820019521026,
            -244.51293293904496,
            -228.11489026632717,
            -230.29030131059304,
            -401.9009430133176,
            -352.39090391634244,
            -310.26323616307667,
            -473.56269380271215,
            -258.42785710260273,
            -35.22172008311298,
            147.24464821332774,
            418.5587414922044,
            750.1286995948105,
            723.0227122690304,
            770.7954334223599,
            527.2305576971619,
            680.9771905144333,
            626.6444719246983,
            505.31690587746317,
            484.2334406161342,
            350.1065802721024,
            277.0815392922389,
            274.9197957037563,
            168.13891239631758,
            151.68264619439572,
            48.24725862611994,
            21.205060068494568,
            23.884940120921428,
            0,
            0,
            0,
            0,
            0,
            0,
            0,
            0,
            0,
            0,
            0
        ],
        [
            44.64990118231854,
            -27.72752794250879,
