{
    "bin_ranges": {
        "m3pi_lower_limit": 1.78,
        "m3pi_upper_limit": 1.82,
        "t_lower_limit": 0.194,
        "t_upper_limit": 0.326
    },
    "info": "The dalitz matrix M is computed as sqrt(-Kibble) * (A[1]-A[2])",
    "bin_centers": [
        0.29900000000000004,
        0.33999999999999997,
        0.38,
        0.42000000000000004,
        0.45999999999999996,
        0.5,
        0.54,
        0.5800000000000001,
        0.62,
        0.66,
        0.69,
        0.71,
        0.73,
        0.75,
        0.77,
        0.79,
        0.81,
        0.83,
        0.85,
        0.87,
        0.89,
        0.91,
        0.94,
        0.98,
        1.02,
        1.06,
        1.1,
        1.1400000000000001,
        1.18,
        1.22,
        1.26,
        1.3,
        1.34,
        1.38,
        1.42,
        1.46,
        1.5,
        1.54,
        1.58,
        1.62,
        1.66
    ],
    "real(M)": [
        [
            0,
            0,
            0,
            0,
            0,
            0,
            0,
            0,
            0,
            0,
            0,
            0,
            0,
            0,
            0,
            0,
            0,
            0,
            0,
            0,
            0,
            0,
            0,
            0,
            0,
            21.237669302668884,
            42.49675008896411,
            35.81801554609837,
            27.536812491779905,
            36.001611890786656,
            18.972001400000508,
            27.45430254798155,
            -4.4458306687306255,
            -2.0909428472814677,
            -1.87319225053689,
            -0.8751313189009484,
            0,
            0,
            0,
            0,
            0
        ],
        [
            0,
            0,
            0,
            0,
            0,
            0,
            0,
            0,
            0,
            0,
            0,
            0,
            0,
            0,
            0,
            0,
            0,
            0,
            58.41193572971912,
            119.96873058599944,
            152.386614610774,
            159.6081187844429,
            188.763533210193,
            183.5786714240566,
            212.33590237566068,
            178.34359194363688,
            217.76771990730148,
            196.9098750887783,
            179.82703529797752,
            195.9780346253204,
            164.77953670215166,
            179.71209334690909,
            118.21839802048275,
            117.4228198207304,
            109.488150649981,
            98.30870649721248,
            114.33324140510699,
            36.85826361966435,
            0,
            0,
            0
        ],
        [
            0,
            0,
            0,
            0,
            0,
            0,
            0,
            0,
            0,
            0,
            0,
            0,
            0,
            73.06705954360295,
            126.96998765943619,
            200.9622974394398,
            233.12641929779764,
            267.4990684312662,
            259.37927719374755,
            287.50812154279134,
            295.000002788604,
            272.27597403307243,
            289.54208704835963,
            255.2651121845817,
            281.6991765294057,
            222.6653626117994,
            269.8905902353652,
            236.1493831915855,
            209.83993308680624,
            229.184147279829,
            187.0573326470752,
            207.03252874418558,
            127.09117543847624,
            128.51120690411932,
            121.97773612311042,
            113.25247129703921,
            150.0916437451862,
            48.08518613034958,
            65.3497768952745,
            0,
            0
        ],
        [
            0,
            0,
            0,
            0,
            0,
            0,
            0,
            0,
            0,
            8.18816253891357,
            52.67559447603368,
            50.28697418280424,
            144.23277993666068,
            246.28082094996495,
            306.57855047871374,
            405.2693210575102,
            433.0858286268672,
            468.56805853402113,
            445.36502755882685,
            476.9590798162957,
            481.24564935917533,
            446.83915890041715,
            465.7682211367196,
            419.41910027777317,
            451.961302739071,
            378.74657196329895,
            437.38865664422605,
            396.63565631593525,
            365.16127442508457,
            388.71372310325745,
            337.6312439483198,
            360.9265525940463,
            263.09993668684285,
            262.50037946334606,
            251.35211563240028,
            236.45764327773682,
            277.6819413986652,
            141.32024212932154,
            158.86250684306097,
            99.40723868535025,
            0
        ],
        [
            0,
            0,
            0,
            0,
            0,
            0,
            0,
            0,
            -36.79878068277191,
            -63.15152987692621,
            -18.125222108255105,
            -44.09208721057889,
            76.64853124561952,
            198.5882337416109,
            258.92480534302865,
            368.93756034732513,
            386.29156558898126,
            414.8625138443314,
            371.5177448364203,
            397.8578693872256,
            391.5890365520341,
            339.6419488666802,
            348.9467225247725,
            278.6249624379086,
            304.47712546877295,
            208.353806433618,
            268.4307131511516,
            214.60030437475763,
            173.62858183425175,
            198.14781067745432,
            138.5897798002119,
            166.85739595349483,
            58.06104821563529,
            63.772996247397515,
            60.39410512279642,
            56.39945231131935,
            122.78478760338271,
            -12.640322231297295,
            44.16701188893771,
            33.701706729563334,
            0
        ],
        [
            0,
            0,
            0,
            0,
            0,
            0,
            0,
            -30.58132061571501,
            -4.676043357726769,
            -13.07989864130386,
            61.4002664828562,
            34.773485665524156,
            192.0500249940234,
            345.22570672860326,
            419.9490036835777,
            552.9931385611526,
            574.0725251621311,
            608.4990442099289,
            558.6248913158623,
            590.7008284865085,
            584.8312970636209,
            526.4076099352227,
            539.7738371318816,
            462.93857547223337,
            495.8333654978264,
            390.01766973521603,
            460.5511373974329,
            401.88778787850003,
            357.1898381915551,
            385.22733162965994,
            318.1146143218563,
            348.31875967689655,
            224.05321387129467,
            226.45820050703531,
            217.06124953034458,
            205.01115644889842,
            269.51034325829664,
            103.95554465179035,
            150.2283754460034,
            112.66023781650262,
            0
        ],
        [
            0,
            0,
            0,
            0,
            0,
            0,
            0,
            -95.01681658040187,
            -65.79366908714265,
            -85.68932501846992,
            -2.5850858449765735,
            -39.20323363927984,
            140.77716847879097,
            313.1663384386049,
            393.0220696852756,
            539.3845543191089,
            556.9731050320893,
            590.1163331164994,
            528.0327983466337,
            559.2686001188025,
            547.9839092333183,
            478.11948131258845,
            487.4243511350349,
            395.1864613997308,
            426.2968871072448,
            304.4535623178985,
            378.80924030190994,
            311.1804062824266,
            259.964890268487,
            289.6832667143488,
            215.75504406709283,
            249.66930016406383,
            115.3679937821805,
            121.1414539806599,
            115.37936769036833,
            108.37645758554554,
            187.0455219540166,
            17.20577155313138,
            82.65127234310536,
            63.72682905796292,
            0
        ],
        [
            0,
            0,
            0,
            0,
            0,
            30.58132061571501,
            95.01681658040187,
            0,
            62.64219487751391,
            60.54453620707762,
            170.15790168451022,
            136.57528052811216,
            348.3458865973462,
            549.1304913382404,
            644.2663010926376,
            812.9529988257575,
            837.0892257271151,
            878.3456640062559,
            813.8712236755046,
            852.7457160057564,
            844.4536169509721,
            771.5782248097639,
            787.7095733177343,
            693.8519273055542,
            734.3027219185253,
            606.8358849354272,
            692.1869515391694,
            621.765349224904,
            567.9824997085819,
            600.473822249784,
            519.0700207018859,
            552.4469568164894,
            402.11960312628486,
            400.5734352888335,
            383.6749955476173,
            361.9208048833565,
            427.37581659659105,
            221.34613584637071,
            257.3502328372995,
            186.57760549610597,
            0
        ],
        [
            0,
            0,
            0,
            0,
            36.79878068277191,
            4.676043357726769,
            65.79366908714265,
            -62.64219487751391,
            0,
            -11.743222701088289,
            104.36173205524037,
            62.57286683105357,
            292.93761509505515,
            509.81545593452773,
            609.4874751538363,
            789.6531255768999,
            811.0934639326323,
            851.4718689239736,
            776.7265435610011,
            814.9963910506789,
            802.1353440979038,
            719.4541482117509,
            732.1082204636915,
            624.9052826401959,
            663.7336206551229,
            522.3001963222679,
            610.8075227795724,
            532.5191677161982,
            473.01006554898834,
            506.76193147672285,
            419.4882657374693,
            455.819651525558,
            297.30032508409175,
            298.6077725799739,
            284.84911440532636,
            267.4413915975984,
            343.50660986035103,
            137.06353255172453,
            186.70475357579156,
            128.85955084153258,
            0
        ],
        [
            0,
            0,
            0,
            -8.18816253891357,
            63.15152987692621,
            13.07989864130386,
            85.68932501846992,
            -60.54453620707762,
            11.743222701088289,
            0,
            128.15032882493819,
            82.66692795216314,
            333.9243113084854,
            569.3067433121684,
            676.6605891923817,
            870.8250430109157,
            892.9514448439324,
            935.5585348221881,
            854.1438440990314,
            894.6055757359555,
            880.09872458411,
            790.746534699969,
            803.6041834363413,
            688.063860783983,
            728.8990039347975,
            577.4068784257856,
            671.1144372635924,
            587.1543055036951,
            523.2564974605169,
            558.2394399911732,
            464.8610588194558,
            502.1098964596598,
            333.5630792342606,
            333.45346794470197,
            317.0879341206175,
            296.37210970586847,
            371.5803937570887,
            154.17245974514108,
            196.9256967228235,
            120.60791425357704,
            0
        ],
        [
            0,
            0,
            0,
            -52.67559447603368,
            18.125222108255105,
            -61.4002664828562,
            2.5850858449765735,
            -170.15790168451022,
            -104.36173205524037,
            -128.15032882493819,
            0,
            -53.422318367383305,
            207.36046758627148,
            450.81407265784986,
            558.8267884450127,
            758.2867817755806,
            776.5122852044701,
            816.4823938904643,
            726.334507391253,
            764.4898168632963,
            745.1527130200313,
            647.6148388544992,
            655.7463655713834,
            528.5388217047516,
            565.8105708981442,
            403.1842376521815,
            497.3773496836529,
            407.3402065536643,
            339.38903193781283,
            375.4079700834997,
            279.40291960445376,
            320.2971340775859,
            149.85142864959366,
            155.57318057666396,
            146.61203335228794,
            135.72704665779779,
            225.42342869249103,
            23.298633416515585,
            89.3662652071076,
            46.308448119760996,
            0
        ],
        [
            0,
            0,
            0,
            -50.28697418280424,
            44.09208721057889,
            -34.773485665524156,
            39.20323363927984,
            -136.57528052811216,
            -62.57286683105357,
            -82.66692795216314,
            53.422318367383305,
            0,
            271.70871331024307,
            524.9871857137375,
            637.9265421246017,
            845.0906843759637,
            864.9827375152669,
            907.2479472269127,
            815.3333373074997,
            855.639893619493,
            836.6670812903013,
            737.1770216734601,
            746.8435206503265,
            617.60987798812,
            657.2100522452804,
            491.28165476294635,
            588.621280198079,
            496.62886429382604,
            426.9586025024821,
            463.286464398522,
            364.0594914817581,
            404.1698364443177,
            228.00881542907572,
            230.83094328983157,
            217.70720280982246,
            201.38710817693615,
            284.4836746544045,
            72.60856643465284,
            123.59791902093546,
            45.923609196683266,
            0
        ],
        [
            0,
            0,
            0,
            -144.23277993666068,
            -76.64853124561952,
            -192.0500249940234,
            -140.77716847879097,
            -348.3458865973462,
            -292.93761509505515,
            -333.9243113084854,
            -207.36046758627148,
            -271.7087133102427,
            0,
            252.6113137578385,
            360.54710632778244,
            565.7645799936097,
            578.2679182629612,
            614.1289085881615,
            512.2778786200709,
            546.8092138804501,
            520.7317903349734,
            412.3075528786006,
            413.6359153890815,
            270.85899858061384,
            302.8855570510748,
            125.90236378826533,
            220.39820842523952,
            122.91771825176863,
            50.41719611700039,
            88.49467713033239,
            -9.31956628633973,
            37.81574035857532,
            -131.98663860913473,
            -115.75303206140131,
            -111.23572025161906,
            -104.355839740432,
            9.373096602941642,
            -160.4042589488172,
            -50.981321557578774,
            0,
            0
        ],
        [
            0,
            0,
            -73.06705954360295,
            -246.28082094996495,
            -198.5882337416109,
            -345.22570672860326,
            -313.1663384386049,
            -549.1304913382404,
            -509.81545593452773,
            -569.3067433121684,
            -450.81407265784986,
            -524.9871857137375,
            -252.6113137578385,
            0,
            103.73465244267184,
            307.67086996948206,
            313.6295003087736,
            343.87273083958775,
            232.98567312700072,
            262.4673970232809,
            230.04494859403735,
            113.5034141602887,
            107.49418175949295,
            -47.43480469225784,
            -21.886135013003912,
            -208.704359783063,
            -116.249234100416,
            -218.3012448350977,
            -292.8516040936705,
            -252.50693513777543,
            -348.31211658242705,
            -293.8957958989423,
            -456.80399313567176,
            -427.0471953155274,
            -404.82235917337283,
            -374.67120717576506,
            -230.5172783004339,
            -355.98986959268007,
            -183.84613553110802,
            0,
            0
        ],
        [
            0,
            0,
            -126.96998765943619,
            -306.57855047871374,
            -258.92480534302865,
            -419.9490036835777,
            -393.0220696852756,
            -644.2663010926376,
            -609.4874751538363,
            -676.6605891923817,
            -558.8267884450127,
            -637.9265421246017,
            -360.54710632778284,
            -103.73465244267184,
            0,
            206.586325088238,
            209.97520224523743,
            238.38307496345,
            122.21965420233107,
            150.09697808098124,
            114.66668517818225,
            -6.742433344389858,
            -15.722140397149202,
            -177.46938415215334,
            -154.02719575967714,
            -346.89338257374004,
            -253.8855677686124,
            -358.6362133625965,
            -434.42137516005675,
            -392.28320939476356,
            -487.6123086526968,
            -429.0964474484857,
            -589.4973668670492,
            -552.8146039723292,
            -521.6804046811989,
            -479.78741242942493,
            -320.75895248882,
            -420.410212824665,
            -211.78473396213556,
            0,
            0
        ],
        [
            0,
            0,
            -200.9622974394398,
            -405.2693210575102,
            -368.93756034732513,
            -552.9931385611526,
            -539.3845543191089,
            -812.9529988257575,
            -789.6531255769022,
            -870.8250430109157,
            -758.2867817755806,
            -845.0906843759637,
            -565.7645799936097,
            -307.67086996948206,
            -206.586325088238,
            0,
            -1.5169291969575998,
            22.7991531628706,
            -100.64376522928714,
            -76.41057719672158,
            -116.71231669466556,
            -244.64957961135258,
            -259.0429778054846,
            -430.2704562518544,
            -411.25639594300003,
            -611.6739990839768,
            -519.3119056228905,
            -627.0370192861092,
            -703.5965404451929,
            -658.5123344100591,
            -751.0418679671251,
            -685.2384064494586,
            -838.2182255036672,
            -788.4813183459272,
            -740.3175611258742,
            -675.9476571863866,
            -488.05298874500596,
            -539.0501191680823,
            -251.788043385816,
            0,
            0
        ],
        [
            0,
            0,
            -233.12641929779764,
            -433.0858286268672,
            -386.29156558898126,
            -574.0725251621311,
            -556.9731050320893,
            -837.0892257271151,
            -811.0934639326334,
            -892.9514448439324,
            -776.5122852044701,
            -864.9827375152669,
            -578.2679182629615,
            -313.6295003087736,
            -209.97520224523743,
            1.5169291969575998,
            0,
            24.891405779314763,
            -101.23148322376083,
            -76.40920256761072,
            -117.506962458264,
            -248.0348602966208,
            -262.55251164306094,
            -436.8981141374889,
            -417.1764531596558,
            -620.8630035766546,
            -526.3828211658702,
            -635.3679515427983,
            -712.4275714882353,
            -665.8532317789537,
            -758.5746256370159,
            -690.7142878628531,
            -843.3458125297603,
            -790.6945739875672,
            -738.8822356832544,
            -669.5375513858021,
            -476.41961974374254,
            -507.8723956871384,
            -175.49067667504463,
            0,
            0
        ],
        [
            0,
            0,
            -267.4990684312662,
            -468.56805853402113,
            -414.8625138443314,
            -608.4990442099289,
            -590.1163331164994,
            -878.3456640062559,
            -851.4718689239736,
            -935.5585348221881,
            -816.4823938904643,
            -907.2479472269121,
            -614.1289085881618,
            -343.87273083958775,
            -238.38307496344981,
            -22.7991531628706,
            -24.891405779314763,
            0,
            -129.20149594928327,
            -104.31124755656545,
            -146.63214930932207,
            -280.05759628345254,
            -295.2855913325003,
            -473.2548308070556,
            -453.3973205146854,
            -660.5215607401165,
            -564.2707824711621,
            -674.4348255124236,
            -751.738923850801,
            -703.3636143268949,
            -795.4814043994021,
            -724.7305686274459,
            -875.3449077271085,
            -818.0463070534561,
            -760.2252424640584,
            -682.679534173228,
            -480.3569354331322,
            -481.61547609800704,
            0,
            0,
            0
        ],
        [
            0,
            -58.41193572971912,
            -259.37927719374755,
            -445.36502755882685,
            -371.5177448364203,
            -558.6248913158623,
            -528.0327983466337,
            -813.8712236755046,
            -776.7265435610027,
            -854.1438440990314,
            -726.334507391253,
            -815.3333373074997,
            -512.2778786200716,
            -232.98567312700072,
            -122.21965420233107,
            100.64376522928714,
            101.23148322376083,
            129.20149594928327,
            0,
            27.728420625861553,
            -13.137672753327108,
            -146.85285712675457,
            -159.3824371711928,
            -336.88026783224785,
            -313.7528758528732,
            -521.7295006425214,
            -422.35618401717727,
            -533.0539315674507,
            -611.0488048781577,
            -562.6857433801176,
            -657.1209747278566,
            -588.2204332679745,
            -742.8647547005819,
            -689.545433101158,
            -637.0132946352336,
            -566.1076725878651,
            -375.28180730663985,
            -370.95139839754796,
            0,
            0,
            0
        ],
        [
            0,
            -119.96873058599955,
            -287.50812154279134,
            -476.9590798162957,
            -397.8578693872256,
            -590.7008284865085,
            -559.2686001188025,
            -852.7457160057564,
            -814.9963910506789,
            -894.6055757359555,
            -764.4898168632963,
            -855.639893619493,
            -546.8092138804501,
            -262.4673970232809,
            -150.0969780809813,
            76.41057719672153,
            76.40920256761075,
            104.31124755656545,
            -27.728420625861553,
            0,
            -42.02110972920189,
            -178.37604281286093,
            -191.60495692118062,
            -372.3643448293908,
            -349.1543082713432,
            -560.0778468364466,
            -459.1468275220842,
            -570.6939640749528,
            -648.6338352519523,
            -598.5036141868442,
            -691.8444229411276,
            -620.073376910837,
            -771.6038588944768,
            -713.2414960305306,
            -653.9806380252097,
            -573.5956447776497,
            -372.546708096277,
            -319.11907840881,
            0,
            0,
            0
        ],
        [
            0,
            -152.386614610774,
            -295.000002788604,
            -481.24564935917533,
            -391.5890365520341,
            -584.8312970636209,
            -547.9839092333183,
            -844.4536169509721,
            -802.1353440979038,
            -880.09872458411,
            -745.1527130200313,
            -836.6670812903013,
            -520.7317903349739,
            -230.04494859403735,
            -114.66668517818232,
            116.71231669466549,
            117.50696245826404,
            146.63214930932207,
            13.137672753327108,
            42.02110972920189,
            0,
            -137.81335322784363,
            -150.30579570634856,
            -332.50670472251136,
            -307.94839428766136,
            -520.6315419748354,
            -417.72430500452214,
            -529.8525557550911,
            -607.9695872254509,
            -557.0273043332368,
            -650.5663359759968,
            -578.2112698093314,
            -729.1511843386406,
            -669.6862962441843,
            -608.7714211675724,
            -525.4319266745299,
            -323.4865855206575,
            -213.8474471710261,
            0,
            0,
            0
        ],
        [
            0,
            -159.60811878444287,
            -272.27597403307243,
            -446.83915890041715,
            -339.6419488666802,
            -526.4076099352227,
            -478.11948131258845,
            -771.5782248097639,
            -719.4541482117509,
            -790.746534699969,
            -647.6148388544992,
            -737.1770216734601,
            -412.3075528786006,
            -113.5034141602887,
            6.742433344389858,
            244.64957961135258,
            248.03486029662065,
            280.05759628345254,
            146.85285712675451,
            178.37604281286093,
            137.81335322784363,
            0,
            -9.968063637116023,
            -191.4297570373574,
            -164.04695308951003,
            -377.2383819484555,
            -272.0621150750601,
            -384.81384837914425,
            -463.874899802948,
            -413.87799978180783,
            -510.0000010154781,
            -440.8247015417055,
            -595.5939206242264,
            -541.4958312835458,
            -487.3740494303081,
            -412.30229817928915,
            -226.23718757100653,
            0,
            0,
            0,
            0
        ],
        [
            0,
            -188.763533210193,
            -289.5420870483596,
            -465.7682211367196,
            -348.9467225247725,
            -539.7738371318816,
            -487.4243511350349,
            -787.7095733177343,
            -732.1082204636915,
            -803.6041834363413,
            -655.7463655713834,
            -746.8435206503269,
            -413.6359153890818,
            -107.49418175949295,
            15.722140397149202,
            259.0429778054846,
            262.5525116430611,
            295.2855913325003,
            159.3824371711928,
            191.60495692118062,
            150.30579570634856,
            9.968063637116023,
            0,
            -184.2652982288324,
            -156.0562013747212,
            -371.8156864512843,
            -264.68351640855013,
            -377.99716852665983,
            -456.7572563680698,
            -405.2860824661074,
            -500.0219529997498,
            -428.874409120737,
            -578.8208049169463,
            -519.9184715874816,
            -458.5610543024718,
            -371.3577860706499,
            -171.91847930794907,
            0,
            0,
            0,
            0
        ],
        [
            0,
            -183.5786714240566,
            -255.2651121845817,
            -419.41910027777317,
            -278.6249624379086,
            -462.93857547223337,
            -395.1864613997308,
            -693.8519273055542,
            -624.9052826401959,
            -688.063860783983,
            -528.5388217047516,
            -617.6098779881197,
            -270.85899858061384,
            47.43480469225784,
            177.4693841521532,
            430.2704562518542,
            436.8981141374889,
            473.2548308070556,
            336.88026783224785,
            372.3643448293908,
            332.50670472251136,
            191.4297570373574,
            184.2652982288324,
            0,
            31.284968705767923,
            -185.74392802630226,
            -76.44523997870589,
            -190.97984712004694,
            -271.229795210668,
            -222.00560364784184,
            -319.715781439034,
            -254.16502058320515,
            -405.78187359565834,
            -353.74978430783835,
            -299.770879602166,
            -217.74318358576048,
            0,
            0,
            0,
            0,
            0
        ],
        [
            0,
            -212.33590237566077,
            -281.6991765294057,
            -451.961302739071,
            -304.47712546877295,
            -495.8333654978264,
            -426.29688710724446,
            -734.3027219185246,
            -663.7336206551229,
            -728.8990039347975,
            -565.8105708981442,
            -657.2100522452804,
            -302.88555705107495,
            21.886135013003912,
            154.02719575967714,
            411.25639594300003,
            417.1764531596557,
            453.3973205146854,
            313.7528758528732,
            349.1543082713432,
            307.94839428766136,
            164.04695308951003,
            156.0562013747212,
            -31.284968705767923,
            0,
            -218.75941060430446,
            -108.34865141551175,
            -222.2422092232875,
            -300.5555158605809,
            -249.25565668402356,
            -341.86246171650106,
            -272.79740890036686,
            -409.8102761491491,
            -346.0143503089633,
            -271.62325599862965,
            -137.92421036962676,
            0,
            0,
            0,
            0,
            0
        ],
        [
            -21.237669302668884,
            -178.34359194363688,
            -222.6653626117994,
            -378.74657196329895,
            -208.353806433618,
            -390.01766973521603,
            -304.45356231789816,
            -606.8358849354269,
            -522.3001963222679,
            -577.4068784257856,
            -403.1842376521815,
            -491.28165476294635,
            -125.90236378826538,
            208.704359783063,
            346.8933825737399,
            611.6739990839766,
            620.8630035766546,
            660.5215607401165,
            521.7295006425213,
            560.0778468364466,
            520.6315419748354,
            377.2383819484555,
            371.8156864512843,
            185.74392802630226,
            218.75941060430446,
            0,
            109.37883572921218,
            -6.388482348643145,
            -87.65585303879847,
            -42.9952037894994,
            -140.64511194993943,
            -84.17321613129465,
            -223.1715677330201,
            -174.09905016182654,
            -113.10733498554401,
            0,
            0,
            0,
            0,
            0,
            0
        ],
        [
            -42.49675008896417,
            -217.76771990730148,
            -269.8905902353652,
            -437.38865664422707,
            -268.43071315115117,
            -460.55113739743325,
            -378.80924030190965,
            -692.1869515391694,
            -610.8075227795728,
            -671.1144372635924,
            -497.3773496836529,
            -588.6212801980787,
            -220.39820842523952,
            116.249234100416,
            253.8855677686124,
            519.3119056228903,
            526.3828211658702,
            564.2707824711621,
            422.35618401717727,
            459.14682752208404,
            417.72430500452214,
            272.0621150750601,
            264.68351640855013,
            76.44523997870587,
            108.34865141551175,
            -109.37883572921218,
            0,
            -112.08458287568217,
            -187.71958217120348,
            -138.76246271321298,
            -223.87046486814376,
            -158.99347850808115,
            -264.36662842286637,
            -182.536550127657,
            0,
            0,
            0,
            0,
            0,
            0,
            0
        ],
        [
            -35.818015546098344,
            -196.9098750887783,
            -236.14938319158549,
            -396.63565631593525,
            -214.60030437475766,
            -401.88778787850003,
            -311.18040628242636,
            -621.765349224904,
            -532.519167716198,
            -587.1543055036951,
            -407.3402065536643,
            -496.62886429382604,
            -122.91771825176863,
            218.3012448350977,
            358.63621336259644,
            627.0370192861092,
            635.3679515427983,
            674.4348255124236,
            533.0539315674507,
            570.6939640749528,
            529.8525557550911,
            384.81384837914425,
            377.99716852665983,
            190.97984712004694,
            222.2422092232875,
            6.388482348643145,
            112.08458287568217,
            0,
            -76.21417013699845,
            -33.71719872037743,
            -118.02540591017329,
            -64.27044064360413,
            -151.92042330716507,
            -49.17228301166718,
            0,
            0,
            0,
            0,
            0,
            0,
            0
        ],
        [
            -27.536812491779884,
            -179.8270352979784,
            -209.8399330868062,
            -365.16127442508457,
            -173.62858183425178,
            -357.1898381915551,
            -259.964890268487,
            -567.9824997085819,
            -473.01006554898834,
            -523.2564974605169,
            -339.38903193781283,
            -426.9586025024821,
            -50.41719611700039,
            292.8516040936705,
            434.42137516005675,
            703.5965404451929,
            712.4275714882353,
            751.738923850801,
            611.0488048781577,
            648.6338352519523,
            607.9695872254509,
            463.874899802948,
            456.7572563680698,
            271.229795210668,
            300.5555158605809,
            87.65585303879847,
            187.7195821712035,
            76.21417013699845,
            0,
            34.61436194105053,
            -46.934249429072175,
            -6.9697654651631336,
            -57.249027130504324,
            0,
            0,
            0,
            0,
            0,
            0,
            0,
            0
        ],
        [
            -36.001611890786656,
            -195.97803462532144,
            -229.18414727982906,
            -388.7137231032575,
            -198.14781067745432,
            -385.22733162965994,
            -289.6832667143486,
            -600.4738222497845,
            -506.76193147672285,
            -558.2394399911732,
            -375.4079700834997,
            -463.286464398522,
            -88.49467713033239,
            252.50693513777543,
            392.2832093947636,
            658.512334410059,
            665.8532317789537,
            703.3636143268949,
            562.6857433801176,
            598.5036141868442,
            557.0273043332368,
            413.87799978180783,
            405.2860824661074,
            222.00560364784184,
            249.25565668402356,
            42.9952037894994,
            138.76246271321295,
            33.71719872037743,
            -34.61436194105053,
            0,
            -61.84733248341086,
            -17.391229697784457,
            0,
            0,
            0,
            0,
            0,
            0,
            0,
            0,
            0
        ],
        [
            -18.972001400000533,
            -164.77953670215163,
            -187.0573326470752,
            -337.6312439483198,
            -138.5897798002117,
            -318.1146143218562,
            -215.75504406709283,
            -519.0700207018859,
            -419.4882657374692,
            -464.8610588194558,
            -279.4029196044537,
            -364.059491481758,
            9.319566286339732,
            348.31211658242705,
            487.6123086526968,
            751.041867967125,
            758.5746256370159,
            795.4814043994021,
            657.1209747278565,
            691.8444229411276,
            650.5663359759968,
            510.0000010154781,
            500.0219529997498,
            319.715781439034,
            341.86246171650106,
            140.64511194993943,
            223.87046486814373,
            118.02540591017329,
            46.934249429072175,
            61.84733248341086,
            0,
            0,
            0,
            0,
            0,
            0,
            0,
            0,
            0,
            0,
            0
        ],
        [
            -27.45430254798155,
            -179.71209334690909,
            -207.0325287441856,
            -360.92655259404637,
            -166.85739595349472,
            -348.3187596768965,
            -249.66930016406374,
            -552.4469568164898,
            -455.819651525558,
            -502.1098964596598,
            -320.29713407758584,
            -404.1698364443177,
            -37.815740358575326,
            293.8957958989423,
            429.0964474484857,
            685.2384064494586,
            690.714287862853,
            724.7305686274459,
            588.2204332679744,
            620.073376910837,
            578.2112698093314,
            440.8247015417055,
            428.874409120737,
            254.16502058320515,
            272.79740890036686,
            84.17321613129465,
            158.99347850808115,
            64.27044064360413,
            6.9697654651631336,
            17.391229697784457,
            0,
            0,
            0,
            0,
            0,
            0,
            0,
            0,
            0,
            0,
            0
        ],
        [
            4.445830668730629,
            -118.21839802048333,
            -127.09117543847627,
            -263.09993668684285,
            -58.06104821563522,
            -224.05321387129464,
            -115.36799378218046,
            -402.11960312628486,
            -297.30032508409175,
            -333.5630792342606,
            -149.85142864959366,
            -228.00881542907572,
            131.9866386091347,
            456.80399313567176,
            589.4973668670492,
            838.2182255036671,
            843.3458125297605,
            875.3449077271086,
            742.8647547005818,
            771.6038588944771,
            729.1511843386406,
            595.5939206242264,
            578.8208049169463,
            405.78187359565834,
            409.8102761491491,
            223.1715677330201,
            264.36662842286626,
            151.92042330716507,
            57.249027130504324,
            0,
            0,
            0,
            0,
            0,
            0,
            0,
            0,
            0,
            0,
            0,
            0
        ],
        [
            2.090942847281466,
