{
    "bin_ranges": {
        "m3pi_lower_limit": 1.62,
        "m3pi_upper_limit": 1.6600000000000001,
        "t_lower_limit": 0.194,
        "t_upper_limit": 0.326
    },
    "info": "The dalitz matrix M is computed as sqrt(-Kibble) * (A[1]-A[2])",
    "bin_centers": [
        0.29900000000000004,
        0.33999999999999997,
        0.38,
        0.42000000000000004,
        0.45999999999999996,
        0.5,
        0.54,
        0.5800000000000001,
        0.62,
        0.66,
        0.69,
        0.71,
        0.73,
        0.75,
        0.77,
        0.79,
        0.81,
        0.83,
        0.85,
        0.87,
        0.89,
        0.91,
        0.94,
        0.98,
        1.02,
        1.06,
        1.1,
        1.1400000000000001,
        1.18,
        1.22,
        1.26,
        1.3,
        1.34,
        1.38,
        1.42,
        1.46,
        1.5
    ],
    "real(M)": [
        [
            0,
            0,
            0,
            0,
            0,
            0,
            0,
            0,
            0,
            0,
            0,
            0,
            0,
            0,
            0,
            0,
            0,
            0,
            0,
            0,
            0,
            0,
            17.437014023292477,
            49.49187916276042,
            58.927137143738435,
            55.59882893568691,
            62.4437949089917,
            36.09011441936724,
            43.047065097241024,
            27.31152324719282,
            18.31289387682044,
            8.700737395748046,
            0,
            0,
            0,
            0,
            0
        ],
        [
            0,
            0,
            0,
            0,
            0,
            0,
            0,
            0,
            0,
            0,
            0,
            0,
            0,
            0,
            11.130746338553857,
            108.3257077706553,
            166.68918426285,
            200.84154369963568,
            240.40881894018858,
            244.94866940902153,
            263.3093286883876,
            249.24900825951437,
            267.6995250010191,
            262.62625405080894,
            263.71311550429937,
            250.09352297460066,
            260.78933104308993,
            211.5921794161828,
            223.69205484165016,
            193.21721277150314,
            172.83409120399304,
            147.36250164287358,
            148.85080720280536,
            85.00699196333471,
            37.03761894269204,
            0,
            0
        ],
        [
            0,
            0,
            0,
            0,
            0,
            0,
            0,
            0,
            0,
            0,
            -35.507528268039806,
            -48.30379281168027,
            -27.743561085239193,
            41.47101147019621,
            132.9314888963997,
            205.79362076242455,
            252.69531839180897,
            265.5537014188293,
            297.38945552244616,
            276.8996755080354,
            284.2382347290208,
            246.3879716342022,
            254.04314901465267,
            228.12374523113678,
            216.46972885615227,
            189.19217994231937,
            197.82703495283278,
            130.51455012929415,
            147.17480841576037,
            110.99422365170133,
            91.66097524446916,
            69.77915373219963,
            92.39361581129641,
            30.916098108076223,
            23.36020664141465,
            -5.221219996081623,
            0
        ],
        [
            0,
            0,
            0,
            0,
            0,
            0,
            0,
            0,
            -46.743638622856515,
            -114.89846813447299,
            -94.65067072842268,
            -100.89059694129558,
            -58.46504220368498,
            48.40565186571883,
            176.187576586468,
            269.93822819165536,
            325.0552400035661,
            334.2927772366365,
            369.2501746045814,
            337.03763603050334,
            341.77411635575976,
            290.194520010829,
            295.42098942571295,
            259.05178240056637,
            241.7944011363288,
            206.64570448143868,
            215.79147947469136,
            134.14259767006033,
            154.17567189306382,
            111.2409805806854,
            89.0663791386507,
            64.29846483176068,
            94.81520795650596,
            22.145846624834878,
            17.64819105515033,
            -20.562000835487343,
            0
        ],
        [
            0,
            0,
            0,
            0,
            0,
            0,
            0,
            -45.169071741170036,
            -40.3086408828712,
            -103.52247550679957,
            -54.05312928216109,
            -52.97142160616808,
            9.645588624077837,
            150.4690140194334,
            312.6164932633624,
            428.9634039026027,
            496.2397141273472,
            507.3951415636081,
            549.5154060384168,
            511.41185831757844,
            517.6406277032133,
            457.5504787694686,
            465.124455667102,
            424.5245720014108,
            406.1245896615287,
            366.67569193224887,
            377.740997090993,
            283.636234995006,
            305.4540437040024,
            253.86478400282084,
            224.70279809884832,
            190.82536347471148,
            218.589426987285,
            124.00907345969252,
            104.05526488528076,
            33.504137536158694,
            0
        ],
        [
            0,
            0,
            0,
            0,
            0,
            0,
            -16.072671878679472,
            -31.0275229132923,
            -4.582522149356487,
            -72.70540102266644,
            -3.5829521529307304,
            1.812370178238257,
            80.04443262408978,
            248.88257094313437,
            440.067000642983,
            575.6463530946377,
            653.1974065256968,
            665.6370245256875,
            713.7031101008287,
            669.9095586611728,
            677.0262519690413,
            608.8398908946898,
            617.8481016114738,
            572.5697448509566,
            552.3421097490424,
            508.2938325622724,
            520.4618270266118,
            414.6254377910083,
            437.60895517801544,
            377.9779467317427,
            342.4066381721143,
            300.420079550145,
            325.53762946494646,
            212.46788807511413,
            179.5843050341597,
            84.45191006480175,
            0
        ],
        [
            0,
            0,
            0,
            0,
            0,
            16.072671878679472,
            0,
            -10.635314011817396,
            28.090174806933014,
            -47.542252963087954,
            36.499286690052486,
            44.50106912963491,
            135.50183477315366,
            328.41713786524565,
            544.8856801393908,
            697.1386102634746,
            783.3789567860522,
            796.402958969534,
            849.2996215631518,
            799.7655845058207,
            807.1365132066228,
            731.0205532550223,
            740.5569056639146,
            690.0422601501286,
            667.2879272955214,
            618.3071700756389,
            630.8541134191829,
            513.9260867144778,
            537.6092749938155,
            470.5906434085107,
            429.2840594890769,
            380.27820322901863,
            403.0576996062499,
            274.73699638775844,
            231.13530680803427,
            116.9707095551696,
            0
        ],
        [
            0,
            0,
            0,
            0,
            45.169071741170036,
            31.0275229132923,
            10.635314011817396,
            0,
            46.55335155673694,
            -38.05051487402669,
            57.7574152693663,
            67.16048778512155,
            168.83954921210406,
            382.83694909463446,
            621.6363090962977,
            788.4686279146017,
            882.0430291269615,
            895.0032890328991,
            951.7452082945972,
            896.3724037577074,
            903.4221402866175,
            819.4899315087978,
            828.7510361253893,
            772.5104746089589,
            746.6345058670405,
            692.4713803890785,
            704.802329995359,
            577.4616048569293,
            601.5037460403414,
            527.8183965811482,
            481.52270520926623,
            426.63978609226075,
            447.4307986725576,
            307.02504784156343,
            254.66691781021026,
            126.04497680007916,
            0
        ],
        [
            0,
            0,
            0,
            46.743638622856515,
            40.3086408828712,
            4.582522149356487,
            -28.090174806933014,
            -46.55335155673694,
            0,
            -98.99817617801631,
            3.139175568433945,
            11.096011041499796,
            119.94914670339766,
            350.8135596380276,
            607.7914246788433,
            785.8256583069708,
            884.0594535625327,
            894.9809536763601,
            953.3817434654344,
            890.8674546489672,
            895.9594813811646,
            803.2997517819641,
            810.213205149757,
            746.3796871886709,
            715.8508686155266,
            655.7724510892115,
            667.3323383908398,
            530.8388721301891,
            556.1396722649308,
            478.4789429502922,
            430.78116413213223,
            375.0633015670588,
            399.4073765568199,
            257.20689859490085,
            207.8295271074798,
            84.63872220845141,
            0
        ],
        [
            0,
            0,
            0,
            114.89846813447299,
            103.52247550679957,
            72.70540102266644,
            47.542252963087954,
            38.05051487402669,
            98.99817617801631,
            0,
            116.99653485832371,
            129.3479584938979,
            250.24432327962953,
            501.80635802008453,
            780.4390773017076,
            973.4553973855872,
            1080.3860317305032,
            1093.5738908182336,
            1157.356388106344,
            1091.8676864247575,
            1098.4554621102518,
            1000.8089231899536,
            1009.5130456198981,
            942.9094154767747,
            910.9574842647759,
            846.8839924363588,
            857.4438471459614,
            710.8078084951953,
            733.0528441625803,
            645.5269736310131,
            587.4165498985193,
            518.4166415531228,
            527.9771595073181,
            361.9351944402357,
            280.75175889638547,
            102.5485157827179,
            0
        ],
        [
            0,
            0,
            35.507528268039806,
            94.65067072842268,
            54.05312928216109,
            3.5829521529307304,
            -36.499286690052486,
            -57.7574152693663,
            -3.139175568433945,
            -116.99653485832353,
            0,
            8.909999457204865,
            131.9768468612469,
            392.01564432329815,
            680.073432157019,
            878.1566440786129,
            986.068783680378,
            996.062882147485,
            1059.1023789789779,
            987.3885259109466,
            991.1542616513901,
            886.5381715844861,
            891.8025204706055,
            818.3013324417853,
            781.8831926714279,
            713.2510310357476,
            723.0507239110296,
            571.6522940593281,
            596.0105632229056,
            508.8595263546057,
            453.8471122154965,
            389.91494077775855,
            407.6661036384768,
            252.26953594429392,
            185.57845053602955,
            20.422884434014023,
            0
        ],
        [
            0,
            0,
            48.30379281168027,
            100.89059694129558,
            52.97142160616808,
            -1.812370178238257,
            -44.50106912963491,
            -67.16048778512166,
            -11.096011041499796,
            -129.3479584938979,
            -8.909999457204865,
            0,
            126.50274211234296,
            393.8476390560838,
            689.7020596171277,
            892.7304964431421,
            1002.9107688031582,
            1012.4441935786924,
            1076.4545903853998,
            1002.1696533285364,
            1005.3883732693109,
            897.5271265692105,
            902.0898894166359,
            825.801633009185,
            787.5963348510074,
            716.574718397553,
            725.6824590865626,
            570.5430579589871,
            594.4687938695055,
            505.0276557228564,
            448.27018587661195,
            382.47307014363804,
            397.99617339600434,
            240.28488026246146,
            167.80613469705312,
            0,
            0
        ],
        [
            0,
            0,
            27.743561085239193,
            58.46504220368498,
            -9.645588624077837,
            -80.04443262408978,
            -135.50183477315366,
            -168.83954921210406,
            -119.94914670339766,
            -250.24432327962953,
            -131.97684686124674,
            -126.50274211234296,
            0,
            271.1896814807971,
            571.5068161206369,
            776.4331573512386,
            886.11953538969,
            892.7278520091302,
            955.3409057693626,
            876.4746200867841,
            877.2121612078465,
            764.5097809944128,
            766.1149531852476,
            684.8734801383213,
            643.5610401096121,
            569.8778548389758,
            578.9943958647964,
            422.38016542960287,
            449.23536262116073,
            362.8185244906376,
            311.62674548618594,
            253.9235379673617,
            280.2531064582045,
            139.55588333712208,
            89.85598437081198,
            0,
            0
        ],
        [
            0,
            0,
            -41.47101147019621,
            -48.40565186571883,
            -150.4690140194334,
            -248.88257094313437,
            -328.41713786524485,
            -382.8369490946351,
            -350.8135596380272,
            -501.80635802008453,
            -392.0156443232986,
            -393.84763905608344,
            -271.18968148079733,
            0,
            301.0890558876056,
            504.5386880068966,
            610.674053131086,
            611.6326450103193,
            670.2541525564478,
            584.610613610868,
            580.7848051460668,
            461.542136464703,
            457.85738138490825,
            369.5672603207882,
            324.1142366835921,
            248.0342740814244,
            258.6806248449099,
            104.032121763769,
            138.75191934321936,
            62.779387383696736,
            27.252676329840092,
            -8.632425854698766,
            46.80939749320861,
            -49.07860649707397,
            -28.606971270060416,
            0,
            0
        ],
        [
            0,
            -11.130746338610788,
            -132.9314888963997,
            -176.18757658646686,
            -312.6164932633624,
            -440.0670006429842,
            -544.8856801393908,
            -621.6363090962977,
            -607.7914246788433,
            -780.4390773017084,
            -680.073432157019,
            -689.7020596171277,
            -571.5068161206375,
            -301.0890558876056,
            0,
            201.3640290351125,
            303.502607723346,
            298.5420260516822,
            352.86982894886864,
            260.3834003493727,
            251.86977478234576,
            126.17366796403016,
            117.1972104908461,
            22.19736436988921,
            -26.831101477207802,
            -104.35697374411899,
            -90.99329050999641,
            -241.69151715611284,
            -196.93947187585988,
            -259.2989169243357,
            -275.0866337734787,
            -283.59716658128116,
            -191.6221038081026,
            -228.72682552928697,
            -98.78076207774942,
            0,
            0
        ],
        [
            0,
            -108.3257077706553,
            -205.79362076242688,
            -269.93822819165536,
            -428.9634039026027,
            -575.6463530946377,
            -697.1386102634746,
            -788.4686279146017,
            -785.8256583069708,
            -973.4553973855872,
            -878.1566440786129,
            -892.7304964431421,
            -776.4331573512392,
            -504.538688006897,
            -201.3640290351125,
            0,
            100.2246586554492,
            91.43492450927387,
            143.34774421296848,
            45.95603599242551,
            34.44204174951542,
            -95.99974222470239,
            -108.22923397989794,
            -207.63985266829607,
            -258.6725777952009,
            -336.74099577117255,
            -320.71191379620194,
            -468.0479697745516,
            -415.25341676702567,
            -466.82866749388506,
            -467.07629366544734,
            -453.82329881983014,
            -333.05959557686595,
            -317.8427427815631,
            0,
            0,
            0
        ],
        [
            0,
            -166.68918426285,
            -252.69531839180897,
            -325.05524000356775,
            -496.2397141273472,
            -653.1974065256984,
            -783.3789567860522,
            -882.043029126963,
            -884.0594535625327,
            -1080.386031730504,
            -986.068783680378,
            -1002.9107688031582,
            -886.1195353896906,
            -610.6740531310862,
            -303.502607723346,
            -100.2246586554492,
            0,
            -10.69477567749107,
            40.51285636566788,
            -60.0114173287575,
            -73.00851909662484,
            -206.65589220291713,
            -220.3659257358491,
            -322.25553637131657,
            -374.1163788752148,
            -452.2508209186793,
            -434.08851507298266,
            -579.1734894102377,
            -520.9554775469339,
            -565.3033431170401,
            -555.1110772494337,
            -526.8522781306556,
            -386.64380406329013,
            -326.4592080299201,
            0,
            0,
            0
        ],
        [
            0,
            -200.84154369964145,
            -265.5537014188293,
            -334.2927772366365,
            -507.39514156360957,
            -665.6370245256875,
            -796.402958969534,
            -895.0032890328979,
            -894.9809536763601,
            -1093.5738908182336,
            -996.0628821474859,
            -1012.4441935786924,
            -892.7278520091306,
            -611.6326450103193,
            -298.54202605168217,
            -91.43492450927383,
            10.69477567749107,
            0,
            52.17563376137406,
            -49.75492923415067,
            -62.78527078783595,
            -198.17815360076327,
            -211.7631732425861,
            -314.49700675578356,
            -366.4142499108965,
            -444.66396629173465,
            -425.5846216505562,
            -570.3770796835366,
            -510.46236969698725,
            -552.5366888226115,
            -538.8405642929101,
            -504.8136528140009,
            -358.1690288314386,
            -263.529523125218,
            0,
            0,
            0
        ],
        [
            0,
            -240.4088189401927,
            -297.38945552244616,
            -369.2501746045814,
            -549.5154060384168,
            -713.7031101008303,
            -849.2996215631518,
            -951.7452082945972,
            -953.3817434654344,
            -1157.3563881063449,
            -1059.1023789789779,
            -1076.4545903853998,
            -955.3409057693632,
            -670.254152556448,
            -352.86982894886864,
            -143.34774421296848,
            -40.51285636566788,
            -52.17563376137407,
            0,
            -104.00184104602975,
            -117.75904999458638,
            -255.31219389462217,
            -269.4729740253367,
            -373.4542028685658,
            -425.4043131377772,
            -503.11858442644115,
            -482.0099175755374,
            -624.2261181855423,
            -559.8971945810001,
            -595.4637807502785,
            -572.541303572837,
            -524.5032118813833,
            -359.26546798369947,
            -184.83692239943423,
            0,
            0,
            0
        ],
        [
            0,
            -244.94866940902565,
            -276.8996755080354,
            -337.03763603050334,
            -511.4118583175771,
            -669.9095586611728,
            -799.7655845058193,
            -896.3724037577074,
            -890.8674546489664,
            -1091.8676864247575,
            -987.3885259109466,
            -1002.1696533285369,
            -876.4746200867844,
            -584.610613610868,
            -260.38340034937283,
            -45.95603599242551,
            60.011417328757474,
            49.75492923415067,
            104.00184104602974,
            0,
            -12.769438138242409,
            -150.81905372271038,
            -163.81586585467343,
            -267.5248309430287,
            -319.2491785486166,
            -397.43387666036733,
            -377.0159924082121,
            -520.698087081616,
            -458.6062367290392,
            -496.4913051800842,
            -476.5233802360497,
            -430.9240916176487,
            -270.7386175763747,
            0,
            0,
            0,
            0
        ],
        [
            0,
            -263.3093286883876,
            -284.2382347290208,
            -341.77411635575976,
            -517.640627703212,
            -677.0262519690413,
            -807.1365132066237,
            -903.4221402866175,
            -895.9594813811646,
            -1098.4554621102518,
            -991.1542616513896,
            -1005.3883732693103,
            -877.2121612078469,
            -580.7848051460668,
            -251.8697747823456,
            -34.442041749515425,
            73.00851909662482,
            62.78527078783595,
            117.7590499945864,
            12.769438138242409,
            0,
            -139.19914503401972,
            -152.03450225085655,
            -256.10412478047886,
            -307.614142268686,
            -385.4184124624154,
            -364.1407669859243,
            -506.20141631648244,
            -442.5234634654917,
            -476.843191271318,
            -451.7776470355958,
            -396.73833143907245,
            -221.8646186428757,
            0,
            0,
            0,
            0
        ],
        [
            0,
            -249.24900825951738,
            -246.3879716342022,
            -290.194520010829,
            -457.5504787694686,
            -608.8398908946898,
            -731.0205532550212,
            -819.4899315087978,
            -803.2997517819641,
            -1000.8089231899536,
            -886.538171584486,
            -897.5271265692108,
            -764.5097809944133,
            -461.542136464703,
            -126.17366796403022,
            95.99974222470239,
            206.65589220291704,
            198.17815360076327,
            255.31219389462208,
            150.81905372271038,
            139.19914503401972,
            0,
            -11.667761552182379,
            -115.4189971148774,
            -167.15864328753736,
            -246.13255789369998,
            -227.134375130689,
            -371.8217616311318,
            -313.3712108155928,
            -352.96538633484664,
            -335.0598913059142,
            -287.3498886593853,
            -120.71540337956823,
            0,
            0,
            0,
            0
        ],
        [
            -17.437014023292477,
            -267.6995250010191,
            -254.04314901465267,
            -295.42098942571295,
            -465.1244556671009,
            -617.8481016114738,
            -740.5569056639134,
            -828.7510361253893,
            -810.2132051497565,
            -1009.5130456198981,
            -891.802520470605,
            -902.0898894166354,
            -766.1149531852476,
            -457.85738138490825,
            -117.19721049084606,
            108.22923397989793,
            220.365925735849,
            211.7631732425861,
            269.4729740253367,
            163.81586585467343,
            152.03450225085655,
            11.667761552182379,
            0,
            -104.04315201207625,
            -155.46854704494393,
            -233.56957320385416,
            -213.70904610809944,
            -354.50248319541566,
            -294.19367104906803,
            -326.9331118317175,
            -299.12299306320415,
            -229.05162869411268,
            0,
            0,
            0,
            0,
            0
        ],
        [
            -49.491879162760505,
            -262.6262540508067,
            -228.12374523113678,
            -259.05178240056637,
            -424.5245720014108,
            -572.5697448509566,
            -690.0422601501286,
            -772.5104746089586,
            -746.3796871886713,
            -942.9094154767747,
            -818.3013324417856,
            -825.8016330091848,
            -684.8734801383213,
            -369.5672603207882,
            -22.197364369889204,
            207.63985266829607,
            322.2555363713166,
            314.49700675578356,
            373.4542028685658,
            267.5248309430287,
            256.10412478047886,
            115.4189971148774,
            104.04315201207625,
            0,
            -51.76404944375186,
            -130.06580870588772,
            -112.44724399602477,
            -250.48550518754897,
            -194.3268435040691,
            -224.08520277523579,
            -190.5687403323772,
            -73.18879147686417,
            0,
            0,
            0,
            0,
            0
        ],
        [
            -58.92713714373838,
            -263.7131155042994,
            -216.46972885615227,
            -241.7944011363288,
            -406.1245896615287,
            -552.3421097490424,
            -667.2879272955213,
            -746.6345058670403,
            -715.8508686155265,
            -910.9574842647759,
            -781.883192671428,
            -787.5963348510072,
            -643.5610401096121,
            -324.1142366835921,
            26.831101477207802,
            258.67257779520077,
            374.11637887521476,
            366.4142499108965,
            425.40431313777714,
            319.2491785486166,
            307.614142268686,
            167.15864328753736,
            155.46854704494393,
            51.76404944375186,
            0,
            -77.23302749480894,
            -61.24775155661767,
            -192.02880086378698,
            -138.0596541597059,
            -156.98632546874992,
            -97.65354684559811,
            0,
            0,
            0,
            0,
            0,
            0
        ],
        [
            -55.598828935686875,
            -250.09352297460197,
            -189.19217994231937,
            -206.64570448143868,
            -366.6756919322487,
            -508.2938325622724,
            -618.3071700756385,
            -692.471380389079,
            -655.7724510892115,
            -846.8839924363588,
            -713.2510310357474,
            -716.574718397553,
            -569.877854838976,
            -248.0342740814244,
            104.35697374411896,
            336.7409957711725,
            452.2508209186792,
            444.6639662917346,
            503.11858442644115,
            397.43387666036733,
            385.4184124624154,
            246.13255789369998,
            233.56957320385416,
            130.06580870588772,
            77.23302749480894,
            0,
            11.085626358550543,
            -112.442318492858,
            -66.36298611608252,
            -73.12672914637834,
            0,
            0,
            0,
            0,
            0,
            0,
            0
        ],
        [
            -62.4437949089917,
            -260.7893310430899,
            -197.82703495283278,
            -215.7914794746914,
            -377.74099709099266,
            -520.4618270266118,
            -630.8541134191832,
            -704.8023299953593,
            -667.3323383908396,
            -857.4438471459614,
            -723.0507239110296,
            -725.6824590865625,
            -578.9943958647962,
            -258.6806248449099,
            90.9932905099964,
            320.7119137962019,
            434.0885150729826,
            425.5846216505561,
            482.0099175755374,
            377.0159924082121,
            364.1407669859243,
            227.134375130689,
            213.70904610809944,
            112.44724399602477,
            61.24775155661767,
            -11.085626358550543,
            0,
            -102.5794295057473,
            -51.26832830230644,
            0,
            0,
            0,
            0,
            0,
            0,
            0,
            0
        ],
        [
            -36.0901144193672,
            -211.59217941618317,
            -130.51455012929415,
            -134.14259767006033,
            -283.636234995006,
            -414.6254377910083,
            -513.9260867144778,
            -577.4616048569292,
            -530.8388721301891,
            -710.8078084951953,
            -571.652294059328,
            -570.5430579589871,
            -422.3801654296029,
            -104.032121763769,
            241.69151715611284,
            468.0479697745515,
            579.1734894102377,
            570.3770796835366,
            624.2261181855423,
            520.698087081616,
            506.20141631648244,
            371.8217616311318,
            354.50248319541566,
            250.48550518754897,
            192.02880086378698,
            112.442318492858,
            102.5794295057473,
            0,
            0,
            0,
            0,
            0,
            0,
            0,
            0,
            0,
            0
        ],
        [
            -43.047065097241074,
            -223.69205484165124,
            -147.17480841576037,
            -154.17567189306382,
            -305.4540437040024,
            -437.6089551780154,
            -537.6092749938151,
            -601.5037460403418,
            -556.1396722649306,
            -733.0528441625803,
            -596.0105632229056,
            -594.4687938695055,
            -449.23536262116073,
            -138.75191934321936,
            196.93947187585985,
            415.25341676702567,
            520.9554775469338,
            510.46236969698725,
            559.8971945810001,
            458.6062367290392,
            442.5234634654917,
            313.3712108155928,
            294.19367104906803,
            194.3268435040691,
            138.0596541597059,
            66.36298611608252,
            51.26832830230644,
            0,
            0,
            0,
            0,
            0,
            0,
            0,
            0,
            0,
            0
        ],
        [
            -27.311523247192802,
            -193.21721277150309,
            -110.99422365170133,
            -111.24098058068537,
            -253.86478400282073,
            -377.9779467317427,
            -470.5906434085105,
            -527.8183965811487,
            -478.47894295029215,
            -645.5269736310131,
            -508.8595263546056,
            -505.0276557228563,
            -362.8185244906378,
            -62.779387383696736,
            259.2989169243357,
            466.828667493885,
            565.30334311704,
            552.5366888226115,
            595.4637807502784,
            496.49130518008445,
            476.843191271318,
            352.96538633484664,
            326.93311183171755,
            224.08520277523579,
            156.98632546874992,
            73.12672914637834,
            0,
            0,
            0,
            0,
            0,
            0,
            0,
            0,
            0,
            0,
            0
        ],
        [
            -18.31289387682045,
            -172.83409120399273,
            -91.66097524446917,
            -89.06637913865076,
            -224.70279809884806,
            -342.4066381721143,
            -429.2840594890769,
            -481.5227052092665,
            -430.7811641321321,
            -587.4165498985193,
            -453.8471122154966,
            -448.27018587661183,
            -311.62674548618605,
            -27.252676329840092,
            275.08663377347864,
            467.07629366544734,
            555.1110772494337,
            538.84056429291,
            572.541303572837,
            476.52338023604966,
            451.7776470355958,
            335.0598913059143,
            299.1229930632042,
            190.5687403323772,
            97.65354684559811,
            0,
            0,
            0,
            0,
            0,
            0,
            0,
            0,
            0,
            0,
            0,
            0
        ],
        [
            -8.700737395748074,
            -147.36250164287415,
            -69.77915373219963,
            -64.29846483176068,
            -190.82536347471148,
            -300.420079550145,
            -380.27820322901835,
            -426.6397860922609,
            -375.0633015670588,
            -518.4166415531228,
            -389.91494077775855,
            -382.4730701436381,
            -253.92353796736165,
            8.632425854698766,
            283.59716658128116,
            453.82329881983014,
            526.8522781306557,
            504.8136528140008,
            524.5032118813833,
            430.9240916176487,
            396.73833143907245,
            287.34988865938533,
            229.05162869411268,
            73.188791476864,
            0,
            0,
            0,
            0,
            0,
            0,
            0,
            0,
            0,
            0,
            0,
            0,
            0
        ],
        [
            0,
            -148.8508072028058,
            -92.3936158112964,
            -94.81520795650606,
            -218.58942698728492,
            -325.53762946494635,
            -403.0576996062498,
            -447.4307986725577,
            -399.4073765568198,
            -527.9771595073181,
            -407.6661036384767,
            -397.9961733960043,
            -280.2531064582046,
            -46.80939749320862,
            191.62210380810254,
            333.05959557686623,
            386.64380406329,
            358.16902883143865,
            359.26546798369964,
            270.7386175763749,
            221.8646186428758,
            120.71540337956829,
            0,
            0,
            0,
            0,
            0,
            0,
            0,
            0,
            0,
            0,
            0,
            0,
            0,
            0,
            0
        ],
        [
            0,
            -85.00699196333487,
            -30.916098108076202,
            -22.145846624834906,
            -124.00907345969249,
            -212.4678880751142,
            -274.7369963877584,
            -307.0250478415636,
            -257.2068985949009,
            -361.93519444023576,
            -252.26953594429392,
            -240.28488026246157,
            -139.55588333712205,
            49.07860649707398,
            228.7268255292869,
            317.8427427815631,
            326.4592080299204,
            263.52952312521796,
            184.83692239943403,
            0,
            0,
            0,
            0,
            0,
            0,
            0,
            0,
            0,
            0,
            0,
            0,
            0,
            0,
            0,
            0,
            0,
            0
        ],
        [
            0,
            -37.03761894269316,
            -23.360206641414806,
            -17.648191055150328,
            -104.05526488528075,
            -179.5843050341597,
            -231.13530680803422,
            -254.66691781021026,
            -207.8295271074797,
            -280.75175889638547,
            -185.5784505360297,
            -167.80613469705327,
            -89.8559843708119,
            28.606971270060402,
            98.78076207774971,
            0,
            0,
            0,
            0,
            0,
            0,
            0,
            0,
            0,
            0,
            0,
            0,
            0,
            0,
            0,
            0,
            0,
            0,
            0,
            0,
            0,
            0
        ],
        [
            0,
            0,
            5.221219996081778,
            20.56200083548738,
            -33.504137536158645,
            -84.45191006480172,
            -116.97070955516972,
            -126.04497680007913,
            -84.63872220845128,
            -102.54851578271794,
            -20.422884434014332,
            0,
            0,
            0,
            0,
            0,
            0,
            0,
            0,
            0,
            0,
            0,
            0,
            0,
            0,
            0,
            0,
            0,
            0,
            0,
            0,
            0,
            0,
            0,
            0,
            0,
            0
        ],
        [
            0,
            0,
            0,
            0,
            0,
            0,
            0,
            0,
            0,
            0,
            0,
            0,
            0,
            0,
            0,
            0,
            0,
            0,
            0,
            0,
            0,
            0,
            0,
            0,
            0,
            0,
            0,
            0,
            0,
            0,
            0,
            0,
            0,
            0,
            0,
            0,
            0
        ]
    ],
    "imag(M)": [
        [
            0,
            0,
            0,
            0,
            0,
            0,
            0,
            0,
            0,
            0,
            0,
            0,
            0,
            0,
            0,
            0,
            0,
            0,
            0,
            0,
            0,
            0,
            -2.533209932865166,
            -8.556774890519764,
            -6.3768967183202045,
            -3.287830228163595,
            3.0688371061764754,
            0.6685528207062671,
            14.610514558919474,
            0.06196415717043065,
            10.248117853399705,
            18.826352645766885,
            0,
            0,
            0,
            0,
            0
        ],
        [
            0,
            0,
            0,
            0,
            0,
            0,
            0,
            0,
            0,
            0,
            0,
            0,
            0,
            0,
            -19.144639529821404,
            -122.57919059373519,
            -141.5177033112421,
            -129.7361088434121,
            -108.0525562886994,
