{
    "bin_ranges": {
        "m3pi_lower_limit": 1.46,
        "m3pi_upper_limit": 1.5,
        "t_lower_limit": 0.194,
        "t_upper_limit": 0.326
    },
    "info": "The dalitz matrix M is computed as sqrt(-Kibble) * (A[1]-A[2])",
    "bin_centers": [
        0.29900000000000004,
        0.33999999999999997,
        0.38,
        0.42000000000000004,
        0.45999999999999996,
        0.5,
        0.54,
        0.5800000000000001,
        0.62,
        0.66,
        0.69,
        0.71,
        0.73,
        0.75,
        0.77,
        0.79,
        0.81,
        0.83,
        0.85,
        0.87,
        0.89,
        0.91,
        0.94,
        0.98,
        1.02,
        1.06,
        1.1,
        1.1400000000000001,
        1.18,
        1.22,
        1.26,
        1.3,
        1.34
    ],
    "real(M)": [
        [
            0,
            0,
            0,
            0,
            0,
            0,
            0,
            0,
            0,
            0,
            0,
            0,
            0,
            0,
            0,
            0,
            0,
            0,
            31.944012838822648,
            78.90332017658021,
            108.48419572563819,
            123.75888988153011,
            138.88702727875346,
            146.70487243605368,
            140.96799861387737,
            129.793803098035,
            134.63647495643704,
            96.27216235511136,
            56.55165973687263,
            0,
            0,
            0,
            0
        ],
        [
            0,
            0,
            0,
            0,
            0,
            0,
            0,
            0,
            0,
            0,
            0,
            -48.13890056455586,
            -52.91009300832023,
            -54.25319696878898,
            -17.709091610523604,
            29.35778489244097,
            89.2433756680761,
            103.88462995970838,
            108.7841152540164,
            129.7085007154668,
            145.9061670099423,
            141.79828740248027,
            136.76668041271762,
            124.68708445511656,
            102.26221675231666,
            81.88664838615992,
            103.29306059219213,
            58.55496816462486,
            36.463317844176714,
            48.67027091492683,
            39.15539034807306,
            0,
            0
        ],
        [
            0,
            0,
            0,
            0,
            0,
            0,
            0,
            0,
            -17.422305484924387,
            -58.46410937079361,
            -90.31156836156676,
            -122.79651039591506,
            -87.01676615339579,
            -71.32651567670061,
            0.19033600529242475,
            77.66163850470035,
            167.53990128124133,
            185.9778249227211,
            190.41727752585808,
            217.72933215046427,
            238.15180323095032,
            230.86427093094966,
            222.34297411108457,
            204.89744583953444,
            174.6421571535889,
            147.48897338251146,
            175.33356870019003,
            115.75146947223432,
            85.04818832030755,
            102.4110111701718,
            96.65039180119099,
            46.26300647155927,
            0
        ],
        [
            0,
            0,
            0,
            0,
            0,
            0,
            0,
            -15.481982965613772,
            -44.066895308885016,
            -92.37647798630157,
            -128.68401899455654,
            -168.26273809176905,
            -114.34288784262205,
            -90.67187750126965,
            4.0028213554327525,
            103.17190532379844,
            215.61957987384847,
            236.68902722254774,
            240.369899268087,
            272.4473338562042,
            295.94816823343234,
            285.6883442019534,
            273.75489858798943,
            251.25366297566853,
            214.08688617026758,
            181.20587175982044,
            214.57228949063096,
            143.53058551386735,
            107.20618103426116,
            130.07507233710203,
            127.68758002305627,
            74.69784826145924,
            0
        ],
        [
            0,
            0,
            0,
            0,
            0,
            -2.911789241720145,
            -26.778173033904753,
            -47.43646970335969,
            -87.47259163831863,
            -149.36684753588807,
            -193.66495588098704,
            -241.5247186557434,
            -175.04672457475425,
            -146.58473330265582,
            -33.986826035712184,
            82.35899943253405,
            213.0944089581919,
            235.56180605360723,
            237.78254605805878,
            273.2551543711924,
            298.77204847210913,
            285.33127112141227,
            269.6755594179441,
            242.0773980648865,
            198.62459355090223,
            161.01367524298408,
            199.89955354831335,
            120.57851090457868,
            81.93213032693741,
            112.51988059866122,
            116.90257539948581,
            67.27116474139585,
            0
        ],
        [
            0,
            0,
            0,
            0,
            2.911789241720145,
            0,
            -27.58916935130198,
            -47.4559953206607,
            -91.287891051933,
            -159.9757234435815,
            -208.10526146214224,
            -261.2773551959347,
            -182.11857607533955,
            -147.73445141155776,
            -17.696415684022707,
            115.44011951452939,
            263.9162791944815,
            289.04350765593676,
            291.23839572414533,
            330.86316394456867,
            359.1576026328025,
            343.7104152783105,
            325.6922858582096,
            294.2757595578326,
            245.30027171660697,
            202.8427182431668,
            244.9473281480671,
            155.99189168566292,
            111.75169061491353,
            143.27994484136786,
            144.9868447857893,
            85.78059500618814,
            0
        ],
        [
            0,
            0,
            0,
            0,
            26.778173033904434,
            27.58916935130198,
            0,
            -16.487477581174442,
            -60.93877971626431,
            -133.19545086877645,
            -183.09969530626663,
            -239.98962203028142,
            -148.55374967840194,
            -107.92981461305179,
            38.6486339268301,
            187.72325844389863,
            352.94497050529003,
            381.18195448106246,
            383.98151876169914,
            427.87447380530705,
            459.10037684947685,
            442.188350476436,
            422.3659892550361,
            387.57828065118747,
            333.2756781388018,
            285.6018928992116,
            328.8116178237769,
            229.25285267121504,
            177.03031826992137,
            204.25858621099118,
            196.11133603798032,
            117.75491939205985,
            0
        ],
        [
            0,
            0,
            0,
            15.481982965613772,
            47.43646970335969,
            47.4559953206607,
            16.487477581174442,
            0,
            -47.511480986731186,
            -125.17568868124839,
            -178.1716248311286,
            -239.32645868505503,
            -137.68476121037648,
            -92.21704439019119,
            68.56206357227641,
            231.34663852791883,
            411.040802019353,
            441.481738525125,
            444.26316432995964,
            491.46466766461936,
            524.8232073521787,
            506.13906129505096,
            484.0922158053062,
            445.64538316855305,
            386.1857939458635,
            333.71235162991337,
            377.6410859168636,
            269.30629584670123,
            210.86113902155887,
            234.3625054958036,
            217.26714732226196,
            121.54531014184178,
            0
        ],
        [
            0,
            0,
            17.422305484924387,
            44.066895308885016,
            87.47259163831863,
            91.287891051933,
            60.93877971626431,
            47.511480986731186,
            0,
            -80.08033639073724,
            -134.20162582267255,
            -198.17085778434924,
            -86.35759805339845,
            -35.61706484538166,
            138.78713153842764,
            314.65492186713595,
            507.99944087219444,
            540.9639277231253,
            544.1818925689244,
            594.6852152028582,
            630.1780655162523,
            610.0521194072716,
            586.0255676454749,
            543.9255372058426,
            479.02023744092935,
            420.83970976746076,
            462.70955864992453,
            343.85588184369095,
            275.75928862668695,
            288.48671560590185,
            251.7355301121734,
            116.8558537991156,
            0
        ],
        [
            0,
            0,
            58.46410937079361,
            92.37647798630157,
            149.36684753588807,
            159.9757234435815,
            133.19545086877645,
            125.17568868124839,
            80.08033639073724,
            0,
            -53.65734084677667,
            -119.2385824214165,
            2.5449142019839606,
            58.7872743442771,
            246.06506451911397,
            434.19514936804546,
            640.159032467929,
            675.7327493592086,
            679.6077246315346,
            733.1709123067594,
            770.5615225618817,
            749.0897913406131,
            722.9739176969988,
            676.7438100871883,
            605.6026215052901,
            540.2544382697262,
            576.5481475586027,
            444.6727366997312,
            362.3724188378462,
            355.0522373179922,
            282.4873398279743,
            0,
            0
        ],
        [
            0,
            0,
            90.31156836156676,
            128.68401899455654,
            193.66495588098704,
            208.10526146214224,
            183.09969530626663,
            178.1716248311286,
            134.20162582267255,
            53.65734084677667,
            0,
            -66.8636645276572,
            61.46476566149734,
            121.22657804612426,
            316.9549502914802,
            513.0751903630105,
            727.2033719500552,
            764.231842251999,
            768.2475125150021,
            823.5029178919949,
            861.7811013153674,
            839.0589492868409,
            810.9779837091999,
            761.168643293024,
            685.0053890328504,
            613.8698767905482,
            644.5595808208885,
            502.77247935170607,
            408.8162481674775,
            382.4073343235278,
            271.6768796051245,
            0,
            0
        ],
        [
            0,
            48.13890056455916,
            122.79651039591506,
            168.26273809176905,
            241.5247186557434,
            261.2773551959347,
            239.98962203028142,
            239.32645868505503,
            198.17085778434924,
            119.2385824214165,
            66.8636645276572,
            0,
            133.07061081501644,
            195.64917834970316,
            397.12414198754396,
            598.6123353676999,
            818.1057240072666,
            856.3439177869359,
            860.6916253999617,
            917.1100748256952,
            955.964333494923,
            932.4519838692759,
            902.9325569953418,
            850.2297491237322,
            769.8091640319885,
            693.3134658861184,
            717.5484686745027,
            566.2066711911439,
            459.80613057007196,
            412.03117876088123,
            254.59227655681192,
            0,
            0
        ],
        [
            0,
            52.91009300832023,
            87.01676615339579,
            114.34288784262205,
            175.04672457475453,
            182.11857607533955,
            148.55374967840194,
            137.68476121037648,
            86.35759805339845,
            -2.5449142019839606,
            -61.46476566149734,
            -133.07061081501644,
            0,
            61.124053402805515,
            264.1885451090764,
            467.2488029191733,
            688.6493069609209,
            725.3560674306067,
            727.7692566839016,
            783.4142220767155,
            821.3907841482919,
            796.2385368175425,
            764.9590864771486,
            710.9473183873989,
            630.5168741024445,
            555.963706438402,
            584.3595451478884,
            439.4989932517629,
            342.99023515165123,
            305.01691565536123,
            142.88468578047267,
            0,
            0
        ],
        [
            0,
            54.25319696878898,
            71.32651567670061,
            90.67187750126965,
            146.5847333026561,
            147.73445141155776,
            107.92981461305179,
            92.21704439019119,
            35.61706484538166,
            -58.7872743442771,
            -121.22657804612426,
            -195.64917834970316,
            -61.124053402805515,
            0,
            205.72968399248532,
            411.2965250454279,
            635.3553051360357,
            671.4700542536829,
            672.8031680266633,
            728.2670507220394,
            765.8241510157666,
            739.4483249105544,
            706.6806303473726,
            651.0577485020394,
            569.4941302099361,
            494.7041370186609,
            523.3553824923331,
            380.1685745184445,
            286.2754387220487,
            245.47727590700026,
            0,
            0,
            0
        ],
        [
            0,
            17.709091610523604,
            -0.19033600529242475,
            -4.0028213554327525,
            33.986826035712184,
            17.696415684022707,
            -38.6486339268301,
            -68.56206357227641,
            -138.78713153842764,
            -246.06506451911397,
            -316.9549502914802,
            -397.12414198754396,
            -264.1885451090764,
            -205.72968399248532,
            0,
            205.66677350164656,
            430.2079767912046,
            464.19029593660446,
            463.27657958033393,
            517.6053990027011,
            554.1617454409113,
            526.4811177857177,
            492.831411511643,
            437.98221274063184,
            359.8083162888421,
            291.7961232674044,
            330.3806449556973,
            203.5933583858967,
            133.22909377635057,
            120.55236877252143,
            0,
            0,
            0
        ],
        [
            0,
            -29.35778489244156,
            -77.66163850470035,
            -103.17190532379844,
            -82.35899943253405,
            -115.44011951452939,
            -187.72325844389863,
            -231.34663852791883,
            -314.65492186713595,
            -434.19514936804546,
            -513.0751903630105,
            -598.6123353676999,
            -467.2488029191733,
            -411.2965250454279,
            -205.66677350164656,
            0,
            224.88462670364297,
            256.9670787765238,
            254.12581310842558,
            307.54241581133647,
            343.37491862960565,
            314.8358938254476,
            281.0243058805776,
            228.09601767690125,
            154.7898423134275,
            95.38988448760635,
            145.76478737377792,
            39.11151933527409,
            -2.0264294430005365,
            23.839958466211403,
            0,
            0,
            0
        ],
        [
            0,
            -89.2433756680761,
            -167.53990128124133,
            -215.61957987384847,
            -213.0944089581917,
            -263.9162791944815,
            -352.94497050529003,
            -411.040802019353,
            -507.99944087219444,
            -640.159032467929,
            -727.2033719500552,
            -818.1057240072666,
            -688.6493069609209,
            -635.3553051360357,
            -430.2079767912046,
            -224.88462670364297,
            0,
            30.271350072036785,
            25.729093948572096,
            78.40834183931382,
            113.80141407283091,
            84.924129540432,
            51.901507555568735,
            2.610046859188476,
            -63.41388437732115,
            -110.95709424369821,
            -44.913590691614225,
            -124.44875674047152,
            -124.79111141720382,
            -27.77986142296225,
            0,
            0,
            0
        ],
        [
            0,
            -103.88462995970838,
            -185.97782492272114,
            -236.68902722254774,
            -235.56180605360723,
            -289.04350765593676,
            -381.18195448106286,
            -441.481738525125,
            -540.9639277231253,
            -675.7327493592086,
            -764.2318422519994,
            -856.3439177869361,
            -725.3560674306069,
            -671.470054253683,
            -464.19029593660446,
            -256.9670787765238,
            -30.271350072036785,
            0,
            -4.765020795223368,
            48.09420937998991,
            83.54210244562216,
            54.49542137931026,
            21.524621731537973,
            -27.09978754629923,
            -91.38834807142095,
            -135.85191624126873,
            -67.65598954517203,
            -137.83249303939525,
            -122.53479851309959,
            0,
            0,
            0,
            0
        ],
        [
            -31.944012838822434,
            -108.78411525401638,
            -190.41727752585808,
            -240.369899268087,
            -237.78254605805844,
            -291.23839572414533,
            -383.98151876169914,
            -444.26316432995964,
            -544.1818925689244,
            -679.6077246315346,
            -768.2475125150021,
            -860.6916253999617,
            -727.7692566839016,
            -672.8031680266633,
            -463.27657958033393,
            -254.12581310842558,
            -25.729093948572096,
            4.765020795223368,
            0,
            53.03958125851725,
            88.48737195789906,
            59.29019563719575,
            26.19627793855411,
            -22.33806082274328,
            -85.85512645051486,
            -128.78197607127706,
            -61.4490766805547,
            -124.69175661988479,
            -94.93140637257838,
            0,
            0,
            0,
            0
        ],
        [
            -78.90332017658021,
            -129.7085007154668,
            -217.72933215046427,
            -272.4473338562042,
            -273.2551543711924,
            -330.86316394456867,
            -427.87447380530705,
            -491.4646676646196,
            -594.6852152028582,
            -733.1709123067594,
            -823.5029178919953,
            -917.1100748256952,
            -783.4142220767155,
            -728.2670507220396,
            -517.6053990027012,
            -307.5424158113365,
            -78.40834183931382,
            -48.09420937998991,
            -53.03958125851725,
            0,
            35.46069206768322,
            6.476622035298069,
            -25.854139228360175,
            -72.29628583098639,
            -131.8146758005964,
            -168.49298445819412,
            -96.0362974204243,
            -140.65475796049128,
            -62.71556327630947,
            0,
            0,
            0,
            0
        ],
        [
            -108.48419572563826,
            -145.9061670099423,
            -238.15180323095032,
            -295.94816823343234,
            -298.77204847210913,
            -359.1576026328025,
            -459.10037684947685,
            -524.8232073521787,
            -630.1780655162523,
            -770.5615225618817,
            -861.7811013153674,
            -955.964333494923,
            -821.3907841482919,
            -765.8241510157666,
            -554.1617454409113,
            -343.37491862960565,
            -113.80141407283091,
            -83.54210244562216,
            -88.48737195789906,
            -35.46069206768321,
            0,
            -28.628680192209362,
            -60.06839563035905,
            -104.3193792718642,
            -159.71028760908993,
            -190.0105195036677,
            -113.09698901051384,
            -135.5418585830242,
            0,
            0,
            0,
            0,
            0
        ],
        [
            -123.75888988153024,
            -141.79828740248087,
            -230.86427093094966,
            -285.6883442019534,
            -285.331271121412,
            -343.7104152783105,
            -442.188350476436,
            -506.13906129505096,
            -610.0521194072716,
            -749.0897913406131,
            -839.0589492868409,
            -932.4519838692759,
            -796.2385368175425,
            -739.4483249105544,
            -526.4811177857177,
            -314.8358938254476,
            -84.924129540432,
            -54.49542137931025,
            -59.29019563719575,
            -6.476622035298069,
            28.628680192209362,
            0,
            -31.5231264860305,
            -75.72086192784026,
            -130.17324995654783,
            -158.74711436414248,
            -85.25018875323845,
            -90.63622676330512,
            0,
            0,
            0,
            0,
            0
        ],
        [
            -138.88702727875358,
            -136.76668041271765,
            -222.34297411108457,
            -273.75489858798943,
            -269.6755594179441,
            -325.6922858582096,
            -422.3659892550361,
            -484.0922158053062,
            -586.0255676454749,
            -722.9739176969988,
            -810.9779837091999,
            -902.9325569953418,
            -764.9590864771486,
            -706.6806303473726,
            -492.831411511643,
            -281.0243058805776,
            -51.901507555568735,
            -21.524621731537973,
            -26.19627793855411,
            25.854139228360175,
            60.06839563035905,
            31.5231264860305,
            0,
            -43.72201750312821,
            -95.76970898714977,
            -120.05217603024498,
            -51.5484185398283,
            0,
            0,
            0,
            0,
            0,
            0
        ],
        [
            -146.70487243605368,
            -124.68708445511706,
            -204.89744583953447,
            -251.25366297566853,
            -242.07739806488627,
            -294.2757595578326,
            -387.57828065118747,
            -445.64538316855305,
            -543.9255372058426,
            -676.7438100871883,
            -761.168643293024,
            -850.2297491237322,
            -710.9473183873989,
            -651.0577485020394,
            -437.98221274063184,
            -228.09601767690125,
            -2.610046859188476,
            27.09978754629923,
            22.33806082274328,
            72.29628583098639,
            104.3193792718642,
            75.72086192784026,
            43.72201750312821,
            0,
            -48.760848954355694,
            -65.94214355826017,
            0,
            0,
            0,
            0,
            0,
            0,
            0
        ],
        [
            -140.96799861387728,
            -102.26221675231706,
            -174.6421571535889,
            -214.08688617026758,
            -198.62459355090223,
            -245.30027171660697,
            -333.2756781388018,
            -386.1857939458635,
            -479.02023744092935,
            -605.6026215052901,
            -685.0053890328504,
            -769.8091640319885,
            -630.5168741024445,
            -569.4941302099361,
            -359.8083162888421,
            -154.7898423134275,
            63.41388437732115,
            91.38834807142095,
            85.85512645051486,
            131.8146758005964,
            159.71028760908993,
            130.17324995654783,
            95.76970898714977,
            48.760848954355694,
            0,
            -8.630956741348172,
            0,
            0,
            0,
            0,
            0,
            0,
            0
        ],
        [
            -129.79380309803508,
            -81.88664838615992,
            -147.48897338251143,
            -181.2058717598202,
            -161.01367524298396,
            -202.8427182431668,
            -285.6018928992116,
            -333.71235162991337,
            -420.83970976746076,
            -540.2544382697262,
            -613.8698767905482,
            -693.3134658861184,
            -555.963706438402,
            -494.7041370186609,
            -291.7961232674044,
            -95.38988448760635,
            110.95709424369821,
            135.85191624126873,
            128.78197607127706,
            168.49298445819412,
            190.0105195036677,
            158.74711436414248,
            120.05217603024498,
            65.94214355826017,
            8.630956741348172,
            0,
            0,
            0,
            0,
            0,
            0,
            0,
            0
        ],
        [
            -134.63647495643704,
            -103.2930605921923,
            -175.33356870019017,
            -214.57228949063108,
            -199.89955354831324,
            -244.9473281480671,
            -328.8116178237769,
            -377.6410859168636,
            -462.70955864992453,
            -576.5481475586027,
            -644.5595808208885,
            -717.5484686745027,
            -584.3595451478884,
            -523.3553824923331,
            -330.3806449556973,
            -145.76478737377792,
            44.913590691614225,
            67.65598954517202,
            61.4490766805547,
            96.03629742042435,
            113.09698901051384,
            85.25018875323845,
            51.5484185398283,
            0,
            0,
            0,
            0,
            0,
            0,
            0,
            0,
            0,
            0
        ],
        [
            -96.27216235511153,
            -58.55496816462488,
            -115.75146947223433,
            -143.53058551386735,
            -120.57851090457861,
            -155.99189168566292,
            -229.25285267121504,
            -269.30629584670123,
            -343.85588184369095,
            -444.67273669973116,
            -502.77247935170607,
            -566.2066711911439,
            -439.4989932517629,
            -380.1685745184445,
            -203.5933583858967,
            -39.11151933527409,
            124.44875674047152,
            137.8324930393953,
            124.69175661988479,
            140.65475796049137,
            135.54185858302426,
            90.63622676330512,
            0,
            0,
            0,
            0,
            0,
            0,
            0,
            0,
            0,
            0,
            0
        ],
        [
            -56.55165973687229,
            -36.463317844176714,
            -85.04818832030763,
            -107.20618103426118,
            -81.93213032693741,
            -111.75169061491356,
            -177.03031826992137,
            -210.86113902155887,
            -275.75928862668695,
            -362.3724188378462,
            -408.8162481674775,
            -459.80613057007196,
            -342.99023515165123,
            -286.27543872204876,
            -133.22909377635057,
            2.0264294430005365,
            124.79111141720381,
            122.53479851309955,
            94.93140637257838,
            62.71556327630978,
            0,
            0,
            0,
            0,
            0,
            0,
            0,
            0,
            0,
            0,
            0,
            0,
            0
        ],
        [
            0,
            -48.67027091492688,
            -102.41101117017186,
            -130.07507233710209,
            -112.51988059866113,
            -143.27994484136784,
            -204.25858621099115,
            -234.3625054958035,
            -288.48671560590185,
            -355.0522373179922,
            -382.40733432352766,
            -412.03117876088123,
            -305.0169156553613,
            -245.47727590700032,
            -120.5523687725214,
            -23.839958466211403,
            27.77986142296227,
            0,
            0,
            0,
            0,
            0,
            0,
            0,
            0,
            0,
            0,
            0,
            0,
            0,
            0,
            0,
            0
        ],
        [
            0,
            -39.15539034807313,
            -96.65039180119098,
            -127.68758002305627,
            -116.9025753994858,
            -144.98684478578934,
            -196.11133603798024,
            -217.267147322262,
            -251.7355301121734,
            -282.4873398279744,
            -271.67687960512467,
            -254.59227655681192,
            -142.88468578047255,
            0,
            0,
            0,
            0,
            0,
            0,
            0,
            0,
            0,
            0,
            0,
            0,
            0,
            0,
            0,
            0,
            0,
            0,
            0,
            0
        ],
        [
            0,
            0,
            -46.26300647155961,
            -74.6978482614593,
            -67.27116474139586,
            -85.7805950061882,
            -117.75491939205992,
            -121.54531014184195,
            -116.8558537991152,
            0,
            0,
            0,
            0,
            0,
            0,
            0,
            0,
            0,
            0,
            0,
            0,
            0,
            0,
            0,
            0,
            0,
            0,
            0,
            0,
            0,
            0,
            0,
            0
        ],
        [
            0,
            0,
            0,
            0,
            0,
            0,
            0,
            0,
            0,
            0,
            0,
            0,
            0,
            0,
            0,
            0,
            0,
            0,
            0,
            0,
            0,
            0,
            0,
            0,
            0,
            0,
            0,
            0,
            0,
            0,
            0,
            0,
            0
        ]
    ],
    "imag(M)": [
        [
            0,
            0,
            0,
            0,
            0,
            0,
            0,
            0,
            0,
            0,
            0,
            0,
            0,
            0,
            0,
            0,
            0,
            0,
            -22.53463566253508,
            -45.954206277603824,
            -54.52082541671132,
            -62.27411227983615,
            -48.789422367606605,
            -57.76280426830046,
            -38.69881017505645,
            -34.25090089727729,
            -24.811902330104076,
            -19.478707499861,
            -5.966483159900288,
            0,
            0,
            0,
            0
        ],
        [
            0,
            0,
            0,
            0,
            0,
            0,
            0,
            0,
            0,
            0,
            0,
            -44.04731245945768,
            -87.51018520199362,
            -139.92277400569762,
            -179.6539852708999,
            -196.50544306554156,
            -172.60815395007427,
            -157.3505371849021,
            -135.56339472108476,
            -121.14570642917508,
            -109.90647763889693,
            -109.27804072302447,
            -65.15917617926112,
            -73.29032844666476,
            -34.19520257534172,
            -26.066905028049167,
            -11.415538011800402,
            -7.205321397136928,
            12.797261606813517,
            -20.29796287024186,
            8.160326763224779,
            0,
            0
        ],
        [
            0,
            0,
            0,
            0,
            0,
            0,
            0,
            0,
            -8.902238186235936,
            -46.39071357426432,
            -103.94565629681082,
            -153.16814077328428,
            -207.6803677473989,
            -278.3565515160473,
            -323.9559669078937,
            -334.15000244346083,
            -286.15928377607605,
            -256.6295056764842,
            -220.84383976002943,
            -197.75968935980674,
            -180.38377792109773,
            -178.26890616628782,
            -117.7723461521715,
            -128.10290308729003,
            -76.33541195853479,
            -65.43575005700717,
            -45.60703193564935,
            -38.90614533754328,
            -9.665869625728389,
            -53.96922473896746,
            -4.641982049408948,
            -0.4280966140929562,
            0
        ],
        [
            0,
            0,
            0,
            0,
            0,
            0,
            0,
            -21.211430482005113,
            -41.340988994038476,
            -97.21894441271318,
            -175.93059806660955,
            -239.75764320595889,
            -308.3211984251793,
            -396.425130813999,
            -450.01380218261863,
            -457.9512088561219,
            -393.21723605792073,
            -353.62408244284364,
            -307.4209619277108,
            -277.8328277580979,
            -255.7887095419777,
            -252.68545505580636,
            -178.82655094661035,
            -191.02089753543277,
            -128.57260453686197,
            -115.11824499588123,
            -90.644955505053,
            -81.40622458900764,
            -44.21886427561796,
            -95.96712392827112,
            -30.780342446096174,
            -18.204459870101378,
            0
        ],
        [
            0,
            0,
            0,
            0,
            0,
            -2.2144003677951614,
            -2.6612728006528137,
            -16.069592592363552,
            -34.36233386097772,
            -99.04001516763465,
            -191.31416311112696,
            -265.2285235632141,
            -343.80847817486784,
            -445.03413400031775,
            -504.0856585968771,
            -508.86911160259007,
            -428.5436589585554,
            -378.98860425665856,
            -322.51199967560063,
            -286.0818722388352,
            -258.87743022969005,
            -253.9336106027473,
            -167.1888665697918,
            -179.90847973327283,
            -107.735368902533,
            -92.4367024777162,
            -65.24079701534423,
            -56.17310609938069,
            -16.02215257082414,
            -78.88415837963927,
            -8.990126596809104,
            -2.3132825301765503,
            0
        ],
        [
            0,
            0,
            0,
            0,
            2.2144003677951614,
            0,
            4.61123046024252,
            -10.37342539259932,
            -30.14250507602166,
            -104.38670673857102,
            -209.78678872951062,
            -293.4139399599259,
            -381.66821863769155,
            -495.29060516030864,
            -559.9934656973977,
            -562.7383485161558,
            -469.22831235287344,
            -411.34906428978616,
            -346.172969443359,
            -304.0209938434596,
            -272.5318203207304,
            -266.20902451568094,
            -168.29047148236836,
            -181.72076629036675,
            -101.01291102172519,
            -83.99178810744003,
            -54.138266540043254,
            -44.71453710013538,
            -1.3983083257760696,
            -72.09759860059953,
            2.6973344037096614,
            6.700829982338453,
            0
        ],
        [
            0,
            0,
            0,
            0,
            2.6612728006527817,
            -4.61123046024252,
            0,
            -18.935400884417287,
            -42.30709886542205,
            -127.00377039058867,
            -245.47725474636175,
            -338.67483110911246,
            -436.44882320840264,
            -561.9966582764735,
            -632.5359338622336,
            -634.1389874994529,
            -529.3792482394114,
            -464.5360005966136,
            -391.98791841981347,
            -345.0799477048128,
            -310.0682250096632,
            -302.7721250734121,
            -195.13764617593048,
            -209.36378002894668,
            -121.00265542615267,
            -102.09314340542255,
            -69.23993356968693,
            -58.425358424654966,
            -11.029222476823533,
            -85.52504505603669,
            -4.384321210407365,
            1.6940272421374645,
            0
        ],
        [
            0,
            0,
            0,
            21.211430482005113,
            16.069592592363552,
            10.37342539259932,
            18.935400884417287,
            0,
            -23.57429929235571,
            -114.97128505877669,
            -243.42529558260168,
            -344.1609224557864,
            -449.50518872728526,
            -584.8588256638689,
            -659.7662267686121,
            -659.4868641787976,
            -543.7778012555776,
            -471.91497322194203,
            -392.05332617655716,
            -340.2653931942993,
            -301.56358358209707,
            -292.9420219556896,
            -176.1319490722256,
            -190.6930698504643,
            -95.67025952500784,
            -75.65231617062942,
            -41.32744052043005,
            -31.069736658901753,
            16.94556574088652,
            -63.444388224191776,
            16.462293108202285,
            15.16096901862422,
            0
        ],
        [
            0,
            0,
            8.902238186235936,
            41.340988994038476,
            34.36233386097772,
            30.14250507602166,
            42.30709886542205,
            23.57429929235571,
            0,
            -97.25672721773542,
            -234.59659944588418,
            -342.06024030578766,
            -454.15755178475064,
            -598.2662409426127,
            -677.0091485854972,
            -674.9233573459846,
            -549.2623460108906,
            -470.99712142376234,
            -384.4949077466449,
            -328.2682136068156,
            -286.21198714358485,
            -276.3515551437031,
            -151.40863772949012,
            -166.24784198072192,
            -65.59982454543498,
            -44.88620752356084,
            -9.786160958689269,
            -0.6376784733270013,
            46.553061433882476,
            -38.71412194941334,
            36.13475206991171,
            22.494295955266303,
            0
        ],
        [
            0,
            0,
            46.39071357426432,
            97.21894441271318,
            99.04001516763465,
            104.38670673857102,
            127.00377039058867,
            114.97128505877669,
            97.25672721773542,
            0,
            -141.74568910556073,
            -253.03279530941506,
            -369.09932539553506,
            -519.0852491711454,
            -599.4197729157816,
            -594.023447910156,
            -457.97304374918826,
            -372.66545160407696,
