{
    "bin_ranges": {
        "m3pi_lower_limit": 1.94,
        "m3pi_upper_limit": 1.98,
        "t_lower_limit": 0.194,
        "t_upper_limit": 0.326
    },
    "info": "The dalitz matrix M is computed as sqrt(-Kibble) * (A[1]-A[2])",
    "bin_centers": [
        0.29900000000000004,
        0.33999999999999997,
        0.38,
        0.42000000000000004,
        0.45999999999999996,
        0.5,
        0.54,
        0.5800000000000001,
        0.62,
        0.66,
        0.69,
        0.71,
        0.73,
        0.75,
        0.77,
        0.79,
        0.81,
        0.83,
        0.85,
        0.87,
        0.89,
        0.91,
        0.94,
        0.98,
        1.02,
        1.06,
        1.1,
        1.1400000000000001,
        1.18,
        1.22,
        1.26,
        1.3,
        1.34,
        1.38,
        1.42,
        1.46,
        1.5,
        1.54,
        1.58,
        1.62,
        1.66,
        1.7,
        1.74,
        1.78,
        1.82
    ],
    "real(M)": [
        [
            0,
            0,
            0,
            0,
            0,
            0,
            0,
            0,
            0,
            0,
            0,
            0,
            0,
            0,
            0,
            0,
            0,
            0,
            0,
            0,
            0,
            0,
            0,
            0,
            0,
            0,
            0,
            6.107074669982693,
            21.831872650996754,
            17.928050554158766,
            -1.9305281403412058,
            0.4219375626326638,
            -23.382140756127686,
            -45.107937274609185,
            -12.243023945747687,
            -30.927022154703568,
            -24.500296646681974,
            -52.498072003577064,
            -22.009425750945745,
            0,
            0,
            0,
            0,
            0,
            0
        ],
        [
            0,
            0,
            0,
            0,
            0,
            0,
            0,
            0,
            0,
            0,
            0,
            0,
            0,
            0,
            0,
            0,
            0,
            0,
            0,
            0,
            0,
            0,
            108.19907533968387,
            154.8333313893748,
            194.41814362158934,
            221.4506758972913,
            227.9719652779587,
            236.6405287257454,
            282.61256054073004,
            276.55703353389833,
            242.1915855998013,
            253.08893773898,
            212.88583154699705,
            174.7302593813887,
            232.78230540149,
            191.76058110958502,
            192.2879574578688,
            107.30349115009875,
            133.92505179083219,
            86.45542985209781,
            78.15640536284853,
            67.47777092206636,
            0,
            0,
            0
        ],
        [
            0,
            0,
            0,
            0,
            0,
            0,
            0,
            0,
            0,
            0,
            0,
            0,
            0,
            0,
            0,
            0,
            109.00314434919545,
            175.91242901894,
            197.2150142890529,
            227.7261277368057,
            222.41437807647267,
            242.691036102108,
            321.72877061814614,
            316.36975313198127,
            343.6439046700638,
            362.0238133316938,
            356.2568499158428,
            358.52301883177677,
            415.10697212089303,
            400.95912708935026,
            350.7972462523105,
            362.9681467506607,
            308.20588705367436,
            257.21824729120965,
            334.0508854336211,
            280.56609422585336,
            282.9879736605278,
            170.40578763939192,
            210.4460054968128,
            148.37366436180443,
            146.8529734034281,
            179.8328462485204,
            61.62158495139526,
            0,
            0
        ],
        [
            0,
            0,
            0,
            0,
            0,
            0,
            0,
            0,
            0,
            0,
            0,
            1.0996494414005857,
            56.65852341155211,
            76.92436064419695,
            177.32913959667172,
            188.1212767086785,
            253.14178218896242,
            281.3376369611801,
            257.9777668377044,
            269.91407599478816,
            233.60234025893539,
            242.94987972800976,
            329.2188205091269,
            294.19686246520826,
            309.446232424983,
            316.4200843355291,
            295.6675443434991,
            287.64895863538237,
            348.5311701797095,
            323.7678125734471,
            257.1135951768572,
            268.0912770284316,
            199.60220731980738,
            137.4394381949127,
            231.2526837203298,
            169.4794092265828,
            177.27811300639814,
            47.3052601367966,
            105.9305945534672,
            42.131589953922116,
            58.2042085206159,
            131.36873603420855,
            11.704463242302689,
            -96.25751867551054,
            0
        ],
        [
            0,
            0,
            0,
            0,
            0,
            0,
            0,
            0,
            0,
            13.774713618767192,
            -34.76235604709134,
            -18.09019183279276,
            27.762744524301695,
            25.007851102373223,
            158.03304644342964,
            145.5599725792081,
            215.0773157746844,
            233.11915839998795,
            184.8953157882105,
            186.19947742079833,
            127.50927886076339,
            128.72287358786,
            221.07750003716657,
            160.73564047874706,
            164.52326795854978,
            160.21258281189043,
            124.86758961677776,
            106.35601967868466,
            169.83618164816562,
            134.58646035623767,
            52.3887127534527,
            61.82381351195542,
            -19.106417959951603,
            -90.99982456896497,
            18.751143120638265,
            -49.17395875649155,
            -34.77584676213145,
            -177.48513339908556,
            -99.26969902807112,
            -160.18789451474726,
            -123.84152018114774,
            -12.092904320980196,
            -125.76361229139772,
            -249.6594326947117,
            0
        ],
        [
            0,
            0,
            0,
            0,
            0,
            0,
            0,
            0,
            -11.477345387252834,
            66.76234535984877,
            -10.248681009308791,
            22.479056754536586,
            90.25496515114212,
            88.99128209640315,
            261.6956877923689,
            245.3123205522584,
            331.277710008051,
            352.8337728154872,
            294.607564430186,
            296.9200075443034,
            228.3105465240171,
            231.25382329477594,
            341.4169896189227,
            273.67243762649446,
            280.70830759573533,
            278.29247281532514,
            240.37186124394614,
            221.5891408330647,
            295.3832587038717,
            257.0148358367557,
            165.5495238775989,
            177.0157037537905,
            86.45410939182754,
            5.663419325362514,
            128.05998943806873,
            50.45803200109631,
            64.38708177819905,
            -98.88147737064475,
            -15.386300680954358,
            -89.66217169131696,
            -56.24487563639109,
            61.09224741365693,
            -83.21543677443643,
            -263.2602321932734,
            0
        ],
        [
            0,
            0,
            0,
            0,
            0,
            0,
            0,
            -4.332039740877917,
            -2.437269152264459,
            110.91496706815411,
            10.166870077980894,
            52.77274547982499,
            136.3844412304059,
            134.70756955084678,
            339.82709298728844,
            318.9219460592417,
            418.1552667471802,
            441.7532581926292,
            373.5141260702684,
            375.6070301422406,
            296.9180125793265,
            300.3092438735118,
            425.1327500657267,
            348.6477243376793,
            356.8468507042193,
            354.51136443427873,
            312.6879894972682,
            292.30377030001125,
            374.5191197019091,
            332.2640233804509,
            231.3884720497336,
            244.16101473595103,
            144.30982565754414,
            55.18985938795521,
            189.41624035713244,
            103.35457190463228,
            117.61081025955338,
            -63.146067823230204,
            26.69353935782392,
            -57.3402612827768,
            -23.783403134338084,
            101.37331856202111,
            -63.42214205535225,
            -274.9185981901056,
            0
        ],
        [
            0,
            0,
            0,
            0,
            0,
            0,
            4.332039740877917,
            0,
            5.075813046139112,
            144.31649729710588,
            22.648992402804776,
            72.9316754502537,
            169.7413158097057,
            167.11437252123866,
            400.73981447880135,
            375.36099991117493,
            486.22216313726506,
            511.296408818499,
            433.47410406173606,
            434.9268965808662,
            346.49100250555443,
            349.83820644078804,
            487.6105288573873,
            402.17314685219685,
            410.67390924436734,
            407.6861367094055,
            361.54153157115763,
            339.0551335637663,
            428.6284429856167,
            382.2785038711798,
            272.2324005465999,
            285.9491874993118,
            177.27046225194482,
            80.36990134079,
            225.60538588155444,
            131.92842468040791,
            146.80461462293675,
            -49.28179790200802,
            46.99027536343597,
            -44.69887625231094,
            -9.786471304118063,
            123.07356579408959,
            -56.04677335472947,
            -282.7056091597702,
            0
        ],
        [
            0,
            0,
            0,
            0,
            0,
            11.477345387252834,
            2.437269152264459,
            -5.075813046139112,
            0,
            159.76185272571834,
            18.326034336745618,
            74.6264186986229,
            182.60132329327516,
            178.37923253191693,
            437.45448639234144,
            407.35301312267393,
            528.3568951143845,
            554.2245013456571,
            466.9200962971316,
            467.1944850166107,
            369.08594251409346,
            371.81944217020634,
            520.8961309514889,
            426.03635171305524,
            433.8597705559172,
            429.3774662970488,
            378.3729843559051,
            353.2059508990645,
            449.08274022162755,
            398.3822675829637,
            279.3581713384208,
            293.69807366018466,
            176.67638267857032,
            72.61030161056762,
            228.22273015940723,
            127.92486137862223,
            143.94694807447104,
            -65.07801966509804,
            38.092158965232414,
            -58.73779980066442,
            -20.712515085532033,
            120.41259349778228,
            -66.00875013723031,
            -289.796944735269,
            0
        ],
        [
            0,
            0,
            0,
            0,
            -13.774713618767192,
            -66.76234535984877,
            -110.91496706815411,
            -144.31649729710588,
            -159.76185272571834,
            0,
            -172.2313666196676,
            -118.60730404629648,
            -8.213755628335905,
            -21.49173522300589,
            253.90340890062194,
            212.37512518654881,
            336.0394518460703,
            356.07982023400797,
            253.54091618610437,
            246.56338108199074,
            133.4403341490236,
            129.8755359667908,
            281.4178261402447,
            167.57742180256025,
            165.5561063444908,
            151.39920234140976,
            88.5349306783587,
            54.59787958896723,
            151.2383043181721,
            92.4624323372049,
            -37.69226231500627,
            -24.142141761660444,
            -148.79972111832907,
            -257.7232480527066,
            -89.02818311846625,
            -189.81843143756086,
            -164.91953159120396,
            -374.88803410068266,
            -251.93423846586586,
            -335.48382022095075,
            -272.28049596794364,
            -96.04818006322064,
            -246.64069582426646,
            -391.1402204069884,
            0
        ],
        [
            0,
            0,
            0,
            0,
            34.76235604709134,
            10.248681009308791,
            -10.166870077980894,
            -22.648992402804776,
            -18.326034336745618,
            172.2313666196676,
            0,
            65.41130951858737,
            190.70612583690405,
            183.79570330469238,
            483.0568240172025,
            445.3705482781219,
            582.4466883043395,
            609.4882939821803,
            506.87607676927786,
            505.10609907344497,
            391.28725381674974,
            392.8454389847109,
            559.8442836743507,
            449.42889373991795,
            455.784917587511,
            448.52736994859936,
            389.34740786021746,
            359.5501967808387,
            465.2438064792166,
            407.2967430459282,
            273.7350678279247,
            288.911831977743,
            158.64347727671006,
            43.41546167695806,
            215.27017881972048,
            104.96491827387662,
            123.0245214485912,
            -104.55107351446718,
            9.50698466888612,
            -93.12833187156316,
            -49.210500854669654,
            102.49596325470452,
            -85.25103734547433,
            -258.3260239685874,
            0
        ],
        [
            0,
            0,
            0,
            -1.0996494414005857,
            18.09019183279276,
            -22.479056754536586,
            -52.77274547982499,
            -72.9316754502537,
            -74.6264186986229,
            118.60730404629648,
            -65.41130951858737,
            0,
            127.5560698595294,
            117.70615363379677,
            425.4675480367193,
            383.6921857800275,
            523.0315903552149,
            548.4414548904706,
            439.86677987387674,
            435.729405652998,
            315.95867764186784,
            315.50669633483335,
            484.86938352006496,
            367.3031267276236,
            370.54497428665803,
            360.11117827965745,
            296.6205382730935,
            263.78047948785553,
            370.6000572808755,
            309.62206732259904,
            171.51920965062973,
            186.63125147896324,
            53.10613428421701,
            -64.27479622399105,
            113.02585550712173,
            2.126336047341789,
            23.373980177034632,
            -205.0738371867915,
            -83.77503252634921,
            -181.62863622641478,
            -128.6720460060936,
            34.52553550601248,
            -137.29290767821672,
            -256.34218840420885,
            0
        ],
        [
            0,
            0,
            0,
            -56.65852341155211,
            -27.762744524301695,
            -90.25496515114212,
            -136.3844412304059,
            -169.7413158097057,
            -182.60132329327516,
            8.213755628335905,
            -190.70612583690405,
            -127.5560698595294,
            0,
            -14.813016191818818,
            299.13228179530546,
            251.41098609096346,
            391.0241774196176,
            412.9940223024724,
            296.83974854427083,
            288.6712236486259,
            161.45388401350968,
            157.44262080061227,
            326.80501314112394,
            199.47432830069968,
            197.14117723432216,
            181.3597341933629,
            111.72862279600503,
            74.30069226258571,
            180.90205856621077,
            116.06635743576716,
            -26.93374911865907,
            -11.973412169801882,
            -148.21091977488476,
            -266.687255796732,
            -82.67696333864545,
            -191.87949804992078,
            -164.5853052492543,
            -389.7115785426208,
            -256.5325169890912,
            -343.12520710733423,
            -273.2068537497336,
            -88.56747003990245,
            -227.6612368910546,
            -246.34219717644814,
            0
        ],
        [
            0,
            0,
            0,
            -76.92436064419695,
            -25.007851102373223,
            -88.99128209640315,
            -134.70756955084678,
            -167.11437252123866,
            -178.37923253191693,
            21.49173522300589,
            -183.79570330469238,
            -117.70615363379677,
            14.813016191818818,
            0,
            324.59018032963695,
            275.6126480384487,
            419.8505460593563,
            442.6997000878883,
            323.2661118822913,
            315.1158789063027,
            184.46172386279417,
            180.64047993713723,
            355.193135377653,
            224.80378502671337,
            222.87026235293135,
            207.08232524625063,
            136.02397568247454,
            97.98023264200094,
            207.44260323508837,
            141.17729145656705,
            -5.080973486806731,
            10.264740177338815,
            -129.009827683813,
            -250.04261057469736,
            -62.424855471793734,
            -174.06730787709196,
            -146.67366205369908,
            -375.8417098131833,
            -241.04022267004595,
            -328.8857925018938,
            -258.48820098908294,
            -74.62523348455234,
            -209.03692802993004,
            -136.07411337847776,
            0
        ],
        [
            0,
            0,
            0,
            -177.32913959667172,
            -158.03304644342964,
            -261.6956877923689,
            -339.82709298728844,
            -400.73981447880135,
            -437.4544863923429,
            -253.90340890062194,
            -483.0568240172025,
            -425.4675480367193,
            -299.1322817953061,
            -324.59018032963695,
            0,
            -60.17966244744858,
            78.87580993398271,
            93.2310626160622,
            -38.410364244673964,
            -55.25480652558389,
            -197.6324107995011,
            -209.3399475252609,
            -41.25341193917673,
            -188.76094673590845,
            -203.07843820826707,
            -230.19297007526723,
            -312.4187545218174,
            -359.2208272204445,
            -253.44094447409995,
            -325.6530406342274,
            -477.58569668013973,
            -462.23662786372824,
            -602.3499615622557,
            -721.0781764733734,
            -522.4035698272758,
            -625.2655710960669,
            -582.8612945969768,
            -796.0982511414082,
            -634.8366568639677,
            -691.5636569067846,
            -579.3170119389985,
            -341.5918157259348,
            -387.73381486419675,
            0,
            0
        ],
        [
            0,
            0,
            0,
            -188.1212767086785,
            -145.5599725792081,
            -245.3123205522584,
            -318.9219460592417,
            -375.36099991117493,
            -407.35301312267393,
            -212.37512518654881,
            -445.3705482781219,
            -383.6921857800275,
            -251.41098609096346,
            -275.6126480384487,
            60.17966244744858,
            0,
            144.53608437795546,
            160.8179522990839,
            27.16102910983382,
            11.359887649095402,
            -133.25304499165864,
            -143.827964494179,
            30.486416605721683,
            -118.19884734995459,
            -130.60310703255487,
            -156.33772896394012,
            -238.6624864973987,
            -284.97062082421365,
            -175.66705393499916,
            -248.50133407116863,
            -402.9054373759581,
            -386.91445304413304,
            -529.6790146085344,
            -650.8196004689838,
            -449.4497149794325,
            -555.1479530604246,
            -513.7604127588293,
            -731.5132459381022,
            -570.8797920974607,
            -630.4264586431494,
            -520.5117433952132,
            -288.22932637966716,
            -326.70441937954763,
            0,
            0
        ],
        [
            0,
            0,
            -109.00314434919545,
            -253.14178218896242,
            -215.0773157746844,
            -331.277710008051,
            -418.1552667471802,
            -486.22216313726506,
            -528.3568951143845,
            -336.0394518460703,
            -582.4466883043395,
            -523.0315903552149,
            -391.02417741961835,
            -419.8505460593563,
            -78.87580993398271,
            -144.53608437795546,
            0,
            13.01713117819667,
            -127.5439453927666,
            -147.1127580361493,
            -298.48664326112464,
            -312.3845279927784,
            -138.33590741105388,
            -295.8817566827011,
            -313.3803936012153,
            -343.9046302859315,
            -431.5738082845079,
            -481.7314748414741,
            -372.39381463827294,
            -448.0995760227396,
            -605.972195816513,
            -589.2349211902272,
            -732.9665551535895,
            -853.2838784466761,
            -644.6580731957986,
            -746.2244172582862,
            -696.7966730414879,
            -906.7417565787578,
            -731.8024296602925,
            -774.3129334081718,
            -641.3288987524879,
            -380.51416767315243,
            -351.34072292159647,
            0,
            0
        ],
        [
            0,
            0,
            -175.91242901894,
            -281.3376369611801,
            -233.11915839998795,
            -352.8337728154872,
            -441.7532581926292,
            -511.296408818499,
            -554.2245013456571,
            -356.07982023400797,
            -609.4882939821803,
            -548.4414548904706,
            -412.99402230247307,
            -442.6997000878883,
            -93.2310626160622,
            -160.8179522990839,
            -13.01713117819667,
            0,
            -144.18619259223505,
            -164.45544273261186,
            -319.5288613362599,
            -333.9134534187861,
            -156.2496548226306,
            -317.57963780366794,
            -335.6996070031289,
            -367.0433854285618,
            -456.5793201841652,
            -507.714568462099,
            -396.2326245960782,
            -473.1905234851458,
            -633.5360734187498,
            -616.0084098056151,
            -761.3281567027851,
            -882.3868490461158,
            -669.5582489612708,
            -770.801228375007,
            -718.7364123230004,
            -927.324470453275,
            -747.2491774767093,
            -783.6594316849735,
            -642.1672952723027,
            -372.83106583808296,
            -292.9443379945951,
            0,
            0
        ],
        [
            0,
            0,
            -197.21501428905296,
            -257.9777668377044,
            -184.8953157882105,
            -294.607564430186,
            -373.5141260702684,
            -433.47410406173606,
            -466.9200962971327,
            -253.54091618610437,
            -506.87607676927786,
            -439.86677987387674,
            -296.83974854427134,
            -323.2661118822913,
            38.410364244673964,
            -27.16102910983382,
            127.5439453927666,
            144.18619259223505,
            0,
            -17.572367721623955,
            -172.96928103398395,
            -184.70769053521676,
            0.861260728542956,
            -158.6948651684233,
            -172.56668694044671,
            -200.45453157322444,
            -288.1726713990371,
            -337.31629893030487,
            -221.60642546640707,
            -298.35205283410875,
            -460.47456986117487,
            -442.58282388810926,
            -590.7633984888735,
            -714.9944533698387,
            -502.1511936673087,
            -608.2958510994587,
            -560.7902115321464,
            -776.6985895683899,
            -603.5504156752313,
            -648.5380156308809,
            -518.3273533176935,
            -268.8210789070086,
            -163.12591309973286,
            0,
            0
        ],
        [
            0,
            0,
            -227.7261277368057,
            -269.91407599478816,
            -186.19947742079833,
            -296.9200075443034,
            -375.6070301422406,
            -434.9268965808662,
            -467.1944850166107,
            -246.56338108199074,
            -505.10609907344497,
            -435.729405652998,
            -288.6712236486259,
            -315.1158789063027,
            55.25480652558389,
            -11.359887649095402,
            147.1127580361493,
            164.45544273261186,
            17.572367721623955,
            0,
            -158.20622904932048,
            -169.79434818581018,
            19.972030835712687,
            -142.04953646529887,
            -155.5755783074878,
            -183.42075010847765,
            -272.17527848060547,
            -321.6716276403279,
            -203.65236718101207,
            -281.29838249986796,
            -445.5324184424917,
            -427.050149015474,
            -576.8408377985356,
            -702.0745125664627,
            -486.4818484345569,
            -593.1313538553188,
            -544.6452274812776,
            -760.0393160599042,
            -584.7812987728018,
            -625.800445092816,
            -490.81120460863576,
            -239.18395175505242,
            0,
            0,
            0
        ],
        [
            0,
            0,
            -222.41437807647267,
            -233.60234025893539,
            -127.50927886076339,
            -228.3105465240171,
            -296.9180125793265,
            -346.49100250555443,
            -369.08594251409346,
            -133.4403341490236,
            -391.28725381674974,
            -315.95867764186784,
            -161.4538840135099,
            -184.46172386279417,
            197.6324107995011,
            133.25304499165864,
            298.48664326112464,
            319.5288613362599,
            172.96928103398395,
            158.20622904932048,
            0,
            -8.856146028094065,
            188.5996280550813,
            28.68133984969952,
            19.451892504308084,
            -4.916872631508957,
            -91.7833103044078,
            -139.3423542477072,
            -17.532215829710807,
            -95.11623623413261,
            -261.16624594294444,
            -242.83204249216843,
            -395.6972962749722,
            -524.4429427286597,
            -310.2903043971641,
            -422.5078498871302,
            -379.9765645691619,
            -603.0796305450392,
            -437.3383427963214,
            -488.4962649977657,
            -368.25575456476076,
            -144.40478601599713,
            0,
            0,
            0
        ],
        [
            0,
            0,
            -242.691036102108,
            -242.94987972800976,
            -128.72287358786,
            -231.25382329477594,
            -300.3092438735118,
            -349.83820644078804,
            -371.81944217020634,
            -129.8755359667908,
            -392.8454389847109,
            -315.50669633483335,
            -157.44262080061227,
            -180.64047993713723,
            209.3399475252609,
            143.827964494179,
            312.3845279927784,
            333.9134534187861,
            184.70769053521676,
            169.79434818581018,
            8.856146028094065,
            0,
            201.1034935146628,
            38.668677259945895,
            29.512812629497304,
            4.957033929607487,
            -83.04654501371887,
            -131.10182382938143,
            -7.426777147769504,
            -85.95679263295564,
            -253.93277874777118,
            -235.18237850542744,
            -389.3739424499389,
            -518.7969747093819,
            -302.53525233897295,
            -414.83143541861205,
            -371.3615085915564,
            -592.5249740216042,
            -425.05615539209066,
            -470.6556931695426,
            -344.5167075974946,
            -117.93369999101216,
            0,
            0,
            0
        ],
        [
            0,
            -108.19907533968387,
            -321.72877061814614,
            -329.2188205091269,
            -221.07750003716657,
            -341.4169896189227,
            -425.1327500657267,
            -487.6105288573873,
            -520.8961309514889,
            -281.4178261402447,
            -559.8442836743507,
            -484.86938352006496,
            -326.80501314112433,
            -355.193135377653,
            41.25341193917673,
            -30.486416605721683,
            138.33590741105388,
            156.2496548226306,
            -0.861260728542956,
            -19.972030835712687,
            -188.5996280550813,
            -201.1034935146628,
            0,
            -172.2304258128646,
            -186.77460654488752,
            -216.28310301263937,
            -309.69715535232945,
            -361.3380214217699,
            -237.0243210416394,
            -317.668570843902,
            -487.8238160547634,
            -466.7978218768524,
            -619.4130329928032,
            -744.5934087639753,
            -518.9934314825908,
            -621.9200768830359,
            -565.3452280337526,
            -766.9743709227836,
            -577.6868361124214,
            -586.8752646542929,
            -412.0935612070418,
            -92.91362357242382,
            0,
            0,
            0
        ],
        [
            0,
            -154.8333313893748,
            -316.36975313198127,
            -294.19686246520826,
            -160.73564047874706,
            -273.67243762649446,
            -348.6477243376793,
            -402.17314685219685,
            -426.03635171305524,
            -167.57742180256025,
            -449.42889373991795,
            -367.3031267276236,
            -199.47432830069968,
            -224.80378502671337,
            188.76094673590845,
            118.19884734995459,
            295.8817566827011,
            317.57963780366794,
            158.6948651684233,
            142.04953646529887,
            -28.68133984969952,
            -38.668677259945895,
            172.2304258128646,
            0,
            -10.626516632513537,
            -37.19239934042702,
            -129.7734056238268,
            -180.10576348349682,
            -51.46549621941136,
            -132.88117053484277,
            -305.84718045252373,
            -285.0630231354972,
            -440.8971786658958,
            -568.981783088966,
            -345.2862204431094,
            -452.3169641693734,
            -401.1397051269766,
            -602.8389468336467,
            -422.96110395495583,
            -428.5276388228091,
            -248.9387074830498,
            0,
            0,
            0,
            0
        ],
        [
            0,
            -194.41814362158934,
            -343.6439046700638,
            -309.446232424983,
            -164.52326795854978,
            -280.70830759573533,
            -356.8468507042193,
            -410.67390924436734,
            -433.8597705559172,
            -165.5561063444908,
            -455.784917587511,
            -370.54497428665803,
            -197.14117723432216,
            -222.87026235293135,
            203.07843820826707,
            130.60310703255487,
            313.3803936012153,
            335.6996070031289,
            172.56668694044671,
            155.5755783074878,
            -19.451892504308084,
            -29.512812629497304,
            186.77460654488752,
            10.626516632513537,
            0,
            -26.907133282937018,
            -121.0605145776251,
            -171.9647579803854,
            -40.92126751974726,
            -123.34084242972358,
            -297.9632110381538,
            -276.23292850996324,
            -431.92448665137516,
            -558.2414053513425,
            -332.91943031413643,
            -436.08187072606717,
            -381.5543913916804,
            -567.4237597759193,
            -382.39213741101844,
            -353.81853332365097,
            -62.23638759964588,
            0,
            0,
            0,
            0
        ],
        [
            0,
            -221.4506758972913,
            -362.0238133316938,
            -316.4200843355291,
            -160.21258281189043,
            -278.29247281532514,
            -354.51136443427873,
            -407.6861367094055,
            -429.3774662970488,
            -151.39920234140976,
            -448.52736994859936,
            -360.11117827965745,
            -181.359734193363,
            -207.08232524625063,
            230.19297007526723,
            156.33772896394,
            343.90463028593126,
            367.0433854285618,
            200.45453157322433,
            183.42075010847765,
            4.916872631508957,
            -4.957033929607487,
            216.28310301263937,
            37.19239934042702,
            26.907133282937018,
            0,
            -95.16828680902312,
            -146.3060428260828,
            -13.424854170305878,
            -96.51345841280731,
            -271.96782761702013,
            -249.57410335996974,
            -404.2842280085415,
            -527.9810314886829,
            -303.18286691505443,
            -401.56323829520517,
            -344.29835162122316,
            -509.15098124430585,
            -318.9763744401898,
            -230.91738280908092,
            0,
            0,
            0,
            0,
            0
        ],
        [
            0,
            -227.97196527795882,
            -356.2568499158428,
            -295.6675443434991,
            -124.86758961677776,
            -240.37186124394614,
            -312.6879894972682,
            -361.54153157115763,
            -378.3729843559047,
            -88.5349306783587,
            -389.34740786021746,
            -296.6205382730933,
            -111.72862279600503,
            -136.02397568247454,
            312.41875452181716,
            238.6624864973985,
            431.57380828450766,
            456.57932018416494,
            288.1726713990371,
            272.1752784806054,
            91.78331030440779,
            83.04654501371891,
            309.69715535232956,
            129.77340562382682,
            121.06051457762506,
            95.16828680902312,
            0,
            -50.84896737817488,
            83.12148506333604,
            -0.7162862550500074,
            -176.8898814033243,
            -155.3441621318486,
            -309.78488865500856,
            -432.0728887486768,
            -213.12334997514492,
            -309.29593620669385,
            -254.73092646164747,
            -397.59742457151873,
            -208.5350078200375,
            0,
            0,
            0,
            0,
            0,
            0
        ],
        [
            -6.107074669982693,
            -236.6405287257454,
            -358.52301883177677,
            -287.64895863538237,
            -106.35601967868466,
            -221.5891408330647,
            -292.30377030001125,
            -339.0551335637663,
            -353.2059508990645,
            -54.59787958896723,
            -359.5501967808387,
            -263.78047948785553,
            -74.30069226258571,
            -97.98023264200094,
            359.2208272204446,
            284.97062082421377,
            481.7314748414739,
            507.714568462099,
            337.3162989303047,
            321.6716276403279,
            139.3423542477072,
            131.10182382938143,
            361.3380214217699,
            180.10576348349682,
            171.9647579803854,
            146.3060428260828,
            50.84896737817489,
            0,
            133.96101377949768,
            49.66061000885742,
            -125.99295425035952,
            -105.0430839226159,
            -257.0928517509538,
            -375.25650774698215,
            -162.90725358269094,
            -252.6021970247674,
            -197.57192081449642,
            -301.15475389587596,
            -78.75238556414786,
            0,
            0,
            0,
            0,
            0,
            0
        ],
        [
            -21.831872650996797,
            -282.61256054073004,
            -415.106972120893,
            -348.5311701797095,
            -169.83618164816562,
            -295.3832587038717,
            -374.5191197019091,
            -428.6284429856167,
            -449.08274022162755,
            -151.2383043181721,
            -465.2438064792166,
            -370.6000572808755,
            -180.90205856621074,
            -207.44260323508837,
            253.44094447409987,
            175.66705393499913,
            372.393814638273,
            396.2326245960782,
            221.60642546640707,
            203.65236718101207,
            17.532215829710807,
            7.426777147769504,
            237.0243210416394,
            51.46549621941136,
            40.92126751974726,
            13.424854170305878,
            -83.12148506333604,
            -133.96101377949768,
            0,
            -82.19787611059371,
            -252.51652105268613,
            -227.0947137468972,
            -367.88106393881674,
            -470.24318429684837,
            -254.33366693909412,
            -317.2918638712493,
            -236.20200076474677,
            -227.59113240901826,
            0,
            0,
            0,
            0,
            0,
            0,
            0
        ],
        [
            -17.928050554158744,
            -276.55703353389833,
            -400.95912708935026,
            -323.7678125734471,
            -134.5864603562377,
            -257.0148358367557,
            -332.2640233804509,
            -382.2785038711798,
            -398.3822675829637,
            -92.4624323372049,
            -407.29674304592794,
            -309.62206732259887,
            -116.06635743576716,
            -141.17729145656705,
            325.65304063422747,
            248.50133407116857,
            448.0995760227396,
            473.1905234851458,
            298.3520528341087,
            281.29838249986796,
            95.11623623413261,
            85.95679263295564,
            317.668570843902,
            132.88117053484277,
            123.34084242972358,
            96.51345841280731,
            0.7162862550500074,
            -49.66061000885742,
