{
    "bin_ranges": {
        "m3pi_lower_limit": 1.74,
        "m3pi_upper_limit": 1.78,
        "t_lower_limit": 0.194,
        "t_upper_limit": 0.326
    },
    "info": "The dalitz matrix M is computed as sqrt(-Kibble) * (A[1]-A[2])",
    "bin_centers": [
        0.29900000000000004,
        0.33999999999999997,
        0.38,
        0.42000000000000004,
        0.45999999999999996,
        0.5,
        0.54,
        0.5800000000000001,
        0.62,
        0.66,
        0.69,
        0.71,
        0.73,
        0.75,
        0.77,
        0.79,
        0.81,
        0.83,
        0.85,
        0.87,
        0.89,
        0.91,
        0.94,
        0.98,
        1.02,
        1.06,
        1.1,
        1.1400000000000001,
        1.18,
        1.22,
        1.26,
        1.3,
        1.34,
        1.38,
        1.42,
        1.46,
        1.5,
        1.54,
        1.58,
        1.62
    ],
    "real(M)": [
        [
            0,
            0,
            0,
            0,
            0,
            0,
            0,
            0,
            0,
            0,
            0,
            0,
            0,
            0,
            0,
            0,
            0,
            0,
            0,
            0,
            0,
            0,
            0,
            0,
            16.800272396109172,
            29.4589964266221,
            34.25854367863112,
            18.490717882952563,
            32.10946210926126,
            25.45212168320493,
            22.811938287946905,
            2.6495917402280877,
            -6.114715918301015,
            -0.6567728575874169,
            -5.374079154189781,
            0,
            0,
            0,
            0,
            0
        ],
        [
            0,
            0,
            0,
            0,
            0,
            0,
            0,
            0,
            0,
            0,
            0,
            0,
            0,
            0,
            0,
            0,
            0,
            61.459301658416116,
            132.73498955233933,
            155.06826395331262,
            174.33622485705888,
            216.07014298086295,
            205.04168569090203,
            219.79703740394746,
            225.73543092184033,
            238.6275844167366,
            245.24616734934224,
            214.40730044395363,
            242.46407219372423,
            230.95737492170247,
            225.63813217516136,
            185.71776963256627,
            162.21445691849496,
            162.63394693354851,
            128.57224239454663,
            94.53798519936423,
            35.89812663054727,
            0,
            0,
            0
        ],
        [
            0,
            0,
            0,
            0,
            0,
            0,
            0,
            0,
            0,
            0,
            0,
            0,
            51.080336687741564,
            99.35966461024773,
            174.3420713291783,
            224.9189237459168,
            298.059493250337,
            333.55915294714987,
            350.9134103015498,
            329.2823044190047,
            328.5524637147781,
            375.9102096192937,
            332.07326915263155,
            334.69731084089045,
            330.82354209780755,
            340.45364385952155,
            343.60426379725925,
            298.34072790813974,
            333.2902482528657,
            316.71739615407375,
            309.4336355106403,
            257.4781958235827,
            227.98115625067032,
            231.77033761653308,
            190.35953136192444,
            150.26331722944775,
            71.04482833031808,
            99.31466158452814,
            14.715328816499095,
            0
        ],
        [
            0,
            0,
            0,
            0,
            0,
            0,
            0,
            0,
            0,
            -20.732481782425786,
            -38.00434379117437,
            27.731803521887663,
            109.53442651465802,
            154.9856452161731,
            251.52953012925227,
            302.0001511135125,
            387.319832000679,
            416.76968976318454,
            423.2474236410961,
            379.64932861355413,
            367.6209405858801,
            420.27787750247177,
            351.71256213305264,
            343.29766008347514,
            329.46047464923254,
            334.3573945499263,
            332.8064186061511,
            273.93293123998166,
            313.7203951884626,
            292.4317942203229,
            283.700558254358,
            222.56227331019738,
            189.895802367784,
            199.24251778417366,
            155.73276830655874,
            116.01508084900314,
            28.65459245284672,
            90.48618797900562,
            153.04865683370272,
            0
        ],
        [
            0,
            0,
            0,
            0,
            0,
            0,
            0,
            0,
            -20.125593736390496,
            -40.15549893817479,
            -55.51923724390493,
            46.58922362012189,
            158.99942893952476,
            214.90367355929538,
            335.8911329253515,
            394.03154848804627,
            495.4433112102911,
            525.8420899460576,
            528.3968550963749,
            470.7998742715961,
            452.9189188322843,
            513.3719806336055,
            427.911972917667,
            414.70556528392535,
            396.07940074817014,
            400.0057721960106,
            396.7990922851473,
            327.6394000043036,
            372.8519436364165,
            347.74959743320505,
            337.3227905367234,
            266.8029810051027,
            229.14549168903494,
            239.980131079014,
            189.96804069838706,
            144.2184464678043,
            41.89767522103,
            116.88233990568978,
            214.44125175125174,
            0
        ],
        [
            0,
            0,
            0,
            0,
            0,
            0,
            3.5193977488203294,
            6.9854855745637385,
            12.180763327853592,
            -0.8475957525615246,
            -11.598599452350653,
            121.68123067614559,
            262.44396254234306,
            330.8474564554555,
            476.1341262455901,
            544.4554783715507,
            663.1896191814608,
            697.6420450461926,
            699.7127164014196,
            632.4264632025198,
            611.7893188091668,
            681.4868774239911,
            583.9544479591322,
            569.9739555229759,
            549.9799401263573,
            555.4364029674703,
            552.5676613490158,
            475.2967949152313,
            526.0732298102798,
            497.4551454847241,
            484.69564020375003,
            404.11218496912403,
            359.4588015187418,
            367.96657542070005,
            307.29439120533,
            249.77954863046548,
            126.43329684680192,
            199.79235502153935,
            300.1990265182778,
            0
        ],
        [
            0,
            0,
            0,
            0,
            0,
            -3.5193977488203294,
            0,
            -2.522772277100452,
            0.31212538215988916,
            -18.604137432712005,
            -32.92152628156226,
            122.70746697620122,
            284.26543117672935,
            360.11347274694225,
            523.6347423187854,
            597.9334686989554,
            729.2660246283548,
            764.5475283654908,
            763.4451984067762,
            684.6952192551037,
            658.9833733493016,
            734.6923816997936,
            622.6533044421053,
            603.7931987871632,
            578.904049695381,
            582.700019836945,
            577.6742738739543,
            491.1221021062649,
            545.8795810439865,
            513.66235180084,
            499.21749222401587,
            410.88575131628045,
            362.36513190816,
            372.37433828405767,
            307.2853188498034,
            246.26025514365028,
            114.29979655367009,
            197.5057307264068,
            311.03300706932004,
            0
        ],
        [
            0,
            0,
            0,
            0,
            0,
            -6.9854855745637385,
            2.522772277100452,
            0,
            4.002286334383164,
            -17.38614222236307,
            -33.13451831766727,
            143.60907274130523,
            325.09343220698287,
            408.8873430314275,
            590.168074176482,
            671.063402737381,
            815.020584799887,
            852.0899545754481,
            849.0190345463446,
            760.5718665054602,
            730.9746129521619,
            812.9852796933355,
            688.5268425315711,
            666.2949592284237,
            637.811550601146,
            640.8042011750656,
            634.3031160491537,
            539.489334826472,
            597.971223165133,
            562.2501518155292,
            545.7732528881453,
            449.63631593787983,
            396.51818844640724,
            406.26982015198973,
            335.2544648183588,
            268.57823498417156,
            126.45340655974503,
            212.01536270436804,
            320.6733207708189,
            0
        ],
        [
            0,
            0,
            0,
            0,
            20.125593736390496,
            -12.180763327853592,
            -0.31212538215988916,
            -4.002286334383164,
            0,
            -24.52725646085213,
            -42.22876832389107,
            153.3861598535817,
            352.8155800173465,
            443.65398323743625,
            641.0603313753186,
            727.8322198246697,
            883.2568792540224,
            921.7769111052093,
            916.6681821223518,
            819.0004329329007,
            785.5672881069453,
            873.2042362001353,
            736.868022234332,
            711.0670870760155,
            678.8367312372081,
            680.7043059371591,
            672.4906817771026,
            569.7650257249193,
            631.4001264732054,
            592.2511474505641,
            573.7410504520603,
            470.47686615925613,
            413.2347417283583,
            422.7091356853527,
            346.63175196352614,
            275.3343564223135,
            125.77058637403334,
            211.74379646607798,
            303.6758735137959,
            0
        ],
        [
            0,
            0,
            0,
            20.732481782425786,
            40.15549893817479,
            0.8475957525615246,
            18.604137432712005,
            17.38614222236307,
            24.52725646085213,
            0,
            -17.511902783955552,
            196.75359015908262,
            414.007463720087,
            512.5866707277534,
            726.1106385275377,
            819.4651211025299,
            986.6125514806606,
            1027.5000274626702,
            1021.4555976657655,
            916.113347029327,
            879.9516532459667,
            973.5963476333814,
            827.2838578960157,
            799.3812336672286,
            764.6500560060504,
            766.1915601169479,
            756.8366053861344,
            647.0123273818903,
            711.3363428753742,
            668.5266059515657,
            647.2141444273929,
            536.2216614304848,
            473.44661983812364,
            480.00605101538696,
            396.2644256347197,
            316.78945298958797,
            156.51350304435223,
            231.84142856942685,
            274.3694567065678,
            0
        ],
        [
            0,
            0,
            0,
            38.00434379117437,
            55.51923724390493,
            11.598599452350653,
            32.92152628156226,
            33.13451831766727,
            42.22876832389107,
            17.511902783955552,
            0,
            227.24784616526122,
            456.9388175457168,
            560.8983587594588,
            785.6910131750545,
            883.6196396230139,
            1058.9511690201903,
            1101.4421397858362,
            1094.6731463697397,
            983.8661462903021,
            945.7124542695068,
            1043.4941612861528,
            890.0563320810506,
            860.5039261345098,
            823.8338840973455,
            824.9374340028958,
            814.5547297751081,
            699.5820827364879,
            765.4507867562664,
            719.799607199275,
            696.1763633908939,
            579.5758994310279,
            512.6129252956895,
            516.4756809942559,
            426.9531687016185,
            341.20831600738705,
            173.74443183800733,
            236.98430289635894,
            212.00052283193637,
            0
        ],
        [
            0,
            0,
            0,
            -27.731803521887663,
            -46.58922362012189,
            -121.68123067614559,
            -122.70746697620122,
            -143.60907274130523,
            -153.3861598535823,
            -196.75359015908262,
            -227.24784616526122,
            0,
            229.66851516468657,
            329.4332977399068,
            554.0800290074452,
            647.9086531900845,
            821.7359090665177,
            858.8403816753888,
            845.5101772002108,
            725.4412917880503,
            680.5486374899326,
            775.8021226611802,
            610.7385883414275,
            571.8728916890244,
            527.1681357011308,
            522.7464943703725,
            508.15443574029047,
            388.247461018132,
            455.36734111157404,
            410.4969365816537,
            390.51063219216144,
            278.4759154004388,
            220.3353724770263,
            237.8816655999688,
            165.34320335204708,
            102.94697855438027,
            -31.485825873273484,
            75.70222818842089,
            79.6590903455077,
            0
        ],
        [
            0,
            0,
            -51.080336687741564,
            -109.53442651465802,
            -158.99942893952476,
            -262.44396254234306,
            -284.26543117672935,
            -325.09343220698287,
            -352.81558001734606,
            -414.007463720087,
            -456.9388175457168,
            -229.66851516468628,
            0,
            95.74994261462069,
            320.2750680160513,
            410.1778191937769,
            582.5754945736771,
            614.5185341401157,
            594.9016548713397,
            465.9587544841744,
            414.6246461059676,
            507.4854872487684,
            331.3422968909827,
            283.6838222828336,
            231.47556319624974,
            222.0225503659134,
            203.74448830728628,
            79.59644145325255,
            148.44347052885277,
            105.03907406526493,
            89.40791072030426,
            -17.06752483549896,
            -65.32686874356355,
            -33.00438311865742,
            -86.88559164754572,
            -123.63548861123225,
            -220.83585865679254,
            -63.8356728477053,
            0,
            0
        ],
        [
            0,
            0,
            -99.35966461024773,
            -154.9856452161731,
            -214.90367355929538,
            -330.8474564554555,
            -360.11347274694225,
            -408.8873430314275,
            -443.65398323743625,
            -512.5866707277534,
            -560.8983587594588,
            -329.4332977399068,
            -95.74994261462069,
            0,
            228.110296004533,
            317.78798887226446,
            492.20274114491593,
            522.4241501147706,
            499.8512501096782,
            365.3173996071588,
            310.56951979230615,
            403.7332286586288,
            220.57232638237014,
            168.68904622441335,
            112.78001644794884,
            101.22403784210032,
            81.31022781817003,
            -45.848943403688544,
            24.632032848267325,
            -18.41362291669596,
            -32.155391711407695,
            -136.85429946064448,
            -180.83233691598176,
            -141.58234983085535,
            -186.92131000101242,
            -211.3316265082488,
            -288.23458600594546,
            -106.85376610343808,
            0,
            0
        ],
        [
            0,
            0,
            -174.3420713291783,
            -251.52953012925227,
            -335.8911329253515,
            -476.1341262455901,
            -523.6347423187854,
            -590.168074176482,
            -641.0603313753202,
            -726.1106385275377,
            -785.6910131750545,
            -554.0800290074452,
            -320.27506801605153,
            -228.110296004533,
            0,
            86.16803824284955,
            259.3693617024203,
            284.9432362954068,
            256.69493145058607,
            114.12483018820565,
            53.58876145697061,
            144.68086947312392,
            -48.390975398978966,
            -107.95009172958582,
            -170.25127867805654,
            -185.8373945887355,
            -208.41378309134245,
            -338.4808110206397,
            -265.4437231497365,
            -305.8144051035975,
            -313.9885019282158,
            -411.4047093437839,
            -443.7197479920025,
            -387.9330421275377,
            -411.67803883911523,
            -406.1436726865607,
            -436.71882435661894,
            -188.43318593085945,
            0,
            0
        ],
        [
            0,
            0,
            -224.9189237459168,
            -302.0001511135125,
            -394.03154848804627,
            -544.4554783715507,
            -597.9334686989554,
            -671.063402737381,
            -727.8322198246707,
            -819.4651211025299,
            -883.6196396230139,
            -647.9086531900845,
            -410.1778191937771,
            -317.78798887226475,
            -86.16803824284955,
            0,
            175.24820917550656,
            199.4344935627419,
            168.66743840046368,
            21.177432265853994,
            -42.28340496154157,
            49.26698854796961,
            -149.88660214924622,
            -212.8635512992661,
            -278.05957490147205,
            -295.05477265180525,
            -318.5537555246953,
            -450.60679772648865,
            -375.4446023461822,
            -414.5924187473436,
            -420.038518100111,
            -514.3468801999647,
            -541.0464020650695,
            -477.11250612745033,
            -489.9804955789887,
            -468.5036237706892,
            -469.97258159711146,
            -175.34717584552448,
            0,
            0
        ],
        [
            0,
            0,
            -298.059493250337,
            -387.319832000679,
            -495.4433112102911,
            -663.1896191814608,
            -729.2660246283548,
            -815.020584799887,
            -883.2568792540212,
            -986.6125514806606,
            -1058.9511690201903,
            -821.7359090665177,
            -582.575494573678,
            -492.2027411449155,
            -259.3693617024203,
            -175.24820917550656,
            0,
            21.006788122494513,
            -13.915530283485316,
            -167.73718901319805,
            -235.51994192833888,
            -144.96969852151963,
            -351.81726890008355,
            -420.17047706045355,
            -489.7104416916289,
            -509.07093525785814,
            -533.8374455186804,
            -667.3948122954513,
            -589.1703541294596,
            -625.1302581983489,
            -624.9456639147971,
            -711.8664468175627,
            -727.3318307928549,
            -648.0288785818059,
            -639.9663904802443,
            -588.4933163294845,
            -537.373259796874,
            -120.37062168482171,
            0,
            0
        ],
        [
            0,
            -61.459301658416116,
            -333.55915294714987,
            -416.76968976318454,
            -525.8420899460576,
            -697.6420450461926,
            -764.5475283654908,
            -852.0899545754481,
            -921.7769111052093,
            -1027.5000274626702,
            -1101.4421397858357,
            -858.8403816753888,
            -614.5185341401161,
            -522.4241501147706,
            -284.9432362954068,
            -199.4344935627419,
            -21.0067881224945,
            0,
            -36.00374163795503,
            -193.12367928304684,
            -262.45653962245495,
            -170.4819899022253,
            -381.3505213758066,
            -451.0712087543484,
            -521.7494026243005,
            -541.2003298094519,
            -565.901276936049,
            -700.5089218001689,
            -620.2307990648941,
            -655.1251145107389,
            -652.9558436231034,
            -737.6145385900818,
            -749.068288194912,
            -664.2871548271241,
            -647.8803221704148,
            -582.8203316013345,
            -498.04213854083895,
            0,
            0,
            0
        ],
        [
            0,
            -132.73498955233933,
            -350.9134103015498,
            -423.2474236410961,
            -528.3968550963749,
            -699.7127164014196,
            -763.4451984067762,
            -849.0190345463446,
            -916.668182122354,
            -1021.455597665766,
            -1094.6731463697397,
            -845.5101772002108,
            -594.9016548713397,
            -499.8512501096785,
            -256.69493145058607,
            -168.66743840046368,
            13.915530283485316,
            36.00374163795501,
            0,
            -159.26779925123031,
            -229.15514649304464,
            -135.0011831004998,
            -348.49623997532285,
            -418.19921212660086,
            -488.92234025331743,
            -507.7528222484207,
            -532.0210599417729,
            -667.5289021121253,
            -585.7981219647281,
            -620.5228153756866,
            -617.8716816604394,
            -702.1760212252815,
            -712.3738866518299,
            -626.0313038202063,
            -605.9057305012642,
            -532.9171355915673,
            -416.0490819976432,
            0,
            0,
            0
        ],
        [
            0,
            -155.06826395331262,
            -329.2823044190047,
            -379.64932861355413,
            -470.7998742715961,
            -632.4264632025198,
            -684.6952192551037,
            -760.5718665054602,
            -819.0004329329007,
            -916.113347029327,
            -983.8661462903021,
            -725.4412917880499,
            -465.9587544841744,
            -365.3173996071588,
            -114.1248301882056,
            -21.177432265853994,
            167.73718901319805,
            193.12367928304684,
            159.26779925123031,
            0,
            -68.52582463687966,
            29.400567875431,
            -184.20979150082823,
            -251.32734172858113,
            -320.1896733681449,
            -337.28478842683444,
            -360.798480355467,
            -497.59683305870067,
            -416.1386596385755,
            -453.35990158705295,
            -454.2712622490117,
            -543.5808582623595,
            -559.8910999278867,
            -482.0638284720999,
            -471.1489065262197,
            -407.7056711076535,
            -275.6372164892491,
            0,
            0,
            0
        ],
        [
            0,
            -174.33622485705888,
            -328.5524637147781,
            -367.6209405858801,
            -452.9189188322843,
            -611.7893188091668,
            -658.9833733493016,
            -730.9746129521619,
            -785.5672881069453,
            -879.9516532459667,
            -945.7124542695068,
            -680.5486374899323,
            -414.6246461059676,
            -310.56951979230615,
            -53.58876145697064,
            42.28340496154157,
            235.51994192833877,
            262.45653962245495,
            229.15514649304464,
            68.52582463687966,
            0,
            100.25023244083334,
            -115.0433375863043,
            -181.52738658627501,
            -250.00521795195746,
            -266.3960190765004,
            -289.6187568323629,
            -427.3662128179663,
            -345.49806754213506,
            -383.53987363909255,
            -385.49210974644285,
            -475.9453567258171,
            -493.29397159537154,
            -417.5117812223085,
            -406.4310439774348,
            -338.40735465501496,
            -130.51031613911684,
            0,
            0,
            0
        ],
        [
            0,
            -216.07014298086287,
            -375.9102096192937,
            -420.27787750247177,
            -513.3719806336055,
            -681.4868774239911,
            -734.6923816997936,
            -812.9852796933361,
            -873.2042362001345,
            -973.5963476333814,
            -1043.4941612861521,
            -775.8021226611802,
            -507.4854872487684,
            -403.7332286586288,
            -144.68086947312392,
            -49.26698854796961,
            144.96969852151963,
            170.4819899022253,
            135.0011831004998,
            -29.400567875431,
            -100.25023244083334,
            0,
            -219.66028520470977,
            -288.5939757857078,
            -358.8416343422325,
            -375.73985236748297,
            -398.7580931631242,
            -536.0976076344303,
            -451.41891491993965,
            -486.03651264058,
            -482.93929514635556,
            -565.8446504252094,
            -572.7191609840929,
            -483.84068745813846,
            -450.82201677593525,
            -343.2169953757294,
            0,
            0,
            0,
            0
        ],
        [
            0,
            -205.04168569090203,
            -332.0732691526316,
            -351.71256213305264,
            -427.911972917667,
            -583.9544479591322,
            -622.6533044421045,
            -688.5268425315718,
            -736.868022234332,
            -827.2838578960157,
            -890.0563320810498,
            -610.7385883414272,
            -331.3422968909828,
            -220.57232638237014,
            48.390975398978966,
            149.88660214924622,
            351.81726890008366,
            381.3505213758066,
            348.49623997532285,
            184.20979150082823,
            115.0433375863043,
            219.66028520470977,
            0,
            -66.00992907573577,
            -134.32712946750422,
            -149.75626402572175,
            -172.68027324653528,
            -311.98201089658835,
            -229.5159868731067,
            -268.57982182813396,
            -271.84473396848864,
            -361.87322347349493,
            -378.08250225640006,
            -303.790339506937,
            -282.9826507060267,
            -175.27111535469612,
            0,
            0,
            0,
            0
        ],
        [
            0,
            -219.79703740394748,
            -334.69731084089045,
            -343.29766008347514,
            -414.7055652839245,
            -569.9739555229759,
            -603.7931987871626,
            -666.2949592284244,
            -711.0670870760155,
            -799.3812336672286,
            -860.5039261345092,
            -571.872891689024,
            -283.6838222828336,
            -168.68904622441335,
            107.95009172958582,
            212.8635512992661,
            420.17047706045355,
            451.0712087543484,
            418.19921212660097,
            251.32734172858113,
            181.52738658627501,
            288.5939757857078,
            66.00992907573577,
            0,
            -68.40842070241118,
            -83.48803597501389,
            -106.4005612824159,
            -246.00424244790406,
            -163.81481833736152,
            -203.09867397815594,
            -206.87603367325625,
            -294.0514670599559,
            -306.6712122828207,
            -231.4188605031056,
            -191.22549576125004,
            0,
            0,
            0,
            0,
            0
        ],
        [
            -16.800272396109172,
            -225.73543092184033,
            -330.82354209780755,
            -329.46047464923254,
            -396.0794007481697,
            -549.9799401263573,
            -578.9040496953806,
            -637.8115506011453,
            -678.8367312372077,
            -764.6500560060504,
            -823.833884097346,
            -527.1681357011308,
            -231.47556319624985,
            -112.78001644794884,
            170.25127867805654,
            278.05957490147205,
            489.7104416916288,
            521.7494026243005,
            488.9223402533173,
            320.1896733681449,
            250.00521795195746,
            358.8416343422325,
            134.32712946750422,
            68.40842070241118,
            0,
            -15.011589137344137,
            -38.200449075881956,
            -177.43236615785935,
            -96.82376369373715,
            -136.54760997577685,
            -141.47530345424474,
            -224.67448078271718,
            -232.68966363997245,
            -156.0992696691561,
            -61.828654783131434,
            0,
            0,
            0,
            0,
            0
        ],
        [
            -29.4589964266221,
            -238.62758441673836,
            -340.45364385952155,
            -334.3573945499263,
            -400.00577219600996,
            -555.4364029674703,
            -582.700019836945,
            -640.8042011750662,
            -680.7043059371588,
            -766.1915601169479,
            -824.9374340028953,
            -522.7464943703723,
            -222.0225503659134,
            -101.22403784210032,
            185.8373945887355,
            295.0547726518052,
            509.07093525785797,
            541.2003298094519,
            507.7528222484207,
            337.28478842683444,
            266.3960190765004,
            375.73985236748297,
            149.75626402572175,
            83.48803597501389,
            15.011589137344137,
            0,
            -23.07100429704417,
            -159.88747112831697,
            -80.44798569900149,
            -118.15867525388288,
            -121.27301638086793,
            -193.80664641724204,
            -187.74981232017444,
            -91.8523584105721,
            0,
            0,
            0,
            0,
            0,
            0
        ],
        [
            -34.25854367863112,
            -245.24616734934224,
            -343.6042637972593,
            -332.8064186061511,
            -396.7990922851467,
            -552.5676613490158,
            -577.674273873955,
            -634.3031160491537,
            -672.490681777103,
            -756.8366053861344,
            -814.5547297751075,
            -508.1544357402903,
            -203.74448830728636,
            -81.31022781817003,
            208.41378309134242,
            318.5537555246953,
            533.8374455186804,
            565.901276936049,
            532.021059941773,
            360.79848035546695,
            289.6187568323629,
            398.7580931631242,
            172.68027324653528,
            106.4005612824159,
            38.200449075881956,
            23.07100429704417,
            0,
            -133.19622046249785,
            -56.343288428573004,
            -91.86622735808352,
            -93.37463591427667,
            -151.44303603618098,
            -121.71054331197784,
            0,
            0,
            0,
            0,
            0,
            0,
            0
        ],
        [
            -18.490717882952545,
            -214.40730044395477,
            -298.3407279081397,
            -273.93293123998166,
            -327.6394000043036,
            -475.2967949152313,
            -491.1221021062649,
            -539.489334826472,
            -569.765025724919,
            -647.0123273818903,
            -699.5820827364879,
            -388.2474610181319,
            -79.59644145325258,
            45.848943403688544,
            338.48081102063963,
            450.60679772648865,
            667.3948122954513,
            700.5089218001689,
            667.5289021121253,
            497.59683305870067,
            427.3662128179663,
            536.0976076344303,
            311.98201089658835,
            246.00424244790406,
            177.43236615785935,
            159.88747112831697,
            133.19622046249785,
            0,
            65.47176470219958,
            22.62486507089717,
            8.813064785371564,
            -48.52775327713658,
            0,
            0,
            0,
            0,
            0,
            0,
            0,
            0
        ],
        [
            -32.10946210926124,
            -242.46407219372418,
            -333.2902482528657,
            -313.7203951884626,
            -372.8519436364161,
            -526.0732298102798,
            -545.8795810439861,
            -597.9712231651336,
            -631.4001264732054,
            -711.3363428753742,
            -765.4507867562664,
            -455.367341111574,
            -148.4434705288528,
            -24.632032848267325,
            265.4437231497365,
            375.4446023461821,
            589.1703541294594,
            620.2307990648941,
            585.798121964728,
            416.1386596385755,
            345.49806754213506,
            451.41891491993965,
            229.5159868731067,
            163.81481833736152,
            96.82376369373715,
            80.44798569900149,
            56.343288428573004,
            -65.47176470219958,
            0,
            -30.8875200948606,
            -30.01983693410463,
            0,
            0,
            0,
            0,
            0,
            0,
            0,
            0,
            0
        ],
        [
            -25.45212168320491,
            -230.95737492170252,
            -316.7173961540738,
            -292.4317942203229,
            -347.7495974332046,
            -497.4551454847241,
            -513.6623518008397,
            -562.2501518155296,
            -592.2511474505638,
            -668.5266059515657,
            -719.7996071992749,
            -410.4969365816536,
            -105.03907406526497,
            18.41362291669596,
            305.81440510359744,
            414.5924187473436,
            625.1302581983488,
            655.1251145107389,
            620.5228153756865,
            453.35990158705295,
            383.53987363909255,
            486.03651264058,
            268.57982182813396,
            203.09867397815594,
            136.54760997577685,
            118.15867525388288,
            91.86622735808352,
            -22.62486507089717,
            30.8875200948606,
            0,
            -1.092399100249932,
            0,
            0,
            0,
            0,
            0,
            0,
            0,
            0,
            0
        ],
        [
            -22.81193828794692,
            -225.63813217516196,
            -309.4336355106402,
            -283.70055825435804,
            -337.3227905367231,
            -484.69564020375003,
            -499.21749222401587,
            -545.7732528881454,
            -573.7410504520603,
            -647.2141444273929,
            -696.1763633908937,
            -390.5106321921613,
            -89.40791072030427,
            32.155391711407695,
            313.9885019282158,
            420.03851810011093,
            624.9456639147971,
            652.9558436231034,
            617.8716816604393,
            454.2712622490117,
            385.49210974644285,
            482.93929514635556,
            271.84473396848864,
            206.87603367325625,
            141.47530345424474,
            121.27301638086793,
            93.37463591427667,
            -8.813064785371564,
            30.01983693410463,
            1.092399100249932,
            0,
            0,
            0,
            0,
            0,
            0,
            0,
            0,
            0,
            0
        ],
        [
            -2.6495917402280877,
            -185.71776963256718,
            -257.4781958235827,
            -222.56227331019738,
            -266.80298100510254,
            -404.11218496912403,
            -410.88575131628045,
            -449.63631593788,
            -470.4768661592562,
            -536.2216614304848,
            -579.5758994310279,
            -278.47591540043874,
            17.067524835498958,
            136.85429946064448,
            411.4047093437838,
            514.3468801999646,
            711.8664468175627,
            737.6145385900818,
            702.1760212252815,
            543.5808582623595,
            475.9453567258171,
            565.8446504252094,
            361.87322347349493,
            294.0514670599559,
            224.67448078271718,
            193.80664641724206,
            151.44303603618098,
            48.527753277136576,
            0,
            0,
            0,
            0,
            0,
            0,
            0,
            0,
            0,
            0,
            0,
            0
        ],
        [
            6.114715918301015,
            -162.21445691849507,
            -227.98115625067035,
            -189.895802367784,
            -229.14549168903477,
            -359.4588015187417,
            -362.36513190815975,
            -396.51818844640724,
            -413.23474172835824,
            -473.44661983812364,
            -512.6129252956895,
            -220.3353724770263,
            65.32686874356355,
            180.83233691598176,
            443.7197479920025,
            541.0464020650695,
            727.3318307928549,
            749.068288194912,
            712.3738866518298,
            559.8910999278867,
            493.29397159537154,
            572.7191609840929,
            378.08250225640006,
            306.6712122828207,
            232.68966363997245,
            187.74981232017444,
            121.71054331197784,
            0,
            0,
            0,
            0,
            0,
            0,
            0,
            0,
            0,
            0,
            0,
            0,
            0
        ],
        [
            0.656772857587415,
            -162.63394693354897,
            -231.77033761653308,
            -199.24251778417366,
            -239.98013107901386,
            -367.96657542070005,
            -372.3743382840575,
            -406.2698201519899,
            -422.7091356853525,
            -480.00605101538696,
            -516.4756809942559,
            -237.88166559996878,
            33.00438311865742,
            141.58234983085535,
            387.93304212753776,
            477.11250612745033,
            648.0288785818059,
            664.2871548271243,
            626.0313038202064,
            482.06382847209994,
            417.5117812223085,
            483.84068745813846,
            303.79033950693696,
            231.4188605031056,
            156.09926966915612,
            91.8523584105721,
            0,
            0,
            0,
            0,
            0,
            0,
            0,
            0,
            0,
            0,
