{
    "bin_ranges": {
        "m3pi_lower_limit": 2.34,
        "m3pi_upper_limit": 2.38,
        "t_lower_limit": 0.194,
        "t_upper_limit": 0.326
    },
    "info": "The dalitz matrix M is computed as sqrt(-Kibble) * (A[1]-A[2])",
    "bin_centers": [
        0.29900000000000004,
        0.33999999999999997,
        0.38,
        0.42000000000000004,
        0.45999999999999996,
        0.5,
        0.54,
        0.5800000000000001,
        0.62,
        0.66,
        0.69,
        0.71,
        0.73,
        0.75,
        0.77,
        0.79,
        0.81,
        0.83,
        0.85,
        0.87,
        0.89,
        0.91,
        0.94,
        0.98,
        1.02,
        1.06,
        1.1,
        1.1400000000000001,
        1.18,
        1.22,
        1.26,
        1.3,
        1.34,
        1.38,
        1.42,
        1.46,
        1.5,
        1.54,
        1.58,
        1.62,
        1.66,
        1.7,
        1.74,
        1.78,
        1.82,
        1.8599999999999999,
        1.9,
        1.94,
        1.98,
        2.02,
        2.06,
        2.1,
        2.14,
        2.18,
        2.22
    ],
    "real(M)": [
        [
            0,
            0,
            0,
            0,
            0,
            0,
            0,
            0,
            0,
            0,
            0,
            0,
            0,
            0,
            0,
            0,
            0,
            0,
            0,
            0,
            0,
            0,
            0,
            0,
            0,
            0,
            0,
            0,
            0,
            0,
            0,
            0,
            0,
            -178.74603415471347,
            -262.91961098975673,
            -314.04036150143077,
            -410.554946950929,
            -449.458160809264,
            -463.2434393585358,
            -513.0270515366343,
            -515.7329634741088,
            -369.4244527556918,
            -367.6211912325918,
            -333.29035113395827,
            -318.54162912228276,
            -281.78770564059977,
            -212.1180013326262,
            0,
            0,
            0,
            0,
            0,
            0,
            0,
            0
        ],
        [
            0,
            0,
            0,
            0,
            0,
            0,
            0,
            0,
            0,
            0,
            0,
            0,
            0,
            0,
            0,
            0,
            0,
            0,
            0,
            0,
            0,
            0,
            0,
            0,
            0,
            0,
            0,
            -80.62139766535611,
            -113.3240493039896,
            -148.302195482875,
            -156.2272327259617,
            -130.05486825396167,
            -154.01538940276976,
            -127.19025008423935,
            -148.115968030505,
            -146.6801455312716,
            -268.4991608295319,
            -284.87743241288797,
            -270.46661747805166,
            -338.493234592995,
            -333.82702827749495,
            -71.13068610222838,
            -87.15253774351729,
            -58.61747984541908,
            -90.99714136839654,
            -118.9712198029666,
            -166.43073993993525,
            -95.66492360166474,
            -115.37746632174805,
            -134.45797717088251,
            -87.82883025421498,
            0,
            0,
            0,
            0
        ],
        [
            0,
            0,
            0,
            0,
            0,
            0,
            0,
            0,
            0,
            0,
            0,
            0,
            0,
            0,
            0,
            0,
            0,
            0,
            0,
            0,
            0,
            0,
            0,
            -29.25368911730616,
            -35.158513426447946,
            -55.61722770516014,
            -64.14145987035572,
            -98.55026005416678,
            -104.99541028379068,
            -130.15415261637088,
            -116.87739993049101,
            -58.79333790206331,
            -80.59085958835949,
            -31.519782524473744,
            -52.270017119540505,
            -43.19676789456487,
            -202.13074866076533,
            -218.38434115946802,
            -195.00306057884274,
            -282.7718299943195,
            -275.5157450409696,
            71.92353623816525,
            48.851359783018886,
            83.78231218331152,
            35.61677807500713,
            -9.5456681603843,
            -86.2990364131944,
            -0.5771342532615289,
            -50.7971541710661,
            -123.40136877262547,
            -157.70460754754995,
            4.95852426841313,
            0,
            0,
            0
        ],
        [
            0,
            0,
            0,
            0,
            0,
            0,
            0,
            0,
            0,
            0,
            0,
            0,
            0,
            0,
            0,
            0,
            0,
            0,
            0,
            -17.453092943676772,
            39.300413063950366,
            52.579387801046565,
            87.78883056012975,
            135.85699799153244,
            178.73385618010897,
            181.66565579770176,
            199.61883464002872,
            178.03579189617744,
            193.570847851262,
            181.96577291575755,
            218.4524752442836,
            309.0059685941684,
            295.82524107316635,
            369.56028404365804,
            354.6089660359644,
            374.99537264294435,
            188.42348617643236,
            175.26817158684096,
            208.46354208718157,
            104.85253084300581,
            114.46698361096365,
            533.8204866687336,
            502.3247241622173,
            538.9212442747234,
            471.97900589239805,
            405.3441513515392,
            295.56898837664625,
            382.6059374717647,
            295.10060037054245,
            168.3657534879428,
            73.60244093162535,
            250.39435024822652,
            30.05716211607465,
            0,
            0
        ],
        [
            0,
            0,
            0,
            0,
            0,
            0,
            0,
            0,
            0,
            0,
            0,
            0,
            0,
            0,
            -49.75597852194409,
            -161.70889226495655,
            -249.28570339941498,
            -252.20819265404845,
            -339.9544728376881,
            -419.3507599982361,
            -337.5195851322704,
            -357.81543819178864,
            -360.0120317626952,
            -358.87271690100016,
            -361.00560084226436,
            -410.33856351204776,
            -435.0694518784635,
            -504.5664013078304,
            -524.2178078247689,
            -573.4614633060896,
            -561.8113516462445,
            -483.55384725380975,
            -525.8937069613722,
            -462.9414306291784,
            -501.43223044309485,
            -495.488662425598,
            -727.4344409724549,
            -753.8068455535198,
            -723.0859333925483,
            -847.5138927156346,
            -836.9809277754409,
            -348.1594093455675,
            -376.93472337101844,
            -321.9269846342333,
            -381.5391380215998,
            -434.967168401259,
            -532.251900019636,
            -391.5570822907821,
            -445.9804600883231,
            -536.9338059060522,
            -577.8051691962297,
            -258.00585917104854,
            -410.5774027062477,
            -122.52563734436266,
            0
        ],
        [
            0,
            0,
            0,
            0,
            0,
            0,
            0,
            0,
            0,
            0,
            0,
            -0.1179295961740197,
            -115.36087069304592,
            -86.09665092601672,
            -169.39759012897937,
            -62.52285175764829,
            -109.16833887642348,
            -38.17825553112798,
            -111.51380214288564,
            -172.92496478082458,
            -20.44727583673662,
            -12.367256472517049,
            30.641609824206775,
            84.5299180706064,
            127.67248855666068,
            109.76982758365727,
            118.21516420874008,
            71.43984270849637,
            80.58322273052366,
            52.985131909777735,
            93.20212616269359,
            206.96543513694203,
            180.10900618418538,
            270.8844198132337,
            243.76694731698814,
            264.70122932334715,
            14.068814998287793,
            -6.329710548116953,
            34.924093333912786,
            -101.73788791227229,
            -89.354726330314,
            458.26071981543004,
            419.2328281999044,
            470.6856297871497,
            388.7017794587319,
            308.73749584284025,
            173.4649442421824,
            300.8567579130167,
            199.5484561493231,
            46.05651752689862,
            -64.6207101192945,
            226.76268382075156,
            -68.5961982090476,
            110.51695328222047,
            0
        ],
        [
            0,
            0,
            0,
            0,
            0,
            0,
            0,
            0,
            0,
            -41.89502588368049,
            18.329472929244396,
            -18.40012391925064,
            -234.02027828324626,
            -157.87019835157648,
            -268.1950868104944,
            -112.60456937700779,
            -172.47910043601416,
            -80.26809026136532,
            -172.46465641458036,
            -247.2524102135759,
            -61.60656531058792,
            -53.246007458338624,
            -4.479689127112102,
            55.07836821768182,
            101.28308340216672,
            77.14916085153891,
            83.67023477127162,
            27.82619757129137,
            35.78818483136792,
            2.5713007661535907,
            45.75358159536681,
            171.11366288562985,
            139.22337054487502,
            238.66385741387668,
            206.9196351946482,
            228.84309957973636,
            -50.204667254476256,
            -73.40219971898381,
            -28.124512801335772,
            -179.49542272886163,
            -165.70757180577888,
            439.757707647994,
            397.0586180950785,
            454.6947119081571,
            365.3163771433601,
            278.57482597280284,
            131.05998030579283,
            274.67368001942833,
            165.73635262464464,
            -0.876928504940365,
            -119.95886684580768,
            212.98380728655374,
            -113.76909628887555,
            109.033691363295,
            0
        ],
        [
            0,
            0,
            0,
            0,
            0,
            0,
            0,
            0,
            9.67112918661437,
            -199.65759644224403,
            -95.67525182119485,
            -163.7169608203449,
            -460.37594342618024,
            -364.37021943197084,
            -507.5901920663519,
            -322.61103241858626,
            -402.6979262055032,
            -300.89639254616156,
            -417.63334257913766,
            -512.163024016574,
            -304.5473247613873,
            -303.0838525168324,
            -259.36008659823193,
            -207.50126164922037,
            -170.56273194768525,
            -211.87196233853328,
            -217.87067704988985,
            -292.2843248956035,
            -294.8493726810992,
            -342.1138546334866,
            -304.2024930997829,
            -175.2377060183711,
            -218.5485044872224,
            -116.80898459015478,
            -158.09287124024942,
            -139.58279891964455,
            -449.0981215001633,
            -477.5593904446451,
            -430.1254739960701,
            -596.0599799615796,
            -580.4774424034377,
            81.19478680573681,
            37.8456587646361,
            105.4766808579082,
            14.891180124054769,
            -70.71435931028024,
            -220.13068380050404,
            -49.89414008701987,
            -151.48768389995098,
            -312.26496787844025,
            -416.7806103950018,
            -20.760385573641162,
            -337.7803900430597,
            -31.705291527882707,
            0
        ],
        [
            0,
            0,
            0,
            0,
            0,
            0,
            0,
            -9.67112918661437,
            0,
            -297.47125131347696,
            -149.71812463637835,
            -232.17111729799862,
            -587.1859312902467,
            -466.7434539136038,
            -630.8985354135458,
            -412.6834596099158,
            -503.4604696157541,
            -385.9610512886231,
            -518.1034477189343,
            -624.116877127244,
            -389.9546348731816,
            -388.6072766993488,
            -340.53394978679944,
            -284.4206288668589,
            -245.39116661104558,
            -292.7352987782238,
            -301.0460797152402,
            -384.1363635872206,
            -388.3746467960844,
            -441.26102671297616,
            -401.2241410363083,
            -262.277144068151,
            -310.535361244412,
            -201.3011262310094,
            -247.0339721297954,
            -227.81601850337975,
            -563.1075202766659,
            -594.0660259404717,
            -542.8549670528869,
            -721.7260263136793,
            -704.4204355794528,
            9.463553988173894,
            -36.58410078489191,
            37.232745191298356,
            -58.94121812543045,
            -149.27296551795754,
            -307.68959130101297,
            -121.87573560458625,
            -227.64855789807126,
            -396.11318091679016,
            -503.0350900337956,
            -71.78876230173954,
            -402.9994327202131,
            -63.659767041534984,
            0
        ],
        [
            0,
            0,
            0,
            0,
            0,
            0,
            41.89502588368049,
            199.65759644224403,
            297.47125131347696,
            0,
            228.91637139782767,
            162.48750115522063,
            -217.09909271964128,
            -49.114162613958165,
            -207.25010330491332,
            65.41452711482152,
            -11.628463618752308,
            143.20611700880266,
            18.999263710901914,
            -76.15122980613833,
            203.7964239940878,
            225.5050980580929,
            307.3633070218506,
            405.28258489846144,
            482.0866614684572,
            462.84746229703535,
            484.2313874645073,
            422.8299345609475,
            445.0001225148688,
            412.76673928505863,
            478.826566038947,
            649.2168166386971,
            615.9562570631283,
            749.8199899248674,
            714.9283036854995,
            747.42554689505,
            397.51370175892833,
            371.38948071778645,
            430.45214438992343,
            240.37740860696343,
            257.0246035866971,
            1014.2985339735718,
            955.5840027059028,
            1020.6805739856186,
            899.8536865076599,
            780.2727643673119,
            582.5635320245908,
            744.5593297405984,
            588.5127707745005,
            356.7542479466944,
            178.86938209836188,
            553.1558201431545,
            100.04440704275984,
            302.7173444628094,
            0
        ],
        [
            0,
            0,
            0,
            0,
            0,
            0,
            -18.329472929244396,
            95.67525182119485,
            149.71812463637835,
            -228.91637139782767,
            0,
            -89.49326224367356,
            -518.720738160572,
            -349.1603710071232,
            -533.3520291075215,
            -251.66627755688756,
            -347.2502426525967,
            -193.36441248744646,
            -338.48504843484943,
            -451.71926180493335,
            -164.2319890391588,
            -152.36925080695747,
            -81.69236020397206,
            1.2549661023512348,
            62.64784116444332,
            23.40681195955417,
            28.252603041971813,
            -53.14732229052561,
            -45.24309657926057,
            -93.52972936653055,
            -37.22277720421251,
            129.82417082952003,
            83.92803165642893,
            214.79688588123432,
            169.7702059342365,
            196.84413847006533,
            -175.4641419033982,
            -206.65802926401662,
            -146.9838328897583,
            -346.3571118547367,
            -327.4001349983144,
            467.938273347476,
            411.9629784257738,
            487.7738360646247,
            372.11030574492594,
            260.88979547741855,
            71.8232405264686,
            261.47967559680734,
            124.64277176517507,
            -84.72611482408256,
            -230.17088765182606,
            204.2051127995815,
            -198.3488606253569,
            94.0530232510555,
            0
        ],
        [
            0,
            0,
            0,
            0,
            0,
            0.1179295961740197,
            18.40012391925064,
            163.7169608203449,
            232.17111729799862,
            -162.48750115522063,
            89.49326224367356,
            0,
            -446.7659314700148,
            -262.7908964054669,
            -450.6343839620929,
            -150.60128917561582,
            -245.85486119525322,
            -80.70858085578946,
            -227.73607915711133,
            -341.38919741400935,
            -38.10527827586167,
            -21.940210569509027,
            56.98420651379044,
            149.95099334531184,
            220.04211451255284,
            185.50633644565355,
            196.29258875681546,
            117.575288691824,
            130.85822121410726,
            85.74617019384604,
            148.24587334461387,
            324.5379543371132,
            280.7051639697482,
            418.6914381734265,
            374.8931771388252,
            404.9271005312318,
            23.197592042541697,
            -7.674288987500938,
            54.41675156695787,
            -150.6180672886484,
            -131.64490081949506,
            684.7031282153155,
            624.8710503645311,
            699.5784735334996,
            576.6733055557861,
            457.36307650294157,
            257.1430473164676,
            443.78820055111527,
            294.2243328463504,
            68.84310303751867,
            -93.08129178563037,
            331.4246880841676,
            -98.55611058984354,
            158.9015236162447,
            0
        ],
        [
            0,
            0,
            0,
            0,
            0,
            115.36087069304592,
            234.02027828324626,
            460.37594342618024,
            587.1859312902467,
            217.09909271964128,
            518.720738160572,
            446.7659314700148,
            0,
            214.2864652285597,
            38.80493699406263,
            372.0941304788592,
            292.2099576538981,
            482.96332979516535,
            348.3620944017725,
            248.22021298029162,
            580.4825135029063,
            614.0889805892594,
            720.3188269232518,
            847.6316786320596,
            949.532639888647,
            941.6618115011638,
            979.0765416938749,
            922.536809728026,
            959.3483140270441,
            934.282349256914,
            1018.4136806301825,
            1217.9010271335537,
            1188.7480495917996,
            1344.8008535444687,
            1311.6704716451914,
            1352.3347473302651,
            967.315667203804,
            940.7217573003913,
            1007.0463330030033,
            796.1425331785077,
            812.3579101482951,
            1643.6626075599931,
            1571.7721071838616,
            1633.9067994973761,
            1488.983347472619,
            1342.8852937412366,
            1108.446391409646,
            1263.3023607680502,
            1066.4810648404539,
            783.1226123198982,
            552.9190019970847,
            900.3351870245936,
            357.09345934722216,
            442.61799852280325,
            0
        ],
        [
            0,
            0,
            0,
            0,
            0,
            86.09665092601672,
            157.87019835157648,
            364.37021943197084,
            466.7434539136038,
            49.114162613958165,
            349.1603710071232,
            262.7908964054669,
            -214.2864652285597,
            0,
            -191.9810702543799,
            145.93602084069693,
            54.07225455575234,
            243.5384639756883,
            95.4977729254229,
            -16.37616812739022,
            319.8806235679955,
            346.8370942780837,
            445.3223669348212,
            562.3144395417971,
            653.6688232642867,
            632.4441613639824,
            658.6974268317902,
            588.8906606975647,
            616.0529546783208,
            580.2829513539854,
            657.6926022601614,
            854.507573458344,
            816.97482879928,
            970.7071170463788,
            930.9083487218123,
            967.9116237939703,
            568.8726838924862,
            539.076041648599,
            605.8088022536015,
            389.40650329587356,
            407.3758594820152,
            1262.1423067699116,
            1192.506480943523,
            1261.8661431469777,
            1121.1462555610456,
            981.4983091452812,
            754.1851696740322,
            927.3529739044955,
            744.8487292557263,
            478.8013109584894,
            272.9692812312982,
            658.0193983783541,
            156.70291762895314,
            296.69026595058546,
            0
        ],
        [
            0,
            0,
            0,
            0,
            49.75597852194409,
            169.39759012897937,
            268.1950868104944,
            507.5901920663519,
            630.8985354135458,
            207.25010330491332,
            533.3520291075215,
            450.6343839620929,
            -38.80493699406263,
            191.9810702543799,
            0,
            358.02722300484686,
            269.7005991431939,
            472.7322337917143,
            326.0334424504189,
            216.80217189913967,
            570.7125626475473,
            604.5920569704501,
            715.025063997239,
            846.8283201198501,
            951.5075691141107,
            939.6002042982738,
            976.0498823637687,
            913.0929581925744,
            949.3340189234215,
            920.259366200969,
            1006.8649188233859,
            1215.383420928962,
            1182.4532042269461,
            1345.1211810830998,
            1308.3354144851871,
            1349.5222259880536,
            942.6974767157462,
            913.6785036305502,
            982.5756177688422,
            760.3182164956291,
            777.016552364551,
            1648.815246276235,
            1572.7481883291612,
            1637.2391703722324,
            1485.173100895579,
            1332.327215439219,
            1087.9219775700406,
            1249.1955587225443,
            1044.7587611023012,
            751.9439160435223,
            516.0005473731671,
            867.6625414694125,
            317.1331944127523,
            359.65097969278,
            0
        ],
        [
            0,
            0,
            0,
            0,
            161.70889226495655,
            62.52285175764829,
            112.60456937700779,
            322.61103241858626,
            412.6834596099158,
            -65.41452711482152,
            251.66627755688756,
            150.60128917561582,
            -372.0941304788592,
            -145.93602084069693,
            -358.02722300484686,
            0,
            -103.97208360397391,
            93.66812700689918,
            -69.89630255942068,
            -194.29014647028754,
            159.54999019511575,
            183.2924137296923,
            280.81223551416525,
            395.7043371250709,
            483.6001448852657,
            452.5665863325023,
            472.3456750091232,
            391.0665100920947,
            412.8335507510304,
            368.6710180122393,
            444.4174826670007,
            646.3830306067508,
            601.8955451839871,
            759.2759172461184,
            713.5625355995983,
            749.2328331005626,
            327.64047165513705,
            294.77148693396833,
            363.91110107056227,
            137.06590393990356,
            156.81561197472558,
            1052.7753221479777,
            981.9691064602681,
            1057.3848214153245,
            914.6816303014008,
            774.682303698071,
            545.456737476867,
            733.6906838056228,
            555.1976225900705,
            294.30446440209016,
            100.79474236549144,
            509.1363524702562,
            35.328027714322,
            175.56238087257918,
            0
        ],
        [
            0,
            0,
            0,
            0,
            249.28570339941498,
            109.16833887642348,
            172.47910043601416,
            402.6979262055032,
            503.4604696157541,
            11.628463618752308,
            347.2502426525967,
            245.85486119525322,
            -292.2099576538981,
            -54.07225455575234,
            -269.7005991431939,
            103.97208360397391,
            0,
            207.27131133380897,
            41.77424366062436,
            -83.24192752111968,
            284.3874084282598,
            311.7495577377649,
            416.33119729397475,
            539.8203868225759,
            635.1718018061154,
            608.0331284069898,
            632.8298379126352,
            553.6473807822109,
            579.9397247418734,
            538.3219731427365,
            619.3182869577847,
            829.2501632421096,
            786.2776139008521,
            949.6575846415494,
            904.6654680925144,
            942.5604124242991,
            512.2589986961859,
            479.2566701977888,
            550.0360680511511,
            317.7896350908649,
            336.9892826042917,
            1249.9498233920458,
            1174.8652380655742,
            1248.0858889438607,
            1097.9841675695102,
            949.7441375667522,
            709.7734520176197,
            892.6787650929857,
            701.3834150827164,
            425.25157014596965,
            215.72170010859273,
            603.9339354912437,
            107.08778773096083,
            160.1371817446945,
            0
        ],
        [
            0,
            0,
            0,
            0,
            252.20819265404845,
            38.17825553112798,
            80.26809026136532,
            300.89639254616156,
            385.9610512886231,
            -143.20611700880266,
            193.36441248744646,
            80.70858085578946,
            -482.96332979516535,
            -243.5384639756883,
            -472.7322337917143,
            -93.66812700689918,
            -207.27131133380897,
            0,
            -176.57091435336156,
            -311.1700370946113,
            61.17375701959667,
            83.51580931612622,
            182.54351524922058,
            298.5277853712751,
            386.0545062407017,
            348.4079444762182,
            364.6091444660751,
            274.80605264063604,
            293.71152940411235,
            243.65783951229426,
            319.78560979052617,
            528.4635348168243,
            478.9442193254144,
            641.213983373058,
            591.0834435795585,
            626.4916632673159,
            184.33848419340367,
            149.1791828012005,
            220.96443338284618,
            -15.531424038174569,
            5.798650588905783,
            939.5675809571429,
            866.801241613756,
            946.5349923759936,
            800.4651021948588,
            658.2768548174187,
            425.27166465419486,
            623.837446658351,
            445.9103854677099,
            186.81002740636308,
            1.3542153977798914,
            418.4933912621055,
            -28.07060903908935,
            35.683451334082726,
            0
        ],
        [
            0,
            0,
            0,
            0,
            339.9544728376881,
            111.51380214288564,
            172.46465641458036,
            417.63334257913766,
            518.1034477189343,
            -18.999263710901914,
            338.48504843484943,
            227.73607915711133,
            -348.3620944017725,
            -95.4977729254229,
            -326.0334424504189,
            69.89630255942068,
            -41.77424366062436,
            176.57091435336156,
            0,
            -133.39452798649776,
            253.8866833260493,
            281.40992503678575,
            389.6968667385354,
            517.1056773157778,
            614.8035359392626,
            583.7544471279558,
            607.4593829190611,
            522.1917300772212,
            547.7772663787197,
            502.32397674793515,
            585.440032295105,
            803.4852716165734,
            756.963070029662,
            926.2629309308194,
            877.8991532258038,
            916.2381534075715,
            466.42055933915304,
            431.41344833036294,
            504.6913042620538,
            262.7628923283204,
            282.8173169976161,
            1231.0122065364797,
            1152.50137118538,
            1227.8247552643093,
            1072.0311343638753,
            918.6996595517852,
            671.6281305368775,
            859.5372957136284,
            663.5271485645954,
            383.1107994520324,
            173.84239123108205,
            555.1765171459167,
            73.06066320393224,
            0,
            0
        ],
        [
            0,
            0,
            0,
            17.453092943676772,
            419.3507599982361,
            172.92496478082458,
            247.2524102135759,
            512.163024016574,
            624.116877127244,
            76.15122980613833,
            451.71926180493335,
            341.38919741400935,
            -248.22021298029162,
            16.37616812739022,
            -216.80217189913967,
            194.29014647028754,
            83.24192752111968,
            311.1700370946113,
            133.39452798649776,
            0,
            400.7342364763366,
            432.20194513380955,
            547.9108066455669,
            684.4069368717153,
            790.0688412347215,
            763.5903304320831,
            792.8539857180455,
            710.3468635387771,
            740.8946416847143,
            698.4802387765969,
            787.0773377374996,
            1013.0352311437156,
            968.3308035009522,
            1143.4981844907547,
            1096.0062827384402,
            1136.4834586889617,
            678.6756902755576,
            643.4188475842241,
            717.8998423581908,
            470.6700497484121,
            489.61196596670885,
            1451.8611117357793,
            1368.2730547190195,
            1439.9770193465552,
            1275.7664781051378,
            1112.9439920467917,
            853.9812276708273,
            1033.2120193086123,
            822.1564227867569,
            524.3216669676742,
            295.88102387433497,
            643.8511408396499,
            133.68959649101623,
            0,
            0
        ],
        [
            0,
            0,
            0,
            -39.300413063946976,
            337.5195851322704,
            20.44727583673662,
            61.60656531058792,
            304.54732476138935,
            389.9546348731816,
            -203.7964239940878,
            164.2319890391588,
            38.10527827586167,
            -580.4825135029063,
            -319.8806235679955,
            -570.7125626475473,
            -159.54999019511575,
            -284.3874084282598,
            -61.17375701959667,
            -253.8866833260493,
            -400.7342364763366,
            0,
            22.476374445964872,
            126.73070375702981,
            248.20808944978168,
            338.95257418183513,
            295.4568387709065,
            309.91453630916675,
            211.15031019354046,
            228.91910696939203,
            173.22862502995224,
            252.37248301149037,
            472.7523276823318,
            418.1171957011601,
            588.9659138379272,
            534.0686961768151,
            570.2513185095393,
            100.35343128776876,
            62.658684048359625,
            138.40940697142696,
            -111.31098059545677,
            -88.12189066464015,
            895.7449425930191,
            818.747817152516,
            902.0111541818783,
            748.9067738085662,
            600.831400283424,
            359.83252612152484,
            566.0863298560143,
            384.2592412550726,
            123.85341765443191,
            -54.62460898836471,
            348.1360527565523,
            -49.20296056736015,
            0,
            0
        ],
        [
            0,
            0,
            0,
            -52.579387801046565,
            357.81543819178864,
            12.367256472517049,
            53.246007458338624,
            303.0838525168324,
            388.6072766993488,
            -225.5050980580929,
            152.36925080695747,
            21.940210569509027,
            -614.0889805892594,
            -346.8370942780837,
            -604.5920569704501,
            -183.2924137296923,
            -311.7495577377649,
            -83.51580931612622,
            -281.40992503678575,
            -432.20194513380955,
            -22.476374445964872,
            0,
            105.85628297534234,
            229.00291082317818,
            320.69482394275263,
            275.26358872128395,
            289.09681938038904,
            187.41941923522214,
            204.76829938843997,
            147.23703568584497,
            227.28919801499754,
            451.32393146043034,
            395.0319283188804,
            568.5439258786081,
            512.1152298989919,
            548.513528497218,
            69.95611586028588,
            31.50127982831166,
            108.51879600678376,
            -145.19446975807185,
            -121.33212497049205,
            877.7120954904022,
            799.4321789478851,
            883.7034390643879,
            728.5523674530455,
            578.8585365218956,
            335.8788835097546,
            544.0916944833187,
            361.61557557079664,
            102.13818518054406,
            -72.28022665737936,
            321.0453252865574,
            -49.15397236220397,
            0,
            0
        ],
        [
            0,
            0,
            0,
            -87.78883056013302,
            360.01203176270104,
            -30.641609824206775,
            4.479689127112134,
            259.36008659823096,
            340.53394978679944,
            -307.3633070218506,
            81.69236020397231,
            -56.98420651379061,
            -720.3188269232518,
            -445.3223669348212,
            -715.025063997239,
            -280.81223551416525,
            -416.33119729397475,
            -182.54351524922058,
            -389.6968667385354,
            -547.9108066455677,
            -126.73070375702981,
            -105.85628297534234,
            0,
            122.59717026958587,
            212.83872771140807,
            161.9155404129016,
            172.32497427290684,
            64.06353975562475,
            78.62648951377292,
            16.428610551380594,
            95.99104502342462,
            323.70442492642127,
            263.6096730378983,
            439.7767216912304,
            380.18456450389255,
            416.18577370067413,
            -75.20580035340018,
            -114.85747563631874,
            -35.83321705785616,
            -294.64095175526865,
            -268.8734575396949,
            752.6622739984971,
            674.2444247763441,
            762.0022947634694,
            606.769656573365,
            458.3161330584645,
            217.12453173865558,
            432.62091293777064,
            255.9314794034638,
            6.888920145942607,
            -149.68273270298275,
            237.5975944446493,
            -43.81032853171795,
            0,
            0
        ],
        [
            0,
            0,
            29.253689117306187,
            -135.85699799153244,
            358.87271690100016,
            -84.5299180706064,
            -55.07836821768182,
            207.50126164922037,
            284.4206288668589,
            -405.28258489846144,
            -1.2549661023512348,
            -149.95099334531184,
            -847.6316786320596,
            -562.3144395417971,
            -846.8283201198501,
            -395.7043371250709,
            -539.8203868225759,
            -298.5277853712751,
            -517.1056773157778,
            -684.4069368717153,
            -248.20808944978134,
            -229.00291082317818,
            -122.5971702695857,
            0,
            89.05645095020694,
            31.761422154090173,
            38.408064131618794,
            -77.66418123976834,
            -66.10350857865895,
            -133.7157744463688,
            -54.29797779013584,
            178.4985757231587,
            113.99988384747991,
            293.85900042132585,
            230.61346400060697,
            266.39866399846585,
            -240.66479661878938,
            -281.49092488830615,
            -199.71106650343373,
            -464.40933749362597,
            -435.97419247050726,
            612.5290869479173,
            533.9947812547753,
            625.7833480390673,
            470.63246208288183,
            324.00646386531207,
            85.95938628596117,
            309.1675219646698,
            140.70506255889538,
            -92.24731057250553,
            -221.1854238703236,
            145.37157125228043,
            0,
            0,
            0
        ],
        [
            0,
            0,
            35.158513426447946,
            -178.73385618010897,
            361.00560084226436,
            -127.67248855666068,
            -101.28308340216672,
            170.56273194768525,
            245.39116661104558,
            -482.0866614684572,
            -62.64784116444332,
            -220.04211451255284,
            -949.532639888647,
            -653.6688232642867,
            -951.5075691141107,
            -483.6001448852657,
            -635.1718018061154,
            -386.0545062407024,
            -614.8035359392626,
            -790.0688412347215,
            -338.9525741818347,
            -320.69482394275263,
            -212.83872771140807,
            -89.05645095020694,
            0,
            -62.26461137553219,
            -58.171359363619054,
            -180.6707893573065,
            -171.05099988056966,
            -242.9268290285937,
            -162.88190446451063,
            75.35041630594108,
            7.350897364426533,
            191.161991447737,
