{
    "bin_ranges": {
        "m3pi_lower_limit": 2.3,
        "m3pi_upper_limit": 2.34,
        "t_lower_limit": 0.194,
        "t_upper_limit": 0.326
    },
    "info": "The dalitz matrix M is computed as sqrt(-Kibble) * (A[1]-A[2])",
    "bin_centers": [
        0.29900000000000004,
        0.33999999999999997,
        0.38,
        0.42000000000000004,
        0.45999999999999996,
        0.5,
        0.54,
        0.5800000000000001,
        0.62,
        0.66,
        0.69,
        0.71,
        0.73,
        0.75,
        0.77,
        0.79,
        0.81,
        0.83,
        0.85,
        0.87,
        0.89,
        0.91,
        0.94,
        0.98,
        1.02,
        1.06,
        1.1,
        1.1400000000000001,
        1.18,
        1.22,
        1.26,
        1.3,
        1.34,
        1.38,
        1.42,
        1.46,
        1.5,
        1.54,
        1.58,
        1.62,
        1.66,
        1.7,
        1.74,
        1.78,
        1.82,
        1.8599999999999999,
        1.9,
        1.94,
        1.98,
        2.02,
        2.06,
        2.1,
        2.14,
        2.18
    ],
    "real(M)": [
        [
            0,
            0,
            0,
            0,
            0,
            0,
            0,
            0,
            0,
            0,
            0,
            0,
            0,
            0,
            0,
            0,
            0,
            0,
            0,
            0,
            0,
            0,
            0,
            0,
            0,
            0,
            0,
            0,
            0,
            0,
            0,
            0,
            -236.2274136112089,
            -417.08379675522696,
            -539.1289330300342,
            -589.0543584005443,
            -669.9333139087244,
            -756.3602580645327,
            -775.9658689348281,
            -774.5746955076019,
            -661.7729446883661,
            -708.2850761013151,
            -638.749549585435,
            -612.1385573548876,
            -538.4429009921247,
            -415.8392127905833,
            0,
            0,
            0,
            0,
            0,
            0,
            0,
            0
        ],
        [
            0,
            0,
            0,
            0,
            0,
            0,
            0,
            0,
            0,
            0,
            0,
            0,
            0,
            0,
            0,
            0,
            0,
            0,
            0,
            0,
            0,
            0,
            0,
            0,
            0,
            0,
            2.1644472078950043,
            30.10065153951824,
            59.44509696124062,
            81.59350557257568,
            57.90555338814078,
            107.44211178456018,
            9.291155890964543,
            32.463159130393585,
            13.12265532453941,
            82.70224165907888,
            39.152793103786976,
            -42.986904496181644,
            -25.463215762239273,
            2.2415145410282227,
            205.9128451551383,
            88.49382581555798,
            153.1946606622296,
            92.54557257754244,
            57.29579028130026,
            -9.63785650145582,
            44.37127987013657,
            -64.30239955956408,
            44.624440009239144,
            -44.93115766093746,
            0,
            0,
            0,
            0
        ],
        [
            0,
            0,
            0,
            0,
            0,
            0,
            0,
            0,
            0,
            0,
            0,
            0,
            0,
            0,
            0,
            0,
            0,
            0,
            0,
            0,
            0,
            0,
            0,
            90.59157001010166,
            82.49350077093426,
            89.42064275585129,
            90.92731801099032,
            156.77605113371868,
            207.17205209060893,
            240.95521693263333,
            203.59179904816992,
            278.6734859439346,
            139.2093889344661,
            175.77781452778223,
            152.35416896367042,
            249.70522343213096,
            192.76035141737339,
            84.76631942493526,
            109.54291350757671,
            146.8505644472196,
            416.4109342058633,
            260.03061497016824,
            344.9450431372671,
            262.04475813451273,
            211.45633701462518,
            114.34676089232491,
            184.50679300593433,
            13.408455392118515,
            176.2680509328644,
            -30.263687743628488,
            15.885674701748854,
            10.034679173314833,
            0,
            0
        ],
        [
            0,
            0,
            0,
            0,
            0,
            0,
            0,
            0,
            0,
            0,
            0,
            0,
            0,
            0,
            0,
            0,
            0,
            0,
            8.416691812116941,
            0.9290932189542802,
            -5.291990487329157,
            3.3843089249295266,
            96.08337202422096,
            165.73054684437946,
            110.58667366719502,
            104.57852479647732,
            96.24068165651765,
            178.5279695524554,
            237.19324089884324,
            273.4239527417183,
            219.1403984387744,
            308.958331214507,
            130.22824305061278,
            172.90953055993535,
            141.70768970008552,
            258.9975486053205,
            187.7217346017,
            55.310262226112854,
            84.82215495442846,
            129.73291731557188,
            456.1625306482062,
            267.36908830950813,
            371.5925277254423,
            272.839485687807,
            213.6928393625259,
            97.4516379034889,
            188.4111145569983,
            -22.01981573810477,
            193.85734206352495,
            -73.44143046798062,
            -1.6621711350411577,
            80.67721578755456,
            0,
            0
        ],
        [
            0,
            0,
            0,
            0,
            0,
            0,
            0,
            0,
            0,
            0,
            0,
            0,
            0,
            0,
            -72.66962852170705,
            -109.05668759957722,
            -176.24756536437366,
            -169.78781839721827,
            -89.4259166743129,
            -123.47911514143142,
            -145.1987406454046,
            -140.84238664958593,
            -21.194523679779053,
            47.71169140166011,
            -48.132227513321844,
            -73.56838654368714,
            -99.33399325126614,
            -12.214186585968857,
            45.381834273216896,
            76.23344681966059,
            0.15404602994965647,
            96.58365355698162,
            -122.90202431001399,
            -79.99189203494498,
            -122.70815977323895,
            8.788540862980415,
            -78.42464057831003,
            -235.12992042781997,
            -202.6493074282743,
            -151.23119345143337,
            227.2618063663651,
            10.818206702843936,
            135.24806581981417,
            26.342338976036167,
            -34.88150642285197,
            -160.7857415400978,
            -42.3904646421716,
            -275.2701244140998,
            -0.266816949187611,
            -299.4568906311787,
            -184.04587025534832,
            -30.17370399958904,
            -72.90637512505708,
            0
        ],
        [
            0,
            0,
            0,
            0,
            0,
            0,
            0,
            0,
            0,
            0,
            0,
            -62.22982774565526,
            -73.23976341451748,
            -143.37908196769845,
            -142.21806861283764,
            -150.4008657380393,
            -226.30154326946814,
            -190.78727077573197,
            -61.892309134411086,
            -99.12861755123666,
            -119.22916932337407,
            -106.05917926087929,
            52.72006641743808,
            143.68235152856346,
            33.58334225902378,
            9.582569900666352,
            -14.775144683252257,
            92.20363720926211,
            163.23906513318016,
            202.4539847648172,
            118.52815831275011,
            231.94532664556024,
            -15.32140633285913,
            36.36710148565473,
            -9.606536185140671,
            141.2540539799299,
            44.19514305456313,
            -131.44398666831415,
            -93.98049857107229,
            -35.7756877527107,
            390.08544354041584,
            145.45607734244274,
            284.04552388407814,
            159.24347079298187,
            87.29810459477285,
            -58.745357096252086,
            70.1354141576711,
            -200.52381792976323,
            104.67489792188928,
            -249.25238788469778,
            -131.15473751387282,
            32.65170558994846,
            -57.73281602105978,
            0
        ],
        [
            0,
            0,
            0,
            0,
            0,
            0,
            0,
            0,
            0,
            11.56619856614708,
            -30.000633746938693,
            -102.97318256756176,
            -88.83635505332916,
            -175.96308114235393,
            -158.01565338384106,
            -157.71036347900605,
            -246.30334573408587,
            -192.68947426779042,
            -27.34622583486854,
            -69.10693416509123,
            -89.57538084653709,
            -70.36854753852063,
            120.7916546604004,
            229.60795572687573,
            105.0966588403525,
            80.83943147208984,
            56.32094330950889,
            180.31688599142316,
            262.66641717982856,
            308.6323009121335,
            216.42359492764245,
            344.86235489164204,
            70.74421215456795,
            129.9401273643013,
            80.26227919645764,
            248.7832166834424,
            142.00774784423402,
            -51.79332157231875,
            -9.894377251428649,
            54.540532458594164,
            524.7466780988922,
            253.75937485116074,
            405.7108612285427,
            266.3782514795101,
            184.931065033152,
            20.97068299599692,
            160.2815469755207,
            -143.53989654949612,
            190.0588648034737,
            -210.3365046780254,
            -87.3110814326669,
            87.30775343554546,
            -33.698284136269955,
            0
        ],
        [
            0,
            0,
            0,
            0,
            0,
            0,
            0,
            0,
            -22.20464174710078,
            -42.43227638445199,
            -120.8772599628006,
            -224.38815717259865,
            -207.6895926147014,
            -320.37867900706414,
            -300.21687959489094,
            -302.9163799756618,
            -411.73222718318215,
            -351.3343600929034,
            -162.15208941081048,
            -215.58050257226333,
            -243.77417759132044,
            -226.23913519619725,
            -15.716133257608371,
            96.96639232858047,
            -52.640767016735765,
            -88.24506303539344,
            -123.33274821483103,
            6.913311235530359,
            90.90333036886221,
            134.92104735524958,
            27.252814704215012,
            162.9701704629248,
            -142.79008350170187,
            -81.94945946167894,
            -139.8204580351161,
            41.58180055987621,
            -77.39451964338406,
            -290.46184693840166,
            -245.44490217830227,
            -175.15731782694553,
            337.9291923919087,
            44.37451647760618,
            212.44486288042833,
            64.54931376875791,
            -19.055401297244227,
            -191.02249566778596,
            -31.409728530316546,
            -352.1900017126956,
            23.18969046280965,
            -398.22220417172974,
            -245.52325565972694,
            -29.86754108873061,
            -128.70665617985875,
            0
        ],
        [
            0,
            0,
            0,
            0,
            0,
            0,
            0,
            22.20464174710078,
            0,
            -8.936441793432591,
            -96.45875159498136,
            -214.19149435252572,
            -185.46826004736312,
            -310.66222024365027,
            -279.54301199397236,
            -276.12206048810106,
            -394.617405186887,
            -319.93027628222484,
            -101.01282595321354,
            -157.2949139211606,
            -185.03786729380053,
            -161.7166681512272,
            77.45541971791829,
            207.31791830425723,
            46.89732933066823,
            12.538969086581012,
            -21.349711083409776,
            125.28435752785614,
            220.58567488546845,
            271.7747092395521,
            157.6683238373338,
            307.8122466486697,
            -21.378030176025057,
            46.90926664248567,
            -13.738485649967657,
            184.0513266279804,
            56.64649255384604,
            -172.54073330922398,
            -123.42868821617037,
            -47.6026754824661,
            504.7505941062646,
            187.2712394574998,
            366.4144016025133,
            204.80959397973854,
            111.77011396913731,
            -76.9624796152398,
            89.71308972462943,
            -260.61322244757366,
            134.99108538130028,
            -325.75620578549524,
            -173.0961664159229,
            43.086382115716326,
            -82.57364540488261,
            0
        ],
        [
            0,
            0,
            0,
            0,
            0,
            0,
            -11.56619856614708,
            42.43227638445199,
            8.936441793432591,
            0,
            -100.86631600465839,
            -234.64679832552304,
            -198.62691369455723,
            -338.23026572813814,
            -300.1758025312975,
            -293.95919245098054,
            -424.042269661953,
            -338.705005236302,
            -94.54959581213029,
            -155.74788257265428,
            -185.25933798317973,
            -158.62658893011135,
            104.49678020167492,
            246.8464161501531,
            72.65857402950193,
            36.142183651967976,
            0.25252873701627376,
            159.5659693013944,
            262.93249169413593,
            318.4478996649955,
            195.87819654252237,
            357.6951008461977,
            4.239280214807998,
            77.97889096810471,
            13.261782663290777,
            225.50527165958115,
            89.15613703184381,
            -155.98824064391184,
            -103.29908648091671,
            -22.226226922738448,
            567.536599094596,
            228.10930431406757,
            418.6562419412012,
            245.64498292044934,
            145.7464907850735,
            -55.97026677763468,
            120.24014213554456,
            -252.93873396631378,
            165.15586623639786,
            -323.9778839242166,
            -164.24649816293777,
            59.82688744159269,
            -73.58959745855039,
            0
        ],
        [
            0,
            0,
            0,
            0,
            0,
            0,
            30.000633746938693,
            120.8772599628006,
            96.45875159498136,
            100.86631600465839,
            0,
            -139.1706465471583,
            -92.68557806047146,
            -237.09512511958187,
            -189.12102070437038,
            -176.0032763184522,
            -309.4755963328411,
            -211.93725651333065,
            54.70415583804673,
            -5.525730490785631,
            -31.954208896653565,
            1.2743401200550406,
            287.69237516190094,
            446.8562246047543,
            270.2115978907664,
            239.14551340369863,
            208.39713120828418,
            383.01126720631447,
            497.92826942054853,
            561.856272312304,
            438.01442123592966,
            612.608546276198,
            245.5178566814108,
            326.53475281448425,
            261.68879405702876,
            486.5538906493669,
            345.3819783101858,
            89.75030463692731,
            145.27628917730942,
            229.61526390432613,
            844.7106829120489,
            487.4188221299003,
            682.7992930657032,
            497.40054136600605,
            387.1451785917767,
            169.4953049459179,
            343.7490722688437,
            -55.31714257077562,
            364.99379066294387,
            -158.05769976713816,
            -13.355356046202953,
            188.5792229242389,
            14.201185895856757,
            0
        ],
        [
            0,
            0,
            0,
            0,
            0,
            62.22982774565526,
            102.97318256756176,
            224.38815717259865,
            214.19149435252572,
            234.64679832552304,
            139.1706465471583,
            0,
            56.42739094657002,
            -87.84621570178588,
            -30.430287906401727,
            -9.86595523217055,
            -142.56517803059745,
            -34.31553024315686,
            249.6048680112173,
            192.74589346308045,
            170.9820781687438,
            211.0776939474134,
            516.3444993560523,
            691.230933828575,
            517.5834116153349,
            494.3763215360874,
            471.0288124725867,
            659.3706122977324,
            785.3142809147972,
            857.9534025061641,
            736.2492970494593,
            921.7877187759773,
            548.2000441103564,
            635.9406826148221,
            572.6661827111542,
            806.9735778773263,
            663.5589552473338,
            401.60891059680284,
            458.9566066943142,
            544.885929696531,
            1175.166584109234,
            804.736628811725,
            1000.8384514527685,
            804.4382632212281,
            683.6614656608969,
            451.0570757985236,
            617.9786850956355,
            195.4580560163486,
            607.7324481606238,
            52.9761486283688,
            173.9171884222809,
            341.9851850904713,
            113.78310800168634,
            0
        ],
        [
            0,
            0,
            0,
            0,
            0,
            73.23976341451748,
            88.83635505332916,
            207.6895926147014,
            185.46826004736312,
            198.62691369455723,
            92.68557806047146,
            -56.42739094657002,
            0,
            -153.4295311230947,
            -95.86753851016175,
            -76.81255549314649,
            -217.25218281480124,
            -106.84324024919385,
            185.86765907383364,
            124.4750095800055,
            99.64267670839551,
            139.0179204409371,
            451.9181261054015,
            628.4646535882405,
            444.77498953425413,
            417.0031613089784,
            389.37093973670596,
            580.3559160698428,
            707.0522237096404,
            778.9500401885548,
            650.8719437680651,
            839.4788320588098,
            452.77353093004285,
            541.2300994915032,
            474.5943633035518,
            714.2303294274317,
            565.8173441398654,
            296.0531015324923,
            354.7404113058732,
            443.0964510743467,
            1090.381181702554,
            711.0682645068694,
            913.3805308286272,
            713.784658212049,
            592.4075565260391,
            357.4068888452471,
            531.9049391297654,
            105.13813089527076,
            531.2930995711288,
            -25.914679439610566,
            106.27089846783083,
            285.90316774851044,
            73.62302760293117,
            0
        ],
        [
            0,
            0,
            0,
            0,
            0,
            143.37908196769845,
            175.96308114235393,
            320.37867900706414,
            310.66222024365027,
            338.23026572813814,
            237.09512511958187,
            87.84621570178588,
            153.4295311230947,
            0,
            66.32159131277047,
            92.29193546843686,
            -47.52219800995621,
            72.93373459562567,
            381.95849600253507,
            323.69757556951436,
            303.23265399096647,
            349.0806776025845,
            679.8643509575824,
            871.3169781104615,
            690.3857718846747,
            670.0228873542071,
            649.3638952222921,
            853.379591801079,
            990.5169592520808,
            1070.6304293612889,
            944.4674128107248,
            1143.3980412495475,
            750.3344752205561,
            845.0462783036589,
            779.728248863181,
            1028.14233911898,
            877.3610819106221,
            601.3484762652693,
            661.4600865087841,
            750.9561218949536,
            1412.018061580371,
            1019.8544484458589,
            1222.1304795491571,
            1011.5183202300022,
            879.45654665098,
            629.6249653517264,
            795.8097674389977,
            346.3449816459915,
            762.1388842279972,
            174.77636456368887,
            281.1665482841695,
            422.0561892568176,
            149.72115238086442,
            0
        ],
        [
            0,
            0,
            0,
            0,
            72.66962852170705,
            142.21806861283764,
            158.01565338384106,
            300.21687959489094,
            279.54301199397236,
            300.1758025312975,
            189.12102070437038,
            30.430287906401727,
            95.86753851016175,
            -66.32159131277047,
            0,
            24.41661738081334,
            -122.85591801473753,
            -0.4679429041912478,
            316.8106736528455,
            254.1413526464448,
            230.6607027543175,
            275.73264847864425,
            613.6800838105493,
            806.5702697355944,
            615.8902871733773,
            591.0178851568278,
            566.1216172421912,
            772.5378921866218,
            910.2703635044105,
            989.5529027469922,
            857.1781461832264,
            1058.9292062142636,
            653.2405748358948,
            748.5443231505219,
            679.9439649138457,
            933.3443474652778,
            777.7534974785461,
            494.305889647582,
            555.6607376141421,
            647.4295021271305,
            1324.3698138402915,
            923.914555680748,
            1131.937564748349,
            918.43129986498,
            785.9382490173039,
            534.2024988140583,
            707.3689670579255,
            254.92400879724488,
            682.8018289457934,
            95.43380558672862,
            212.20844336280777,
            361.75250549051907,
            105.06586152772125,
            0
        ],
        [
            0,
            0,
            0,
            0,
            109.05668759957722,
            150.4008657380393,
            157.71036347900605,
            302.9163799756618,
            276.12206048810106,
            293.95919245098054,
            176.0032763184522,
            9.86595523217055,
            76.81255549314649,
            -92.29193546843686,
            -24.41661738081334,
            0,
            -153.0701967386058,
            -27.363178307020178,
            299.372734337885,
            233.7680191828908,
            208.67548247593925,
            254.28938481708929,
            601.1299078098197,
            797.8360002504272,
            599.9016746222699,
            572.7694756729,
            545.7500623419961,
            756.4045448412598,
            896.4727653835297,
            976.5558569687167,
            839.578295111579,
            1045.4009884552154,
            628.5475328774365,
            725.4263165812714,
            654.4500408515615,
            913.3413999244128,
            753.5125000347148,
            463.08368966638903,
            525.663461256529,
            619.4078031162311,
            1311.1606166450974,
            901.9311850672283,
            1114.3511842884916,
            896.6326804943776,
            761.9149882946571,
            506.1856836876535,
            683.1366569357185,
            224.84803465784594,
            659.5337720282719,
            68.12648770525571,
            188.05313432194154,
            335.49836744278497,
            79.23391316820268,
            0
        ],
        [
            0,
            0,
            0,
            0,
            176.24756536437366,
            226.30154326946814,
            246.30334573408587,
            411.73222718318215,
            394.617405186887,
            424.042269661953,
            309.4755963328411,
            142.56517803059745,
            217.25218281480124,
            47.52219800995621,
            122.85591801473753,
            153.0701967386058,
            0,
            134.46348692366817,
            475.8208009154814,
            412.6098096489972,
            391.0757773922971,
            442.22790767608234,
            805.0453488336053,
            1014.7680521327985,
            818.5347966221134,
            797.494560108517,
            776.1989581861848,
            998.282969307407,
            1147.3870481778224,
            1234.4520556205362,
            1098.6030915103108,
            1313.4225044168402,
            890.0681692829709,
            992.2090172880941,
            921.939523841071,
            1188.4382943946123,
            1025.9568509992403,
            729.3718885058877,
            792.8313977958533,
            887.1735190175998,
            1590.7606621302068,
            1169.4771878619222,
            1381.1350409135373,
            1152.9666417967298,
            1008.0398786064779,
            738.5776344702388,
            906.7216523762854,
            428.27768029291934,
            850.3381287365347,
            233.28287201983863,
            326.22726443940564,
            428.2754129844004,
            87.39523413538683,
            0
        ],
        [
            0,
            0,
            0,
            0,
            169.78781839721827,
            190.78727077573197,
            192.68947426779042,
            351.3343600929034,
            319.93027628222484,
            338.705005236302,
            211.93725651333065,
            34.31553024315686,
            106.84324024919385,
            -72.93373459562567,
            0.4679429041912478,
            27.363178307020178,
            -134.46348692366817,
            0,
            347.2933346423357,
            278.27805112338024,
            252.27214216347747,
            301.07940243176205,
            668.2344896278801,
            876.3024879396735,
            668.1028523790934,
            640.1495373368249,
            612.3554006551706,
            834.311980887964,
            981.7663292055265,
            1066.023283993496,
            922.538302977414,
            1138.3266079985342,
            701.8082504547865,
            803.2810249777929,
            728.9980756332633,
            999.3421626403107,
            831.9756194491267,
            528.4479578505122,
            593.2002906539044,
            690.0899589260496,
            1408.6486383767544,
            981.2379356175393,
            1199.5661775717278,
            971.1115877925254,
            828.6921213300184,
            561.4118711797925,
            739.5986856757586,
            265.1799694961815,
            702.382806208309,
            97.07369456942821,
            208.79573406031827,
            327.4463872998882,
            0,
            0
        ],
        [
            0,
            0,
            0,
            -8.416691812116941,
            89.4259166743129,
            61.892309134411086,
            27.34622583486854,
            162.15208941081048,
            101.01282595321354,
            94.54959581213029,
            -54.70415583804673,
            -249.6048680112173,
            -185.86765907383364,
            -381.95849600253507,
            -316.8106736528455,
            -299.372734337885,
            -475.8208009154814,
            -347.2933346423357,
            0,
            -80.34657494658602,
            -116.25097285998349,
            -75.13300024957921,
            288.4105636447046,
            484.8506972768613,
            255.4691424744308,
            211.80970042540895,
            169.26540600238744,
            383.26425798065463,
            521.8609638413124,
            596.7424246536325,
            439.81698722864786,
            651.2318345782738,
            197.29114113290817,
            294.26945992230543,
            213.04495193991968,
            484.93076872018594,
            311.55981038002744,
            1.04661089387972,
            67.84681942882656,
            169.14891770412913,
            905.2589845667552,
            476.6148112151491,
            707.4544946568071,
            486.70065834775914,
            356.66495489259177,
            103.90923344808084,
            306.55644388081816,
            -144.99643304776467,
            328.58643405300404,
            -235.20851915159074,
            -67.96851281992673,
            120.0662974335828,
            0,
            0
        ],
        [
            0,
            0,
            0,
            -0.9290932189542802,
            123.47911514143142,
            99.12861755123666,
            69.10693416509123,
            215.58050257226333,
            157.2949139211606,
            155.74788257265428,
            5.525730490785631,
            -192.74589346308045,
            -124.4750095800055,
            -323.69757556951436,
            -254.1413526464448,
            -233.7680191828908,
            -412.6098096489972,
            -278.27805112337956,
            80.34657494658602,
            0,
            -34.767716491995174,
            9.385956440654624,
            384.7426745321553,
            589.381145422705,
            357.83346406503676,
            316.3161286478479,
            275.78305741851483,
            497.3284971248781,
            641.4555576723534,
            720.1800516055698,
            561.9045074394685,
            779.509839480862,
            317.70721641123765,
            417.9671387155811,
            336.12979806463284,
            614.0068123808352,
            437.59741211302406,
            121.2733255399879,
            188.991267219446,
            291.3236348163558,
            1038.6332390820526,
            600.7045030535885,
            832.4528909779671,
            604.9259903042789,
            468.96682566720096,
            208.2830824985064,
            407.155045912802,
            -54.84251310201148,
            411.9464431088182,
            -161.319956911637,
            -7.811662879191912,
            147.56332436348603,
            0,
            0
        ],
        [
            0,
            0,
            0,
            5.291990487329157,
            145.19874064539832,
            119.22916932337407,
            89.57538084653709,
            243.77417759131887,
            185.03786729380053,
            185.25933798317973,
            31.954208896653565,
            -170.9820781687443,
            -99.64267670839551,
            -303.23265399096647,
            -230.6607027543175,
            -208.67548247593925,
            -391.0757773922971,
            -252.27214216347747,
            116.25097285998349,
            34.7677164919951,
            0,
            46.03501189018649,
            431.3540471016703,
            641.9896723746656,
            406.4207592109901,
            365.19584116021423,
            324.93575704132354,
            552.2643650029576,
            700.3177381720724,
            781.438694763496,
            620.6258198543369,
            843.1588385685922,
            372.76390921974917,
            475.40250020564326,
            392.31808349829055,
            675.4927162383851,
            495.8230438224363,
            173.76992001556292,
            242.43295469699626,
            346.0161448380973,
            1104.429246981074,
            658.3813958064177,
            891.8870120255416,
            659.2244479988527,
            519.2840549666305,
            253.25907637553863,
            450.7724366151421,
            -17.412876605343275,
            445.5420899215738,
            -130.13315510003366,
            15.798331794472853,
            143.23784953372382,
            0,
            0
        ],
        [
            0,
            0,
            0,
            -3.3843089249295266,
            140.84238664958593,
            106.05917926087929,
            70.36854753852063,
            226.23913519619725,
            161.7166681512272,
            158.62658893011135,
            -1.2743401200550406,
            -211.0776939474134,
            -139.0179204409371,
            -349.0806776025845,
            -275.73264847864425,
            -254.28938481708929,
            -442.22790767608234,
            -301.07940243176205,
            75.13300024957921,
            -9.385956440654624,
            -46.03501189018649,
            0,
            392.37318219967636,
            605.4560903305301,
            362.7355714209253,
            318.75377641422,
            275.9074579498587,
            506.2154277982637,
            655.6364675412957,
            736.8430000684551,
            571.5380424617264,
            797.0656096485047,
            316.7908137539871,
            420.45574244401934,
            335.16369711464625,
            622.7407334280201,
            439.53320104214174,
            111.93101630327673,
            181.82214144180853,
            287.31049681857655,
            1057.3449479140127,
            605.2061906579123,
            842.4068516452558,
            607.6313199305291,
            467.3598801597585,
            200.68268116360085,
            401.79249362121374,
            -65.12464278977207,
            400.8234326379677,
            -164.89705364234547,
            -13.165039980178559,
            102.04428166146661,
            0,
            0
        ],
        [
            0,
            0,
            0,
            -96.08337202421784,
            21.194523679778726,
            -52.72006641743808,
            -120.79165466039954,
            15.716133257608371,
            -77.45541971791829,
            -104.49678020167492,
            -287.6923751619,
            -516.3444993560538,
            -451.9181261054015,
            -679.8643509575805,
            -613.6800838105506,
            -601.1299078098197,
            -805.0453488336053,
            -668.2344896278801,
            -288.4105636447042,
            -384.74267453215464,
            -431.3540471016703,
            -392.37318219967636,
            0,
            203.56607392814152,
            -61.920917172096544,
            -121.55418889789378,
            -179.0538162766812,
            45.45156693369627,
            187.53344119015736,
            260.38512106208486,
            80.99749613246881,
            304.1978208084212,
            -195.9656314464993,
            -95.40827852581293,
            -187.32410112730952,
            104.2927588191129,
            -84.92464555396593,
            -419.94451359367554,
            -346.3182038662691,
            -234.4988851167717,
            557.1218179533992,
            103.99334074754789,
            355.8939927633868,
            130.5810378006517,
            5.249444138883732,
            -243.05186934472064,
            -14.379360143731702,
            -449.28868658146024,
            53.99288481300828,
            -446.3117772569412,
            -220.92568322967276,
            -2.654657813284015,
            0,
            0
        ],
        [
            0,
            0,
            -90.59157001010172,
            -165.73054684437946,
            -47.71169140166011,
            -143.68235152856346,
            -229.60795572687573,
            -96.96639232858047,
            -207.31791830425723,
            -246.8464161501531,
            -446.8562246047543,
            -691.230933828575,
            -628.4646535882405,
            -871.3169781104615,
            -806.5702697355944,
            -797.8360002504272,
            -1014.7680521327985,
            -876.3024879396719,
            -484.8506972768613,
            -589.381145422705,
            -641.9896723746656,
            -605.4560903305301,
            -203.56607392814172,
            0,
            -282.9921510357889,
            -351.7116155528466,
            -417.68336624421624,
            -191.10172303493468,
            -49.615818573168696,
            20.608300572670508,
            -169.39658085630538,
            57.19437025628843,
            -462.4551746896568,
            -361.20142063692913,
            -457.7349006596294,
            -158.49776288343003,
            -353.5681205860453,
            -697.1615117478218,
            -619.6239975141455,
            -502.05159022806134,
            311.8187925484933,
            -147.05544955872472,
            115.59606426580274,
            -106.3527021471,
            -223.81761274596084,
            -461.67892475398895,
            -216.55979661995738,
            -627.8385629075541,
            -108.0823000213676,
            -545.4585680046096,
            -260.95124214689696,
            0,
            0,
            0
        ],
        [
            0,
            0,
            -82.49350077093426,
            -110.58667366719502,
            48.132227513321844,
            -33.58334225902378,
            -105.0966588403525,
            52.640767016735765,
            -46.89732933066823,
            -72.65857402950193,
            -270.2115978907664,
            -517.5834116153349,
            -444.77498953425413,
            -690.3857718846747,
            -615.8902871733773,
            -599.9016746222699,
            -818.5347966221134,
            -668.1028523790934,
            -255.4691424744308,
            -357.83346406503676,
            -406.4207592109905,
            -362.7355714209253,
            61.920917172096615,
            282.9921510357889,
            0,
            -61.74752045518117,
            -121.18650577775803,
            120.77488701033903,
            273.98989178788594,
            352.85260636118346,
            162.80527857558417,
            401.0882450198431,
            -129.41720177862712,
            -21.790202465958274,
            -118.37840974102537,
            190.26972050823488,
            -9.383885564930226,
            -361.7671984792982,
            -283.9386125687367,
            -166.7802719919074,
            657.8295298840632,
            183.5138513870186,
            440.92899630539216,
            204.8273076602037,
            72.99621879461768,
            -180.7216984133165,
            44.564037040528405,
            -380.60713920795365,
            94.52839780183105,
            -336.5122161708431,
            -88.13731653132183,
            0,
            0,
            0
        ],
        [
            0,
            0,
            -89.42064275585129,
            -104.5785247964788,
            73.56838654368714,
            -9.582569900666352,
