{
    "bin_ranges": {
        "m3pi_lower_limit": 2.38,
        "m3pi_upper_limit": 2.42,
        "t_lower_limit": 0.194,
        "t_upper_limit": 0.326
    },
    "info": "The dalitz matrix M is computed as sqrt(-Kibble) * (A[1]-A[2])",
    "bin_centers": [
        0.29900000000000004,
        0.33999999999999997,
        0.38,
        0.42000000000000004,
        0.45999999999999996,
        0.5,
        0.54,
        0.5800000000000001,
        0.62,
        0.66,
        0.69,
        0.71,
        0.73,
        0.75,
        0.77,
        0.79,
        0.81,
        0.83,
        0.85,
        0.87,
        0.89,
        0.91,
        0.94,
        0.98,
        1.02,
        1.06,
        1.1,
        1.1400000000000001,
        1.18,
        1.22,
        1.26,
        1.3,
        1.34,
        1.38,
        1.42,
        1.46,
        1.5,
        1.54,
        1.58,
        1.62,
        1.66,
        1.7,
        1.74,
        1.78,
        1.82,
        1.8599999999999999,
        1.9,
        1.94,
        1.98,
        2.02,
        2.06,
        2.1,
        2.14,
        2.18,
        2.22,
        2.26
    ],
    "real(M)": [
        [
            0,
            0,
            0,
            0,
            0,
            0,
            0,
            0,
            0,
            0,
            0,
            0,
            0,
            0,
            0,
            0,
            0,
            0,
            0,
            0,
            0,
            0,
            0,
            0,
            0,
            0,
            0,
            0,
            0,
            0,
            0,
            0,
            0,
            135.1850955924064,
            302.0916048094661,
            346.7841698336904,
            430.6906508629059,
            467.8204665032201,
            503.57134869168345,
            507.1325421440488,
            476.8853401555827,
            476.7452023665547,
            604.9475245018606,
            589.4665861858296,
            552.3813413362116,
            471.3995659234543,
            388.0113101405518,
            229.12932586831394,
            0,
            0,
            0,
            0,
            0,
            0,
            0,
            0
        ],
        [
            0,
            0,
            0,
            0,
            0,
            0,
            0,
            0,
            0,
            0,
            0,
            0,
            0,
            0,
            0,
            0,
            0,
            0,
            0,
            0,
            0,
            0,
            0,
            0,
            0,
            0,
            0,
            145.69580789267798,
            210.23170088558012,
            259.55296779719396,
            351.2990665145728,
            415.088161710283,
            392.1578880975246,
            423.28731750609114,
            506.3534368445063,
            417.762580668997,
            490.75333701166863,
            488.29875237496947,
            504.7089841261614,
            476.76320849418914,
            402.36827578706607,
            397.6741488200115,
            643.4691370174689,
            645.2366965528755,
            630.1081153195555,
            558.1305669599649,
            529.9431964044884,
            427.35078113381684,
            463.3501296555994,
            329.1170641368427,
            215.9640460566062,
            81.74279046473727,
            0,
            0,
            0,
            0
        ],
        [
            0,
            0,
            0,
            0,
            0,
            0,
            0,
            0,
            0,
            0,
            0,
            0,
            0,
            0,
            0,
            0,
            0,
            0,
            0,
            0,
            0,
            0,
            0,
            48.74638197556233,
            149.43911938256124,
            195.1264236299743,
            208.4519485229712,
            327.11612711369577,
            268.3491122234322,
            272.3838810756026,
            367.36370368537195,
            420.43694605077496,
            350.2430589051597,
            368.3119549609302,
            462.92548062074286,
            321.62779017656305,
            407.2653968990357,
            392.3251113320828,
            405.55661323077817,
            362.2428069905455,
            260.19404655601573,
            253.30208706193886,
            581.2255742791956,
            589.4241362580468,
            579.2348465116415,
            496.9466323738182,
            478.7211269054926,
            363.118732391289,
            453.63536114775303,
            309.1491284647333,
            208.77873197467068,
            129.78257395261485,
            193.8160834134373,
            0,
            0,
            0
        ],
        [
            0,
            0,
            0,
            0,
            0,
            0,
            0,
            0,
            0,
            0,
            0,
            0,
            0,
            0,
            0,
            0,
            0,
            0,
            0,
            -5.970120140045378,
            31.97014152400354,
            35.477541459822376,
            79.16869411533472,
            151.98107540288456,
            228.7294726149361,
            244.1410426874995,
            227.9229017571472,
            371.7334829116801,
            268.4609682544953,
            258.47884954382533,
            369.39662280354753,
            425.2031454324524,
            325.96081866034405,
            340.50836664699864,
            450.8598667425137,
            270.3596792440538,
            370.834060860043,
            348.60746176002664,
            361.69806331652865,
            306.9803400704544,
            182.13636036480383,
            173.608005985566,
            571.6126320193353,
            583.6502813994781,
            574.8683321712872,
            479.7733036660849,
            464.3844064354838,
            330.72750929489723,
            455.4246404101269,
            288.92635702435217,
            178.2462586030563,
            96.24150183935481,
            249.2081269298844,
            133.379069282932,
            0,
            0
        ],
        [
            0,
            0,
            0,
            0,
            0,
            0,
            0,
            0,
            0,
            0,
            0,
            0,
            0,
            0,
            0,
            -50.95969257422937,
            -26.128576860295375,
            -136.65614200354028,
            -64.47800255239832,
            -131.84901717746942,
            -44.47761662965335,
            -62.07504444758972,
            -16.678116933575353,
            57.92546541161035,
            133.8141144088212,
            128.71692309309083,
            87.3413528481408,
            248.57848876319267,
            104.69012401458271,
            78.81148067514553,
            199.72389016345767,
            254.4251509772107,
            126.16759904745899,
            134.4079244572112,
            256.02001582087246,
            37.769032781047834,
            149.45042763294143,
            118.87847590894626,
            130.51291087716947,
            64.584893088422,
            -81.30676030436642,
            -91.12961550039421,
            371.0955695671836,
            387.8892822857491,
            382.3030753103631,
            278.3783342992522,
            269.00591556977525,
            123.8083633998915,
            283.82752972064924,
            104.79032564293705,
            -6.480170451535923,
            -80.9069967684083,
            148.13717802201577,
            60.724455520467814,
            -163.7370305518213,
            0
        ],
        [
            0,
            0,
            0,
            0,
            0,
            0,
            0,
            0,
            0,
            0,
            0,
            0,
            -18.380832789262623,
            -115.60813733471389,
            -105.40060520859286,
            -104.30849622604119,
            15.504949353625946,
            -152.4179263153837,
            -17.219704647695323,
            -101.50931677156527,
            30.80769026945278,
            14.596607714472553,
            82.83115535589147,
            185.31865613860774,
            284.5992823829443,
            283.858994029947,
            240.3873280636494,
            435.3761018604757,
            272.0288810342646,
            247.22478910958085,
            391.4492784351271,
            458.2193358492455,
            315.17069975288996,
            328.2324055832536,
            469.7137779387566,
            224.72194577742286,
            353.7653652251708,
            321.1162986769006,
            335.7169004813586,
            262.2638751745759,
            98.2093743311589,
            86.99422399146842,
            606.8327446578711,
            624.1447870461789,
            615.5561022575403,
            495.29515870805983,
            480.7055572560496,
            311.4437813374504,
            486.48121319002746,
            275.3772037281661,
            138.18699978670233,
            39.0850401303469,
            291.2212610714754,
            169.86552981595239,
            -185.5720828138324,
            0
        ],
        [
            0,
            0,
            0,
            0,
            0,
            0,
            0,
            0,
            0,
            -8.451383740194068,
            -129.56916270399992,
            8.528354119415596,
            -202.14901182145599,
            -379.04000681257963,
            -360.5916893188176,
            -366.5248282109773,
            -216.7616960435244,
            -450.8671576239782,
            -290.538608364969,
            -409.16137838268145,
            -259.5159923171779,
            -292.84571083523343,
            -230.95547575027592,
            -136.04736060127243,
            -45.53683014849222,
            -70.01656647677864,
            -141.39030290080834,
            60.2991003304758,
            -143.71390770570613,
            -188.7174458363186,
            -42.38997677715078,
            17.637756175773752,
            -155.72498692469824,
            -152.9967777361016,
            -6.022469194712793,
            -287.6526813964882,
            -151.9431824178367,
            -194.35503532534256,
            -182.79090737811165,
            -267.0708377256956,
            -449.72435413800196,
            -461.3560024165015,
            115.98796452569825,
            139.91580197450438,
            137.66391263728818,
            14.672779891838452,
            11.465244258324311,
            -159.53838793738765,
            54.537707194507036,
            -154.7594763875746,
            -277.20461502393294,
            -351.1434137743853,
            -20.930451586225512,
            -95.28024079377197,
            -432.9812568729047,
            0
        ],
        [
            0,
            0,
            0,
            0,
            0,
            0,
            0,
            0,
            11.399478228739387,
            54.18137522517394,
            -34.80767336744273,
            218.43436410558905,
            -48.038980999251336,
            -246.17815523484967,
            -189.2167491089996,
            -168.76045721661038,
            37.006521711736475,
            -223.09357706773957,
            -12.558740789030782,
            -133.5860827875031,
            57.98874057004313,
            35.149229998541145,
            128.3666254819754,
            263.11284512217736,
            389.5002723549679,
            384.3076592161829,
            325.6622167953051,
            569.9719416405524,
            361.7529435930847,
            329.35937903758446,
            507.0136180881326,
            587.6863710048226,
            410.24137760145913,
            425.36166923398025,
            597.2343104761981,
            297.89027999937974,
            454.28508535735733,
            414.1064673458005,
            431.2877249452469,
            342.0580296208832,
            143.7278109321659,
            130.04268316125413,
            756.1091129224737,
            776.3744453325434,
            765.5424447472545,
            620.3689025137654,
            602.4985025567316,
            398.2423659592478,
            609.3229239921009,
            354.14575477791936,
            187.4116609287511,
            65.6706502981238,
            376.1694824050905,
            228.67577785709315,
            -246.47614274715133,
            0
        ],
        [
            0,
            0,
            0,
            0,
            0,
            0,
            0,
            -11.399478228739387,
            0,
            34.29620743172985,
            -95.50008201953271,
            218.01291708075394,
            -117.5172148084469,
            -357.27448372967973,
            -289.7122592819666,
            -266.9550118545641,
            -30.98960480178031,
            -332.7349904594504,
            -94.5611913873191,
            -234.67644858193285,
            -20.997754235594094,
            -49.82784945640843,
            49.87828397318172,
            193.40866917573393,
            326.80740087471077,
            314.7218918759019,
            244.49626167662316,
            506.99092020308626,
            274.0112747352282,
            234.19866207151685,
            423.67158687115034,
            507.44458401867547,
            310.9799499159553,
            324.2835345899906,
            507.8220147640961,
            181.08612285009787,
            348.40783704032106,
            303.3117776093357,
            320.65759697778924,
            223.49960835102783,
            9.160540207075469,
            -5.319009074980275,
            670.4182909171292,
            693.2736275616209,
            683.2253222184187,
            529.2119085434981,
            513.0747154063405,
            297.2547433957051,
            529.2409443047359,
            260.8998202886432,
            89.15750056357807,
            -32.409975538200605,
            312.54953891184243,
            168.99615024940343,
            -319.122810745123,
            0
        ],
        [
            0,
            0,
            0,
            0,
            0,
            0,
            8.451383740194068,
            -54.18137522517394,
            -34.29620743172985,
            0,
            -161.6921871009552,
            204.45604323624605,
            -190.39370139759822,
            -466.856020879423,
            -389.66279378421626,
            -364.58732269615837,
            -100.66675054267715,
            -440.35331842567746,
            -176.3164367338248,
            -333.8195102238687,
            -99.19536009240588,
            -133.27011639634287,
            -26.950318638936583,
            125.55435547741325,
            266.2615828945211,
            248.2613508017036,
            167.58377541663447,
            447.93966297313585,
            191.81679712989606,
            145.35339246517094,
            346.53581442150085,
            433.65449800621695,
            219.33173125208768,
            231.20957008369263,
            426.1944444455708,
            73.50667710072904,
            251.50491768252238,
            201.90750060924975,
            219.5795938763467,
            115.00882883315809,
            -114.42992605892748,
            -129.5353812628792,
            593.318974976735,
            618.5659063925954,
            609.1524603155921,
            446.72498098838304,
            432.06202667450077,
            205.40429185480806,
            456.4152056298799,
            175.956809174402,
            -0.17369667072278866,
            -121.09991678688671,
            253.20308994144665,
            113.51237331253583,
            -373.1570578712233,
            0
        ],
        [
            0,
            0,
            0,
            0,
            0,
            0,
            129.56916270399992,
            34.80767336744273,
            95.50008201953271,
            161.6921871009552,
            0,
            415.3893223299337,
            -7.2965657553988645,
            -296.99438272986987,
            -201.37007961381715,
            -163.278680479006,
            131.4110426319763,
            -224.28002114802914,
            68.54862877177824,
            -91.095533833864,
            168.3826708246229,
            140.26792872087,
            265.4067439237913,
            442.31919662921877,
            605.3504633609447,
            599.2751757453403,
            526.356454541903,
            834.0107163994119,
            574.700495175896,
            536.0455871919614,
            757.3801907883894,
            857.6551810080472,
            640.1756973572504,
            659.7499685270486,
            870.6578230234289,
            505.76465074550634,
            696.8198175912369,
            648.0788892217556,
            668.7615886993635,
            560.2257333737688,
            319.8138634950661,
            302.51232432674186,
            1055.4904512748876,
            1076.9163790291389,
            1060.3056020213346,
            881.9485666778126,
            855.7311390580757,
            605.9743868587088,
            851.1633070380516,
            539.4066965630519,
            332.57760073987924,
            178.36681262444057,
            528.6542528787352,
            336.27336928031184,
            -219.2872940584956,
            0
        ],
        [
            0,
            0,
            0,
            0,
            0,
            0,
            -8.528354119415596,
            -218.43436410558905,
            -218.01291708075394,
            -204.45604323624605,
            -415.3893223299337,
            0,
            -470.10191194123354,
            -797.026619858907,
            -717.5342439228908,
            -698.1244575851979,
            -409.9140427533057,
            -801.3277992800158,
            -514.7559389470508,
            -699.8858888545308,
            -447.87114835163743,
            -495.0223375021719,
            -390.9730557472705,
            -240.66585457392435,
            -103.43617123746581,
            -139.95929150285704,
            -243.96167265652326,
            47.36717050702145,
            -245.96685405960238,
            -309.3695440652782,
            -102.57145447850723,
            -19.1167631830986,
            -261.6679067348522,
            -257.6725094540136,
            -54.450589843975536,
            -442.5985387387526,
            -255.5825699576853,
            -313.2810920015449,
            -296.98187958699594,
            -411.01961860986347,
            -657.8122967939528,
            -671.9050621247004,
            109.29113442269245,
            141.69333231898824,
            138.96607262981465,
            -25.444132635373453,
            -28.60648115435662,
            -255.41099188877433,
            31.85823319162421,
            -243.88702979278565,
            -402.23485416488467,
            -494.15840687087166,
            -56.010657092871995,
            -145.45912942073775,
            -539.234529468594,
            0
        ],
        [
            0,
            0,
            0,
            0,
            0,
            18.380832789262623,
            202.14901182145599,
            48.038980999251336,
            117.5172148084469,
            190.39370139759822,
            7.2965657553988645,
            470.10191194123354,
            0,
            -318.7771594467493,
            -212.18307203306293,
            -169.42453280149968,
            152.80079868984356,
            -234.12737208780527,
            84.54125175615481,
            -88.20305466131994,
            192.81547301370898,
            162.4740717630417,
            297.37723789902583,
            487.3447110160856,
            661.7417472869204,
            654.6190697657366,
            576.1910917375628,
            904.3340559388477,
            627.2218241489887,
            585.8037350557204,
            821.1765846527464,
            927.4417530620652,
            695.9603882675715,
            716.5090421948823,
            940.0163564102143,
            552.728618806265,
            754.9778072012674,
            703.0219173735392,
            724.5569093701549,
            609.358454108744,
            354.87142478430167,
            336.29911387747995,
            1130.6391192146466,
            1152.1753388083193,
            1133.4304477977498,
            944.2494731912218,
            915.1925238849697,
            651.1867661580424,
            906.4362192993781,
            577.6133591135062,
            359.2831043778709,
            196.4887772353142,
            553.9754170367929,
            348.11404421863,
            -202.61900712412853,
            0
        ],
        [
            0,
            0,
            0,
            0,
            0,
            115.60813733471389,
            379.04000681257963,
            246.17815523484967,
            357.27448372967973,
            466.856020879423,
            296.99438272986987,
            797.026619858907,
            318.7771594467493,
            0,
            125.25232146300428,
            183.3089590025456,
            531.4641953378184,
            141.9535059057083,
            485.1408041317978,
            317.8982842748765,
            620.818406855424,
            600.6537894175957,
            756.6440413767631,
            973.8420438758593,
            1173.6375914304363,
            1184.8915390784045,
            1121.6595880623502,
            1476.572761445223,
            1206.6219495592281,
            1178.5831581621096,
            1434.3744891555548,
            1556.007858843651,
            1329.0139072722266,
            1360.0601063289087,
            1598.3797225472297,
            1207.600913864973,
            1421.1423505597556,
            1371.9724072888587,
            1396.6104456373728,
            1279.1416760401441,
            1016.9515182174637,
            994.7936314319553,
            1803.666751631925,
            1817.5660447706575,
            1787.4321805569145,
            1579.7887660112658,
            1532.6843759340366,
            1241.517170603129,
            1476.326167483668,
            1109.3863744606344,
            849.0680872150432,
            637.285640399442,
            939.5103812190476,
            651.3017525214213,
            -5.647264188796911,
            0
        ],
        [
            0,
            0,
            0,
            0,
            0,
            105.40060520859286,
            360.5916893188176,
            189.2167491089996,
            289.7122592819666,
            389.66279378421626,
            201.37007961381715,
            717.5342439228908,
            212.18307203306293,
            -125.25232146300428,
            0,
            55.30935514549681,
            411.556292171569,
            2.801736282897026,
            353.5933623264516,
            175.8057336495069,
            484.5855261679417,
            459.2059651572958,
            613.7502725845155,
            829.4003547192829,
            1027.2436375144084,
            1031.0374905423066,
            958.5948519120041,
            1317.0150850850407,
            1032.763045398893,
            997.9525868827335,
            1255.3482739736276,
            1375.1710268574639,
            1137.308998681546,
            1165.038213739166,
            1406.0048617773007,
            1001.8170796031375,
            1218.3371540346782,
            1165.8931069172054,
            1189.7526374209235,
            1068.6075510589876,
            799.973286532467,
            778.0817752539456,
            1607.6681031264243,
            1623.9744532371358,
            1596.1256058851502,
            1387.865511972971,
            1344.9078578686076,
            1054.1983880591024,
            1301.482718179665,
            937.2740097358278,
            684.4839623909922,
            484.50256190564784,
            806.1757697523285,
            536.3340662898225,
            -67.28968007191786,
            0
        ],
        [
            0,
            0,
            0,
            0,
            50.95969257422937,
            104.30849622604119,
            366.5248282109773,
            168.76045721661038,
            266.9550118545641,
            364.58732269615837,
            163.278680479006,
            698.1244575851979,
            169.42453280149968,
            -183.3089590025456,
            -55.30935514549681,
            0,
            366.74678971504386,
            -58.23872548548557,
            302.45619510229443,
            116.78789683928221,
            433.6569489779304,
            405.48568152530265,
            561.9731621964017,
            780.3987445903763,
            980.4111930392581,
            980.7699097297437,
            902.9660126747316,
            1268.2719745554577,
            973.2448830504927,
            934.8167179759951,
            1196.5715466329789,
            1317.1735805986173,
            1070.9845047251363,
            1097.5249493569859,
            1342.866638173624,
            927.0895012434911,
            1147.7334150300687,
            1093.0000313422968,
            1116.6741252656445,
            992.1757726030422,
            717.1383115811191,
            694.9631731664628,
            1543.5763142924263,
            1560.7008486189068,
            1533.021037370889,
            1321.5808466745511,
            1279.3521821042266,
            985.1825852738525,
            1239.4082687861476,
            872.1497190940742,
            619.6884319794228,
            422.58802990768737,
            750.5916847647378,
            483.6582341064731,
            -81.6387393963176,
            0
        ],
        [
            0,
            0,
            0,
            0,
            26.128576860295375,
            -15.504949353625946,
            216.7616960435244,
            -37.006521711736475,
            30.98960480178031,
            100.66675054267715,
            -131.4110426319763,
            409.9140427533057,
            -152.80079868984356,
            -531.4641953378184,
            -411.556292171569,
            -366.74678971504386,
            0,
            -450.8370716185357,
            -90.24431651983883,
            -293.1662944259258,
            22.27806089916383,
            -17.74358092358601,
            127.35716599888558,
            331.5029868699343,
            517.4583615226419,
            499.08689188700856,
            401.4900716274164,
            759.8396248519488,
            441.420868558663,
            387.502975206032,
            642.5008047590054,
            753.8007667323433,
            490.4076793115593,
            507.783095822087,
            750.5038638751184,
            317.6925296054378,
            537.8820334452065,
            477.76196064974914,
            499.5108250486986,
            371.52512608755427,
            91.68768594666088,
            72.42187133392451,
            944.4818602291227,
            969.5566028047616,
            951.5300599293998,
            749.1650362018826,
            722.6962474662735,
            443.7776974060789,
            726.9041813606851,
            384.2138021563384,
            165.61584055410714,
            12.88035363263352,
            398.2751409202954,
            206.6238908101236,
            -176.9088131239004,
            0
        ],
        [
            0,
            0,
            0,
            0,
            136.65614200354028,
            152.4179263153837,
            450.8671576239782,
            223.09357706773957,
            332.7349904594504,
            440.35331842567746,
            224.28002114802914,
            801.3277992800158,
            234.12737208780527,
            -141.9535059057083,
            -2.801736282897026,
            58.23872548548557,
            450.8370716185357,
            0,
            385.1647540255334,
            189.48713078303942,
            527.1043146322648,
            498.5210740701722,
            666.039249051539,
            899.1387108039189,
            1112.2029268496324,
            1114.2969323663801,
            1034.0347467493032,
            1420.1598146758874,
            1111.2393312771846,
            1072.3054976009907,
            1348.498151114678,
            1476.0695583778709,
            1218.6843984106313,
            1247.2662464486255,
            1504.7798872644998,
            1069.7452143929493,
            1300.7492601695592,
            1243.3096904759266,
            1267.5570360918773,
            1136.754738811966,
            848.7549398591362,
            824.3733166404818,
            1706.2599258255477,
            1720.9199158131357,
            1688.271682853242,
            1464.2472282994747,
            1415.1223502873968,
            1104.7096987600248,
            1359.1106017184668,
            972.0437755997449,
            702.9794928675944,
            490.0157767317095,
            796.6769390157248,
            494.61497620813714,
            -28.34469344863077,
            0
        ],
        [
            0,
            0,
            0,
            0,
            64.47800255239832,
            17.219704647695323,
            290.538608364969,
            12.558740789030782,
            94.5611913873191,
            176.3164367338248,
            -68.54862877177824,
            514.7559389470508,
            -84.54125175615481,
            -485.1408041317978,
            -353.5933623264516,
            -302.45619510229443,
            90.24431651983883,
            -385.1647540255334,
            0,
            -212.07329919433835,
            124.27879931227335,
            84.45139601872967,
            241.20922623995395,
            460.81340970463816,
            660.5828455509178,
            644.8899606653603,
            545.8139204026468,
            925.4263557961997,
            594.2403263083717,
            540.6194604191596,
            810.4890761396565,
            929.305286980046,
            655.6321230631813,
            675.624442491961,
            930.7988710745233,
            479.74947752225165,
            710.5253285978906,
            648.2197636610543,
            670.9244476494623,
            537.1793503231208,
            245.11896333469016,
            224.00156657453314,
            1128.2294547648173,
            1150.9540691991392,
            1128.09354992011,
            913.6052813761921,
            880.3309424001869,
            585.8725782175278,
            868.3671418242265,
            506.95538615859084,
            272.8231138380702,
            105.66046976480052,
            467.62896750723286,
            244.52453670766215,
            0,
            0
        ],
        [
            0,
            0,
            0,
            5.970120140045378,
            131.84901717746942,
            101.50931677156527,
            409.16137838268145,
            133.5860827875031,
            234.67644858193285,
            333.8195102238687,
            91.095533833864,
            699.8858888545308,
            88.20305466131994,
            -317.8982842748765,
            -175.8057336495069,
            -116.78789683928221,
            293.1662944259258,
            -189.48713078303942,
            212.07329919433835,
            0,
            350.7922046445096,
            315.29212967201056,
            483.86388689970437,
            718.8517287401197,
            932.8309589898837,
            925.5714483587687,
            832.5238887805892,
            1228.7700054368252,
            897.3329936677651,
            849.3542275580274,
            1131.459585848781,
            1258.4815891556668,
            983.9354784060065,
            1008.7599387327631,
            1272.9468597983396,
            815.5789020423805,
            1053.261720196591,
            991.0787185399976,
            1014.7022344209204,
            877.9214345444894,
            578.9623350449298,
            554.9852712997728,
            1471.3020476998395,
            1488.7612357759233,
            1458.2530205641374,
            1231.4193031654588,
            1186.671137533552,
            875.0953950238325,
            1144.6355429448056,
            760.0944262413523,
            500.998489690347,
            304.90223263205604,
            622.6831809543801,
            338.89928815313056,
            0,
            0
        ],
        [
            0,
            0,
            0,
            -31.970141523999263,
            44.47761662965453,
            -30.80769026945278,
            259.51599231718035,
            -57.98874057004393,
            20.99775423559398,
            99.19536009240545,
            -168.38267082462352,
            447.87114835163896,
            -192.81547301370898,
            -620.818406855424,
            -484.5855261679417,
            -433.6569489779304,
            -22.27806089916383,
            -527.1043146322648,
            -124.27879931227335,
            -350.7922046445096,
            0,
            -45.07662130306762,
            114.91949975919403,
            339.19233616857724,
            542.5410953974945,
            520.2442105477071,
            411.075511889354,
            802.872787224739,
            451.8182818149889,
            391.3764634751152,
            668.9051232333693,
            788.921895864051,
            500.0993183054941,
            517.8797125457842,
            780.8453929577431,
            309.20562617189137,
            547.446672051475,
            481.33819045326277,
            504.05755001167444,
            364.97088951691563,
            62.610073606432856,
            41.958875205645384,
            978.9300481179546,
            1003.8105937750661,
            982.2103138360835,
            764.0951842453952,
            733.667905676603,
            436.8144720386348,
            731.1685327670361,
            370.5753807807949,
            144.13132638295855,
            -8.679609356375416,
            356.8453829748803,
            150.5723023375756,
            0,
            0
        ],
        [
            0,
            0,
            0,
            -35.477541459822376,
            62.07504444758972,
            -14.596607714472553,
            292.84571083523343,
            -35.149229998541145,
            49.82784945640843,
            133.27011639634287,
            -140.26792872087,
            495.0223375021719,
            -162.4740717630417,
            -600.6537894175957,
            -459.2059651572958,
            -405.48568152530265,
            17.74358092358601,
            -498.5210740701722,
            -84.45139601872967,
            -315.29212967201056,
            45.07662130306762,
            0,
            165.26348842607007,
            396.5313275748281,
            606.1196889194358,
            584.9055269414414,
            474.8985189530979,
            876.3817840983569,
            519.2790950234377,
            458.8372426459727,
            743.079441900835,
            866.4090573376724,
            572.7395892545884,
            591.5919641279071,
            860.0969082924579,
            380.06185386386835,
            622.9661929821656,
            555.7499769538422,
            578.7636198600089,
            436.9942216574361,
            129.16438378021078,
            107.61144394204942,
            1058.0724882141642,
            1081.516811019146,
            1057.3541258235764,
            833.7167373696469,
            799.7913586712656,
            496.2711368703097,
            788.5122904228184,
            420.3019129384322,
            187.5616277043564,
            29.119759286274547,
            374.83862267591707,
            147.60719148273571,
            0,
            0
        ],
        [
            0,
            0,
            0,
            -79.16869411533818,
            16.678116933575353,
            -82.83115535589147,
            230.95547575027766,
            -128.3666254819754,
            -49.87828397318172,
            26.950318638936583,
            -265.40674392379213,
            390.9730557472705,
            -297.37723789902583,
            -756.6440413767631,
            -613.7502725845155,
            -561.9731621964017,
            -127.35716599888558,
            -666.039249051539,
            -241.20922623995395,
            -483.86388689970437,
            -114.91949975919403,
            -165.26348842607032,
            0,
            231.63752467229963,
            440.96458960852334,
            412.45010526854435,
            292.8361630155465,
            700.543433727198,
            327.2821587203996,
            260.0341790863176,
            547.7917591363806,
            670.2809535982572,
            364.56495047505933,
            380.6143660939822,
            653.46133646534,
            158.3948296645315,
            405.8839670175825,
            335.7817316854578,
            358.8189604179398,
            213.79510736789936,
            -100.16120784653917,
            -120.19397956788404,
            853.1285911309295,
            879.7697787865017,
            858.7338449779885,
            635.9387910285507,
            607.5400501895427,
            307.8667596520633,
            611.8973672775649,
            252.8952246467417,
            35.88824533395313,
            -98.9571643125092,
            253.50542612509537,
            57.778747109766776,
            0,
            0
        ],
        [
            0,
            0,
            -48.74638197556245,
            -151.98107540288456,
            -57.92546541161035,
            -185.31865613860774,
            136.04736060127243,
            -263.11284512217736,
            -193.40866917573393,
            -125.55435547741325,
            -442.31919662921877,
            240.66585457392435,
            -487.3447110160856,
            -973.8420438758593,
            -829.4003547192829,
            -780.3987445903763,
            -331.5029868699343,
            -899.1387108039189,
            -460.81340970463816,
            -718.8517287401197,
            -339.19233616857724,
            -396.5313275748281,
            -231.63752467229935,
            0,
            208.54223364537333,
            170.2702999220721,
            37.99137853022605,
            453.27823414540694,
            59.08666500660322,
            -17.106213114495684,
            274.8818680351012,
            396.1009293575128,
            74.98005042702164,
            87.41381018723479,
            365.7153219712716,
            -148.17289314619498,
            105.22584666884285,
            31.78275734067882,
            55.22513009203182,
            -93.28648290962711,
            -413.9934696486885,
            -431.1826084292366,
            570.5895631933081,
            602.1782938877375,
            586.2638378845836,
            366.50866326043564,
            346.8956008568903,
            55.50112771973667,
            375.36098329268344,
            33.73839923658893,
            -156.21412687191435,
            -250.63266124023818,
            110.00292644313392,
            0,
            0,
            0
        ],
        [
            0,
            0,
            -149.43911938256124,
            -228.7294726149361,
            -133.8141144088212,
            -284.5992823829443,
            45.53683014849222,
            -389.5002723549679,
            -326.80740087471077,
            -266.2615828945211,
            -605.3504633609447,
            103.43617123746581,
            -661.7417472869204,
            -1173.6375914304363,
            -1027.2436375144084,
