{
    "bin_ranges": {
        "m3pi_lower_limit": 1.98,
        "m3pi_upper_limit": 2.02,
        "t_lower_limit": 0.194,
        "t_upper_limit": 0.326
    },
    "info": "The dalitz matrix M is computed as sqrt(-Kibble) * (A[1]-A[2])",
    "bin_centers": [
        0.29900000000000004,
        0.33999999999999997,
        0.38,
        0.42000000000000004,
        0.45999999999999996,
        0.5,
        0.54,
        0.5800000000000001,
        0.62,
        0.66,
        0.69,
        0.71,
        0.73,
        0.75,
        0.77,
        0.79,
        0.81,
        0.83,
        0.85,
        0.87,
        0.89,
        0.91,
        0.94,
        0.98,
        1.02,
        1.06,
        1.1,
        1.1400000000000001,
        1.18,
        1.22,
        1.26,
        1.3,
        1.34,
        1.38,
        1.42,
        1.46,
        1.5,
        1.54,
        1.58,
        1.62,
        1.66,
        1.7,
        1.74,
        1.78,
        1.82,
        1.8599999999999999
    ],
    "real(M)": [
        [
            0,
            0,
            0,
            0,
            0,
            0,
            0,
            0,
            0,
            0,
            0,
            0,
            0,
            0,
            0,
            0,
            0,
            0,
            0,
            0,
            0,
            0,
            0,
            0,
            0,
            0,
            0,
            0,
            287.2318153840949,
            397.0566259021309,
            457.0847770525004,
            496.2572431919204,
            513.2271061171057,
            517.4690979153588,
            512.7240365764981,
            473.6841046886542,
            443.2052677430086,
            400.5183163139747,
            310.48327055547617,
            157.1058077358684,
            0,
            0,
            0,
            0,
            0,
            0
        ],
        [
            0,
            0,
            0,
            0,
            0,
            0,
            0,
            0,
            0,
            0,
            0,
            0,
            0,
            0,
            0,
            0,
            0,
            0,
            0,
            0,
            0,
            0,
            5.482153162614949,
            16.25755921059843,
            -3.780384052582292,
            11.186645004297855,
            19.072217296843395,
            0.9862238854757197,
            5.841428935023878,
            6.152536229313243,
            -21.84219077008121,
            -43.47420125347956,
            -73.38162436477596,
            -98.01651020383328,
            -112.37514423998475,
            -162.24904057793904,
            -165.6903739266335,
            -150.66034989333977,
            -169.1212089108877,
            -180.67188256354206,
            -148.89649235317322,
            -134.52835174952952,
            -26.587052822783594,
            0,
            0,
            0
        ],
        [
            0,
            0,
            0,
            0,
            0,
            0,
            0,
            0,
            0,
            0,
            0,
            0,
            0,
            0,
            0,
            0,
            0,
            32.3738671433392,
            59.13556206556496,
            80.8782839916296,
            19.27839316148628,
            80.60754958516362,
            86.4390444948185,
            95.52246522174981,
            59.518051991240355,
            89.61104249756877,
            105.19556661377379,
            82.14569656728347,
            92.50072818714627,
            95.78079997699147,
            60.23566759925547,
            33.47118449671123,
            -4.573370747411784,
            -36.114045454424385,
            -54.94810160485744,
            -122.01590803489907,
            -129.35900733871136,
            -113.94128367337782,
            -146.4076605247833,
            -174.62665971889672,
            -148.13552428771857,
            -161.28964064081453,
            -21.333412334556602,
            -115.28322456390494,
            0,
            0
        ],
        [
            0,
            0,
            0,
            0,
            0,
            0,
            0,
            0,
            0,
            0,
            0,
            0,
            -37.48846948717877,
            10.57947788594262,
            36.52866333863286,
            72.58590232046576,
            67.34283337843608,
            110.96187699817466,
            144.04315486615073,
            168.2602237598357,
            58.93586918967944,
            152.15439054729117,
            155.7100873352927,
            164.64741701252262,
            115.24822542729048,
            154.33445402792586,
            173.98788728201717,
            145.1083761388545,
            158.34021062482,
            162.69987432045798,
            119.59638892049564,
            87.49220717392356,
            41.77892277726249,
            3.897611465483129,
            -18.86410389901042,
            -100.29211113174384,
            -110.1637348336621,
            -93.10926468645619,
            -135.20860244435707,
            -173.93175728447332,
            -147.00104666399545,
            -173.1303813372226,
            1.196928065573851,
            -171.7461747128971,
            26.615382552363183,
            0
        ],
        [
            0,
            0,
            0,
            0,
            0,
            0,
            0,
            0,
            0,
            9.272703283113225,
            44.5801698579502,
            38.72375630572448,
            -50.87842391668086,
            125.99016730137397,
            177.21156361639873,
            236.80334540158051,
            231.44546733276692,
            296.4253085734122,
            344.1320996274018,
            378.841351949171,
            240.8499884698,
            364.79152837418314,
            375.2762578570456,
            394.41541710066156,
            342.7052766729279,
            397.53383601451463,
            427.8987860236582,
            400.15923693418046,
            421.342782876499,
            431.2005755583609,
            384.9581698004414,
            350.74543784866984,
            299.8405596239117,
            256.92010157669375,
            230.17566876992746,
            134.2282355787118,
            119.1255745267024,
            133.15019791500697,
            76.39240162006651,
            20.444021523723137,
            37.356825285625824,
            -12.794182966825554,
            171.56195165971866,
            -79.83169052250415,
            138.11201977867125,
            0
        ],
        [
            0,
            0,
            0,
            0,
            0,
            0,
            0,
            0,
            -6.598442832444132,
            -27.10893882737466,
            -0.10571908708995226,
            -26.48283992270634,
            -164.70124997462025,
            69.71722198284837,
            124.33669056057082,
            188.29806688052602,
            170.02270000346573,
            239.99458022895152,
            288.1561682672966,
            320.55800914124046,
            147.13974025871633,
            287.15021260064907,
            288.8684530146022,
            298.67773984817677,
            228.04383660353236,
            281.77295122734324,
            308.1205350305169,
            269.2132910837085,
            287.04882523856475,
            292.9589296478045,
            236.53344063320526,
            194.8748935657914,
            135.59776018613474,
            86.50298443466512,
            56.78654300936146,
            -49.31892997805256,
            -63.34890508249779,
            -43.21716364132211,
            -100.87030586335486,
            -155.80784682720486,
            -126.49429213095853,
            -170.10878931878435,
            57.55180682252864,
            -209.241676874549,
            89.6796235197889,
            0
        ],
        [
            0,
            0,
            0,
            0,
            0,
            0,
            0,
            22.078248393605044,
            41.62015317521684,
            31.401346949845077,
            79.17148562280595,
            51.79042516650677,
            -112.5770681249476,
            180.77845412254604,
            250.0875592702702,
            329.04036329730286,
            310.19106143526733,
            394.6281561696933,
            452.83668310408694,
            492.3851690048733,
            295.8262241398532,
            458.65077877920174,
            464.2110965550594,
            480.01691309074255,
            405.17050649837375,
            469.82026690779117,
            503.15019801584526,
            463.3171428252805,
            486.2079668532833,
            495.29213150581165,
            434.8501242074116,
            390.27712641140175,
            325.69232527499906,
            271.6999952061226,
            238.2888292891415,
            119.92815672239281,
            101.8893965479532,
            120.20697408174945,
            51.62030813989901,
            -15.628211194890135,
            7.756935830705636,
            -51.655270698579066,
            184.8626231430442,
            -130.2837176049543,
            175.8725866966712,
            0
        ],
        [
            0,
            0,
            0,
            0,
            0,
            0,
            -22.078248393605044,
            0,
            7.6380443961575955,
            -17.92928913812272,
            32.04730697958094,
            -5.320328702195556,
            -201.27116630706143,
            135.56088007537872,
            210.26065497229305,
            295.36050954180166,
            268.979239968809,
            359.8117770787792,
            420.7206789804852,
            460.5915976360003,
            236.6752013062279,
            414.72827391795494,
            415.5215987254823,
            426.53666741455646,
            338.21794442642414,
            404.3864599024198,
            436.4340772801951,
            388.7975874580165,
            410.4203720974766,
            417.4388668520198,
            349.2086094680367,
            298.97351702706425,
            227.66226763207067,
            168.60149487505302,
            132.6266521691244,
            5.299125730204987,
            -12.36224264377738,
            10.220690957795133,
            -60.25279595113935,
            -128.01356835896493,
            -96.39573519455094,
            -152.39592930783377,
            112.80632238486139,
            -212.35986535086093,
            135.11971491011184,
            0
        ],
        [
            0,
            0,
            0,
            0,
            0,
            6.598442832444132,
            -41.62015317521684,
            -7.6380443961575955,
            0,
            -31.434642022971246,
            25.207308550760224,
            -18.143408540647965,
            -239.9020107300674,
            139.0004978150906,
            221.2543356829899,
            314.5425958535507,
            283.65292360591013,
            382.7388518304956,
            448.40801914320343,
            490.7453283986723,
            243.36580606079158,
            437.61091306327177,
            436.74820083127975,
            446.73124984427636,
            348.89663433955485,
            419.3414035526563,
            452.7285434287459,
            399.9803150997634,
            422.33171896105193,
            428.9990607057531,
            354.6990401585557,
            300.04584814187064,
            222.9574217180069,
            159.28910226529507,
            120.62566631731049,
            -15.753397401937576,
            -34.3029093350553,
            -9.626627097981691,
            -84.21280821944879,
            -155.45895281092757,
            -120.4064698713557,
            -178.04941440062174,
            104.44581514118208,
            -234.0632016242388,
            128.47453644373454,
            0
        ],
        [
            0,
            0,
            0,
            0,
            -9.272703283113225,
            27.10893882737466,
            -31.401346949845077,
            17.92928913812272,
            31.434642022971246,
            0,
            66.31857425539096,
            19.809145298150206,
            -223.5211400473293,
            196.35402111528578,
            287.7402045782996,
            390.7156497029391,
            357.62067036591793,
            466.34848643883254,
            538.3425739681164,
            584.7948488494161,
            317.09688808944026,
            528.2182588876377,
            528.1594646626902,
            540.0919363969332,
            435.9398124483183,
            512.8193095798329,
            549.6012288981728,
            493.8837349361072,
            518.4842356816954,
            526.0748548618442,
            447.0040152129605,
            388.80304623326316,
            306.5482798529661,
            238.43589111814907,
            196.7021770173651,
            50.95809781015445,
            30.0750441127593,
            54.52941807995192,
            -26.50371857654656,
            -104.27501021073849,
            -70.62821086094225,
            -134.96237346007624,
            153.2409260578065,
            -201.62370943572512,
            147.2752389513445,
            0
        ],
        [
            0,
            0,
            0,
            0,
            -44.5801698579502,
            0.10571908708995226,
            -79.17148562280595,
            -32.04730697958094,
            -25.207308550760224,
            -66.31857425539096,
            0,
            -53.014997159723784,
            -315.68576791755225,
            129.06179236318255,
            223.05313952646037,
            329.1700267522322,
            290.91358232043365,
            403.0047815871843,
            476.1280947387685,
            522.2528722707077,
            236.93671708006502,
            457.0371682798625,
            453.1932690822638,
            461.0887425140349,
            347.45053172779933,
            424.4025357871121,
            459.5670796014482,
            398.20147639729254,
            421.3993884991399,
            427.20391955669726,
            342.913316661918,
            281.0165518408143,
            194.63874578203365,
            123.69353996741842,
            80.94167547006184,
            -69.22842973650486,
            -88.59325415298406,
            -60.00365621105583,
            -139.71260239829445,
            -214.4747193948112,
            -172.49338909686907,
            -229.12346467055022,
            76.2530319537974,
            -264.329038061662,
            96.34443662461526,
            0
        ],
        [
            0,
            0,
            0,
            0,
            -38.72375630572448,
            26.48283992270634,
            -51.79042516650677,
            5.320328702195556,
            18.143408540647965,
            -19.809145298150206,
            53.014997159723784,
            0,
            -271.024899979141,
            193.50660934365314,
            292.927922844251,
            404.70210497706614,
            366.6610302388315,
            484.32377082212713,
            561.4735816265508,
            610.5783840425835,
            317.0158871794527,
            545.8582073633443,
            543.8280973565782,
            554.403327496513,
            439.49028295529604,
            520.8493574875631,
            558.8509441088637,
            497.2304156530999,
            522.3657093432806,
            529.2962511078342,
            443.3375988285394,
            380.1075391902314,
            291.4371516188021,
            218.2726576386896,
            173.62831456467103,
            18.530116495162943,
            -3.0470100526327006,
            23.785965495263973,
            -60.72141952819776,
            -140.76789822965097,
            -102.81711966923612,
            -166.1285618374416,
            133.51885615158025,
            -216.11600807399282,
            111.69379536593452,
            0
        ],
        [
            0,
            0,
            0,
            37.48846948717877,
            50.87842391668086,
            164.70124997462025,
            112.5770681249476,
            201.27116630706143,
            239.9020107300674,
            223.5211400473293,
            315.68576791755225,
            271.024899979141,
            0,
            491.5272253049293,
            603.8114725948043,
            728.4383249704612,
            697.7426108401695,
            827.7234998712017,
            915.4699827843169,
            973.9339673896666,
            678.604348391117,
            921.9589355843541,
            930.3023599542464,
            954.1680447000277,
            847.772987302238,
            942.1985627750064,
            990.7278514982189,
            935.5705403346336,
            968.1617576191729,
            980.5552942142174,
            896.0701923698963,
            833.2470358706555,
            742.5530827600746,
            665.7867650939293,
            616.0301821959114,
            450.9136391351009,
            419.6035579100237,
            434.4824510265286,
            332.1227138528206,
            230.12728111029637,
            242.62056810046602,
            145.56188196450353,
            402.35838133882226,
            -4.099894534468149,
            192.39361041763664,
            0
        ],
        [
            0,
            0,
            0,
            -10.57947788594262,
            -125.99016730137397,
            -69.71722198284837,
            -180.77845412254604,
            -135.56088007537872,
            -139.0004978150906,
            -196.35402111528578,
            -129.06179236318255,
            -193.50660934365314,
            -491.5272253049293,
            0,
            99.40667125031736,
            211.9327100442253,
            164.55879178308874,
            283.4399043291403,
            359.1596298688255,
            405.1337315503033,
            87.24599615848514,
            324.588950531912,
            314.2422097524056,
            315.301681366147,
            184.56590856039256,
            262.27685422432705,
            294.9867198557256,
            223.6096699000455,
            244.68627952130936,
            247.6260436750673,
            154.1157454426981,
            85.85270720158783,
            -7.610012144417981,
            -83.18695808249615,
            -127.17397890504114,
            -284.4606549129669,
            -300.12766901713275,
            -263.0987249343689,
            -338.7357769591067,
            -405.74551314027406,
            -346.69750407162934,
            -385.0699615143424,
            -51.576830755839374,
            -342.36655711380166,
            17.98527978966584,
            0
        ],
        [
            0,
            0,
            0,
            -36.52866333863286,
            -177.21156361639873,
            -124.33669056057082,
            -250.0875592702702,
            -210.26065497229305,
            -221.25433568298916,
            -287.7402045782996,
            -223.05313952646037,
            -292.927922844251,
            -603.8114725948043,
            -99.40667125031736,
            0,
            112.89156954700934,
            61.06292232788581,
            180.52992546465606,
            255.56885748548225,
            300.0481816081619,
            -29.470041414502212,
            211.93978006758238,
            197.6207005806006,
            194.14192032363272,
            55.868900428139256,
            131.86951272326152,
            162.10071054799795,
            86.14506932048751,
            105.37932805940832,
            106.54004440980601,
            9.614416769203036,
            -60.81731735775932,
            -156.26131563396737,
            -232.61781683078325,
            -275.85618658149247,
            -433.5420566872072,
            -445.7427868036928,
            -403.13890814902584,
            -473.45742635098185,
            -532.8413170444728,
            -462.24998168151507,
            -486.1998593581037,
            -135.55373018623132,
            -387.1009975160777,
            0,
            0
        ],
        [
            0,
            0,
            0,
            -72.58590232046576,
            -236.80334540158051,
            -188.29806688052602,
            -329.04036329730286,
            -295.36050954180166,
            -314.5425958535507,
            -390.7156497029391,
            -329.1700267522322,
            -404.70210497706614,
            -728.4383249704612,
            -211.9327100442253,
            -112.89156954700934,
            0,
            -56.49349913522568,
            63.20828141976537,
            137.26387525543637,
            179.9808963614777,
            -161.11995495123932,
            83.94497459722898,
            65.3615194866492,
            56.97751771318904,
            -89.04799599849271,
            -15.097125778927433,
            12.403916882777448,
            -68.23712198621217,
            -50.96965225430344,
            -51.63003075962318,
            -151.84730718970937,
            -224.25948407309528,
            -321.3705758968835,
            -398.0963423247384,
            -440.0826947693864,
            -597.3634939306521,
            -605.2952276712779,
            -556.1916076708877,
            -619.8059026592773,
            -669.7993935251068,
            -585.6920850535953,
            -592.1341569357252,
            -221.85208481738826,
            -422.0185283096877,
            0,
            0
        ],
        [
            0,
            0,
            0,
            -67.34283337843608,
            -231.44546733276692,
            -170.02270000346573,
            -310.19106143526733,
            -268.979239968809,
            -283.65292360591013,
            -357.62067036591793,
            -290.91358232043365,
            -366.6610302388315,
            -697.7426108401695,
            -164.55879178308874,
            -61.06292232788581,
            56.49349913522568,
            0,
            124.31000542630375,
            201.65176751704357,
            246.75857745067776,
            -101.6112583287811,
            150.8099018470499,
            133.54522574157252,
            127.1620022478177,
            -20.220963766538876,
            57.255434774071674,
            86.95847627281228,
            5.935554557421677,
            24.69578522989802,
            24.872607496223623,
            -76.76235430727819,
            -150.24837667892035,
            -249.11867517870294,
            -327.44739531977734,
            -370.6962216174389,
            -531.3200955232219,
            -540.4890902723096,
            -492.29863571789053,
            -558.546901848746,
            -611.0257122750653,
            -528.8030708272495,
            -537.0542195861908,
            -174.9930035143846,
            -355.37379378400874,
            0,
            0
        ],
        [
            0,
            0,
            -32.3738671433392,
            -110.96187699817466,
            -296.4253085734122,
            -239.99458022895152,
            -394.6281561696933,
            -359.8117770787792,
            -382.7388518304956,
            -466.34848643883254,
            -403.0047815871843,
            -484.323770822128,
            -827.7234998712017,
            -283.4399043291403,
            -180.52992546465606,
            -63.20828141976537,
            -124.3100054263039,
            0,
            76.20482515445254,
            119.45052751390624,
            -239.98598246373874,
            15.674110832492474,
            -5.857817512374709,
            -17.161605123911944,
            -172.07379193636515,
            -96.74897153083549,
            -69.77854815302625,
            -155.2783242519632,
            -138.4039523051395,
            -139.89732711060324,
            -244.43858708128136,
            -319.5033937317363,
            -419.50670303805447,
            -497.61344634843255,
            -538.9847793199322,
            -698.1261899385911,
            -702.158545013844,
            -646.5849881053183,
            -704.5484867871362,
            -745.5844654071412,
            -647.7774217600888,
            -634.5335737199725,
            -251.09430967289575,
            -350.8232517325939,
            0,
            0
        ],
        [
            0,
            0,
            -59.13556206556494,
            -144.04315486615073,
            -344.1320996274018,
            -288.1561682672966,
            -452.83668310408694,
            -420.7206789804852,
            -448.40801914320343,
            -538.3425739681164,
            -476.1280947387685,
            -561.4735816265508,
            -915.4699827843169,
            -359.1596298688255,
            -255.56885748548225,
            -137.26387525543637,
            -201.65176751704357,
            -76.20482515445254,
            0,
            42.50856400025207,
            -326.6018443433776,
            -66.81972656749694,
            -91.05913133144239,
            -105.3581119804521,
            -265.92846483355385,
            -191.23434146225773,
            -165.61949421251296,
            -254.3166479357059,
            -238.33398836795806,
            -240.70274178330033,
            -347.48732807944293,
            -423.73396855603585,
            -524.7037369320822,
            -602.721221389516,
            -642.6950721803172,
            -801.0043629533407,
            -801.1257316577102,
            -739.923628562494,
            -791.6144384184263,
            -823.7250501611729,
            -713.7995764729768,
            -682.6918291743367,
            -284.61257659919704,
            -285.723638040538,
            0,
            0
        ],
        [
            0,
            0,
            -80.8782839916296,
            -168.2602237598357,
            -378.841351949171,
            -320.55800914124046,
            -492.3851690048733,
            -460.5915976360003,
            -490.7453283986723,
            -584.7948488494161,
            -522.2528722707077,
            -610.5783840425835,
            -973.9339673896666,
            -405.1337315503033,
            -300.0481816081619,
            -179.9808963614777,
            -246.75857745067776,
            -119.45052751390624,
            -42.50856400025207,
            0,
            -377.7627805772838,
            -113.33804202777418,
            -139.24181264994363,
            -155.25389706064445,
            -320.1992823347486,
            -245.1507271110766,
            -219.99219951630866,
            -311.0227072235303,
            -295.2913619337614,
            -298.02654007365646,
            -406.6023175608024,
            -483.7673471446642,
            -585.58505181,
            -663.6023686475835,
            -702.5152239619588,
            -860.3794215751091,
            -857.4334317210015,
            -791.8360402201259,
            -838.563324796172,
            -863.3514935019231,
            -743.6143936852309,
            -696.6560565435218,
            -288.63323031779436,
            -107.12386762461452,
            0,
            0
        ],
        [
            0,
            0,
            -19.27839316148628,
            -58.93586918967944,
            -240.8499884698,
            -147.13974025871633,
            -295.8262241398532,
            -236.6752013062279,
            -243.36580606079158,
            -317.09688808944026,
            -236.93671708006502,
            -317.0158871794527,
            -678.604348391117,
            -87.24599615848514,
            29.470041414502212,
            161.11995495123932,
            101.6112583287811,
            239.98598246373874,
            326.6018443433776,
            377.7627805772838,
            0,
            276.9207534919777,
            260.8389627111765,
            257.24225441339803,
            100.76751500988212,
            187.35844354785033,
            221.72485818707415,
            136.45831713724897,
            158.1653885109249,
            159.38703124578862,
            51.36747101637033,
            -26.65533302727647,
            -131.71032200297947,
            -214.8830845122509,
            -261.00747927713735,
            -429.99950752220724,
            -439.78722185525015,
            -390.4333247120674,
            -458.29889186222226,
            -509.00143849871574,
            -422.6765441191299,
            -416.66768789064804,
            -85.16678073625394,
            0,
            0,
            0
        ],
        [
            0,
            0,
            -80.60754958516362,
            -152.15439054729117,
            -364.79152837418314,
            -287.15021260064907,
            -458.65077877920174,
            -414.72827391795494,
            -437.61091306327177,
            -528.2182588876377,
            -457.0371682798625,
            -545.8582073633443,
            -921.9589355843541,
            -324.588950531912,
            -211.93978006758238,
            -83.94497459722898,
            -150.8099018470499,
            -15.674110832492474,
            66.81972656749694,
            113.33804202777418,
            -276.9207534919777,
            0,
            -23.75104213730223,
            -36.47465362980575,
            -203.7645562756344,
            -122.85212812693256,
            -94.0719230503926,
            -185.72365601151455,
            -167.55282149086167,
            -168.93128275229094,
            -279.65923090735953,
            -358.3493150475008,
            -462.58955171364715,
            -542.6377834923603,
            -582.9769355422621,
            -744.4996978086502,
            -742.4031286630318,
            -677.4262089638596,
            -725.3315376727937,
            -749.3952681303975,
            -628.8659337048008,
            -571.8411682101364,
            -182.75489873420062,
            0,
            0,
            0
        ],
        [
            0,
            -5.4821531626149875,
            -86.4390444948185,
            -155.7100873352927,
            -375.2762578570456,
            -288.8684530146022,
            -464.2110965550594,
            -415.5215987254823,
            -436.74820083127975,
            -528.1594646626902,
            -453.1932690822638,
            -543.8280973565782,
            -930.3023599542452,
            -314.2422097524056,
            -197.62070058060078,
            -65.36151948664926,
            -133.54522574157266,
            5.857817512374709,
            91.05913133144239,
            139.24181264994363,
            -260.8389627111765,
            23.75104213730223,
            0,
            -12.283313162124507,
            -182.84647941538864,
            -99.35055391550145,
            -69.34942890827331,
            -162.46476313357408,
            -143.45816367250464,
            -144.50345149696324,
            -256.95181883704936,
            -336.62893021312993,
            -442.0657904530034,
            -522.6467440419979,
            -562.7053921119563,
            -724.5397636521875,
            -720.6053389090013,
            -653.1650307036465,
            -697.2774014196201,
            -714.5261074135773,
            -586.0524364106888,
            -507.24760180012265,
            -113.2485684108757,
            0,
            0,
            0
        ],
        [
            0,
            -16.25755921059843,
            -95.52246522174981,
            -164.64741701252262,
            -394.41541710066156,
            -298.67773984817677,
            -480.01691309074255,
            -426.53666741455646,
            -446.73124984427636,
            -540.0919363969332,
            -461.0887425140349,
            -554.403327496513,
            -954.1680447000277,
            -315.301681366147,
            -194.14192032363272,
            -56.97751771318904,
            -127.1620022478177,
            17.161605123911944,
            105.3581119804521,
            155.25389706064445,
            -257.24225441339803,
            36.47465362980575,
            12.283313162124507,
            0,
            -175.01076332936026,
            -88.79283637017697,
            -57.674722320068554,
            -152.80193359640757,
            -133.00337360770925,
            -133.77779514831343,
            -248.18390134094375,
            -328.8044088965981,
            -435.17177824689014,
            -515.6755919339172,
            -554.5110707348754,
            -714.8473057311966,
            -707.0693014524569,
            -634.9660275049505,
            -670.795193868062,
            -674.1148481753168,
            -529.250105261865,
            -401.1239605140169,
            0,
            0,
            0,
            0
        ],
        [
            0,
            3.780384052582292,
            -59.518051991240355,
            -115.24822542729048,
            -342.7052766729279,
            -228.04383660353236,
            -405.17050649837375,
            -338.21794442642414,
            -348.89663433955485,
            -435.9398124483183,
            -347.45053172779933,
            -439.49028295529604,
            -847.772987302238,
            -184.56590856039256,
            -55.868900428139256,
            89.04799599849271,
            20.220963766538876,
            172.07379193636515,
            265.92846483355385,
            320.1992823347486,
            -100.76751500988212,
            203.7645562756344,
            182.84647941538864,
            175.01076332936026,
            0,
            91.97204030432314,
            126.8028854298005,
            32.06286949884118,
            53.93064700634473,
            54.01071670651989,
            -62.10278014877111,
            -144.42661038924538,
            -253.29870336365974,
            -336.4710887310511,
            -378.2657300170125,
            -541.6975590409575,
            -537.4158893809346,
            -470.5918133864144,
            -508.9343746050992,
            -511.27677976732673,
            -367.8260876703648,
            -176.5915900746523,
            0,
            0,
            0,
            0
        ],
        [
            0,
            -11.186645004297855,
            -89.61104249756877,
            -154.33445402792586,
            -397.53383601451463,
            -281.77295122734324,
            -469.82026690779117,
            -404.3864599024198,
            -419.3414035526563,
            -512.8193095798329,
            -424.4025357871121,
            -520.8493574875637,
            -942.1985627750064,
            -262.27685422432705,
            -131.86951272326152,
            15.097125778927433,
            -57.25543477407172,
            96.74897153083549,
            191.23434146225773,
            245.1507271110766,
            -187.35844354785033,
            122.85212812693256,
            99.35055391550145,
            88.79283637017697,
            -91.97204030432314,
            0,
            33.93608146633091,
            -63.49526681697469,
            -41.958242210261844,
            -42.11880605634461,
            -159.13850114093333,
            -240.96310714445897,
            -348.23042183843774,
            -428.0828720859962,
            -464.7995863420413,
            -619.4571060981241,
            -604.7377018371526,
            -525.7838465787195,
            -541.47956373624,
            -506.8349530415612,
            -306.9010111356747,
            0,
            0,
            0,
            0,
            0
        ],
        [
            0,
            -19.072217296843395,
            -105.19556661377379,
            -173.98788728201717,
            -427.8987860236582,
            -308.1205350305169,
            -503.15019801584526,
            -436.4340772801951,
            -452.72854342874655,
            -549.6012288981728,
            -459.5670796014482,
            -558.8509441088637,
            -990.7278514982189,
            -294.9867198557256,
            -162.10071054799795,
            -12.403916882777448,
            -86.95847627281228,
            69.77854815302629,
            165.61949421251296,
            219.99219951630866,
            -221.72485818707415,
            94.0719230503926,
            69.34942890827332,
            57.67472232006854,
            -126.80288542980053,
            -33.93608146633091,
            0,
            -98.90488375937376,
            -77.1826652243878,
            -77.21851153563303,
            -194.42855923666815,
            -275.4010494218729,
            -380.72821547690813,
            -457.2334232280768,
            -489.29736287645903,
            -634.4397363143821,
            -609.9649139519181,
            -520.17353722119,
            -510.76296175361676,
            -427.93370070031136,
            -9.545216737192323,
            0,
            0,
            0,
            0,
            0
        ],
        [
            0,
            -0.9862238854757197,
            -82.14569656728348,
            -145.1083761388545,
            -400.15923693418046,
            -269.2132910837085,
            -463.3171428252805,
            -388.7975874580165,
            -399.9803150997634,
            -493.8837349361072,
            -398.20147639729254,
            -497.2304156531004,
            -935.5705403346336,
            -223.6096699000455,
            -86.14506932048755,
            68.23712198621217,
            -5.935554557421678,
            155.2783242519632,
            254.3166479357059,
            311.0227072235303,
            -136.45831713724897,
            185.72365601151455,
            162.46476313357408,
            152.80193359640757,
            -32.06286949884118,
            63.49526681697469,
            98.90488375937376,
            0,
            22.231767592841795,
            22.050655388100964,
            -95.71149305078013,
            -177.1316425961669,
            -282.4517156395248,
            -358.6023924290937,
            -390.3738358923877,
            -530.0188029983871,
            -502.7487617720579,
            -411.52761638383635,
            -383.1451787427448,
            -234.50217245382726,
            0,
            0,
            0,
            0,
            0,
            0
        ],
        [
            -287.2318153840957,
            -5.8414289350238775,
            -92.50072818714625,
            -158.34021062482,
            -421.342782876499,
            -287.04882523856475,
            -486.2079668532833,
            -410.4203720974766,
            -422.33171896105193,
            -518.4842356816954,
            -421.3993884991399,
            -522.3657093432806,
            -968.1617576191729,
            -244.68627952130936,
            -105.37932805940838,
            50.96965225430347,
            -24.69578522989803,
            138.4039523051395,
            238.33398836795809,
            295.2913619337614,
            -158.1653885109249,
            167.55282149086167,
            143.45816367250464,
            133.00337360770925,
            -53.93064700634473,
            41.958242210261844,
            77.18266522438779,
            -22.231767592841795,
            0,
            -0.10259795092469179,
            -116.74161487265783,
            -196.22442893546832,
            -297.8499259718859,
            -368.8057809283988,
            -394.19487394353973,
            -518.2397385312051,
            -476.80987804951803,
            -368.6708968897844,
            -283.5611587579598,
            0,
            0,
            0,
            0,
            0,
            0,
            0
        ],
        [
            -397.0566259021309,
            -6.152536229313241,
