{
    "bin_ranges": {
        "m3pi_lower_limit": 1.66,
        "m3pi_upper_limit": 1.7,
        "t_lower_limit": 0.194,
        "t_upper_limit": 0.326
    },
    "info": "The dalitz matrix M is computed as sqrt(-Kibble) * (A[1]-A[2])",
    "bin_centers": [
        0.29900000000000004,
        0.33999999999999997,
        0.38,
        0.42000000000000004,
        0.45999999999999996,
        0.5,
        0.54,
        0.5800000000000001,
        0.62,
        0.66,
        0.69,
        0.71,
        0.73,
        0.75,
        0.77,
        0.79,
        0.81,
        0.83,
        0.85,
        0.87,
        0.89,
        0.91,
        0.94,
        0.98,
        1.02,
        1.06,
        1.1,
        1.1400000000000001,
        1.18,
        1.22,
        1.26,
        1.3,
        1.34,
        1.38,
        1.42,
        1.46,
        1.5,
        1.54
    ],
    "real(M)": [
        [
            0,
            0,
            0,
            0,
            0,
            0,
            0,
            0,
            0,
            0,
            0,
            0,
            0,
            0,
            0,
            0,
            0,
            0,
            0,
            0,
            0,
            0,
            0,
            27.51688815436354,
            42.930408693699775,
            38.69533554634851,
            32.22637574435077,
            16.12174309522085,
            21.55291175948374,
            29.12922124380857,
            15.41397726963445,
            10.157922553542194,
            2.4384166208572275,
            0,
            0,
            0,
            0,
            0
        ],
        [
            0,
            0,
            0,
            0,
            0,
            0,
            0,
            0,
            0,
            0,
            0,
            0,
            0,
            0,
            0,
            27.92298608063057,
            99.97259952522906,
            139.94492910609802,
            177.92201440387052,
            184.84815070767692,
            216.98685689429666,
            209.05589967708033,
            207.88547157652232,
            200.14236582313208,
            208.67548879881048,
            189.84211380304097,
            175.02415146930025,
            145.0631664338315,
            155.19377660365205,
            168.39067445101605,
            141.22817031858753,
            127.64548682136036,
            104.33739087321757,
            49.95620354051078,
            64.62432958931285,
            28.208024797330054,
            0,
            0
        ],
        [
            0,
            0,
            0,
            0,
            0,
            0,
            0,
            0,
            0,
            0,
            -29.264608548761498,
            -53.23647727895675,
            -33.18635364060419,
            11.818496187914617,
            97.20700801543332,
            172.8595752118401,
            203.55576957333477,
            223.4637355881936,
            253.56600284806134,
            235.8971411353553,
            266.5805129484328,
            236.9917346630134,
            216.69743026934069,
            188.5856008473909,
            188.60677522475797,
            154.7295062465289,
            129.53473220274049,
            86.84688346710678,
            99.2802334553089,
            117.78323012242097,
            85.35055331703131,
            73.39866101860385,
            51.36582225267246,
            -11.91566852879601,
            33.383717436918275,
            51.38858997149662,
            38.12046693598303,
            0
        ],
        [
            0,
            0,
            0,
            0,
            0,
            0,
            0,
            0,
            -21.135299136467243,
            -69.82696260046077,
            -92.71634271613424,
            -64.49046143980836,
            -1.2463977487340276,
            81.94588280092225,
            213.4447184094113,
            319.43896972745193,
            357.4853231120654,
            380.6643189195582,
            417.70792575617577,
            392.23256406277517,
            430.414252041385,
            391.58446843375674,
            365.63153530361586,
            331.2501505562523,
            332.30306316400004,
            291.99737856966317,
            262.3341550295841,
            211.29583278593074,
            226.11480317584522,
            247.3874996469728,
            206.4556986515181,
            189.00337995952435,
            157.8240262940391,
            73.36979423998015,
            120.98510798772713,
            135.4330275928414,
            138.2903115928505,
            0
        ],
        [
            0,
            0,
            0,
            0,
            0,
            0,
            0,
            -24.081458859453853,
            -55.26174422568256,
            -98.98193752539983,
            -117.56234722111044,
            -72.45110210918664,
            14.4791497269049,
            122.34603922864729,
            287.22060179328275,
            415.91522245796335,
            458.7027591456243,
            483.2856812800294,
            524.8155180523884,
            491.357854907905,
            534.573451654425,
            486.4244554449197,
            453.54985632245945,
            411.1977095003559,
            411.00466660833723,
            363.2451345724299,
            328.28318523112154,
            268.9905292276316,
            285.6020680005348,
            309.5656007994875,
            262.08322136500476,
            241.50321909565983,
            205.0126042717326,
            106.5193183871938,
            161.03572422479078,
            178.84004665001842,
            193.3690895897111,
            0
        ],
        [
            0,
            0,
            0,
            0,
            0,
            0,
            -7.424211996326008,
            -17.26012663584903,
            -44.2867211994561,
            -88.36400065983152,
            -103.33720302246093,
            -43.78299493271115,
            63.97908781279222,
            194.1408452623166,
            389.2557332236392,
            539.341028459913,
            587.9187168650305,
            615.2429906933452,
            662.1270311879291,
            622.8087534488252,
            671.6527485705088,
            616.1624382965575,
            578.3787661911113,
            530.2596734309376,
            530.0291467465178,
            476.271834518431,
            436.92754748406634,
            370.2380350316909,
            388.14667766430216,
            413.7477532068214,
            359.1454108181614,
            333.94035909537564,
            290.2496168634692,
            176.414199065835,
            231.97402615692027,
            245.2513483392655,
            254.47876366716983,
            0
        ],
        [
            0,
            0,
            0,
            0,
            0,
            7.424211996326008,
            0,
            -7.697980924157671,
            -36.72486885372657,
            -84.8117912702781,
            -98.9807385698918,
            -28.113588063270054,
            96.93850302722332,
            246.02435719966363,
            467.45447113206967,
            636.1648899495709,
            689.4174436704765,
            718.6806277420558,
            769.8924502199759,
            724.7057794786774,
            778.1589143657706,
            715.4467486265605,
            672.4209439084584,
            618.0867521175339,
            616.9893614124386,
            557.024853434524,
            513.0932589004265,
            439.23525676239035,
            458.04184089749594,
            484.9709574558112,
            424.0131479647038,
            394.8996340670689,
            345.28862234111017,
            219.0339793976884,
            275.99526165496553,
            285.4741241920929,
            286.68273035571724,
            0
        ],
        [
            0,
            0,
            0,
            0,
            24.081458859453853,
            17.26012663584903,
            7.697980924157671,
            0,
            -32.06861870330759,
            -84.86219020119663,
            -99.10611341991668,
            -18.514239151356247,
            121.80790111984365,
            287.79188716932936,
            532.9815627723101,
            718.5399825753202,
            775.9138076067022,
            806.7871240836794,
            861.7986697079323,
            811.0272810499184,
            868.5290032598697,
            798.965354236935,
            750.8036206847668,
            690.3383874432027,
            688.046922676281,
            622.0060579949177,
            573.5259625095532,
            492.8241971619067,
            512.1478581137862,
            539.9507743279008,
            473.0171429138032,
            440.1262613718343,
            385.012310308816,
            248.02664214880815,
            305.11721240046614,
            309.1001214933364,
            295.1716477326662,
            0
        ],
        [
            0,
            0,
            0,
            21.135299136467243,
            55.26174422568256,
            44.2867211994561,
            36.72486885372657,
            32.06861870330759,
            0,
            -54.61740446667619,
            -67.2594579626428,
            23.281334860214354,
            178.64077825635852,
            361.1715620776259,
            629.2217197761711,
            831.2748017187721,
            893.3762190550876,
            926.600157288314,
            985.9199419828591,
            930.7299504079555,
            992.6415567122158,
            917.3629961953402,
            865.2597135954633,
            799.987067943496,
            797.170273741641,
            725.8541814152453,
            673.2151648322726,
            585.9754972564716,
            605.0289178309048,
            632.3747581015672,
            558.4222914671363,
            519.8296046540105,
            456.80163372056865,
            306.99683162629015,
            357.66662987878505,
            346.8001473517467,
            295.83222289359276,
            0
        ],
        [
            0,
            0,
            0,
            69.82696260046077,
            98.98193752539983,
            88.36400065983152,
            84.8117912702781,
            84.86219020119663,
            54.61740446667619,
            0,
            -10.015420707628246,
            90.40791038582043,
            260.33126356116884,
            458.8142280436638,
            748.6255994976781,
            966.5447688023445,
            1033.6130619053301,
            1069.5612830741593,
            1133.360762670518,
            1074.549985019755,
            1140.929652846899,
            1060.7406068292948,
            1005.4494496655873,
            936.1691219891335,
            933.0455254990254,
            856.8581693677605,
            800.1160016130245,
            706.3737497970259,
            724.1502444358981,
            749.5359141878504,
            667.4235357260236,
            621.14349175971,
            547.7688549167485,
            383.12206674741145,
            420.4260748307815,
            383.8397303569862,
            259.8890344387543,
            0
        ],
        [
            0,
            0,
            29.264608548761498,
            92.71634271613424,
            117.56234722111044,
            103.33720302246093,
            98.9807385698918,
            99.10611341991668,
            67.2594579626428,
            10.015420707628246,
            0,
            106.15954907123003,
            285.14243405873384,
            493.70721493996206,
            797.700627034977,
            1025.7263646626557,
            1095.3310943101317,
            1132.2873073782303,
            1198.3535653160518,
            1136.2061353224153,
            1204.9168285849946,
            1120.5818616830288,
            1062.0629362422783,
            988.8187210225407,
            984.4767769657723,
            904.1516870303354,
            844.0331699335227,
            745.5637466473522,
            762.3402833713723,
            786.4538076348147,
            699.342670763148,
            648.6295282448675,
            569.4842673755387,
            397.24335511955235,
            426.095138023068,
            370.7755404183289,
            149.81344825767064,
            0
        ],
        [
            0,
            0,
            53.23647727895675,
            64.49046143980836,
            72.45110210918664,
            43.78299493271115,
            28.113588063270054,
            18.514239151356247,
            -23.28133486021432,
            -90.40791038582027,
            -106.15954907122992,
            0,
            181.23965462517248,
            392.8596946268395,
            702.648579888787,
            934.0401228878139,
            1002.376729294746,
            1037.2521101519378,
            1102.1862512296627,
            1035.535120705204,
            1103.4748493435318,
            1014.4650504857383,
            951.14893868267,
            872.3784189229856,
            865.0209794818735,
            780.7373027885077,
            718.0933157700734,
            617.3489554576898,
            635.2887682184223,
            661.7051375913453,
            576.2852349460246,
            529.4467448616208,
            455.75081048865565,
            291.3945095949748,
            330.66903052485105,
            285.53066285194393,
            0,
            0
        ],
        [
            0,
            0,
            33.18635364060419,
            1.2463977487340276,
            -14.4791497269049,
            -63.97908781279222,
            -96.93850302722332,
            -121.80790111984365,
            -178.64077825635852,
            -260.3312635611685,
            -285.14243405873384,
            -181.23965462517268,
            0,
            212.47916934002163,
            525.8415704270328,
            758.5748939433334,
            823.9197495999455,
            855.1277742343656,
            917.4031642009039,
            844.9868323613882,
            910.8288900792118,
            816.1239022634666,
            746.6047376063949,
            660.8507430789854,
            649.4477591175503,
            560.860701430964,
            495.96043382128175,
            394.0013102273789,
            414.77939469089813,
            446.0799240647032,
            366.2886468158515,
            328.55097777312153,
            267.3766543687172,
            120.88868193909902,
            183.1688657234349,
            167.4204214427538,
            0,
            0
        ],
        [
            0,
            0,
            -11.818496187914617,
            -81.94588280092225,
            -122.34603922864729,
            -194.1408452623166,
            -246.02435719966363,
            -287.7918871693299,
            -361.1715620776259,
            -458.8142280436638,
            -493.7072149399627,
            -392.8596946268395,
            -212.47916934002163,
            0,
            315.9904498362622,
            549.2577243418885,
            611.0444714343033,
            638.0964005670737,
            697.2232312481201,
            618.7574604823524,
            682.0873522644247,
            581.5178235365123,
            505.5407474980122,
            412.63787467371253,
            397.1526589771388,
            304.5936725634525,
            238.03295179024585,
            135.8643956990316,
            160.66531414156896,
            198.45594368566208,
            126.71552936258517,
            101.14643051742284,
            56.659843592651406,
            -65.72453378708296,
            27.290236802022378,
            54.998302791699736,
            0,
            0
        ],
        [
            0,
            0,
            -97.20700801543332,
            -213.4447184094113,
            -287.22060179328275,
            -389.2557332236392,
            -467.45447113206967,
            -532.9815627723101,
            -629.2217197761703,
            -748.6255994976781,
            -797.7006270349762,
            -702.648579888787,
            -525.8415704270328,
            -315.9904498362624,
            0,
            231.39976351473166,
            287.56102549209766,
            308.5607516125479,
            362.7367860492131,
            276.72597924652285,
            336.01620959311913,
            228.40866855005234,
            144.41631936344945,
            42.86928029404374,
            22.435926495374613,
            -74.03475515074715,
            -141.31400634042228,
            -241.6394562751918,
            -209.79189878096628,
            -161.1307822787821,
            -218.47984732217358,
            -223.4795300190215,
            -239.87874718514027,
            -321.827262197354,
            -175.32704353489243,
            -58.63910488082555,
            0,
            0
        ],
        [
            0,
            -27.922986080655477,
            -172.8595752118401,
            -319.43896972745193,
            -415.91522245796335,
            -539.341028459913,
            -636.1648899495709,
            -718.5399825753202,
            -831.274801718771,
            -966.5447688023434,
            -1025.7263646626543,
            -934.0401228878139,
            -758.5748939433322,
            -549.2577243418889,
            -231.39976351473166,
            0,
            52.50971946943639,
            69.36854336090535,
            120.3582403787722,
            28.630847988466005,
            85.42092548338091,
            -27.58748022336621,
            -117.44808861080755,
            -225.20140631819777,
            -248.75871717926336,
            -347.7448454566989,
            -414.9678884240333,
            -513.2427464244811,
            -475.0880781892762,
            -417.14623186151334,
            -462.3191719900988,
            -450.06911223250404,
            -442.6925458936985,
            -488.8621853239203,
            -294.98747080552357,
            -70.63132908099543,
            0,
            0
        ],
        [
            0,
            -99.97259952522906,
            -203.55576957333477,
            -357.4853231120654,
            -458.7027591456243,
            -587.9187168650305,
            -689.417443670478,
            -775.9138076067022,
            -893.3762190550876,
            -1033.6130619053301,
            -1095.3310943101305,
            -1002.376729294746,
            -823.9197495999448,
            -611.0444714343033,
            -287.56102549209766,
            -52.50971946943639,
            0,
            16.194606185067485,
            67.21019524664355,
            -27.074022764004926,
            29.95714235568108,
            -85.737476593208,
            -177.96079528533585,
            -288.18020117223733,
            -312.3734864720462,
            -412.5150015674422,
            -479.73433942673734,
            -577.4724853349037,
            -536.5212716961067,
            -474.89046257582044,
            -515.5792528053322,
            -496.767897749448,
            -479.8141983183256,
            -508.3427023522143,
            -293.03791891312136,
            0,
            0,
            0
        ],
        [
            0,
            -139.94492910609796,
            -223.4637355881936,
            -380.6643189195582,
            -483.2856812800278,
            -615.2429906933452,
            -718.6806277420558,
            -806.7871240836794,
            -926.600157288314,
            -1069.5612830741593,
            -1132.2873073782291,
            -1037.2521101519378,
            -855.1277742343649,
            -638.0964005670737,
            -308.560751612548,
            -69.3685433609053,
            -16.194606185067485,
            0,
            51.617940997332504,
            -44.511793719096666,
            13.235784945200788,
            -104.49606170569179,
            -198.29966367205967,
            -310.1292032884854,
            -334.43863651056057,
            -435.3303939053478,
            -502.43772415348894,
            -599.7357405045793,
            -556.6701439331279,
            -492.4695971579856,
            -529.9172902122375,
            -506.3847443728322,
            -482.07099508681205,
            -494.4913696616774,
            -258.69575036223125,
            0,
            0,
            0
        ],
        [
            0,
            -177.92201440386256,
            -253.56600284806134,
            -417.7079257561739,
            -524.8155180523884,
            -662.1270311879277,
            -769.8924502199745,
            -861.7986697079323,
            -985.9199419828591,
            -1133.360762670517,
            -1198.353565316051,
            -1102.1862512296627,
            -917.4031642009039,
            -697.2232312481198,
            -362.7367860492131,
            -120.3582403787722,
            -67.21019524664355,
            -51.61794099733248,
            0,
            -98.34539052821265,
            -40.398492005464625,
            -160.40521366238673,
            -256.14653956220525,
            -369.86615884565794,
            -394.43542211356527,
            -495.80276945073075,
            -562.2308828079479,
            -658.0507789390294,
            -611.6579550043872,
            -543.201627890646,
            -574.7044396005452,
            -542.9107033608144,
            -506.03511496059264,
            -492.8042102524268,
            -214.42986980848445,
            0,
            0,
            0
        ],
        [
            0,
            -184.84815070767692,
            -235.8971411353553,
            -392.23256406277517,
            -491.3578549079064,
            -622.8087534488252,
            -724.7057794786774,
            -811.0272810499184,
            -930.7299504079555,
            -1074.549985019755,
            -1136.2061353224146,
            -1035.535120705204,
            -844.9868323613887,
            -618.7574604823524,
            -276.725979246523,
            -28.63084798846602,
            27.074022764004926,
            44.511793719096666,
            98.34539052821268,
            0,
            59.961294460540635,
            -60.47401035881172,
            -155.89198860335426,
            -269.29488540722406,
            -293.0393200312822,
            -394.7658117753511,
            -461.6731815138323,
            -558.4843917686208,
            -513.1538930392854,
            -446.84328340404954,
            -480.81572108867624,
            -452.30409854740026,
            -418.252734624052,
            -398.7636616668983,
            -83.07095168490963,
            0,
            0,
            0
        ],
        [
            0,
            -216.9868568943002,
            -266.5805129484328,
            -430.414252041385,
            -534.573451654425,
            -671.6527485705088,
            -778.1589143657694,
            -868.5290032598697,
            -992.6415567122158,
            -1140.929652846899,
            -1204.9168285849953,
            -1103.4748493435318,
            -910.8288900792118,
            -682.0873522644247,
            -336.01620959311913,
            -85.42092548338091,
            -29.957142355681068,
            -13.235784945200788,
            40.39849200546465,
            -59.961294460540635,
            0,
            -122.41408420701336,
            -219.5125209139839,
            -334.41541686879816,
            -358.20359429391897,
            -459.8106127442304,
            -525.3950670739627,
            -619.7270760519531,
            -570.4614180817797,
            -499.1740625550841,
            -525.3331387073771,
            -486.2043071556406,
            -435.1102391773983,
            -375.0671904979066,
            0,
            0,
            0,
            0
        ],
        [
            0,
            -209.05589967707735,
            -236.9917346630134,
            -391.58446843375674,
            -486.4244554449197,
            -616.1624382965575,
            -715.4467486265614,
            -798.965354236935,
            -917.3629961953394,
            -1060.7406068292948,
            -1120.5818616830288,
            -1014.4650504857387,
            -816.123902263466,
            -581.5178235365123,
            -228.4086685500524,
            27.58748022336622,
            85.73747659320804,
            104.49606170569179,
            160.40521366238667,
            60.47401035881172,
            122.41408420701336,
            0,
            -96.42743167689122,
            -210.70671501312742,
            -233.8099519695606,
            -335.8217916891272,
            -402.23346602927217,
            -497.9469079198114,
            -451.0721608232707,
            -383.80942471999674,
            -413.9703356833073,
            -380.4285963301894,
            -334.1877988355659,
            -259.14145434177635,
            0,
            0,
            0,
            0
        ],
        [
            0,
            -207.88547157652232,
            -216.69743026934069,
            -365.63153530361586,
            -453.54985632245945,
            -578.3787661911113,
            -672.4209439084584,
            -750.8036206847675,
            -865.2597135954629,
            -1005.4494496655873,
            -1062.0629362422776,
            -951.14893868267,
            -746.6047376063949,
            -505.5407474980122,
            -144.41631936344947,
            117.44808861080755,
            177.96079528533585,
            198.29966367205967,
            256.14653956220525,
            155.89198860335426,
            219.5125209139839,
            96.42743167689122,
            0,
            -114.25004331875365,
            -136.94251866992488,
            -239.2498535071801,
            -305.957009341801,
            -401.7490348279326,
            -356.17226587653255,
            -291.7049133896104,
            -322.2699759994982,
            -289.62963498279333,
            -238.05579309758969,
            -42.669909406330305,
            0,
            0,
            0,
            0
        ],
        [
            -27.51688815436354,
            -200.1423658231321,
            -188.58560084739085,
            -331.2501505562523,
            -411.1977095003559,
            -530.2596734309376,
            -618.0867521175339,
            -690.3383874432033,
            -799.9870679434954,
            -936.1691219891335,
            -988.8187210225401,
            -872.3784189229859,
            -660.8507430789854,
            -412.63787467371253,
            -42.86928029404375,
            225.2014063181978,
            288.1802011722374,
            310.1292032884854,
            369.866158845658,
            269.29488540722406,
            334.41541686879816,
            210.70671501312742,
            114.25004331875365,
            0,
            -22.70627065764284,
            -125.32438700187136,
            -192.45943764545498,
            -287.8588460105844,
            -244.8630838533753,
            -185.39723119205433,
            -215.70631068587164,
            -183.21646914377882,
            -111.81714743684094,
            0,
            0,
            0,
            0,
            0
        ],
        [
            -42.930408693699775,
            -208.6754887988105,
            -188.60677522475797,
            -332.303063164,
            -411.00466660833723,
            -530.0291467465178,
            -616.9893614124386,
            -688.0469226762815,
            -797.170273741641,
            -933.0455254990254,
            -984.4767769657718,
            -865.0209794818735,
            -649.4477591175503,
            -397.1526589771388,
            -22.435926495374616,
            248.75871717926339,
            312.3734864720462,
            334.43863651056057,
            394.4354221135653,
            293.0393200312822,
            358.20359429391897,
            233.8099519695606,
            136.94251866992488,
            22.70627065764284,
            0,
            -101.3188384757371,
            -166.51005223956054,
            -257.31980461477895,
            -213.1199560694979,
            -153.64297406559746,
            -172.6468813555071,
            -121.1699715907883,
            0,
            0,
            0,
            0,
            0,
            0
        ],
        [
            -38.695335546348446,
            -189.842113803041,
            -154.7295062465289,
            -291.99737856966317,
            -363.24513457243046,
            -476.271834518431,
            -557.024853434524,
            -622.0060579949177,
            -725.8541814152455,
            -856.8581693677605,
            -904.1516870303352,
            -780.7373027885077,
            -560.8607014309641,
            -304.5936725634525,
            74.03475515074713,
            347.744845456699,
            412.5150015674423,
            435.3303939053478,
            495.80276945073086,
            394.7658117753511,
            459.8106127442304,
            335.8217916891272,
            239.2498535071801,
            125.32438700187136,
            101.3188384757371,
            0,
            -65.81593050836382,
            -155.0206853269756,
            -116.45870431028256,
            -66.9520764750374,
            -82.44541438541488,
            0,
            0,
            0,
            0,
            0,
            0,
            0
        ],
        [
            -32.22637574435079,
            -175.0241514693011,
            -129.53473220274046,
            -262.3341550295841,
            -328.28318523112114,
            -436.92754748406634,
            -513.0932589004261,
            -573.525962509553,
            -673.2151648322725,
            -800.1160016130245,
            -844.0331699335227,
            -718.0933157700734,
            -495.9604338212818,
            -238.03295179024585,
            141.31400634042225,
            414.96788842403333,
            479.73433942673745,
            502.43772415348894,
            562.230882807948,
            461.6731815138323,
            525.3950670739627,
            402.23346602927217,
            305.957009341801,
            192.45943764545498,
            166.51005223956054,
            65.81593050836382,
            0,
            -85.55146924380398,
            -53.16570878124698,
            -15.642025755552028,
            -10.396269179242578,
            0,
            0,
            0,
            0,
            0,
            0,
            0
        ],
        [
            -16.121743095220868,
            -145.06316643383215,
            -86.84688346710678,
            -211.29583278593077,
            -268.99052922763167,
            -370.2380350316909,
            -439.23525676239007,
            -492.82419716190697,
            -585.9754972564715,
            -706.3737497970259,
            -745.5637466473524,
            -617.3489554576901,
            -394.0013102273789,
            -135.8643956990316,
            241.6394562751918,
            513.2427464244811,
            577.4724853349037,
            599.7357405045792,
            658.0507789390293,
            558.4843917686208,
            619.7270760519531,
            497.9469079198114,
            401.7490348279326,
            287.8588460105844,
            257.31980461477895,
            155.0206853269756,
            85.55146924380398,
            0,
            15.535948479814945,
            15.091109687883632,
            0,
            0,
            0,
            0,
            0,
            0,
            0,
            0
        ],
        [
            -21.552911759483724,
            -155.1937766036527,
            -99.2802334553089,
            -226.11480317584522,
            -285.60206800053453,
            -388.14667766430216,
            -458.0418408974958,
            -512.1478581137864,
            -605.0289178309048,
            -724.1502444358981,
            -762.340283371372,
            -635.2887682184222,
            -414.779394690898,
            -160.66531414156896,
            209.79189878096636,
            475.0880781892763,
            536.5212716961067,
            556.6701439331279,
            611.6579550043873,
            513.1538930392854,
            570.4614180817797,
            451.0721608232707,
            356.17226587653255,
            244.8630838533753,
            213.1199560694979,
            116.45870431028256,
            53.16570878124698,
            -15.535948479814945,
            0,
            0,
            0,
            0,
            0,
            0,
            0,
            0,
            0,
            0
        ],
        [
            -29.129221243808598,
            -168.39067445101696,
            -117.78323012242097,
            -247.38749964697283,
            -309.5656007994874,
            -413.7477532068214,
            -484.9709574558111,
            -539.950774327901,
            -632.3747581015667,
            -749.5359141878504,
            -786.4538076348147,
            -661.7051375913454,
            -446.0799240647031,
            -198.45594368566208,
            161.13078227878214,
            417.14623186151346,
            474.89046257582055,
            492.4695971579856,
            543.201627890646,
            446.8432834040495,
            499.1740625550841,
            383.80942471999674,
            291.7049133896104,
            185.39723119205433,
            153.64297406559746,
            66.9520764750374,
            15.642025755552028,
            -15.091109687883632,
            0,
            0,
            0,
            0,
            0,
            0,
            0,
            0,
            0,
            0
        ],
        [
            -15.413977269634433,
            -141.2281703185876,
            -85.35055331703134,
            -206.4556986515181,
            -262.08322136500465,
            -359.14541081816145,
            -424.0131479647037,
            -473.0171429138034,
            -558.4222914671361,
            -667.4235357260236,
            -699.342670763148,
            -576.2852349460245,
            -366.2886468158514,
            -126.71552936258517,
            218.47984732217367,
            462.319171990099,
            515.5792528053322,
            529.9172902122374,
            574.7044396005452,
            480.81572108867624,
            525.3331387073771,
            413.9703356833073,
            322.2699759994982,
            215.70631068587164,
            172.6468813555071,
            82.44541438541488,
            10.396269179242516,
            0,
            0,
            0,
            0,
            0,
            0,
            0,
            0,
            0,
            0,
            0
        ],
        [
            -10.157922553542228,
            -127.64548682135995,
            -73.39866101860386,
            -189.00337995952435,
            -241.50321909565983,
            -333.94035909537564,
            -394.89963406706875,
            -440.12626137183446,
            -519.8296046540106,
            -621.14349175971,
            -648.6295282448674,
            -529.446744861621,
            -328.55097777312153,
            -101.14643051742284,
            223.4795300190215,
            450.06911223250404,
            496.767897749448,
            506.3847443728323,
            542.9107033608144,
            452.30409854740026,
            486.2043071556406,
            380.4285963301894,
            289.6296349827933,
            183.21646914377882,
            121.1699715907883,
            0,
            0,
            0,
            0,
            0,
            0,
            0,
            0,
            0,
            0,
            0,
            0,
            0
        ],
        [
            -2.438416620857211,
            -104.33739087321803,
            -51.36582225267247,
            -157.82402629403907,
            -205.01260427173244,
            -290.2496168634692,
            -345.28862234111006,
            -385.0123103088158,
            -456.8016337205684,
            -547.7688549167485,
            -569.4842673755385,
            -455.75081048865553,
            -267.3766543687172,
            -56.65984359265142,
            239.8787471851402,
            442.6925458936986,
            479.8141983183255,
            482.07099508681205,
            506.0351149605927,
            418.25273462405204,
            435.1102391773982,
            334.1877988355659,
            238.0557930975896,
            111.81714743684094,
            0,
            0,
            0,
            0,
            0,
            0,
            0,
            0,
            0,
            0,
            0,
            0,
            0,
            0
        ],
        [
            0,
            -49.95620354051072,
            11.91566852879604,
            -73.3697942399802,
            -106.51931838719376,
            -176.414199065835,
            -219.03397939768817,
            -248.0266421488082,
            -306.9968316262901,
            -383.12206674741145,
            -397.2433551195523,
            -291.39450959497486,
            -120.88868193909902,
            65.72453378708296,
            321.82726219735406,
            488.86218532392024,
            508.34270235221436,
            494.4913696616774,
            492.80421025242657,
            398.7636616668985,
            375.0671904979065,
            259.1414543417763,
            42.66990940633089,
            0,
            0,
            0,
            0,
            0,
            0,
            0,
            0,
            0,
            0,
            0,
            0,
            0,
            0,
            0
        ],
        [
            0,
            -64.62432958931345,
            -33.38371743691837,
            -120.98510798772732,
            -161.0357242247909,
            -231.97402615692022,
            -275.99526165496553,
            -305.1172124004661,
            -357.6666298787851,
            -420.42607483078154,
            -426.0951380230681,
            -330.66903052485105,
            -183.16886572343486,
            -27.290236802022378,
            175.32704353489254,
            294.98747080552357,
            293.03791891312125,
            258.69575036223137,
            214.42986980848406,
            83.07095168491001,
            0,
            0,
            0,
            0,
            0,
            0,
            0,
            0,
            0,
            0,
            0,
            0,
            0,
            0,
            0,
            0,
            0,
            0
        ],
        [
            0,
            -28.208024797332886,
            -51.38858997149676,
            -135.43302759284143,
            -178.84004665001828,
            -245.2513483392655,
            -285.4741241920929,
            -309.1001214933364,
            -346.8001473517468,
            -383.8397303569861,
            -370.77554041832894,
            -285.5306628519444,
            -167.4204214427537,
            -54.99830279169971,
            58.63910488082576,
            70.63132908099522,
            0,
            0,
            0,
            0,
            0,
            0,
            0,
            0,
            0,
            0,
            0,
            0,
            0,
            0,
            0,
            0,
            0,
            0,
            0,
            0,
            0,
            0
        ],
        [
            0,
            0,
            -38.12046693598283,
            -138.29031159285088,
            -193.36908958971063,
            -254.47876366716957,
            -286.68273035571667,
            -295.17164773266626,
            -295.8322228935928,
            -259.8890344387547,
