{
    "bin_ranges": {
        "m3pi_lower_limit": 1.22,
        "m3pi_upper_limit": 1.26,
        "t_lower_limit": 0.194,
        "t_upper_limit": 0.326
    },
    "info": "The dalitz matrix M is computed as sqrt(-Kibble) * (A[1]-A[2])",
    "bin_centers": [
        0.29900000000000004,
        0.33999999999999997,
        0.38,
        0.42000000000000004,
        0.45999999999999996,
        0.5,
        0.54,
        0.5800000000000001,
        0.62,
        0.66,
        0.69,
        0.71,
        0.73,
        0.75,
        0.77,
        0.79,
        0.81,
        0.83,
        0.85,
        0.87,
        0.89,
        0.91,
        0.94,
        0.98,
        1.02,
        1.06,
        1.1
    ],
    "real(M)": [
        [
            0,
            0,
            0,
            0,
            0,
            0,
            0,
            0,
            0,
            0,
            0,
            -5.190303069079858,
            -34.77281023083302,
            -34.65601958667574,
            -26.932093301101286,
            -13.025513897795461,
            0.9976467587721176,
            10.040315611896196,
            11.018126157529812,
            17.435377159820884,
            10.156445580085332,
            6.714347081069531,
            9.978901859069156,
            -2.3150895040324966,
            0,
            0,
            0
        ],
        [
            0,
            0,
            0,
            0,
            0,
            0,
            0,
            0,
            -24.668092128442552,
            -53.12406892223514,
            -64.5994099826331,
            -88.88762601604887,
            -103.73752654276029,
            -76.38243685439527,
            -48.27241231871742,
            -15.374384847841581,
            13.028496303255912,
            29.873736435760087,
            31.37897164974427,
            42.79974990860855,
            29.66908629979051,
            23.474517983656582,
            30.270407473208277,
            3.284752339143085,
            14.544443900373434,
            9.838553303820703,
            0
        ],
        [
            0,
            0,
            0,
            0,
            0,
            0,
            -3.236998003529504,
            -15.494204145937685,
            -35.262402037188046,
            -68.23869539339908,
            -77.75942301148088,
            -108.57733745074103,
            -125.54383978913033,
            -85.01976440066014,
            -45.26914652196468,
            -0.4284603707952788,
            37.47271069831516,
            59.611939450866856,
            61.47449061086535,
            76.20205405765815,
            58.9277616833333,
            50.62701090957857,
            59.0863812336571,
            22.136495633852494,
            36.32578583179629,
            35.77382767485524,
            0
        ],
        [
            0,
            0,
            0,
            0,
            0,
            -18.62596990542223,
            -30.685180784256303,
            -52.600498248390885,
            -81.3907767832733,
            -124.8676851784045,
            -137.08590621317066,
            -175.31956630621605,
            -195.9846562151553,
            -146.60572880663236,
            -98.78151836240602,
            -45.259229446653585,
            -0.3459790399188563,
            25.667631981562423,
            27.670165298874043,
            45.190886248138625,
            25.026706497578633,
            15.83267694524798,
            27.463268743816343,
            -12.879523580375025,
            10.046738279155086,
            20.96702097193828,
            0
        ],
        [
            0,
            0,
            0,
            0,
            0,
            -3.42123583757249,
            -9.885671549227435,
            -30.21916747680093,
            -58.985226185191486,
            -105.14709773584386,
            -115.88481108650464,
            -158.19066858613456,
            -180.0824215879754,
            -121.58296732077403,
            -65.56365533095914,
            -3.6378030575945988,
            47.924744395115155,
            77.57226786075569,
            79.69275026482859,
            99.13317894460786,
            75.75808844434212,
            64.56315885370896,
            75.84823543231278,
            26.9481901208125,
            46.986308497593136,
            49.98513610372836,
            0
        ],
        [
            0,
            0,
            0,
            18.62596990542223,
            3.42123583757249,
            0,
            -6.796842480633964,
            -29.51597414215583,
            -61.3051080036204,
            -112.26753323624575,
            -123.2799334781986,
            -169.9539683608998,
            -193.637835668191,
            -127.93204926508847,
            -65.40824789127055,
            3.271556101510462,
            60.15427612492673,
            92.63639361115818,
            94.73395873730543,
            115.74585710651812,
            89.85756567297648,
            77.31144815434402,
            88.94084772362935,
            35.097373250819174,
            54.99910627678801,
            54.39665038154747,
            0
        ],
        [
            0,
            0,
            3.236998003529504,
            30.685180784256303,
            9.885671549227435,
            6.796842480633964,
            0,
            -24.518587279808003,
            -58.71044966700115,
            -113.63093100576033,
            -124.74452724982878,
            -175.07177026079196,
            -200.17956653210683,
            -128.2351171203723,
            -60.13707050642094,
            14.237307755700707,
            75.50578178229271,
            110.21056830866345,
            112.12166933055583,
            134.155907645963,
            106.01621659079821,
            92.1175373897824,
            103.32107960787003,
            45.10482187578193,
            62.638194279317226,
            53.66718375624331,
            0
        ],
        [
            0,
            0,
            15.494204145937685,
            52.600498248390885,
            30.21916747680093,
            29.51597414215583,
            24.518587279808003,
            0,
            -34.94192869715545,
            -92.14273436194306,
            -102.64699387392363,
            -155.65120716803432,
            -181.58532645362916,
            -104.16585349213922,
            -31.307658150364883,
            47.7289214901438,
            112.38089282352914,
            148.53574429485906,
            149.84949644453084,
            171.99353396223378,
            141.4225040653634,
            125.59399096652405,
            134.39349642732648,
            70.21340288215399,
            79.1179175643845,
            44.78176990490938,
            0
        ],
        [
            0,
            24.66809212844255,
            35.262402037188046,
            81.3907767832733,
            58.985226185191486,
            61.3051080036204,
            58.71044966700115,
            34.94192869715545,
            0,
            -58.573730092519405,
            -68.24703541995656,
            -123.23443945638223,
            -149.64769305067878,
            -67.77817722028364,
            8.775260857071215,
            91.19409813841337,
            157.9951392941187,
            194.62855103551186,
            194.788963550777,
            215.9702578216266,
            182.73215767653554,
            164.33706167543286,
            168.55859188155156,
            96.7612706300887,
            88.59060867364728,
            0,
            0
        ],
        [
            0,
            53.12406892223514,
            68.23869539339908,
            124.8676851784045,
            105.14709773584386,
            112.26753323624575,
            113.63093100576033,
            92.14273436194306,
            58.573730092519405,
            0,
            -8.405002267610113,
            -64.56895261489683,
            -91.06899316492728,
            -5.888579577751035,
            73.09552920817286,
            157.30753524866788,
            224.61748563918192,
            260.2712150816532,
            258.1691702222778,
            276.55953461598546,
            239.6304321910751,
            216.99852104427197,
            212.16599187299008,
            126.65303829358622,
            75.57184859911752,
            0,
            0
        ],
        [
            0,
            64.5994099826331,
            77.75942301148088,
            137.08590621317066,
            115.88481108650464,
            123.2799334781986,
            124.74452724982878,
            102.64699387392363,
            68.24703541995656,
            8.405002267610113,
            0,
            -57.10307025574256,
            -83.83532487809575,
            2.7506896247133223,
            82.5832084681121,
            167.13672337916765,
            234.01160209913527,
            268.4960429073176,
            264.8034898374114,
            280.97088329715734,
            242.11800485013623,
            217.05911697732466,
            205.8172842606611,
            112.18593893864653,
            0,
            0,
            0
        ],
        [
            5.190303069080036,
            88.88762601604887,
            108.57733745074128,
            175.3195663062158,
            158.19066858613456,
            169.9539683608998,
            175.07177026079196,
            155.65120716803432,
            123.23443945638223,
            64.56895261489683,
            57.10307025574256,
            0,
            -26.57325413418018,
            60.511310304900164,
            140.2201806407191,
            223.96289940394823,
            289.23874006293715,
            321.42721735577936,
            314.98621327449155,
            327.3142350226721,
            284.7295593447752,
            254.77386216252796,
            231.8499830764296,
            116.10684475877571,
            0,
            0,
            0
        ],
        [
            34.77281023083298,
            103.73752654276032,
            125.54383978913033,
            195.9846562151553,
            180.0824215879754,
            193.637835668191,
            200.17956653210683,
            181.58532645362916,
            149.64769305067878,
            91.06899316492728,
            83.83532487809575,
            26.57325413418018,
            0,
            87.05790248575936,
            166.20648413108933,
            248.7292156128779,
            312.12390899311634,
            341.95645087793406,
            333.01223016513234,
            341.657050969662,
            296.018658476813,
            261.77533155554454,
            227.19164246437612,
            81.18662128606856,
            0,
            0,
            0
        ],
        [
            34.65601958667572,
            76.38243685439527,
            85.01976440066014,
            146.60572880663236,
            121.58296732077403,
            127.93204926508847,
            128.2351171203723,
            104.16585349213922,
            67.77817722028364,
            5.888579577751035,
            -2.7506896247133223,
            -60.511310304900164,
            -87.05790248575936,
            0,
            79.14410353831184,
            161.51267693539842,
            224.7711949508648,
            254.8563014806122,
            247.0819042484285,
            256.4739755305906,
            213.8846338528071,
            182.75672947993215,
            150.18165352921673,
            0,
            0,
            0,
            0
        ],
        [
            26.9320933011013,
            48.27241231871742,
            45.269146521964764,
            98.7815183624059,
            65.56365533095914,
            65.40824789127055,
            60.13707050642094,
            31.307658150364883,
            -8.775260857071215,
            -73.09552920817286,
            -82.5832084681121,
            -140.2201806407191,
            -166.20648413108933,
            -79.14410353831184,
            0,
            82.14144023003043,
            145.23198503568628,
            175.70266174441116,
            169.52294938011957,
            179.87791822567698,
            141.23783932741748,
            114.08521388267083,
            83.15238101506992,
            0,
            0,
            0,
            0
        ],
        [
            13.025513897795454,
            15.374384847841581,
            0.4284603707952792,
            45.25922944665362,
            3.6378030575945988,
            -3.271556101510462,
            -14.237307755700707,
            -47.7289214901438,
            -91.19409813841337,
            -157.30753524866788,
            -167.13672337916765,
            -223.96289940394823,
            -248.7292156128779,
            -161.51267693539842,
            -82.14144023003043,
            0,
            63.295304076129014,
            94.8328501140001,
            91.42590529575496,
            103.86917232780964,
            71.45067055040062,
            50.98649119410067,
            22.02627196486828,
            0,
            0,
            0,
            0
        ],
        [
            -0.9976467587721176,
            -13.02849630325591,
            -37.47271069831521,
            0.3459790399188563,
            -47.924744395115155,
            -60.15427612492673,
            -75.50578178229271,
            -112.38089282352914,
            -157.9951392941187,
            -224.61748563918192,
            -234.01160209913527,
            -289.23874006293715,
            -312.12390899311634,
            -224.7711949508648,
            -145.23198503568628,
            -63.295304076129014,
            0,
            32.570340845774375,
            32.2890556786497,
            46.85265653239153,
            21.945975979391065,
            10.000696731691928,
            0,
            0,
            0,
            0,
            0
        ],
        [
            -10.040315611896196,
            -29.873736435760044,
            -59.61193945086695,
            -25.667631981562444,
            -77.57226786075572,
            -92.63639361115818,
            -110.21056830866348,
            -148.53574429485903,
            -194.62855103551192,
            -260.2712150816532,
            -268.4960429073176,
            -321.42721735577936,
            -341.95645087793406,
            -254.8563014806122,
            -175.70266174441116,
            -94.8328501140001,
            -32.570340845774375,
            0,
            2.058655270133159,
            17.203037229179692,
            -0.20214415487909124,
            -0.5143595340374648,
            0,
            0,
            0,
            0,
            0
        ],
        [
            -11.018126157529812,
            -31.37897164974427,
            -61.47449061086535,
            -27.67016529887406,
            -79.69275026482859,
            -94.73395873730543,
            -112.12166933055583,
            -149.84949644453084,
            -194.78896355077703,
            -258.1691702222778,
            -264.8034898374114,
            -314.98621327449155,
            -333.01223016513234,
            -247.0819042484285,
            -169.52294938011957,
            -91.42590529575496,
            -32.2890556786497,
            -2.058655270133159,
            0,
            11.61619015289703,
            -0.4474369371998008,
            0,
            0,
            0,
            0,
            0,
            0
        ],
        [
            -17.435377159820895,
            -42.79974990860844,
            -76.20205405765826,
            -45.190886248138625,
            -99.13317894460786,
            -115.74585710651812,
            -134.155907645963,
            -171.99353396223384,
            -215.9702578216266,
            -276.5595346159854,
            -280.97088329715734,
            -327.3142350226721,
            -341.657050969662,
            -256.4739755305906,
            -179.87791822567698,
            -103.86917232780964,
            -46.85265653239153,
            -17.203037229179692,
            -11.61619015289703,
            0,
            0,
            0,
            0,
            0,
            0,
            0,
            0
        ],
        [
            -10.156445580085329,
            -29.669086299790514,
            -58.927761683333244,
            -25.026706497578644,
            -75.75808844434212,
            -89.85756567297648,
            -106.01621659079821,
            -141.42250406536337,
            -182.73215767653556,
            -239.6304321910751,
            -242.11800485013623,
            -284.7295593447752,
            -296.018658476813,
            -213.8846338528071,
            -141.23783932741748,
            -71.45067055040062,
            -21.945975979391065,
            0.20214415487909124,
            0.4474369371998021,
            0,
            0,
            0,
            0,
            0,
            0,
            0,
            0
        ],
        [
            -6.714347081069531,
            -23.474517983656586,
            -50.6270109095786,
            -15.83267694524798,
            -64.56315885370896,
            -77.31144815434402,
            -92.1175373897824,
            -125.59399096652405,
            -164.3370616754329,
            -216.99852104427194,
            -217.05911697732466,
            -254.77386216252796,
            -261.77533155554454,
            -182.75672947993215,
            -114.08521388267083,
            -50.98649119410067,
            -10.000696731691928,
            0.5143595340374648,
            0,
            0,
            0,
            0,
            0,
            0,
            0,
            0,
            0
        ],
        [
            -9.978901859069149,
            -30.270407473208266,
            -59.0863812336571,
            -27.463268743816343,
            -75.84823543231276,
            -88.94084772362935,
            -103.32107960787005,
            -134.39349642732645,
            -168.55859188155154,
            -212.16599187299008,
            -205.8172842606611,
            -231.84998307642957,
            -227.19164246437612,
            -150.18165352921673,
            -83.15238101506992,
            -22.02627196486828,
            0,
            0,
            0,
            0,
            0,
            0,
            0,
            0,
            0,
            0,
            0
        ],
        [
            2.3150895040324997,
            -3.2847523391430857,
            -22.136495633852512,
            12.879523580375034,
            -26.948190120812516,
            -35.097373250819174,
            -45.10482187578193,
            -70.21340288215399,
            -96.7612706300887,
            -126.65303829358625,
            -112.18593893864657,
            -116.10684475877571,
            -81.1866212860686,
            0,
            0,
            0,
            0,
            0,
            0,
            0,
            0,
            0,
            0,
            0,
            0,
            0,
            0
        ],
        [
            0,
            -14.544443900373423,
            -36.325785831796296,
            -10.046738279155095,
            -46.98630849759314,
            -54.99910627678802,
            -62.63819427931723,
            -79.11791756438454,
            -88.59060867364721,
            -75.5718485991177,
            0,
            0,
            0,
            0,
            0,
            0,
            0,
            0,
            0,
            0,
            0,
            0,
            0,
            0,
            0,
            0,
            0
        ],
        [
            0,
            -9.83855330382069,
            -35.773827674855276,
            -20.967020971938307,
            -49.98513610372842,
            -54.39665038154747,
            -53.66718375624319,
            -44.78176990490942,
            0,
            0,
            0,
            0,
            0,
            0,
            0,
            0,
            0,
            0,
            0,
            0,
            0,
            0,
            0,
            0,
            0,
            0,
            0
        ],
        [
            0,
            0,
            0,
            0,
            0,
            0,
            0,
            0,
            0,
            0,
            0,
            0,
            0,
            0,
            0,
            0,
            0,
            0,
            0,
            0,
            0,
            0,
            0,
            0,
            0,
            0,
            0
        ]
    ],
    "imag(M)": [
        [
            0,
            0,
            0,
            0,
            0,
            0,
            0,
            0,
            0,
            0,
            0,
            -4.154264980887452,
            -34.49332921017486,
            -56.47739542339658,
            -81.12976099722844,
            -86.77240661405847,
            -78.31405244494135,
            -60.490325479295116,
            -57.38118093983665,
            -49.647900557618215,
            -41.0747575767475,
            -40.371931970924834,
            -29.64846034279911,
            -11.079537894785814,
            0,
            0,
            0
        ],
        [
            0,
            0,
            0,
            0,
            0,
            0,
            0,
            0,
            1.4279125921837477,
            -2.9482912095364155,
            -25.022075741728543,
            -49.310032106769086,
            -81.5951550448519,
            -108.61786106834258,
            -143.55070672343334,
            -140.2016408983803,
            -114.43533920403434,
            -76.02934599635189,
            -67.97141768370193,
            -53.24698538871979,
            -38.38644342607261,
            -39.033159145058,
            -24.566601119030004,
            0.5968447904032474,
            5.32142844227053,
            -4.73423408717715,
            0
        ],
        [
            0,
            0,
            0,
            0,
            0,
            0,
            5.5566399488770175,
            13.275532437548616,
            14.442757565725694,
            8.710838239656516,
            -22.34378842287319,
            -55.141435551999315,
            -97.79869843131647,
            -132.12676033263597,
            -176.61747598373955,
            -169.72240802744972,
            -133.93521218085476,
            -82.51266342832668,
            -71.51655465817309,
            -52.17520897997167,
            -32.94680161503542,
            -34.12924760731071,
            -16.12944473559389,
            15.627553175505543,
            20.394162933416784,
            -3.3526950877717754,
            0
        ],
        [
            0,
            0,
            0,
            0,
            0,
            -4.951671605739123,
            -2.2265406788147346,
            3.9718445180457267,
            1.6834542550569318,
            -8.280376457229416,
            -48.37003657014758,
            -89.17663665986481,
            -141.3037323272204,
            -182.58947534921742,
            -235.70873428384672,
            -226.6744495891858,
            -183.25653089812764,
            -121.55026838704732,
            -108.23519455068602,
            -85.02634002516555,
            -61.94816433640799,
            -62.98348042907988,
            -40.886380680051275,
            -1.446083554163718,
            7.346425414013227,
            -17.27529964331514,
            0
        ],
        [
            0,
            0,
            0,
            0,
            0,
            -12.200606925069376,
            -8.650741493835957,
            -1.6500460945391835,
            -5.268781836092922,
            -17.642799670552275,
            -64.65834989207897,
            -111.86556007110993,
            -171.6961587771856,
            -218.60632496815455,
            -278.7773584306874,
            -267.6921599374301,
            -217.6073028277753,
            -147.06081879005498,
            -131.65376621014866,
            -105.11755992099428,
            -78.80561344160967,
            -79.70620115563283,
            -54.38952977656888,
            -9.388769116260411,
            1.5071844614269663,
            -24.278159722362446,
            0
        ],
        [
            0,
            0,
            0,
            4.951671605739123,
            12.200606925069376,
            0,
            7.502877837522391,
            18.03971483031856,
            15.73786359349136,
            3.3257397400444475,
            -48.382187032776194,
            -100.37286150721437,
            -166.1879706547661,
            -217.36604667060092,
            -283.0803235954664,
            -269.8355057330344,
            -213.7921438091637,
            -135.63235320446861,
            -118.45338464089264,
            -89.28538367119648,
            -60.620408183962354,
            -61.866189009049144,
            -35.06693666996545,
            11.714821402226262,
            20.163461493952767,
            -11.415112279309941,
            0
        ],
        [
            0,
            0,
            -5.5566399488770175,
            2.2265406788147346,
            8.650741493835957,
            -7.502877837522391,
            0,
            10.788852947888705,
            7.286638092672259,
            -7.103735553807846,
            -64.05046674121111,
            -120.80848585968737,
            -192.27619597381528,
            -247.47987197013333,
            -318.1200140024607,
            -303.1373885885564,
            -242.084252694929,
            -157.51046911304624,
            -138.6382661714719,
            -106.97873381144977,
            -75.95455240934616,
            -76.77864772807365,
            -47.552160730337796,
            2.632206239878707,
            12.459646286386228,
            -15.327648648528996,
            0
        ],
        [
            0,
            0,
            -13.275532437548616,
            -3.9718445180457267,
            1.6500460945391835,
            -18.03971483031856,
            -10.788852947888705,
            0,
            -4.715880930297641,
            -20.94132834985977,
            -82.39712971049502,
            -143.1717760628624,
            -219.31328188196625,
            -277.72854134722616,
            -352.19687046794564,
            -335.50447437894934,
            -270.1194892307435,
            -180.2038859311219,
            -159.7123239912857,
            -125.8463384748186,
            -92.75997515812561,
            -92.83356299240232,
            -61.27947713211463,
            -8.340949305228593,
            3.2438723213320713,
            -14.145940062824899,
            0
        ],
        [
            0,
            -1.4279125921837474,
            -14.442757565725694,
            -1.6834542550569318,
            5.268781836092922,
            -15.73786359349136,
            -7.286638092672259,
            4.715880930297641,
            0,
            -16.91315298951198,
            -81.54215473374542,
            -145.24051072381337,
            -224.78124733226258,
            -285.35627383965766,
            -362.36514325322344,
            -343.92139827462427,
            -274.9414137493233,
            -180.95172693500066,
            -159.15162542194687,
            -123.73741579887576,
            -89.39569912054546,
            -88.97520455281636,
            -56.46623734143462,
            -4.070155829334694,
            5.559994322964247,
            0,
            0
        ],
        [
            0,
            2.9482912095364155,
            -8.710838239656516,
            8.280376457229416,
            17.642799670552275,
            -3.3257397400444475,
            7.103735553807846,
            20.94132834985977,
            16.91315298951198,
            0,
            -66.7414713869976,
            -132.4118105690909,
            -214.17719613198713,
            -275.94384124443053,
            -354.23705929488193,
            -334.1118337236864,
            -262.448815891459,
            -165.88542539477712,
            -143.20312404985478,
            -107.0464766119951,
            -72.41793923705887,
            -71.8143041128772,
            -39.96096159961589,
            7.754951732794218,
            9.149122742233821,
            0,
            0
        ],
        [
            0,
            25.022075741728543,
            22.34378842287319,
            48.37003657014758,
            64.65834989207897,
            48.382187032776194,
            64.05046674121111,
            82.39712971049502,
            81.54215473374542,
            66.7414713869976,
            0,
            -66.1128604958978,
            -148.5147446995767,
            -210.46584980871052,
            -288.99273752819636,
            -268.0521865768961,
            -195.68517888449216,
            -99.21792527774817,
            -77.40917244299492,
            -42.871649497392845,
            -10.74895212694424,
            -12.708284315588612,
            12.45053780168145,
            42.44876759781079,
            0,
            0,
            0
        ],
        [
            4.154264980887594,
            49.310032106769086,
            55.14143555199944,
            89.1766366598647,
            111.86556007110993,
            100.37286150721437,
            120.80848585968737,
            143.1717760628624,
            145.24051072381337,
            132.4118105690909,
            66.1128604958978,
            0,
            -82.52473361118719,
            -144.45687569993743,
            -222.97830493809252,
            -201.94829108464614,
            -130.0281421028497,
            -34.939351147330804,
            -14.777924516355451,
            17.238882435220795,
            45.9007853794475,
            40.38612489393974,
            56.76531142555582,
            62.917932527512974,
            0,
            0,
            0
        ],
        [
            34.49332921017483,
            81.59515504485191,
            97.79869843131647,
            141.3037323272204,
            171.6961587771856,
            166.1879706547661,
            192.27619597381528,
            219.31328188196625,
            224.78124733226258,
            214.17719613198713,
            148.5147446995767,
            82.52473361118719,
            0,
            -61.9354948555151,
            -140.46475904163154,
            -119.91108076243951,
            -49.433546667103144,
            42.893192583222145,
            60.20702955302576,
            88.10389306603666,
            111.2946977033276,
            100.02718956516362,
            102.25245690700886,
            62.315156794641524,
            0,
            0,
            0
        ],
        [
            56.47739542339656,
            108.61786106834258,
            132.12676033263597,
            182.58947534921742,
            218.60632496815455,
            217.36604667060092,
            247.47987197013333,
            277.72854134722616,
            285.35627383965766,
            275.94384124443053,
            210.46584980871052,
            144.45687569993743,
            61.9354948555151,
            0,
            -78.35230818085611,
            -58.50872893745783,
            10.01811817075476,
            98.85974285436541,
            113.05393377296338,
            136.38335372300966,
            153.48840833640992,
            135.98137955975153,
            121.22113024417837,
            0,
            0,
            0,
            0
        ],
        [
            81.12976099722849,
            143.55070672343334,
            176.6174759837399,
            235.70873428384644,
            278.7773584306874,
            283.0803235954664,
            318.1200140024607,
            352.19687046794564,
            362.36514325322344,
            354.23705929488193,
            288.99273752819636,
            222.97830493809252,
            140.46475904163154,
            78.35230818085611,
            0,
            18.268171801085305,
            83.40815439182,
            166.76861259620247,
            175.98355236682008,
            192.20778803244244,
            199.83855753499972,
            171.88466366810894,
            126.3086494849178,
            0,
            0,
            0,
            0
        ],
        [
            86.77240661405843,
            140.2016408983803,
            169.72240802744986,
            226.674449589186,
            267.6921599374301,
            269.8355057330344,
            303.1373885885564,
            335.50447437894934,
            343.92139827462427,
            334.1118337236864,
            268.0521865768961,
            201.94829108464614,
            119.91108076243951,
            58.50872893745783,
            -18.268171801085305,
            0,
            63.550656085529866,
            143.5805665315288,
            151.31169052234912,
            164.5673376236739,
            167.6183749197233,
            135.3931196799347,
            54.59138860123595,
            0,
            0,
            0,
            0
        ],
        [
            78.31405244494135,
            114.43533920403432,
            133.93521218085496,
            183.25653089812764,
            217.6073028277753,
            213.7921438091637,
            242.084252694929,
            270.1194892307435,
            274.9414137493233,
            262.448815891459,
            195.68517888449216,
            130.0281421028497,
            49.433546667103144,
            -10.01811817075476,
            -83.40815439182,
            -63.550656085529866,
            0,
            78.40240018994344,
            87.63806621115643,
            101.33859631586373,
            103.6914543212447,
            71.80020048064307,
            0,
            0,
            0,
            0,
            0
        ],
        [
            60.490325479295116,
            76.02934599635178,
            82.5126634283268,
            121.55026838704744,
            147.06081879005504,
            135.63235320446861,
            157.51046911304627,
            180.20388593112187,
            180.95172693500072,
            165.88542539477712,
            99.21792527774817,
            34.939351147330804,
            -42.893192583222145,
            -98.85974285436541,
            -166.76861259620247,
            -143.5805665315288,
            -78.40240018994344,
            0,
            13.864784657419886,
            31.65549347769194,
            37.54221449219715,
            3.1117668443911763,
            0,
            0,
            0,
            0,
            0
        ],
        [
            57.38118093983665,
            67.97141768370193,
            71.51655465817309,
            108.23519455068609,
            131.65376621014866,
            118.45338464089264,
            138.6382661714719,
            159.7123239912857,
            159.1516254219469,
            143.20312404985478,
            77.40917244299492,
            14.777924516355451,
            -60.20702955302576,
            -113.05393377296338,
            -175.98355236682008,
            -151.31169052234912,
            -87.63806621115643,
            -13.864784657419886,
            0,
            14.993272242945153,
            8.824601280771526,
            0,
            0,
            0,
            0,
            0,
            0
        ],
        [
            49.647900557618236,
            53.24698538871966,
            52.17520897997175,
            85.02634002516555,
            105.11755992099428,
            89.28538367119648,
            106.97873381144977,
            125.84633847481864,
            123.73741579887576,
            107.04647661199509,
            42.871649497392845,
            -17.238882435220795,
            -88.10389306603666,
            -136.38335372300966,
            -192.20778803244244,
            -164.5673376236739,
            -101.33859631586373,
            -31.65549347769194,
            -14.993272242945153,
            0,
            0,
            0,
            0,
            0,
            0,
            0,
            0
        ],
        [
            41.07475757674749,
            38.38644342607262,
            32.94680161503539,
            61.94816433640802,
            78.80561344160967,
            60.620408183962354,
            75.95455240934616,
            92.7599751581256,
            89.39569912054547,
            72.41793923705887,
            10.74895212694424,
            -45.9007853794475,
            -111.2946977033276,
            -153.48840833640992,
            -199.83855753499972,
            -167.6183749197233,
            -103.6914543212447,
            -37.54221449219715,
            -8.824601280771551,
            0,
            0,
            0,
            0,
            0,
            0,
            0,
            0
        ],
        [
            40.371931970924834,
            39.03315914505801,
            34.12924760731073,
            62.98348042907988,
            79.70620115563283,
            61.866189009049144,
            76.77864772807365,
            92.83356299240232,
            88.97520455281638,
            71.81430411287718,
            12.708284315588612,
            -40.38612489393974,
            -100.02718956516362,
            -135.98137955975153,
            -171.88466366810894,
            -135.3931196799347,
            -71.80020048064307,
            -3.1117668443911763,
            0,
            0,
            0,
            0,
            0,
            0,
            0,
            0,
            0
        ],
        [
            29.648460342799087,
            24.566601119029997,
            16.12944473559389,
            40.886380680051275,
            54.389529776568864,
            35.06693666996545,
            47.5521607303378,
            61.27947713211462,
            56.46623734143461,
            39.96096159961589,
            -12.45053780168145,
            -56.76531142555581,
            -102.25245690700886,
            -121.22113024417837,
            -126.3086494849178,
            -54.59138860123595,
            0,
            0,
            0,
            0,
            0,
            0,
            0,
            0,
            0,
            0,
            0
        ],
        [
            11.079537894785826,
            -0.5968447904032476,
            -15.627553175505557,
            1.446083554163719,
            9.388769116260415,
            -11.714821402226262,
            -2.632206239878707,
            8.340949305228593,
            4.070155829334694,
            -7.75495173279422,
            -42.448767597810814,
            -62.917932527512974,
            -62.31515679464157,
            0,
            0,
            0,
            0,
            0,
            0,
            0,
            0,
            0,
            0,
            0,
            0,
            0,
            0
        ],
        [
            0,
            -5.321428442270525,
            -20.39416293341679,
            -7.3464254140132335,
            -1.5071844614269665,
            -20.163461493952767,
            -12.45964628638623,
            -3.243872321332073,
            -5.559994322964242,
            -9.149122742233844,
            0,
            0,
            0,
            0,
            0,
            0,
            0,
            0,
            0,
            0,
            0,
            0,
            0,
            0,
            0,
            0,
            0
        ],
        [
            0,
            4.7342340871771444,
            3.352695087771779,
            17.275299643315165,
            24.278159722362478,
            11.415112279309941,
            15.327648648528962,
