0.0779191396          0                     0                     0                     0                     0                     0                     
0.087577837391        0.00794039207002      -0.00187451602645     0.00794039207002      -0.00187451602645     0.013349802814        -0.00290113101234     
0.0972365351819       0.0479222416714       -0.0134685251697      0.0479222416714       -0.0134685251697      0.079942108431        -0.0204650433874      
0.106895232973        0.124834046744        -0.0413190916808      0.124834046744        -0.0413190916808      0.206905130293        -0.0618987230031      
0.116553930764        0.23099258457         -0.0906229222948      0.23099258457         -0.0906229222948      0.381213496411        -0.134191953409       
0.126212628555        0.351798944259        -0.163396274673       0.351798944259        -0.163396274673       0.579984869261        -0.239854450619       
0.135871326346        0.473207668239        -0.253708707041       0.473207668239        -0.253708707041       0.781599318184        -0.370303669896       
0.145530024137        0.588309870197        -0.353301979069       0.588309870197        -0.353301979069       0.97494917079         -0.513786680724       
0.155188721928        0.694782729832        -0.456214654902       0.694782729832        -0.456214654902       1.15578216433         -0.661832125402       
0.164847419719        0.79196538011         -0.558709730069       0.79196538011         -0.558709730069       1.32250300143         -0.809128358021       
0.17450611751         0.880039460043        -0.658498425151       0.880039460043        -0.658498425151       1.47495386033         -0.952418172567       
0.184164815301        0.959652141689        -0.754362333848       0.959652141689        -0.754362333848       1.61379858121         -1.0899823947         
0.193823513091        1.03123942966         -0.845612744474       1.03123942966         -0.845612744474       1.73950656964         -1.22084359813        
0.203482210882        1.09533424387         -0.931922766721       1.09533424387         -0.931922766721       1.8527849887          -1.34454478555        
0.213140908673        1.1524550017          -1.0129850375         1.1524550017          -1.0129850375         1.95436282265         -1.46065310003        
0.222799606464        1.2033118048          -1.08884279596        1.2033118048          -1.08884279596        2.04529182735         -1.56924616359        
0.232458304255        1.24848911114         -1.15962593771        1.24848911114         -1.15962593771        2.12645546029         -1.67051127118        
0.242117002046        1.28860862185         -1.22547130931        1.28860862185         -1.22547130931        2.19880375793         -1.76465420081        
0.251775699837        1.32402916326         -1.28690016665        1.32402916326         -1.28690016665        2.26294931934         -1.85241807971        
0.261434397628        1.35499264505         -1.34402371935        1.35499264505         -1.34402371935        2.31930356529         -1.93396593231        
0.271093095419        1.3819058352          -1.39723469363        1.3819058352          -1.39723469363        2.36855002698         -2.0098680387         
0.28075179321         1.40482496393         -1.44625066956        1.40482496393         -1.44625066956        2.41083482251         -2.07971241525        
0.290410491001        1.42443507706         -1.49155739356        1.42443507706         -1.49155739356        2.44725385445         -2.14421500287        
0.300069188792        1.44089113394         -1.53329915613        1.44089113394         -1.53329915613        2.47808381433         -2.20359009735        
0.309727886583        1.45455537211         -1.5716707774         1.45455537211         -1.5716707774         2.50393164805         -2.25811700232        
0.319386584374        1.46567331332         -1.60683685974        1.46567331332         -1.60683685974        2.52521117899         -2.30803664629        
0.329045282165        1.47450661769         -1.63900501816        1.47450661769         -1.63900501816        2.5423644628          -2.35364826946        
0.338703979956        1.48129745263         -1.6683115354         1.48129745263         -1.6683115354         2.55579526811         -2.3951507683         
0.348362677747        1.48634764198         -1.69503648534        1.48634764198         -1.69503648534        2.56599187241         -2.43294028634        
0.358021375538        1.4897713032          -1.71943193931        1.4897713032          -1.71943193931        2.57317306696         -2.46739303308        
0.367680073329        1.49160331535         -1.74172769829        1.49160331535         -1.74172769829        2.57743545895         -2.49882995837        
0.37733877112         1.49204330555         -1.76208090192        1.49204330555         -1.76208090192        2.57912469162         -2.5274722082         
0.386997468911        1.49107542039         -1.78057406482        1.49107542039         -1.78057406482        2.57825552536         -2.55344370023        
0.396656166702        1.48877535705         -1.79731651592        1.48877535705         -1.79731651592        2.57497427131         -2.57689502882        
0.406314864492        1.48524922794         -1.81245261345        1.48524922794         -1.81245261345        2.56948051785         -2.59803703192        
0.415973562283        1.48057070691         -1.82606453311        1.48057070691         -1.82606453311        2.56191907591         -2.61699147933        
0.425632260074        1.47476466944         -1.83819147427        1.47476466944         -1.83819147427        2.55234728254         -2.63381297948        
0.435290957865        1.46790709968         -1.84894370873        1.46790709968         -1.84894370873        2.54091487183         -2.64866198404        
0.444949655656        1.46016845965         -1.85855871241        1.46016845965         -1.85855871241        2.52789762807         -2.66187573877        
0.454608353447        1.45138619113         -1.8663642219         1.45138619113         -1.8663642219         2.51307268082         -2.67251193288        
0.464267051238        1.44185077341         -1.87322411266        1.44185077341         -1.87322411266        2.49690043076         -2.68178492827        
0.473925749029        1.43149177539         -1.87891784596        1.43149177539         -1.87891784596        2.47929783297         -2.68939159177        
0.48358444682         1.4204160577          -1.88341449699        1.4204160577          -1.88341449699        2.46044026718         -2.6952922795         
0.493243144611        1.40854822456         -1.88655395881        1.40854822456         -1.88655395881        2.44020674493         -2.69924591823        
0.502901842402        1.39617780972         -1.88863900587        1.39617780972         -1.88863900587        2.41907142822         -2.70169082589        
0.512560540193        1.38343403479         -1.88969652174        1.38343403479         -1.88969652174        2.39723597897         -2.70268043764        
0.522219237984        1.37032535649         -1.8897061768         1.37032535649         -1.8897061768         2.37469767555         -2.7021868889         
0.531877935775        1.3570297405          -1.88908678859        1.3570297405          -1.88908678859        2.35177318464         -2.70080897526        
0.541536633566        1.34332441521         -1.88759468248        1.34332441521         -1.88759468248        2.32810582755         -2.69818686178        
0.551195331357        1.32928800798         -1.8853336683         1.32928800798         -1.8853336683         2.3038358258          -2.69447045763        
0.560854029148        1.31504502356         -1.88234860348        1.31504502356         -1.88234860348        2.27916165853         -2.68972517364        
0.570512726939        1.30068721086         -1.87845153526        1.30068721086         -1.87845153526        2.25419035769         -2.6836807298         
0.58017142473         1.28604621561         -1.87446490241        1.28604621561         -1.87446490241        2.2287784958          -2.67750563214        
0.589830122521        1.27091274049         -1.86955302197        1.27091274049         -1.86955302197        2.202542264           -2.67002389511        
0.599488820312        1.25585746823         -1.86414603884        1.25585746823         -1.86414603884        2.1763586053          -2.66183651716        
0.609147518103        1.24065925785         -1.85829725144        1.24065925785         -1.85829725144        2.14991934114         -2.65302190086        
0.618806215893        1.22521697446         -1.85183786601        1.22521697446         -1.85183786601        2.12304923458         -2.6433408946         
0.628464913684        1.20970628262         -1.84503452671        1.20970628262         -1.84503452671        2.09605574098         -2.63317344165        
0.638123611475        1.19402714275         -1.83777647894        1.19402714275         -1.83777647894        2.06878350409         -2.62236282453        
0.647782309266        1.17822670022         -1.83004886424        1.17822670022         -1.83004886424        2.04129696127         -2.61088617126        
0.657441007057        1.16242208288         -1.82205524071        1.16242208288         -1.82205524071        2.01378212493         -2.59904925801        
0.667099704848        1.14644193986         -1.81379998273        1.14644193986         -1.81379998273        1.98599768838         -2.58684206036        
0.676758402639        1.13026532962         -1.80516677292        1.13026532962         -1.80516677292        1.95790798813         -2.57410158264        
0.68641710043         1.11396077418         -1.79620031277        1.11396077418         -1.79620031277        1.92962551466         -2.56089072755        
0.696075798221        1.09751649656         -1.78688751012        1.09751649656         -1.78688751012        1.90113446231         -2.54719159925        
0.705734496012        1.08105421502         -1.77746261326        1.08105421502         -1.77746261326        1.87263492135         -2.53333836494        
0.715393193803        1.06422357175         -1.76734391979        1.06422357175         -1.76734391979        1.84358437834         -2.51850789927        
0.725051891594        1.04728975732         -1.75680811768        1.04728975732         -1.75680811768        1.8143868646          -2.50306753501        
0.734710589385        1.03039092282         -1.74607042885        1.03039092282         -1.74607042885        1.78526629198         -2.48735577043        
0.744369287176        1.01345303642         -1.7350055802         1.01345303642         -1.7350055802         1.75611210631         -2.47119136017        
0.754027984967        0.996531538078        -1.72354187031        0.996531538078        -1.72354187031        1.72699334401         -2.45446744095        
0.763686682758        0.979633548136        -1.71180985062        0.979633548136        -1.71180985062        1.69791996101         -2.43738060862        
0.773345380549        0.962735910402        -1.6998256864         0.962735910402        -1.6998256864         1.66886930931         -2.41994235629        
0.78300407834         0.945800626384        -1.68754813611        0.945800626384        -1.68754813611        1.63976824408         -2.402092455          
0.792662776131        0.928957161652        -1.67497643524        0.928957161652        -1.67497643524        1.61084471606         -2.38383552344        
0.802321473922        0.912128775364        -1.6622095103         0.912128775364        -1.6622095103         1.58196802205         -2.36530808674        
0.811980171713        0.895345002258        -1.64913932689        0.895345002258        -1.64913932689        1.55317598984         -2.34635724962        
0.821638869504        0.878608142257        -1.63579554388        0.878608142257        -1.63579554388        1.5244759072          -2.327025081          
0.831297567294        0.861969316147        -1.62222457264        0.861969316147        -1.62222457264        1.49594755618         -2.30737824764        
0.840956265085        0.845384459837        -1.60839052783        0.845384459837        -1.60839052783        1.46753101281         -2.28736677719        
0.850614962876        0.828954871806        -1.59440363015        0.828954871806        -1.59440363015        1.43935202949         -2.26714985032        
0.860273660667        0.812623505658        -1.58023779795        0.812623505658        -1.58023779795        1.41135273673         -2.24668714968        
0.869932358458        0.796313886083        -1.5658701842         0.796313886083        -1.5658701842         1.38341183521         -2.22594542785        
0.879591056249        0.780085829832        -1.5513650371         0.780085829832        -1.5513650371         1.35562214245         -2.20501439272        
0.88924975404         0.763945670959        -1.53666771995        0.763945670959        -1.53666771995        1.32798947435         -2.18381776725        
0.898908451831        0.747862462587        -1.5218474498         0.747862462587        -1.5218474498         1.3004758088          -2.16245173535        
0.908567149622        0.731844787181        -1.50679665718        0.731844787181        -1.50679665718        1.27308535026         -2.14076891408        
0.918225847413        0.715693455237        -1.49139478294        0.715693455237        -1.49139478294        1.24551918456         -2.11858637339        
0.927884545204        0.699862515216        -1.47594977595        0.699862515216        -1.47594977595        1.21846486849         -2.09635392156        
0.937543242995        0.683976959804        -1.460241249          0.683976959804        -1.460241249          1.19134564662         -2.07375531321        
0.947201940786        0.668126495044        -1.44433062538        0.668126495044        -1.44433062538        1.16431399646         -2.05087937342        
0.956860638577        0.652313639771        -1.42812356402        0.652313639771        -1.42812356402        1.13735014277         -2.02758836419        
0.966519336368        0.636432425129        -1.41144084775        0.636432425129        -1.41144084775        1.11029421722         -2.00362972612        
0.976178034159        0.620362032351        -1.39402447988        0.620362032351        -1.39402447988        1.0829227804          -1.97863852728        
0.98583673195         0.603104142802        -1.37342086678        0.603104142802        -1.37342086678        1.05347768            -1.94913459343        
0.995495429741        0.585268120186        -1.35115882655        0.585268120186        -1.35115882655        1.02304608167         -1.91728640101        
1.00515412753         0.567831929678        -1.32933348898        0.567831929678        -1.32933348898        0.993324489154        -1.88606725901        
1.01481282532         0.550823653141        -1.30791727727        0.550823653141        -1.30791727727        0.96435192833         -1.85543635519        
1.02447152311         0.534132157803        -1.2868084762         0.534132157803        -1.2868084762         0.935943581618        -1.82525501667        
1.0341302209          0.517770411574        -1.26597328281        0.517770411574        -1.26597328281        0.908119061269        -1.79547045135        
1.0437889187          0.501777433817        -1.24548184235        0.501777433817        -1.24548184235        0.880936817233        -1.76618250153        
1.05344761649         0.486059477026        -1.22512716368        0.486059477026        -1.22512716368        0.854236399976        -1.73709588589        
1.06310631428         0.470646866899        -1.20504193516        0.470646866899        -1.20504193516        0.828077056023        -1.70840308283        
1.07276501207         0.455546784575        -1.18516481062        0.455546784575        -1.18516481062        0.802457225151        -1.68001454401        
1.08242370986         0.440668996804        -1.16543525638        0.440668996804        -1.16543525638        0.777242750797        -1.65183935443        
1.09208240765         0.426177029592        -1.14595420373        0.426177029592        -1.14595420373        0.752678303909        -1.6240201969         
1.10174110544         0.411977598163        -1.12661909283        0.411977598163        -1.12661909283        0.72861453928         -1.59641955734        
1.11139980323         0.398108402987        -1.10754667265        0.398108402987        -1.10754667265        0.705115981777        -1.56920039244        
1.12105850102         0.384589315294        -1.08864894452        0.384589315294        -1.08864894452        0.682200395013        -1.54223684204        
1.13071719881         0.371301033515        -1.07008357812        0.371301033515        -1.07008357812        0.659703049056        -1.51575111476        
1.14037589661         0.358315213919        -1.05167121201        0.358315213919        -1.05167121201        0.63771458193         -1.48948984065        
1.1500345944          0.345611575993        -1.03350989874        0.345611575993        -1.03350989874        0.616211896733        -1.46359102577        
1.15969329219         0.333196067534        -1.01562750898        0.333196067534        -1.01562750898        0.59520020121         -1.43809183559        
1.16935198998         0.321053513727        -0.997900344013       0.321053513727        -0.997900344013       0.574657225519        -1.41282357809        
1.17901068777         0.309093554412        -0.980390153615       0.309093554412        -0.980390153615       0.554445973355        -1.38786642399        
1.18866938556         0.297393154763        -0.963045710706       0.297393154763        -0.963045710706       0.534673389007        -1.36315110972        
1.19832808335         0.285987464335        -0.946100423726       0.285987464335        -0.946100423726       0.515417222803        -1.33900779758        
1.20798678114         0.274769527469        -0.929247112353       0.274769527469        -0.929247112353       0.496485290388        -1.31500085692        
1.21764547893         0.263765159168        -0.912607276674       0.263765159168        -0.912607276674       0.477930983581        -1.2913016969         
1.22730417672         0.252951068101        -0.896100504265       0.252951068101        -0.896100504265       0.459712875603        -1.26779215564        
1.23696287451         0.242405377182        -0.879884680595       0.242405377182        -0.879884680595       0.441958382326        -1.24470358954        
1.24662157231         0.232087684641        -0.863707023991       0.232087684641        -0.863707023991       0.424580426964        -1.22167468902        
1.2562802701          0.222042197396        -0.847848927645       0.222042197396        -0.847848927645       0.407664572611        -1.19910261635        
1.26593896789         0.212157272158        -0.832070215509       0.212157272158        -0.832070215509       0.391040278072        -1.17665310756        
1.27559766568         0.202533752117        -0.816533821571       0.202533752117        -0.816533821571       0.374852761083        -1.15455038968        
1.28525636347         0.193129902362        -0.80122078998        0.193129902362        -0.80122078998        0.359041146545        -1.13276887216        
1.29491506126         0.183938631209        -0.78603393015        0.183938631209        -0.78603393015        0.343588310623        -1.11117223752        
1.30457375905         0.174951621693        -0.77100394975        0.174951621693        -0.77100394975        0.328481841342        -1.08980295002        
1.31423245684         0.166197094667        -0.756195213205       0.166197094667        -0.756195213205       0.313766985879        -1.06875164937        
1.32389115463         0.157653468603        -0.74158591589        0.157653468603        -0.74158591589        0.299410323083        -1.04798766306        
1.33354985242         0.14933653971         -0.72706548625        0.14933653971         -0.72706548625        0.285424197274        -1.02735260765        
1.34320855022         0.141131049972        -0.712802850665       0.141131049972        -0.712802850665       0.271656908565        -1.00708578239        
1.35286724801         0.133181309843        -0.698648012206       0.133181309843        -0.698648012206       0.25830233681         -0.986977784394       
1.3625259458          0.125454549996        -0.684723722817       0.125454549996        -0.684723722817       0.245320951081        -0.967200431806       
1.37218464359         0.117918546788        -0.670960674079       0.117918546788        -0.670960674079       0.232659486583        -0.947655149387       
1.38184334138         0.110571638595        -0.657364855427       0.110571638595        -0.657364855427       0.220315935479        -0.928351646077       
1.39150203917         0.103415034833        -0.64397678463        0.103415034833        -0.64397678463        0.208292691245        -0.909345926145       
1.40116073696         0.0964389248149       -0.630728286301       0.0964389248149       -0.630728286301       0.196572430216        -0.890542423203       
1.41081943475         0.0896353478495       -0.617664096929       0.0896353478495       -0.617664096929       0.185144183712        -0.872003506446       
1.42047813254         0.0830019490005       -0.604762167338       0.0830019490005       -0.604762167338       0.174003113386        -0.853698273408       
1.43013683033         0.0765044577927       -0.591994447287       0.0765044577927       -0.591994447287       0.16309592978         -0.835584707326       
1.43979552812         0.0702035269153       -0.579389856579       0.0702035269153       -0.579389856579       0.152515441453        -0.817705228075       
1.44945422592         0.064083931014        -0.566936618214       0.064083931014        -0.566936618214       0.142234657141        -0.80004431546        
1.45911292371         0.0581342090977       -0.554640780348       0.0581342090977       -0.554640780348       0.132237040522        -0.782610172521       
1.4687716215          0.052357669751        -0.542505149377       0.052357669751        -0.542505149377       0.12252650297         -0.765406730296       
1.47843031929         0.0467474551322       -0.530518671208       0.0467474551322       -0.530518671208       0.113091080602        -0.74841782575        
1.48808901708         0.0413009177603       -0.51866879176        0.0413009177603       -0.51866879176        0.103925542399        -0.731625346491       
1.49774771487         0.03601236417         -0.506985270423       0.03601236417         -0.506985270423       0.0950232993009       -0.715071397669       
1.50740641266         0.0308686533594       -0.495442411775       0.0308686533594       -0.495442411775       0.0863618782962       -0.698718842154       
1.51706511045         0.0258855495627       -0.484027105141       0.0258855495627       -0.484027105141       0.0779646732246       -0.682548985892       
1.52672380824         0.0210709652515       -0.472778103575       0.0210709652515       -0.472778103575       0.069843840316        -0.666618094757       
1.53638250603         0.0164107900805       -0.461674932731       0.0164107900805       -0.461674932731       0.0619764069986       -0.650896534129       
1.54604120383         0.011901301085        -0.450725093763       0.011901301085        -0.450725093763       0.0543576005502       -0.635394842569       
1.55569990162         0.0075352797951       -0.439924884384       0.0075352797951       -0.439924884384       0.0469749116008       -0.620107418571       
1.56535859941         0.00331735165108      -0.42926071332        0.00331735165108      -0.42926071332        0.0398347379421       -0.605015474755       
1.5750172972          -0.000773423926016    -0.41871471525        -0.000773423926016    -0.41871471525        0.0329033151265       -0.590092237997       
1.58467599499         -0.00472069155108     -0.408308859442       -0.00472069155108     -0.408308859442       0.0262085188148       -0.575369686784       
1.59433469278         -0.00851399112698     -0.398046460014       -0.00851399112698     -0.398046460014       0.0197627237835       -0.560852986381       
1.60399339057         -0.0121817420081      -0.387946934332       -0.0121817420081      -0.387946934332       0.0135266520311       -0.546568951355       
1.61365208836         -0.0157021128296      -0.377961948486       -0.0157021128296      -0.377961948486       0.00752642307483      -0.53244956557        
1.62331078615         -0.019089618006       -0.368134966694       -0.019089618006       -0.368134966694       0.00174424941147      -0.518555941406       
1.63296948394         -0.0223576692635      -0.358421712274       -0.0223576692635      -0.358421712274       -0.00384295580932     -0.504824150623       
1.64262818173         -0.025481780035       -0.348849948455       -0.025481780035       -0.348849948455       -0.0091974236949      -0.491295159009       
1.65228687953         -0.0284763132669      -0.339442098114       -0.0284763132669      -0.339442098114       -0.0143400023428      -0.47800004053        
1.66194557732         -0.0313426921936      -0.330175377535       -0.0313426921936      -0.330175377535       -0.0192744533056      -0.464906526427       
1.67160427511         -0.0340941878129      -0.321080963429       -0.0340941878129      -0.321080963429       -0.0240188209355      -0.452058447381       
1.6812629729          -0.0367306516927      -0.312155284892       -0.0367306516927      -0.312155284892       -0.028572947711       -0.43944956547        
1.69092167069         -0.0392895838107      -0.303735333799       -0.0392895838107      -0.303735333799       -0.0329644689483      -0.427556022361       
1.70058036848         -0.0420563323341      -0.297675484732       -0.0420563323341      -0.297675484732       -0.0374617673255      -0.418986672065       
1.71023906627         -0.0447101992934      -0.291347572871       -0.0447101992934      -0.291347572871       -0.0418082261302      -0.410041898464       
1.71989776406         -0.0472584350877      -0.284837710289       -0.0472584350877      -0.284837710289       -0.0460069412973      -0.400842627024       
1.72955646185         -0.04969056617        -0.27820751072        -0.04969056617        -0.27820751072        -0.050039221637       -0.391475822783       
1.73921515964         -0.0520097204596      -0.271445877954       -0.0520097204596      -0.271445877954       -0.0539090055486      -0.381926634413       
1.74887385744         -0.0542171172385      -0.264599520515       -0.0542171172385      -0.264599520515       -0.0576164792272      -0.372259662399       
1.75853255523         -0.0563095877039      -0.257674367129       -0.0563095877039      -0.257674367129       -0.0611560427314      -0.362484168012       
1.76819125302         -0.0582762014079      -0.250692534568       -0.0582762014079      -0.250692534568       -0.0645113554637      -0.352630638128       
1.77784995081         -0.0601232657386      -0.243652398012       -0.0601232657386      -0.243652398012       -0.0676910549383      -0.342697012725       
1.7875086486          -0.0618470469576      -0.236570690254       -0.0618470469576      -0.236570690254       -0.070689234378       -0.332706945938       
1.79716734639         -0.0634455476319      -0.229455830529       -0.0634455476319      -0.229455830529       -0.0735026044013      -0.322672276841       
1.80682604418         -0.0649168189639      -0.222317895333       -0.0649168189639      -0.222317895333       -0.0761281458891      -0.312607143483       
1.81648474197         -0.0662608652146      -0.215164852296       -0.0662608652146      -0.215164852296       -0.0785654205072      -0.302522629075       
1.82614343976         -0.0674716361907      -0.20801059481        -0.0674716361907      -0.20801059481        -0.0808056048986      -0.292438132189       
1.83580213755         -0.06854822844        -0.200848157354       -0.06854822844        -0.200848157354       -0.0828474834386      -0.282344241869       
1.84546083534         -0.0694945197814      -0.193705434319       -0.0694945197814      -0.193705434319       -0.0846955186264      -0.272279985244       
1.85511953314         -0.07030624615        -0.186579473085       -0.07030624615        -0.186579473085       -0.0863441569346      -0.262241055917       
1.86477823093         -0.0709830614371      -0.179480393884       -0.0709830614371      -0.179480393884       -0.0877924981424      -0.252241715142       
1.87443692872         -0.0715260180729      -0.172415477517       -0.0715260180729      -0.172415477517       -0.0890419675458      -0.242292262613       
1.88409562651         -0.071932410922       -0.165392679841       -0.071932410922       -0.165392679841       -0.0900885437535      -0.232403773242       
1.8937543243          -0.0722026008337      -0.158421308691       -0.0722026008337      -0.158421308691       -0.0909326420359      -0.222589113378       
1.90341302209         -0.0719793475157      -0.151701172531       -0.0719793475157      -0.151701172531       -0.0910754716472      -0.213117038939       
1.91307171988         -0.0723296868793      -0.144647885826       -0.0723296868793      -0.144647885826       -0.0920066519232      -0.203203098853       
1.92273041767         -0.0721885786156      -0.137864549406       -0.0721885786156      -0.137864549406       -0.0922392559853      -0.193657775745       
1.93238911546         -0.071910973129       -0.131159615318       -0.071910973129       -0.131159615318       -0.0922687161171      -0.184224199626       
1.94204781325         -0.0714960833061      -0.124541294614       -0.0714960833061      -0.124541294614       -0.0920939410796      -0.174913899067       
1.95170651105         -0.0709455074324      -0.118014322439       -0.0709455074324      -0.118014322439       -0.0917172839871      -0.165733434          
1.96136520884         -0.0702588824269      -0.111586154562       -0.0702588824269      -0.111586154562       -0.0911382201424      -0.156693245533       
1.97102390663         -0.0694393950794      -0.105265227851       -0.0694393950794      -0.105265227851       -0.0903612265723      -0.147805153163       
1.98068260442         -0.0684839966388      -0.0990589692588      -0.0684839966388      -0.0990589692588      -0.0893820877119      -0.139079509713       
1.99034130221         -0.067441057467       -0.0929839303852      -0.067441057467       -0.0929839303852      -0.0882685915579      -0.130540758321       
2                     -0.0661785738513      -0.0870153442778      -0.0661785738513      -0.0870153442778      -0.0868361757851      -0.122150477535       
2.3139245849          -0.00242777723525     -0.00030541177712     -0.00242777723525     -0.00030541177712     -0.00321506671744     -0.000428389592486    
2.3309245849          -0.00134420798346     -0.000130829579792    -0.00134420798346     -0.000130829579792    -0.00177638421911     -0.000183314200351    
2.3479245849          -0.000565152057244    -2.3478927654e-05     -0.000565152057244    -2.3478927654e-05     -0.000744761906027    -3.2488997315e-05     
2.3649245849          -8.47934517198e-05    3.96079997908e-05     -8.47934517198e-05    3.96079997908e-05     -0.000110194312101    5.62955476658e-05     
2.3819245849          2.56913352339e-05     0.00018141547278      2.56913352339e-05     0.00018141547278      7.75685183563e-05     0.000238002413934     
2.3989245849          4.98168195668e-05     0.000555445655319     4.98168195668e-05     0.000555445655319     0.000108700798306     0.000727706592022     
2.4159245849          7.14847943754e-05     0.000994721398861     7.14847943754e-05     0.000994721398861     0.000136908672614     0.00129917164459      
2.4329245849          8.9199496296e-05      0.00144947414762      8.9199496296e-05      0.00144947414762      0.000159763995345     0.00188746721321      
2.4339245849          9.01110341107e-05     0.00147612449537      9.01110341107e-05     0.00147612449537      0.000160929055658     0.00192184583765      
2.6131702524          8.96782118293e-05     0.00443985253455      8.96782118293e-05     0.00443985253455      0.000143196364359     0.00564677753135      
2.7924159199          4.49556452834e-06     0.00386883596022      4.49556452834e-06     0.00386883596022      1.30021833447e-05     0.0048378705983       
2.9716615874          -2.44898409798e-05    0.00202380655295      -2.44898409798e-05    0.00202380655295      -3.26015518744e-05    0.00249771136094      
3.1509072549          -1.2109477864e-05     0.000541303523258     -1.2109477864e-05     0.000541303523258     -1.67802291588e-05    0.000662042983437     
3.33015292241         1.6475023013e-05      5.06701457609e-07     1.6475023013e-05      5.06701457609e-07     2.02004021127e-05     5.47935861361e-07     
3.50939858991         0.000353380844056     1.33681102159e-05     0.000353380844056     1.33681102159e-05     0.000428072804062     1.02797872398e-05     
3.68864425741         0.000548831283671     2.41117680371e-05     0.000548831283671     2.41117680371e-05     0.000656038301331     1.34724166042e-05     
3.86788992491         0.000532769284979     2.625958229e-05       0.000532769284979     2.625958229e-05       0.000627927601853     1.09687121515e-05     
4.04713559241         0.000404354961658     2.18553725374e-05     0.000404354961658     2.18553725374e-05     0.000469740733128     6.94378300389e-06     
4.22638125991         0.000258911487852     1.51014454702e-05     0.000258911487852     1.51014454702e-05     0.000296408668325     3.70758939109e-06     
4.40562692741         0.000144958207704     9.01659243066e-06     0.000144958207704     9.01659243066e-06     0.000163545125306     1.72404306936e-06     
4.58487259491         7.23927637984e-05     4.75888961245e-06     7.23927637984e-05     4.75888961245e-06     8.04973112543e-05     7.20163127187e-07     
4.76411826241         3.2648858745e-05      2.25223270497e-06     3.2648858745e-05      2.25223270497e-06     3.57846648334e-05     2.72249750034e-07     
4.94336392991         1.3406839183e-05      9.65026199954e-07     1.3406839183e-05      9.65026199954e-07     1.44869849415e-05     9.41673113709e-08     
5.12260959742         5.041611864e-06       3.76906475721e-07     5.041611864e-06       3.76906475721e-07     5.37213169809e-06     3.01933893024e-08     
5.30185526492         1.74349505447e-06     1.34853875451e-07     1.74349505447e-06     1.34853875451e-07     1.8323489793e-06      9.11094083776e-09     
5.48110093242         5.56229869336e-07     4.43678787295e-08     5.56229869336e-07     4.43678787295e-08     5.76692813573e-07     2.59431945873e-09     
5.66034659992         1.64109039033e-07     1.34623773086e-08     1.64109039033e-07     1.34623773086e-08     1.67889415082e-07     7.02316313083e-10     
5.83959226742         4.48636417386e-08     3.7759864332e-09      4.48636417386e-08     3.7759864332e-09      4.52987012018e-08     1.81727183978e-10     
6.01883793492         1.13819158261e-08     9.80859064572e-10     1.13819158261e-08     9.80859064572e-10     1.13450874183e-08     4.50577908037e-11     
6.19808360242         2.68316019526e-09     2.36327633654e-10     2.68316019526e-09     2.36327633654e-10     2.64085225597e-09     1.06990018629e-11     
6.37732926992         5.88363300893e-10     5.28816604808e-11     5.88363300893e-10     5.28816604808e-11     5.71934489897e-10     2.44528418881e-12     
6.55657493742         1.20116101299e-10     1.10013461631e-11     1.20116101299e-10     1.10013461631e-11     1.15343318678e-10     5.31035104462e-13     
6.73582060492         2.2845774728e-11      2.12958781152e-12     2.2845774728e-11      2.12958781152e-12     2.16759065731e-11     1.08974224006e-13     
6.91506627243         4.04985744906e-12     3.83787753593e-13     4.04985744906e-12     3.83787753593e-13     3.79734034161e-12     2.10318114658e-14     
7.09431193993         6.78011936554e-13     6.52552965995e-14     6.78011936554e-13     6.52552965995e-14     6.28393720036e-13     3.85249891052e-15     
7.27355760743         1.07983750327e-13     1.05456003065e-14     1.07983750327e-13     1.05456003065e-14     9.89445314682e-14     6.72612703366e-16     
7.45280327493         2.20502353975e-14     2.1832557338e-15      2.20502353975e-14     2.1832557338e-15      1.99787131721e-14     1.5053223687e-16      
7.63204894243         2.93114603737e-15     2.94024354845e-16     2.93114603737e-15     2.94024354845e-16     2.62659096377e-15     2.18953471962e-17     
7.81129460993         3.20348813827e-15     3.25332559692e-16     3.20348813827e-15     3.25332559692e-16     2.83959561138e-15     2.61174014071e-17     
7.99054027743         3.48904559734e-15     3.58507718751e-16     3.48904559734e-15     3.58507718751e-16     3.05980711161e-15     3.09504241753e-17     
8.16978594493         3.78789539439e-15     3.93575613154e-16     3.78789539439e-15     3.93575613154e-16     3.28710218688e-15     3.64375207274e-17     
8.34903161243         4.10010994374e-15     4.30560810653e-16     4.10010994374e-15     4.30560810653e-16     3.52136503356e-15     4.26213176658e-17     
8.52827727993         4.42575747318e-15     4.6948674864e-16      4.42575747318e-15     4.6948674864e-16      3.76249807322e-15     4.95769498061e-17     
8.70752294744         4.76490236316e-15     5.10375809901e-16     4.76490236316e-15     5.10375809901e-16     4.01031662481e-15     5.73553176767e-17     
8.88676861494         5.11760545137e-15     5.53249391864e-16     5.11760545137e-15     5.53249391864e-16     4.26471897806e-15     6.59676409882e-17     
9.06601428244         5.48392430671e-15     5.98127970014e-16     5.48392430671e-15     5.98127970014e-16     4.52559674692e-15     7.54551080055e-17     
9.24525994994         5.86391347652e-15     6.45031156059e-16     5.86391347652e-15     6.45031156059e-16     4.79284095862e-15     8.58582595058e-17     
9.42450561744         6.25762471013e-15     6.93977751364e-16     6.25762471013e-15     6.93977751364e-16     5.06634449663e-15     9.72169729327e-17     
9.60375128494         6.66510716136e-15     7.44985796132e-16     6.66510716136e-15     7.44985796132e-16     5.34600258391e-15     1.09570451331e-16     
9.78299695244         7.0864075725e-15      7.98072614719e-16     7.0864075725e-15      7.98072614719e-16     5.63171291366e-15     1.22957216341e-16     
9.96224261994         7.52157044168e-15     8.53254857466e-16     7.52157044168e-15     8.53254857466e-16     5.92337567275e-15     1.3741510463e-16      
10.1414882874         7.97063817549e-15     9.10548539366e-16     7.97063817549e-15     9.10548539366e-16     6.22089352249e-15     1.52981267234e-16     
10.3207339549         8.43365122837e-15     9.69969075848e-16     8.43365122837e-15     9.69969075848e-16     6.52417155982e-15     1.69692171348e-16     
10.4999796224         8.91064823024e-15     1.03153131595e-15     8.91064823024e-15     1.03153131595e-15     6.83311726846e-15     1.87583604169e-16     
10.6792252899         9.40166610337e-15     1.09524957311e-15     9.40166610337e-15     1.09524957311e-15     7.14764046474e-15     2.06690678466e-16     
10.8584709574         9.90674016983e-15     1.16113765376e-15     9.90674016983e-15     1.16113765376e-15     7.467653241e-15       2.27047839575e-16     
11.0377166249         1.04259042503e-14     1.22920888398e-15     1.04259042503e-14     1.22920888398e-15     7.7930699079e-15      2.48688873573e-16     
11.2169622925         1.09591907548e-14     1.29947613426e-15     1.09591907548e-14     1.29947613426e-15     8.12380693704e-15     2.71646916424e-16     
11.39620796           1.15066307671e-14     1.37195184262e-15     1.15066307671e-14     1.37195184262e-15     8.45978290448e-15     2.95954463895e-16     
11.5754536275         1.20682541218e-14     1.44664803627e-15     1.20682541218e-14     1.44664803627e-15     8.80091843625e-15     3.2164338211e-16      
11.754699295          1.26440894763e-14     1.52357635171e-15     1.26440894763e-14     1.52357635171e-15     9.14713615631e-15     3.48744918583e-16     
11.9339449625         1.32341643773e-14     1.60274805367e-15     1.32341643773e-14     1.60274805367e-15     9.49836063809e-15     3.77289713624e-16     
12.11319063           1.38385053222e-14     1.68417405282e-15     1.38385053222e-14     1.68417405282e-15     9.85451836076e-15     4.07307812021e-16     
12.2924362975         1.44571378168e-14     1.76786492228e-15     1.44571378168e-14     1.76786492228e-15     1.0215537672e-14      4.38828674906e-16     
12.471681965          1.50900864282e-14     1.85383091329e-15     1.50900864282e-14     1.85383091329e-15     1.05813487604e-14     4.71881191738e-16     
12.6509276325         1.57373748344e-14     1.94208196976e-15     1.57373748344e-14     1.94208196976e-15     1.09518836423e-14     5.06493692341e-16     
12.8301733            1.63990258707e-14     2.03262774206e-15     1.63990258707e-14     2.03262774206e-15     1.13270761736e-14     5.42693958936e-16     
13.0094189675         1.70750615728e-14     2.12547759998e-15     1.70750615728e-14     2.12547759998e-15     1.17068621055e-14     5.80509238138e-16     
13.188664635          1.77655032169e-14     2.22064064489e-15     1.77655032169e-14     2.22064064489e-15     1.20911792332e-14     6.19966252868e-16     
13.3679103025         1.84703713576e-14     2.31812572129e-15     1.84703713576e-14     2.31812572129e-15     1.24799677674e-14     6.6109121415e-16      
13.54715597           1.9189685863e-14      2.41794142759e-15     1.9189685863e-14      2.41794142759e-15     1.2873171398e-14      7.03909832779e-16     
13.7264016375         1.99234659479e-14     2.52009612642e-15     1.99234659479e-14     2.52009612642e-15     1.32707419056e-14     7.48447330816e-16     
13.905647305          2.06717302048e-14     2.62459795431e-15     2.06717302048e-14     2.62459795431e-15     1.36726543087e-14     7.94778759075e-16     
14.0848929725         2.14344966327e-14     2.73145483081e-15     2.14344966327e-14     2.73145483081e-15     1.40787471995e-14     8.42936516825e-16     
14.26413864           2.22117826648e-14     2.8406744672e-15      2.22117826648e-14     2.8406744672e-15      1.44889900119e-14     8.92895373082e-16     
14.4433843075         2.30036051941e-14     2.95226437469e-15     2.30036051941e-14     2.95226437469e-15     1.49033368018e-14     9.44679054518e-16     
14.622629975          2.38099805977e-14     3.0662318722e-15      2.38099805977e-14     3.0662318722e-15      1.532173707e-14       9.98310855738e-16     
14.8018756425         2.46309247593e-14     3.18258409377e-15     2.46309247593e-14     3.18258409377e-15     1.57441398998e-14     1.05381364944e-15     
14.98112131           2.54664530911e-14     3.30132799554e-15     2.54664530911e-14     3.30132799554e-15     1.61704948364e-14     1.11120989635e-15     
15.1603669775         2.63165805537e-14     3.42247036246e-15     2.63165805537e-14     3.42247036246e-15     1.66007521761e-14     1.17052165492e-15     
15.339612645          2.71813216757e-14     3.54601781456e-15     2.71813216757e-14     3.54601781456e-15     1.70348630761e-14     1.23177059083e-15     
15.5188583125         2.80606905715e-14     3.671976813e-15       2.80606905715e-14     3.671976813e-15       1.7472779596e-14      1.29497798623e-15     
15.69810398           2.89547009583e-14     3.80035366581e-15     2.89547009583e-14     3.80035366581e-15     1.79144547078e-14     1.36016474879e-15     
15.8773496475         2.98633661728e-14     3.93115453335e-15     2.98633661728e-14     3.93115453335e-15     1.8359842292e-14      1.42735142047e-15     
16.056595315          3.0786699186e-14      4.06438543346e-15     3.0786699186e-14      4.06438543346e-15     1.88088971247e-14     1.49655818616e-15     
16.2358409825         3.17247126184e-14     4.2000522465e-15      3.17247126184e-14     4.2000522465e-15      1.92615748614e-14     1.56780488201e-15     
16.41508665           3.26774187529e-14     4.33816072e-15        3.26774187529e-14     4.33816072e-15        1.97178320182e-14     1.6411110036e-15      
16.5943323175         3.36448295488e-14     4.4787164732e-15      3.36448295488e-14     4.4787164732e-15      2.01776259516e-14     1.71649571386e-15     
16.773577985          3.46269566537e-14     4.6217250014e-15      3.46269566537e-14     4.6217250014e-15      2.06409148387e-14     1.79397785086e-15     
16.9528236525         3.56238114154e-14     4.76719168001e-15     3.56238114154e-14     4.76719168001e-15     2.11076576562e-14     1.87357593528e-15     
17.13206932           3.66354048932e-14     4.91512176853e-15     3.66354048932e-14     4.91512176853e-15     2.15778141603e-14     1.95530817777e-15     
17.3113149875         3.76617478687e-14     5.06552041431e-15     3.76617478687e-14     5.06552041431e-15     2.20513448669e-14     2.03919248609e-15     
17.490560655          3.87028508556e-14     5.21839265613e-15     3.87028508556e-14     5.21839265613e-15     2.25282110317e-14     2.12524647206e-15     
17.6698063225         3.975872411e-14       5.37374342768e-15     3.975872411e-14       5.37374342768e-15     2.30083746313e-14     2.21348745832e-15     
17.84905199           4.08293776388e-14     5.53157756084e-15     4.08293776388e-14     5.53157756084e-15     2.34917983443e-14     2.30393248488e-15     
18.0282976575         4.19148212093e-14     5.69189978885e-15     4.19148212093e-14     5.69189978885e-15     2.39784455335e-14     2.39659831556e-15     
18.207543325          4.30150643571e-14     5.85471474937e-15     4.30150643571e-14     5.85471474937e-15     2.4468280228e-14      2.49150144423e-15     
18.3867889925         4.41301163944e-14     6.02002698735e-15     4.41301163944e-14     6.02002698735e-15     2.49612671065e-14     2.58865810082e-15     
18.56603466           4.52599864173e-14     6.18784095783e-15     4.52599864173e-14     6.18784095783e-15     2.54573714801e-14     2.68808425728e-15     
18.7452803275         4.64046833136e-14     6.35816102867e-15     4.64046833136e-14     6.35816102867e-15     2.59565592769e-14     2.78979563326e-15     
18.924525995          4.75642157694e-14     6.53099148306e-15     4.75642157694e-14     6.53099148306e-15     2.6458797026e-14      2.89380770178e-15     
19.1037716625         4.87385922758e-14     6.70633652203e-15     4.87385922758e-14     6.70633652203e-15     2.69640518423e-14     3.00013569456e-15     
19.28301733           4.99278211356e-14     6.88420026681e-15     4.99278211356e-14     6.88420026681e-15     2.74722914125e-14     3.10879460742e-15     
19.4622629975         5.1131910469e-14      7.06458676114e-15     5.1131910469e-14      7.06458676114e-15     2.79834839801e-14     3.21979920535e-15     
19.641508665          5.235086822e-14       7.24749997345e-15     5.235086822e-14       7.24749997345e-15     2.84975983323e-14     3.33316402755e-15     
19.8207543325         5.35847021614e-14     7.43294379897e-15     5.35847021614e-14     7.43294379897e-15     2.90146037864e-14     3.4489033923e-15      
20                    0                     0                     0                     0                     0                     0                     
