0.0779191396          0                     0                     0                     0                     0                     0                     
0.087577837391        0.014282242232        -7.21766954595e-05    0.014282242232        -7.21766954595e-05    0.0138306111215       -0.000204521048567    
0.0972365351819       0.0852107530052       -0.00166906286331     0.0852107530052       -0.00166906286331     0.0821638174935       -0.00217242382064     
0.106895232973        0.220986295136        -0.00817286564637     0.220986295136        -0.00817286564637     0.212156051612        -0.00867576744519     
0.116553930764        0.411889332762        -0.0231441087192      0.411889332762        -0.0231441087192      0.393803654863        -0.0225116364424      
0.126212628555        0.644716872482        -0.049312599304       0.644716872482        -0.049312599304       0.614045110732        -0.0458078131521      
0.135871326346        0.907179083179        -0.0892701763104      0.907179083179        -0.0892701763104      0.860950896913        -0.0806178692777      
0.145530024137        1.18830205396         -0.145593989938       1.18830205396         -0.145593989938       1.12413469499         -0.129012394352       
0.155188721928        1.47791374847         -0.220940975267       1.47791374847         -0.220940975267       1.39425901476         -0.193161722326       
0.164847419719        1.76464731436         -0.316307684623       1.76464731436         -0.316307684623       1.66127860457         -0.273875603367       
0.17450611751         2.03830223564         -0.428084600116       2.03830223564         -0.428084600116       1.91631519134         -0.368148940021       
0.184164815301        2.29301466046         -0.55062891863        2.29301466046         -0.55062891863        2.15426062878         -0.4712939077         
0.193823513091        2.52684166992         -0.677934013347       2.52684166992         -0.677934013347       2.3733558496          -0.578317454626       
0.203482210882        2.74015604423         -0.805874122336       2.74015604423         -0.805874122336       2.57384647758         -0.685792401971       
0.213140908673        2.93420878078         -0.931710493478       2.93420878078         -0.931710493478       2.7567560057          -0.791443357024       
0.222799606464        3.11054402631         -1.05325794397        3.11054402631         -1.05325794397        2.92338319967         -0.893459238396       
0.232458304255        3.2716021908          -1.17033294753        3.2716021908          -1.17033294753        3.07581160889         -0.991687897663       
0.242117002046        3.41837300549         -1.28280514263        3.41837300549         -1.28280514263        3.21490938936         -1.08602735935        
0.251775699837        3.55189958458         -1.39058194897        3.55189958458         -1.39058194897        3.34163163743         -1.17639771612        
0.261434397628        3.67270805698         -1.49322802245        3.67270805698         -1.49322802245        3.45646797442         -1.26244405583        
0.271093095419        3.7819060484          -1.59020708122        3.7819060484          -1.59020708122        3.56041209733         -1.34372306958        
0.28075179321         3.88118974919         -1.68146978656        3.88118974919         -1.68146978656        3.65496609636         -1.42019853283        
0.290410491001        3.97162698568         -1.76726454988        3.97162698568         -1.76726454988        3.74106937645         -1.49207840939        
0.300069188792        4.05429319851         -1.84821409461        4.05429319851         -1.84821409461        3.81968594437         -1.55988291516        
0.309727886583        4.12988236885         -1.92503089112        4.12988236885         -1.92503089112        3.89146592668         -1.62420679686        
0.319386584374        4.19853925251         -1.99820519709        4.19853925251         -1.99820519709        3.95658480798         -1.68546187579        
0.329045282165        4.26064517197         -2.06816695201        4.26064517197         -2.06816695201        4.01542885864         -1.74400799167        
0.338703979956        4.31611310255         -2.13483861874        4.31611310255         -2.13483861874        4.06797124484         -1.79978319327        
0.348362677747        4.36499340535         -2.19803097395        4.36499340535         -2.19803097395        4.11430369354         -1.85263335405        
0.358021375538        4.40796694973         -2.25773121577        4.40796694973         -2.25773121577        4.15504379686         -1.9025456336         
0.367680073329        4.44534034878         -2.31329752428        4.44534034878         -2.31329752428        4.19048633203         -1.94899540626        
0.37733877112         4.47789242288         -2.36562198167        4.47789242288         -2.36562198167        4.22133161748         -1.99272467794        
0.386997468911        4.50597590258         -2.41435189432        4.50597590258         -2.41435189432        4.2479073252          -2.03343881029        
0.396656166702        4.53003685467         -2.45952816783        4.53003685467         -2.45952816783        4.27061639945         -2.07117653498        
0.406314864492        4.55065290055         -2.50138229241        4.55065290055         -2.50138229241        4.28997962739         -2.10612989606        
0.415973562283        4.56839968967         -2.54014936914        4.56839968967         -2.54014936914        4.30651170521         -2.13849565162        
0.425632260074        4.58304887913         -2.57591578899        4.58304887913         -2.57591578899        4.3200276182          -2.16834630383        
0.435290957865        4.59550492524         -2.60924572766        4.59550492524         -2.60924572766        4.33133509235         -2.19615219662        
0.444949655656        4.60582824034         -2.63998073235        4.60582824034         -2.63998073235        4.34049069018         -2.22178089608        
0.454608353447        4.61417293783         -2.66885092525        4.61417293783         -2.66885092525        4.34766425711         -2.24584256028        
0.464267051238        4.62062132924         -2.69585840573        4.62062132924         -2.69585840573        4.35293376148         -2.26833774718        
0.473925749029        4.62533414597         -2.7212835699         4.62533414597         -2.7212835699         4.3564661432          -2.28950285043        
0.48358444682         4.62829433505         -2.74529477372        4.62829433505         -2.74529477372        4.35826238582         -2.30947955555        
0.493243144611        4.62946496701         -2.76797739333        4.62946496701         -2.76797739333        4.3582922251          -2.328335244          
0.502901842402        4.62901683034         -2.78928888458        4.62901683034         -2.78928888458        4.35673755856         -2.34603450976        
0.512560540193        4.62702235719         -2.80975780965        4.62702235719         -2.80975780965        4.35366856737         -2.36303757135        
0.522219237984        4.62317751812         -2.82915052053        4.62317751812         -2.82915052053        4.34882114512         -2.37913033996        
0.531877935775        4.61798091417         -2.8478640706         4.61798091417         -2.8478640706         4.34269021484         -2.39465074662        
0.541536633566        4.61095700753         -2.86553869421        4.61095700753         -2.86553869421        4.33482864293         -2.40929588118        
0.551195331357        4.60229186226         -2.8823161077         4.60229186226         -2.8823161077         4.32543131762         -2.42318526788        
0.560854029148        4.59192820215         -2.89816291122        4.59192820215         -2.89816291122        4.3144546867          -2.43629315337        
0.570512726939        4.57982938144         -2.91287808435        4.57982938144         -2.91287808435        4.30186384756         -2.4484477554         
0.58017142473         4.56634748799         -2.92669206773        4.56634748799         -2.92669206773        4.2879974381          -2.45984791217        
0.589830122521        4.55138591339         -2.9394798176         4.55138591339         -2.9394798176         4.27276180711         -2.47038743329        
0.599488820312        4.53499943934         -2.95124406064        4.53499943934         -2.95124406064        4.25621581079         -2.48006934422        
0.609147518103        4.51743238051         -2.96206391964        4.51743238051         -2.96206391964        4.2385886561          -2.48896006769        
0.618806215893        4.49822310702         -2.97162811559        4.49822310702         -2.97162811559        4.21945029552         -2.49679908477        
0.628464913684        4.47808433701         -2.98017323224        4.47808433701         -2.98017323224        4.19945588717         -2.50378574742        
0.638123611475        4.45679159844         -2.9876521755         4.45679159844         -2.9876521755         4.17840661877         -2.50987989971        
0.647782309266        4.43445640908         -2.99406553718        4.43445640908         -2.99406553718        4.15639984601         -2.51508178985        
0.657441007057        4.41114583474         -2.99935876665        4.41114583474         -2.99935876665        4.13350238101         -2.5193470182         
0.667099704848        4.38708096247         -3.00377851592        4.38708096247         -3.00377851592        4.10990821546         -2.52288439114        
0.676758402639        4.36182743286         -3.00677453775        4.36182743286         -3.00677453775        4.08523753235         -2.52522928959        
0.68641710043         4.33597852542         -3.0085000606         4.33597852542         -3.0085000606         4.06000870575         -2.52650807966        
0.696075798221        4.30961970757         -3.00934427048        4.30961970757         -3.00934427048        4.03429130365         -2.52705219381        
0.705734496012        4.28296823092         -3.00936227925        4.28296823092         -3.00936227925        4.00829287084         -2.52690720957        
0.715393193803        4.25573397252         -3.00839944356        4.25573397252         -3.00839944356        3.98174485822         -2.5259426455         
0.725051891594        4.22825494315         -3.00659061779        4.22825494315         -3.00659061779        3.95495142641         -2.52427119559        
0.734710589385        4.20020155666         -3.00391511095        4.20020155666         -3.00391511095        3.92762410613         -2.52187290998        
0.744369287176        4.17200184621         -3.0004624068         4.17200184621         -3.0004624068         3.90014604748         -2.51882594145        
0.754027984967        4.14350544527         -2.99624339488        4.14350544527         -2.99624339488        3.87237902042         -2.51513744136        
0.763686682758        4.11471521451         -2.99129792262        4.11471521451         -2.99129792262        3.84432751193         -2.5108415395         
0.773345380549        4.0857496107          -2.9857268496         4.0857496107          -2.9857268496         3.81610336226         -2.50602208218        
0.78300407834         4.0565902592          -2.97953666298        4.0565902592          -2.97953666298        3.78768940097         -2.50068230295        
0.792662776131        4.02722581757         -2.97263597317        4.02722581757         -2.97263597317        3.75906460613         -2.49475200495        
0.802321473922        3.99791159258         -2.96538473241        3.99791159258         -2.96538473241        3.73048418841         -2.48852563199        
0.811980171713        3.96827754663         -2.95756130663        3.96827754663         -2.95756130663        3.70160232761         -2.4818206491         
0.821638869504        3.93852318316         -2.94928565294        3.93852318316         -2.94928565294        3.67260060611         -2.47473600226        
0.831297567294        3.90858551235         -2.9404970181         3.90858551235         -2.9404970181         3.64342613444         -2.46722371161        
0.840956265085        3.87859081854         -2.93129257526        3.87859081854         -2.93129257526        3.61419211948         -2.45935874811        
0.850614962876        3.84832863937         -2.92168392969        3.84832863937         -2.92168392969        3.58469921335         -2.45116722389        
0.860273660667        3.81800737544         -2.9118998751         3.81800737544         -2.9118998751         3.55515894543         -2.44282651464        
0.869932358458        3.78738532633         -2.90168721474        3.78738532633         -2.90168721474        3.52534251633         -2.43412634407        
0.879591056249        3.75652816038         -2.89118289202        3.75652816038         -2.89118289202        3.49531499827         -2.42518155714        
0.88924975404         3.72545959277         -2.88036825658        3.72545959277         -2.88036825658        3.46510166958         -2.41597512478        
0.898908451831        3.69407263229         -2.86925217268        3.69407263229         -2.86925217268        3.43460958016         -2.4065160134         
0.908567149622        3.66235020693         -2.85779652321        3.66235020693         -2.85779652321        3.40381511193         -2.39677058344        
0.918225847413        3.63022056268         -2.84599140263        3.63022056268         -2.84599140263        3.37267030376         -2.386732982          
0.927884545204        3.59770051873         -2.8337381747         3.59770051873         -2.8337381747         3.341178178           -2.37631848503        
0.937543242995        3.5647658934          -2.82112582034        3.5647658934          -2.82112582034        3.30931577076         -2.36560271109        
0.947201940786        3.53088696998         -2.80793230488        3.53088696998         -2.80793230488        3.27663725811         -2.35439983579        
0.956860638577        3.49638640454         -2.79411403101        3.49638640454         -2.79411403101        3.24339716043         -2.34267301896        
0.966519336368        3.46071333866         -2.77935841624        3.46071333866         -2.77935841624        3.20911338782         -2.33016213444        
0.976178034159        3.42348933126         -2.76325538869        3.42348933126         -2.76325538869        3.17339891748         -2.31652059297        
0.98583673195         3.37815859792         -2.74059620649        3.37815859792         -2.74059620649        3.13022747482         -2.29738407029        
0.995495429741        3.3286127499          -2.71433849774        3.3286127499          -2.71433849774        3.08318995281         -2.27523337037        
1.00515412753         3.2800483645          -2.68871054359        3.2800483645          -2.68871054359        3.03711040809         -2.25361254043        
1.01481282532         3.23244507824         -2.66374510943        3.23244507824         -2.66374510943        2.99196682431         -2.23254899605        
1.02447152311         3.18547379486         -2.63910950016        3.18547379486         -2.63910950016        2.94745635211         -2.21176292043        
1.0341302209          3.13912892199         -2.61483360556        3.13912892199         -2.61483360556        2.90357005447         -2.19128214556        
1.0437889187          3.09346811354         -2.59095392425        3.09346811354         -2.59095392425        2.86036532843         -2.17113629942        
1.05344761649         3.04809469996         -2.56710793689        3.04809469996         -2.56710793689        2.81746971257         -2.15102145194        
1.06310631428         3.00332215436         -2.54353020113        3.00332215436         -2.54353020113        2.77517317572         -2.13113295989        
1.07276501207         2.95889489182         -2.52005328608        2.95889489182         -2.52005328608        2.73324202344         -2.11133264489        
1.08242370986         2.91504110142         -2.49678901557        2.91504110142         -2.49678901557        2.69187991136         -2.09171289882        
1.09208240765         2.87161678411         -2.47372604954        2.87161678411         -2.47372604954        2.65096110263         -2.07226556321        
1.10174110544         2.82837991538         -2.45065087881        2.82837991538         -2.45065087881        2.61026417774         -2.05281190992        
1.11139980323         2.78546038464         -2.42718340225        2.78546038464         -2.42718340225        2.56990526199         -2.03302952829        
1.12105850102         2.74329041965         -2.40400226144        2.74329041965         -2.40400226144        2.53026351837         -2.01349264308        
1.13071719881         2.70166127085         -2.38084400121        2.70166127085         -2.38084400121        2.4911446841          -1.99397582132        
1.14037589661         2.66049224365         -2.35775607239        2.66049224365         -2.35775607239        2.45247844893         -1.97452935883        
1.1500345944          2.61997612576         -2.33487994875        2.61997612576         -2.33487994875        2.41443449536         -1.95526306989        
1.15969329219         2.57995808807         -2.3121185722         2.57995808807         -2.3121185722         2.3768780436          -1.93609568998        
1.16935198998         2.54042909257         -2.28943079379        2.54042909257         -2.28943079379        2.33979781203         -1.91699256381        
1.17901068777         2.5013586315          -2.26682513535        2.5013586315          -2.26682513535        2.30316772242         -1.89796056535        
1.18866938556         2.46265134632         -2.24411802911        2.46265134632         -2.24411802911        2.26689387716         -1.87884626329        
1.19832808335         2.42491740653         -2.22192957447        2.42491740653         -2.22192957447        2.23153793435         -1.86016791631        
1.20798678114         2.38729067536         -2.19947728539        2.38729067536         -2.19947728539        2.19630816051         -1.84127241387        
1.21764547893         2.35041911131         -2.17737449214        2.35041911131         -2.17737449214        2.16178652957         -1.82267030172        
1.22730417672         2.31398375436         -2.15512429688        2.31398375436         -2.15512429688        2.12768570369         -1.80394902768        
1.23696287451         2.27822022478         -2.13322338361        2.27822022478         -2.13322338361        2.09422657171         -1.78552190753        
1.24662157231         2.24279286747         -2.1111613592         2.24279286747         -2.1111613592         2.06108242774         -1.76696126089        
1.2562802701          2.20798438279         -2.08935703074        2.20798438279         -2.08935703074        2.0285293609          -1.7486189443         
1.26593896789         2.17371680728         -2.06767462893        2.17371680728         -2.06767462893        1.9964883164          -1.73038066028        
1.27559766568         2.13999085575         -2.0461696877         2.13999085575         -2.0461696877         1.96495989124         -1.71229328215        
1.28525636347         2.10689409223         -2.02491267103        2.10689409223         -2.02491267103        1.93402386456         -1.69441491213        
1.29491506126         2.07426865315         -2.00372775225        2.07426865315         -2.00372775225        1.90353203354         -1.67659877995        
1.30457375905         2.04192740819         -1.98259251682        2.04192740819         -1.98259251682        1.87332142723         -1.65882612984        
1.31423245684         2.010271581           -1.96190025361        2.010271581           -1.96190025361        1.84375752516         -1.64142574241        
1.32389115463         1.97929418305         -1.94110721592        1.97929418305         -1.94110721592        1.81480940401         -1.62394278437        
1.33354985242         1.94876484048         -1.92066353165        1.94876484048         -1.92066353165        1.78629198914         -1.60675382843        
1.34320855022         1.91862552016         -1.90038945789        1.91862552016         -1.90038945789        1.75815146027         -1.58970775592        
1.35286724801         1.88893979938         -1.88024401156        1.88893979938         -1.88024401156        1.73043654467         -1.5727710106         
1.3625259458          1.8598517947          -1.86045631429        1.8598517947          -1.86045631429        1.70328381764         -1.5561358902         
1.37218464359         1.83101874307         -1.84077210255        1.83101874307         -1.84077210255        1.67638129733         -1.53958786377        
1.38184334138         1.80294445363         -1.82131263325        1.80294445363         -1.82131263325        1.65017651047         -1.52323211315        
1.39150203917         1.77519428746         -1.80214593331        1.77519428746         -1.80214593331        1.62428585895         -1.50712441131        
1.40116073696         1.74801599898         -1.78335292805        1.74801599898         -1.78335292805        1.59892394214         -1.49132993005        
1.41081943475         1.72117303778         -1.764781461          1.72117303778         -1.764781461          1.57388616811         -1.47572165075        
1.42047813254         1.69464480012         -1.74638322814        1.69464480012         -1.74638322814        1.54915597353         -1.46025978093        
1.43013683033         1.66853099692         -1.72827943817        1.66853099692         -1.72827943817        1.52482015833         -1.44504520576        
1.43979552812         1.64280968624         -1.71046540304        1.64280968624         -1.71046540304        1.50085982175         -1.43007379699        
1.44945422592         1.61738229202         -1.69284840933        1.61738229202         -1.69284840933        1.47718619864         -1.41526856084        
1.45911292371         1.59232026622         -1.67552327075        1.59232026622         -1.67552327075        1.45386328765         -1.40070864083        
1.4687716215          1.56749912421         -1.65836816901        1.56749912421         -1.65836816901        1.43078465765         -1.38629134744        
1.47843031929         1.54311536607         -1.64152614619        1.54311536607         -1.64152614619        1.40811629045         -1.37213796684        
1.48808901708         1.5188114393          -1.62469756805        1.5188114393          -1.62469756805        1.38554928792         -1.35799662409        
1.49774771487         1.4948189441          -1.60800765113        1.4948189441          -1.60800765113        1.36328573634         -1.34397141085        
1.50740641266         1.47121932154         -1.59157476097        1.47121932154         -1.59157476097        1.34139267598         -1.33016296082        
1.51706511045         1.44792607185         -1.57534497939        1.44792607185         -1.57534497939        1.31979504914         -1.31652612942        
1.52672380824         1.42495081733         -1.55934552066        1.42495081733         -1.55934552066        1.2985049182          -1.30308373848        
1.53638250603         1.40234073281         -1.54353099784        1.40234073281         -1.54353099784        1.27756022047         -1.28979730113        
1.54604120383         1.37983882004         -1.52792640281        1.37983882004         -1.52792640281        1.25674173523         -1.27668740623        
1.55569990162         1.35768501123         -1.51245900291        1.35768501123         -1.51245900291        1.23625341391         -1.26369355645        
1.56535859941         1.33578994986         -1.49714051216        1.33578994986         -1.49714051216        1.21601769263         -1.25082623581        
1.5750172972          1.31408126069         -1.48189528624        1.31408126069         -1.48189528624        1.19596970991         -1.23802216244        
1.58467599499         1.2927272565          -1.46684189661        1.2927272565          -1.46684189661        1.17625786192         -1.22538056655        
1.59433469278         1.27164239837         -1.45198455457        1.27164239837         -1.45198455457        1.15680418617         -1.21290608842        
1.60399339057         1.25099604622         -1.43736390815        1.25099604622         -1.43736390815        1.1377644711          -1.20063127813        
1.61365208836         1.23035785639         -1.42279669188        1.23035785639         -1.42279669188        1.11874878945         -1.18840206762        
1.62331078615         1.21010611772         -1.4084445103         1.21010611772         -1.4084445103         1.10009919785         -1.1763541989         
1.63296948394         1.19008961602         -1.39417353371        1.19008961602         -1.39417353371        1.08167695174         -1.16437549584        
1.64262818173         1.17036833935         -1.38007969162        1.17036833935         -1.38007969162        1.06353652726         -1.15254631047        
1.65228687953         1.1509597108          -1.36620760422        1.1509597108          -1.36620760422        1.04569335566         -1.14090374067        
1.66194557732         1.13196740999         -1.35250946931        1.13196740999         -1.35250946931        1.02823745565         -1.12940803924        
1.67160427511         1.11331465436         -1.33906371056        1.11331465436         -1.33906371056        1.01110215807         -1.1181245192         
1.6812629729          1.09509858874         -1.32593696309        1.09509858874         -1.32593696309        0.994373785417        -1.10710864809        
1.69092167069         1.07854280826         -1.31461389254        1.07854280826         -1.31461389254        0.979162173115        -1.09760005601        
1.70058036848         1.07032963154         -1.31332873427        1.07032963154         -1.31332873427        0.971532460114        -1.09647312281        
1.71023906627         1.06124476658         -1.3108875514         1.06124476658         -1.3108875514         0.963114535232        -1.09438120408        
1.71989776406         1.05156510318         -1.30761882716        1.05156510318         -1.30761882716        0.954163680276        -1.09159927137        
1.72955646185         1.04145220108         -1.30368253964        1.04145220108         -1.30368253964        0.944824091077        -1.08826038511        
1.73921515964         1.03093716098         -1.29915967873        1.03093716098         -1.29915967873        0.935125946664        -1.08443294387        
1.74887385744         1.02007812819         -1.29406601049        1.02007812819         -1.29406601049        0.925120627278        -1.08012928563        
1.75853255523         1.00902049713         -1.28849643718        1.00902049713         -1.28849643718        0.914934419524        -1.07543118383        
1.76819125302         0.997688595048        -1.28248712635        0.997688595048        -1.28248712635        0.904503918963        -1.07036681989        
1.77784995081         0.986130945021        -1.27606419931        0.986130945021        -1.27606419931        0.893872323723        -1.06495787205        
1.7875086486          0.97441113236         -1.26924446755        0.97441113236         -1.26924446755        0.883097800065        -1.05921911786        
1.79716734639         0.962375972691        -1.26195387113        0.962375972691        -1.26195387113        0.872041734006        -1.05308738385        
1.80682604418         0.950074101161        -1.25424895719        0.950074101161        -1.25424895719        0.860756121186        -1.04660879777        
1.81648474197         0.937798432395        -1.2462403401         0.937798432395        -1.2462403401         0.849489544226        -1.0398781243         
1.82614343976         0.92526639737         -1.23785207247        0.92526639737         -1.23785207247        0.837999784397        -1.03283236818        
1.83580213755         0.912753552422        -1.22930002321        0.912753552422        -1.22930002321        0.826523320774        -1.02565006706        
1.84546083534         0.900096637748        -1.22040850776        0.900096637748        -1.22040850776        0.81492325421         -1.0181855335         
1.85511953314         0.887269515894        -1.21119834897        0.887269515894        -1.21119834897        0.80317623066         -1.01045575456        
1.86477823093         0.874432160237        -1.20179965952        0.874432160237        -1.20179965952        0.791420952096        -1.00256914649        
1.87443692872         0.861498805334        -1.192130661          0.861498805334        -1.192130661          0.779586107887        -0.994458091045       
1.88409562651         0.848359968605        -1.182197395          0.848359968605        -1.182197395          0.767575102446        -0.986127705329       
1.8937543243          0.83526999122         -1.17207247227        0.83526999122         -1.17207247227        0.755609113523        -0.977637664697       
1.90341302209         0.822073860429        -1.16174792738        0.822073860429        -1.16174792738        0.743554344198        -0.96898415752        
1.91307171988         0.808840755992        -1.15125185031        0.808840755992        -1.15125185031        0.731471626492        -0.960188101006       
1.92273041767         0.795501190569        -1.14057025567        0.795501190569        -1.14057025567        0.719301594817        -0.951238406583       
1.93238911546         0.782115257798        -1.12970397119        0.782115257798        -1.12970397119        0.707096874037        -0.942135475206       
1.94204781325         0.768653932132        -1.11866151052        0.768653932132        -1.11866151052        0.694832767291        -0.93288646047        
1.95170651105         0.755148547758        -1.10744673568        0.755148547758        -1.10744673568        0.682536295555        -0.923494443863       
1.96136520884         0.741582451554        -1.09606545539        0.741582451554        -1.09606545539        0.670193966894        -0.913964736928       
1.97102390663         0.728016477918        -1.08453085481        0.728016477918        -1.08453085481        0.65785934803         -0.904308225893       
1.98068260442         0.714396263035        -1.07283607815        0.714396263035        -1.07283607815        0.645484999989        -0.894519264069       
1.99034130221         0.700786319676        -1.06097450806        0.700786319676        -1.06097450806        0.633125538102        -0.884592031727       
2                     0.687042391722        -1.04919680631        0.687042391722        -1.04919680631        0.620664617266        -0.874736390949       
2.001                 0.68574022132         -1.04772254135        0.68574022132         -1.04772254135        0.619473468736        -0.873503109182       
2.22251916927         0.394640304511        -0.746806860879       0.394640304511        -0.746806860879       0.356495564552        -0.622109206899       
2.44403833854         0.182367405079        -0.463626740604       0.182367405079        -0.463626740604       0.16570166767         -0.385958871021       
2.66555750781         0.0592598248573       -0.246426327096       0.0592598248573       -0.246426327096       0.0552030114767       -0.205041361447       
2.88707667709         0.00570972843733      -0.107741956521       0.00570972843733      -0.107741956521       0.00680573774695      -0.0896183634656      
3.10859584636         -0.0074334786227      -0.0351323418502      -0.0074334786227      -0.0351323418502      -0.00563114833877     -0.0292207667469      
3.33011501563         -0.00454937120419     -0.00605653420407     -0.00454937120419     -0.00605653420407     -0.00368984670941     -0.00504018616065     
3.5516341849          -0.000212486170681    -5.13377210813e-05    -0.000212486170681    -5.13377210813e-05    -0.000173729792789    -4.28891935197e-05    
3.5526341849          -0.000205779586961    -4.91567753937e-05    -0.000205779586961    -4.91567753937e-05    -0.00016824239903     -4.10674688825e-05    
3.5696341849          -0.000109791652874    -2.0433165921e-05     -0.000109791652874    -2.0433165921e-05     -8.97226570441e-05    -1.70636596311e-05    
3.5866341849          -4.45681832337e-05    -3.64587942211e-06    -4.45681832337e-05    -3.64587942211e-06    -3.63972064248e-05    -3.0193476379e-06     
3.6036341849          -6.7909581952e-06     5.46085531339e-06     -6.7909581952e-06     5.46085531339e-06     -5.52845111497e-06    4.61053516877e-06     
3.6206341849          9.3163283808e-07      1.74104642512e-05     9.3163283808e-07      1.74104642512e-05     1.04265820934e-05     -1.73309165186e-06    
3.6376341849          1.73144512564e-06     4.37213864385e-05     1.73144512564e-06     4.37213864385e-05     1.00123775639e-05     2.0882957952e-05      
3.6546341849          2.39036622872e-06     7.17458423034e-05     2.39036622872e-06     7.17458423034e-05     9.67813115383e-06     4.47938412322e-05     
3.6716341849          2.87715860942e-06     9.81153417576e-05     2.87715860942e-06     9.81153417576e-05     9.31597593261e-06     6.72491839563e-05     
3.6726341849          2.90059906381e-06     9.95819856528e-05     2.90059906381e-06     9.95819856528e-05     9.29323981894e-06     6.84981145455e-05     
3.85205578726         2.21798477173e-06     0.000188657435211     2.21798477173e-06     0.000188657435211     4.14386541675e-06     0.000147405131227     
4.03147738963         3.66134806185e-07     0.000113174440994     3.66134806185e-07     0.000113174440994     1.00568616426e-06     8.92875649477e-05     
4.21089899199         -1.28045212102e-07    4.51518578846e-05     -1.28045212102e-07    4.51518578846e-05     7.71225793755e-08     3.57232835205e-05     
4.39032059435         -9.66397894997e-08    1.26756245323e-05     -9.66397894997e-08    1.26756245323e-05     -4.24330082169e-08    1.00566014708e-05     
4.56974219672         -2.36872377589e-08    2.04267394556e-06     -2.36872377589e-08    2.04267394556e-06     -1.49013823407e-08    1.62971185315e-06     
4.74916379908         -8.17225683447e-12    5.45012256314e-10     -8.17225683447e-12    5.45012256314e-10     -5.74999877675e-12    4.44536229732e-10     
4.92858540145         3.03396243659e-07     5.45024753151e-09     3.03396243659e-07     5.45024753151e-09     2.46545964612e-07     -6.59187101659e-09    
5.10800700381         2.95162967298e-07     6.08012166572e-09     2.95162967298e-07     6.08012166572e-09     2.38060524326e-07     -8.51836520058e-09    
5.28742860617         1.71536155303e-07     3.93939692503e-09     1.71536155303e-07     3.93939692503e-09     1.37217313085e-07     -6.05849884851e-09    
5.46685020854         7.73144963659e-08     1.94139204924e-09     7.73144963659e-08     1.94139204924e-09     6.13095045067e-08     -3.18472928078e-09    
5.6462718109          2.93590418675e-08     7.94741753728e-10     2.93590418675e-08     7.94741753728e-10     2.30711737672e-08     -1.36642458954e-09    
5.82569341326         9.75193514752e-09     2.81551136118e-10     9.75193514752e-09     2.81551136118e-10     7.59228516098e-09     -5.01477213856e-10    
6.00511501563         2.89174767994e-09     8.83049070749e-11     2.89174767994e-09     8.83049070749e-11     2.23009247348e-09     -1.61602638623e-10    
6.18453661799         7.75058601199e-10     2.48669768792e-11     7.75058601199e-10     2.48669768792e-11     5.9201172449e-10      -4.64771202187e-11    
6.36395822036         1.89300082411e-10     6.34667983484e-12     1.89300082411e-10     6.34667983484e-12     1.43202969638e-10     -1.20595206413e-11    
6.54337982272         4.23713292902e-11     1.47782934008e-12     4.23713292902e-11     1.47782934008e-12     3.17443275096e-11     -2.84465321743e-12    
6.72280142508         8.72741045331e-12     3.1546872468e-13      8.72741045331e-12     3.1546872468e-13      6.47547428132e-12     -6.13414769158e-13    
6.90222302745         1.65788074452e-12     6.19086893815e-14     1.65788074452e-12     6.19086893815e-14     1.21826314505e-12     -1.21324511512e-13    
7.08164462981         2.93750271925e-13     1.13008131119e-14     2.93750271925e-13     1.13008131119e-14     2.13787842581e-13     -2.2276978285e-14     
7.26106623217         5.02449680665e-14     1.98665505534e-15     5.02449680665e-14     1.98665505534e-15     3.62187512799e-14     -3.93314864512e-15    
7.44048783454         9.24271104676e-15     3.74821268038e-16     9.24271104676e-15     3.74821268038e-16     6.59934549228e-15     -7.44293513328e-16    
7.6199094369          1.28108906477e-15     5.31868674398e-17     1.28108906477e-15     5.31868674398e-17     9.06085926719e-16     -1.05814374296e-16    
7.79933103927         6.72670204025e-15     2.85446014271e-16     6.72670204025e-15     2.85446014271e-16     4.71315279711e-15     -5.68425283981e-16    
7.97875264163         1.63891177804e-15     7.09819021256e-17     1.63891177804e-15     7.09819021256e-17     1.13767167245e-15     -1.41368645693e-16    
8.15817424399         1.83586024967e-15     8.10477947931e-17     1.83586024967e-15     8.10477947931e-17     1.2626627519e-15      -1.61323514321e-16    
8.33759584636         2.04497265966e-15     9.19166693047e-17     2.04497265966e-15     9.19166693047e-17     1.39366100161e-15     -1.82741353418e-16    
8.51701744872         2.26634436138e-15     1.03605366931e-16     2.26634436138e-15     1.03605366931e-16     1.53057205167e-15     -2.05626829029e-16    
8.69643905108         2.5000643009e-15      1.16129849978e-16     2.5000643009e-15      1.16129849978e-16     1.67330155857e-15     -2.29982034273e-16    
8.87586065345         2.74621561029e-15     1.29505266291e-16     2.74621561029e-15     1.29505266291e-16     1.82175556129e-15     -2.55806770095e-16    
9.05528225581         3.00487613202e-15     1.43746007779e-16     3.00487613202e-15     1.43746007779e-16     1.97584077326e-15     -2.83098796807e-16    
9.23470385818         3.27611888395e-15     1.58865763621e-16     3.27611888395e-15     1.58865763621e-16     2.13546482341e-15     -3.11854059487e-16    
9.41412546054         3.56001247293e-15     1.74877568734e-16     3.56001247293e-15     1.74877568734e-16     2.30053645918e-15     -3.42066890035e-16    
9.5935470629          3.85662146392e-15     1.91793848e-16        3.85662146392e-15     1.91793848e-16        2.4709657281e-15      -3.7373018836e-16     
9.77296866527         4.16600671012e-15     2.09626456696e-16     4.16600671012e-15     2.09626456696e-16     2.64666416966e-15     -4.06835584919e-16    
9.95239026763         4.48822564921e-15     2.28386717521e-16     4.48822564921e-15     2.28386717521e-16     2.82754512555e-15     -4.41373586596e-16    
10.13181187           4.82333256981e-15     2.48085454561e-16     4.82333256981e-15     2.48085454561e-16     3.01352511929e-15     -4.77333707677e-16    
10.3112334724         5.17137885172e-15     2.68733024494e-16     5.17137885172e-15     2.68733024494e-16     3.20451994947e-15     -5.14693920285e-16    
10.4906550747         5.53241318308e-15     2.9033934531e-16      5.53241318308e-15     2.9033934531e-16      3.40043677898e-15     -5.53448892179e-16    
10.6700766771         5.90648175698e-15     3.12913922772e-16     5.90648175698e-15     3.12913922772e-16     3.6011977818e-15      -5.9358725344e-16     
10.8494982794         6.29362845009e-15     3.36465874847e-16     6.29362845009e-15     3.36465874847e-16     3.8067236653e-15      -6.35095421836e-16    
11.0289198818         6.69389498496e-15     3.61003954285e-16     6.69389498496e-15     3.61003954285e-16     4.01693638137e-15     -6.77959298842e-16    
11.2083414842         7.10732107813e-15     3.8653656951e-16      7.10732107813e-15     3.8653656951e-16      4.23175935542e-15     -7.22164338994e-16    
11.3877630865         7.53394457519e-15     4.13071803994e-16     7.53394457519e-15     4.13071803994e-16     4.45111753826e-15     -7.67695612321e-16    
11.5671846889         7.97380157445e-15     4.40617434224e-16     7.97380157445e-15     4.40617434224e-16     4.6749374144e-15      -8.14537860561e-16    
11.7466062913         8.42692654022e-15     4.69180946404e-16     8.42692654022e-15     4.69180946404e-16     4.90314699369e-15     -8.62675547787e-16    
11.9260278936         8.89335240681e-15     4.98769551983e-16     8.89335240681e-15     4.98769551983e-16     5.13567579469e-15     -9.12092906008e-16    
12.105449496          9.37311067409e-15     5.29390202126e-16     9.37311067409e-15     5.29390202126e-16     5.37245482317e-15     -9.62773976226e-16    
12.2848710984         9.86623149552e-15     5.61049601204e-16     9.86623149552e-15     5.61049601204e-16     5.61341654741e-15     -1.01470264543e-15    
12.4642927007         1.03727437593e-14     5.93754219378e-16     1.03727437593e-14     5.93754219378e-16     5.85849487131e-15     -1.06786267989e-15    
12.6437143031         1.08926751635e-14     6.27510304372e-16     1.08926751635e-14     6.27510304372e-16     6.10762510609e-15     -1.12223775513e-15    
12.8231359055         1.1426052285e-14      6.62323892473e-16     1.1426052285e-14      6.62323892473e-16     6.36074394089e-15     -1.17781148292e-15    
13.0025575078         1.19729006441e-14     6.98200818835e-16     1.19729006441e-14     6.98200818835e-16     6.61778941268e-15     -1.23456743555e-15    
13.1819791102         1.25332447636e-14     7.35146727139e-16     1.25332447636e-14     7.35146727139e-16     6.87870087585e-15     -1.29248916763e-15    
13.3614007125         1.31071082246e-14     7.7316707865e-16      1.31071082246e-14     7.7316707865e-16      7.14341897154e-15     -1.35156023569e-15    
13.5408223149         1.36945137171e-14     8.12267160729e-16     1.36945137171e-14     8.12267160729e-16     7.41188559706e-15     -1.4117642158e-15     
13.7202439173         1.42954830887e-14     8.52452094824e-16     1.42954830887e-14     8.52452094824e-16     7.68404387536e-15     -1.47308471934e-15    
13.8996655196         1.49100373882e-14     8.93726843993e-16     1.49100373882e-14     8.93726843993e-16     7.95983812485e-15     -1.53550540713e-15    
14.079087122          1.55381969078e-14     9.36096219987e-16     1.55381969078e-14     9.36096219987e-16     8.23921382953e-15     -1.59901000207e-15    
14.2585087244         1.61799812215e-14     9.79564889921e-16     1.61799812215e-14     9.79564889921e-16     8.52211760953e-15     -1.66358230046e-15    
14.4379303267         1.68354092214e-14     1.02413738256e-15     1.68354092214e-14     1.02413738256e-15     8.80849719221e-15     -1.72920618205e-15    
14.6173519291         1.75044991517e-14     1.06981809428e-15     1.75044991517e-14     1.06981809428e-15     9.09830138374e-15     -1.79586561899e-15    
14.7967735315         1.81872686404e-14     1.11661129465e-15     1.81872686404e-14     1.11661129465e-15     9.39148004128e-15     -1.86354468381e-15    
14.9761951338         1.88837347288e-14     1.16452113173e-15     1.88837347288e-14     1.16452113173e-15     9.68798404579e-15     -1.93222755641e-15    
15.1556167362         1.95939138999e-14     1.21355163712e-15     1.95939138999e-14     1.21355163712e-15     9.9877652754e-15      -2.00189853029e-15    
15.3350383385         2.03178221041e-14     1.26370673069e-15     2.03178221041e-14     1.26370673069e-15     1.02907765795e-14     -2.07254201802e-15    
15.5144599409         2.10554747844e-14     1.31499022504e-15     2.10554747844e-14     1.31499022504e-15     1.05969717534e-14     -2.14414255594e-15    
15.6938815433         2.18068868988e-14     1.36740582982e-15     2.18068868988e-14     1.36740582982e-15     1.09063055139e-14     -2.21668480835e-15    
15.8733031456         2.2572072943e-14      1.42095715574e-15     2.2572072943e-14      1.42095715574e-15     1.12187334748e-14     -2.29015357108e-15    
16.052724748          2.33510469704e-14     1.4756477184e-15      2.33510469704e-14     1.4756477184e-15      1.15342121243e-14     -2.36453377456e-15    
16.2321463504         2.41438226114e-14     1.53148094197e-15     2.41438226114e-14     1.53148094197e-15     1.18526988017e-14     -2.43981048636e-15    
16.4115679527         2.49504130922e-14     1.5884601626e-15      2.49504130922e-14     1.5884601626e-15      1.21741516757e-14     -2.51596891346e-15    
16.5909895551         2.57708312516e-14     1.64658863174e-15     2.57708312516e-14     1.64658863174e-15     1.2498529723e-14      -2.59299440398e-15    
16.7704111575         2.66050895576e-14     1.7058695193e-15      2.66050895576e-14     1.7058695193e-15      1.28257927075e-14     -2.67087244862e-15    
16.9498327598         2.74532001229e-14     1.76630591656e-15     2.74532001229e-14     1.76630591656e-15     1.31559011602e-14     -2.74958868183e-15    
17.1292543622         2.83151747191e-14     1.82790083908e-15     2.83151747191e-14     1.82790083908e-15     1.34888163599e-14     -2.82912888263e-15    
17.3086759645         2.9191024791e-14      1.89065722937e-15     2.9191024791e-14      1.89065722937e-15     1.38245003139e-14     -2.9094789752e-15     
17.4880975669         3.00807614695e-14     1.95457795949e-15     3.00807614695e-14     1.95457795949e-15     1.41629157401e-14     -2.99062502921e-15    
17.6675191693         3.09843955841e-14     2.01966583349e-15     3.09843955841e-14     2.01966583349e-15     1.45040260494e-14     -3.07255326001e-15    
17.8469407716         3.19019376746e-14     2.08592358976e-15     3.19019376746e-14     2.08592358976e-15     1.48477953284e-14     -3.15525002852e-15    
18.026362374          3.28333980025e-14     2.15335390331e-15     3.28333980025e-14     2.15335390331e-15     1.51941883232e-14     -3.23870184106e-15    
18.2057839764         3.37787865615e-14     2.22195938789e-15     3.37787865615e-14     2.22195938789e-15     1.55431704234e-14     -3.32289534892e-15    
18.3852055787         3.47381130876e-14     2.29174259802e-15     3.47381130876e-14     2.29174259802e-15     1.58947076473e-14     -3.40781734787e-15    
18.5646271811         3.5711387069e-14      2.36270603099e-15     3.5711387069e-14      2.36270603099e-15     1.62487666271e-14     -3.49345477752e-15    
18.7440487835         3.66986177547e-14     2.43485212871e-15     3.66986177547e-14     2.43485212871e-15     1.66053145956e-14     -3.57979472053e-15    
18.9234703858         3.7699814164e-14      2.50818327952e-15     3.7699814164e-14      2.50818327952e-15     1.69643193734e-14     -3.66682440177e-15    
19.1028919882         3.8714985094e-14      2.58270181989e-15     3.8714985094e-14      2.58270181989e-15     1.73257493566e-14     -3.75453118739e-15    
19.2823135905         3.97441391283e-14     2.6584100361e-15      3.97441391283e-14     2.6584100361e-15      1.76895735073e-14     -3.84290258374e-15    
19.4617351929         4.07872846438e-14     2.73531016579e-15     4.07872846438e-14     2.73531016579e-15     1.80557613444e-14     -3.93192623633e-15    
19.6411567953         4.18444298186e-14     2.81340439949e-15     4.18444298186e-14     2.81340439949e-15     1.84242829377e-14     -4.02158992859e-15    
19.8205783976         4.29155826385e-14     2.89269488207e-15     4.29155826385e-14     2.89269488207e-15     1.87951089062e-14     -4.11188158072e-15    
20                    0                     0                     0                     0                     0                     0                     
