0.0779191396          0                     0                     0                     0                     0                     0                     
0.087577837391        0.0127264885345       -0.000679856257247    0.0127264885345       -0.000679856257247    0.0129058587695       -0.000741223550965    
0.0972365351819       0.0763178395886       -0.0051378866481      0.0763178395886       -0.0051378866481      0.0770515792255       -0.00532385707937     
0.106895232973        0.198375987557        -0.0170406168444      0.198375987557        -0.0170406168444      0.199448207937        -0.0169698753017      
0.116553930764        0.370213572317        -0.0395808664884      0.370213572317        -0.0395808664884      0.370788702365        -0.0383510898875      
0.126212628555        0.579829488984        -0.075602401336       0.579829488984        -0.075602401336       0.578689034494        -0.0718435257963      
0.135871326346        0.815515945611        -0.127909378122       0.815515945611        -0.127909378122       0.811348534494        -0.119823555181       
0.145530024137        1.06554392435         -0.199602898777       1.06554392435         -0.199602898777       1.05732173276         -0.184973009181       
0.155188721928        1.31752745324         -0.291741710814       1.31752745324         -0.291741710814       1.30489592232         -0.268191354667       
0.164847419719        1.55976438483         -0.401064865413       1.55976438483         -0.401064865413       1.54320225702         -0.366573793181       
0.17450611751         1.78508848678         -0.520657984841       1.78508848678         -0.520657984841       1.76555340432         -0.473984253304       
0.184164815301        1.99213593778         -0.644171040322       1.99213593778         -0.644171040322       1.97055160283         -0.584784124817       
0.193823513091        2.18100616334         -0.767829726672       2.18100616334         -0.767829726672       2.15816132585         -0.695629892076       
0.203482210882        2.35298737194         -0.889106301          2.35298737194         -0.889106301          2.32948390111         -0.804280122405       
0.213140908673        2.50933257137         -1.00665186792        2.50933257137         -1.00665186792        2.48561435849         -0.909542152219       
0.222799606464        2.65123331918         -1.11969538577        2.65123331918         -1.11969538577        2.62763853061         -1.01073265507        
0.232458304255        2.77979884684         -1.22763312903        2.77979884684         -1.22763312903        2.75657754526         -1.10733014104        
0.242117002046        2.89628321627         -1.33004322961        2.89628321627         -1.33004322961        2.87358901723         -1.19895868986        
0.251775699837        3.00182813346         -1.42648513696        3.00182813346         -1.42648513696        2.97974354746         -1.28522516544        
0.261434397628        3.09812355485         -1.51773186281        3.09812355485         -1.51773186281        3.07660203908         -1.3668249666         
0.271093095419        3.18572114517         -1.60435959843        3.18572114517         -1.60435959843        3.16471714357         -1.44427013731        
0.28075179321         3.26494356267         -1.68674323109        3.26494356267         -1.68674323109        3.24444569565         -1.51789793363        
0.290410491001        3.33601433345         -1.76476997039        3.33601433345         -1.76476997039        3.31603539144         -1.58761196712        
0.300069188792        3.39947195707         -1.83837158431        3.39947195707         -1.83837158431        3.38002389241         -1.65335523035        
0.309727886583        3.45597841785         -1.90740604583        3.45597841785         -1.90740604583        3.4370561493          -1.71500576781        
0.319386584374        3.50616704562         -1.97184967115        3.50616704562         -1.97184967115        3.4877383639          -1.77254545426        
0.329045282165        3.55097740466         -2.03185955734        3.55097740466         -2.03185955734        3.53296586557         -1.82611503954        
0.338703979956        3.59087175611         -2.08766271413        3.59087175611         -2.08766271413        3.57317887597         -1.87591720773        
0.348362677747        3.62667563564         -2.13976425698        3.62667563564         -2.13976425698        3.6091665576          -1.92240397894        
0.358021375538        3.6586163494          -2.18837156665        3.6586163494          -2.18837156665        3.64115802161         -1.9657576457         
0.367680073329        3.68708047701         -2.23404937615        3.68708047701         -2.23404937615        3.6695480799          -2.00648594819        
0.37733877112         3.71233880503         -2.27712377867        3.71233880503         -2.27712377867        3.69460355026         -2.04487672527        
0.386997468911        3.73441364718         -2.31779616129        3.73441364718         -2.31779616129        3.71638334447         -2.08111016542        
0.396656166702        3.75341423903         -2.35632789472        3.75341423903         -2.35632789472        3.73500889467         -2.11542033467        
0.406314864492        3.76945798399         -2.3928954172         3.76945798399         -2.3928954172         3.75062177366         -2.14796588805        
0.415973562283        3.78274458492         -2.42759119679        3.78274458492         -2.42759119679        3.76342923914         -2.17882858159        
0.425632260074        3.79279140319         -2.46041564178        3.79279140319         -2.46041564178        3.77299919413         -2.2080122341         
0.435290957865        3.80016722671         -2.49143746692        3.80016722671         -2.49143746692        3.77988801737         -2.23557770419        
0.444949655656        3.80503045314         -2.52067831861        3.80503045314         -2.52067831861        3.78425440302         -2.26154722223        
0.454608353447        3.80688096987         -2.54758299296        3.80688096987         -2.54758299296        3.78565441076         -2.28541664892        
0.464267051238        3.80664712513         -2.57277321456        3.80664712513         -2.57277321456        3.78495266921         -2.30774807787        
0.473925749029        3.80432327581         -2.59610315179        3.80432327581         -2.59610315179        3.78216177521         -2.32842601322        
0.48358444682         3.80005421013         -2.61772479844        3.80005421013         -2.61772479844        3.77742344534         -2.34757558857        
0.493243144611        3.79381293819         -2.63745653263        3.79381293819         -2.63745653263        3.7707153837          -2.36503562161        
0.502901842402        3.78592560351         -2.65543195175        3.78592560351         -2.65543195175        3.76235549405         -2.38092549177        
0.512560540193        3.77652818363         -2.67162898606        3.77652818363         -2.67162898606        3.75247639207         -2.39522765864        
0.522219237984        3.76555572684         -2.68645792711        3.76555572684         -2.68645792711        3.74101325664         -2.40830732572        
0.531877935775        3.75408708588         -2.69905225292        3.75408708588         -2.69905225292        3.72897966051         -2.41940162317        
0.541536633566        3.74112702332         -2.71065916363        3.74112702332         -2.71065916363        3.71545617556         -2.42961138231        
0.551195331357        3.72735965367         -2.72079394729        3.72735965367         -2.72079394729        3.70108249651         -2.4385066732         
0.560854029148        3.71258671682         -2.72963698148        3.71258671682         -2.72963698148        3.68568114178         -2.44624679079        
0.570512726939        3.69704409391         -2.73719472909        3.69704409391         -2.73719472909        3.66947262155         -2.45283872555        
0.58017142473         3.6808009604          -2.74369506743        3.6808009604          -2.74369506743        3.65253402139         -2.45848279703        
0.589830122521        3.66394486897         -2.74913597626        3.66394486897         -2.74913597626        3.63494939343         -2.4631795849         
0.599488820312        3.64647873435         -2.7534517832         3.64647873435         -2.7534517832         3.61672293055         -2.46686804797        
0.609147518103        3.62875159716         -2.75721011539        3.62875159716         -2.75721011539        3.59819438112         -2.47005952926        
0.618806215893        3.61015291025         -2.75986892073        3.61015291025         -2.75986892073        3.57877875572         -2.4722662748         
0.628464913684        3.59127715413         -2.76193786776        3.59127715413         -2.76193786776        3.55906178615         -2.47394476346        
0.638123611475        3.57196221323         -2.76330412663        3.57196221323         -2.76330412663        3.53888189207         -2.47499296786        
0.647782309266        3.55204104267         -2.76404112254        3.55204104267         -2.76404112254        3.51809164378         -2.47547700536        
0.657441007057        3.53183278343         -2.76425168401        3.53183278343         -2.76425168401        3.49699557454         -2.47548899982        
0.667099704848        3.51124352575         -2.76405245318        3.51124352575         -2.76405245318        3.47550693978         -2.47513125066        
0.676758402639        3.49002299604         -2.76319707209        3.49002299604         -2.76319707209        3.45340403223         -2.47418756508        
0.68641710043         3.4684343481          -2.76195757564        3.4684343481          -2.76195757564        3.43092988082         -2.47289817344        
0.696075798221        3.44634081355         -2.76025627254        3.44634081355         -2.76025627254        3.40796054619         -2.47119407431        
0.705734496012        3.42387633913         -2.75823048131        3.42387633913         -2.75823048131        3.38463426892         -2.46919849076        
0.715393193803        3.40090694115         -2.75576204803        3.40090694115         -2.75576204803        3.36081954732         -2.46680816095        
0.725051891594        3.37743326774         -2.75286268469        3.37743326774         -2.75286268469        3.33652339291         -2.46401936961        
0.734710589385        3.35347224929         -2.74959347444        3.35347224929         -2.74959347444        3.3117690324          -2.46090948575        
0.744369287176        3.32908240873         -2.74597378929        3.32908240873         -2.74597378929        3.28661356383         -2.45748582984        
0.754027984967        3.30415722406         -2.74188367208        3.30415722406         -2.74188367208        3.26095709217         -2.4536419299         
0.763686682758        3.27876611959         -2.73744261885        3.27876611959         -2.73744261885        3.23486416708         -2.44948327519        
0.773345380549        3.25289474982         -2.73252663291        3.25289474982         -2.73252663291        3.20833066308         -2.44490074678        
0.78300407834         3.22656884216         -2.72721972892        3.22656884216         -2.72721972892        3.18138012041         -2.43996961355        
0.792662776131        3.19963425871         -2.72136741085        3.19963425871         -2.72136741085        3.15386606133         -2.43455340378        
0.802321473922        3.17242586706         -2.715154683          3.17242586706         -2.715154683          3.12611572352         -2.42881636891        
0.811980171713        3.14451330845         -2.70801697935        3.14451330845         -2.70801697935        3.09771416217         -2.42225347438        
0.821638869504        3.11639638125         -2.70047008525        3.11639638125         -2.70047008525        3.06912198481         -2.41533258924        
0.831297567294        3.08799940621         -2.6925853462         3.08799940621         -2.6925853462         3.04027615991         -2.40811148438        
0.840956265085        3.05940799177         -2.68429711212        3.05940799177         -2.68429711212        3.01125759073         -2.4005328316         
0.850614962876        3.0301111192          -2.67529199402        3.0301111192          -2.67529199402        2.98158795552         -2.39231593475        
0.860273660667        3.00075023953         -2.66594032747        3.00075023953         -2.66594032747        2.95187129817         -2.38379097957        
0.869932358458        2.97092690907         -2.65598447975        2.97092690907         -2.65598447975        2.92172811854         -2.37472685085        
0.879591056249        2.94082960726         -2.64552704382        2.94082960726         -2.64552704382        2.89134299511         -2.3652174535         
0.88924975404         2.91052666617         -2.6344953381         2.91052666617         -2.6344953381         2.86077288943         -2.35519710028        
0.898908451831        2.87984328682         -2.62288341724        2.87984328682         -2.62288341724        2.82985964326         -2.34466079771        
0.908567149622        2.84887904571         -2.61062418039        2.84887904571         -2.61062418039        2.79868834706         -2.33354792143        
0.918225847413        2.81768264594         -2.59780828702        2.81768264594         -2.59780828702        2.76730924262         -2.32194045401        
0.927884545204        2.78617596845         -2.5842983267         2.78617596845         -2.5842983267         2.73564254444         -2.30971498208        
0.937543242995        2.75437429738         -2.57012434541        2.75437429738         -2.57012434541        2.70369980956         -2.2968933662         
0.947201940786        2.72229118331         -2.55531596196        2.72229118331         -2.55531596196        2.67150344091         -2.28351292917        
0.956860638577        2.68973411064         -2.53961818407        2.68973411064         -2.53961818407        2.63885367539         -2.26934021311        
0.966519336368        2.65655274859         -2.52291770505        2.65655274859         -2.52291770505        2.60560805758         -2.25427411879        
0.976178034159        2.62217508894         -2.5046032008         2.62217508894         -2.5046032008         2.57120031317         -2.23776841698        
0.98583673195         2.58195532808         -2.48027548126        2.58195532808         -2.48027548126        2.53108108968         -2.21589279517        
0.995495429741        2.53880195492         -2.45259022383        2.53880195492         -2.45259022383        2.48810157397         -2.19102130031        
1.00515412753         2.49678328239         -2.4254871123         2.49678328239         -2.4254871123         2.44624671946         -2.16667247277        
1.01481282532         2.45566366058         -2.39878906161        2.45566366058         -2.39878906161        2.40529840091         -2.14268932166        
1.02447152311         2.41546787924         -2.3724656151         2.41546787924         -2.3724656151         2.36526449626         -2.1190435371         
1.0341302209          2.37602791648         -2.34637433292        2.37602791648         -2.34637433292        2.32598546157         -2.09560808293        
1.0437889187          2.3373806152          -2.32068807345        2.3373806152          -2.32068807345        2.28750421394         -2.07253882632        
1.05344761649         2.29932794184         -2.29501300136        2.29932794184         -2.29501300136        2.24961399879         -2.04947963056        
1.06310631428         2.26204694788         -2.26979840186        2.26204694788         -2.26979840186        2.21248786723         -2.02684322539        
1.07276501207         2.22540671612         -2.24485683378        2.22540671612         -2.24485683378        2.17599939779         -2.00445172843        
1.08242370986         2.18928217582         -2.22021945206        2.18928217582         -2.22021945206        2.14003841529         -1.98233395407        
1.09208240765         2.15389869384         -2.19594873154        2.15389869384         -2.19594873154        2.10481372255         -1.96054570565        
1.10174110544         2.1188578626          -2.17177534415        2.1188578626          -2.17177534415        2.06994545805         -1.93884584565        
1.11139980323         2.0844853444          -2.148083075          2.0844853444          -2.148083075          2.03574490882         -1.91757369405        
1.12105850102         2.05058851136         -2.12463686539        2.05058851136         -2.12463686539        2.0020332394          -1.89652677266        
1.13071719881         2.01716800701         -2.10143219959        2.01716800701         -2.10143219959        1.9688078118          -1.8756971999         
1.14037589661         1.98415997071         -2.07849539467        1.98415997071         -2.07849539467        1.93600824886         -1.85510890045        
1.1500345944          1.95168834406         -2.05587561099        1.95168834406         -2.05587561099        1.90375285855         -1.83480543377        
1.15969329219         1.91963549983         -2.03355310069        1.91963549983         -2.03355310069        1.8719308906          -1.81476935724        
1.16935198998         1.88796880034         -2.01150380695        1.88796880034         -2.01150380695        1.84051274584         -1.79498029805        
1.17901068777         1.856496147           -1.9894236077         1.856496147           -1.9894236077         1.80931713112         -1.77516234042        
1.18866938556         1.82542903979         -1.96750667158        1.82542903979         -1.96750667158        1.77853331274         -1.75549290898        
1.19832808335         1.79516612526         -1.94625605071        1.79516612526         -1.94625605071        1.74855355442         -1.73642103125        
1.20798678114         1.76504985794         -1.92498987277        1.76504985794         -1.92498987277        1.71873931056         -1.71733816131        
1.21764547893         1.73541959598         -1.90407027377        1.73541959598         -1.90407027377        1.6894224693          -1.69856697202        
1.22730417672         1.70611471797         -1.88331139088        1.70611471797         -1.88331139088        1.66044613615         -1.67994138347        
1.23696287451         1.67729463324         -1.86287962515        1.67729463324         -1.86287962515        1.63196760147         -1.66160966798        
1.24662157231         1.64859989798         -1.84247310337        1.64859989798         -1.84247310337        1.60363371619         -1.64330377566        
1.2562802701          1.62036047708         -1.82226263829        1.62036047708         -1.82226263829        1.57576610834         -1.62517246194        
1.26593896789         1.59253762947         -1.80229987352        1.59253762947         -1.80229987352        1.54832101991         -1.60727160523        
1.27559766568         1.56508667146         -1.78258369903        1.56508667146         -1.78258369903        1.5212579325          -1.58959318599        
1.28525636347         1.53798876411         -1.763133271          1.53798876411         -1.763133271          1.49456154161         -1.5721538724         
1.29491506126         1.51119832933         -1.74371704267        1.51119832933         -1.74371704267        1.46818223022         -1.55474770578        
1.30457375905         1.48463928791         -1.72442523888        1.48463928791         -1.72442523888        1.44205207224         -1.53745463402        
1.31423245684         1.45847991502         -1.70536848486        1.45847991502         -1.70536848486        1.41632948011         -1.52037341758        
1.32389115463         1.43266469461         -1.68647380885        1.43266469461         -1.68647380885        1.39096048537         -1.50343936806        
1.33354985242         1.40720922312         -1.66771207138        1.40720922312         -1.66771207138        1.36595746519         -1.48662633796        
1.34320855022         1.38218403078         -1.64912740609        1.38218403078         -1.64912740609        1.34138245678         -1.46997259829        
1.35286724801         1.35715578442         -1.63044525571        1.35715578442         -1.63044525571        1.31683810898         -1.45323607917        
1.3625259458          1.33271249311         -1.61207456499        1.33271249311         -1.61207456499        1.29286809564         -1.43677853794        
1.37218464359         1.30858143563         -1.59376956805        1.30858143563         -1.59376956805        1.26921462604         -1.42038195754        
1.38184334138         1.28478865925         -1.57556611898        1.28478865925         -1.57556611898        1.24590269298         -1.40407717372        
1.39150203917         1.26136379128         -1.557515745          1.26136379128         -1.557515745          1.22296023019         -1.38791228595        
1.40116073696         1.23829834351         -1.53957488726        1.23829834351         -1.53957488726        1.20037855101         -1.37184735072        
1.41081943475         1.21560792294         -1.52177042621        1.21560792294         -1.52177042621        1.17817108651         -1.35590612345        
1.42047813254         1.19323636256         -1.50405550583        1.19323636256         -1.50405550583        1.15628401311         -1.34004742383        
1.43013683033         1.17131630251         -1.48646115916        1.17131630251         -1.48646115916        1.13483954194         -1.32429791508        
1.43979552812         1.14976635075         -1.46907479492        1.14976635075         -1.46907479492        1.11376033707         -1.30873914132        
1.44945422592         1.1285763813          -1.45184731472        1.1285763813          -1.45184731472        1.09303651741         -1.29332355409        
1.45911292371         1.10771950814         -1.43478480224        1.10771950814         -1.43478480224        1.07264530612         -1.2780568203         
1.4687716215          1.08727231601         -1.41789489373        1.08727231601         -1.41789489373        1.05265864021         -1.26294601712        
1.47843031929         1.06703336873         -1.40117191033        1.06703336873         -1.40117191033        1.03288211599         -1.24798531959        
1.48808901708         1.04706317059         -1.38436295853        1.04706317059         -1.38436295853        1.01337578242         -1.23294662267        
1.49774771487         1.02759819309         -1.36787965664        1.02759819309         -1.36787965664        0.994360311023        -1.21820132378        
1.50740641266         1.00842195583         -1.35156122029        1.00842195583         -1.35156122029        0.97563257987         -1.20360528313        
1.51706511045         0.989628756169        -1.33546382001        0.989628756169        -1.33546382001        0.957277676729        -1.18920753989        
1.52672380824         0.971166669585        -1.31957597473        0.971166669585        -1.31957597473        0.939251627917        -1.17499812842        
1.53638250603         0.952972174059        -1.30383381596        0.952972174059        -1.30383381596        0.921492346369        -1.16091955478        
1.54604120383         0.935159227352        -1.28835907702        0.935159227352        -1.28835907702        0.90410723228         -1.14708057607        
1.55569990162         0.917623925659        -1.2730680913         0.917623925659        -1.2730680913         0.886999455415        -1.13340690126        
1.56535859941         0.900349917159        -1.25793918676        0.900349917159        -1.25793918676        0.870153802554        -1.11987903041        
1.5750172972          0.883314399257        -1.24294929868        0.883314399257        -1.24294929868        0.853544279683        -1.10647709513        
1.58467599499         0.866609918626        -1.22822929365        0.866609918626        -1.22822929365        0.837261425306        -1.09331846674        
1.59433469278         0.850146109285        -1.21371568453        0.850146109285        -1.21371568453        0.821219158205        -1.08034463429        
1.60399339057         0.833985572455        -1.19951345241        0.833985572455        -1.19951345241        0.80548180901         -1.06764985568        
1.61365208836         0.818048233138        -1.18542654319        0.818048233138        -1.18542654319        0.789966504682        -1.05505881631        
1.62331078615         0.802319951752        -1.17157317962        0.802319951752        -1.17157317962        0.774665064462        -1.04267686178        
1.63296948394         0.786828669126        -1.15789324384        0.786828669126        -1.15789324384        0.759601414092        -1.03045054832        
1.64262818173         0.771578074948        -1.14442497777        0.771578074948        -1.14442497777        0.744779859318        -1.01841389855        
1.65228687953         0.756562431533        -1.13121676093        0.756562431533        -1.13121676093        0.730196267931        -1.0066102552         
1.66194557732         0.741812212933        -1.11820751739        0.741812212933        -1.11820751739        0.715877410948        -0.994985097744       
1.67160427511         0.727000975507        -1.10528783041        0.727000975507        -1.10528783041        0.701532177102        -0.983443956104       
1.6812629729          0.713110942326        -1.09308603213        0.713110942326        -1.09308603213        0.688044527458        -0.972537442695       
1.69092167069         0.700012948663        -1.08213092579        0.700012948663        -1.08213092579        0.6753490912          -0.962743823448       
1.70058036848         0.692308372989        -1.07953007199        0.692308372989        -1.07953007199        0.667866105475        -0.960385953494       
1.71023906627         0.684141762864        -1.0760576332         0.684141762864        -1.0760576332         0.659935838039        -0.95725242898        
1.71989776406         0.675474732303        -1.07188091111        0.675474732303        -1.07188091111        0.651536098714        -0.953493752651       
1.72955646185         0.666473252415        -1.06714927746        0.666473252415        -1.06714927746        0.642821946252        -0.949242159426       
1.73921515964         0.657132041051        -1.06180830837        0.657132041051        -1.06180830837        0.633789481508        -0.944447227092       
1.74887385744         0.647651008974        -1.05608138225        0.647651008974        -1.05608138225        0.624624319785        -0.939311346172       
1.75853255523         0.638019117201        -1.04993685722        0.638019117201        -1.04993685722        0.615317172296        -0.933804287779       
1.76819125302         0.628227880909        -1.04341486133        0.628227880909        -1.04341486133        0.60586097933         -0.927962979224       
1.77784995081         0.61830309886         -1.0365259107         0.61830309886         -1.0365259107         0.596280148338        -0.921796124688       
1.7875086486          0.608266623842        -1.02927414199        0.608266623842        -1.02927414199        0.586595177369        -0.915307422123       
1.79716734639         0.598155630888        -1.02169879435        0.598155630888        -1.02169879435        0.576840147725        -0.908532502088       
1.80682604418         0.587968189543        -1.01383021194        0.587968189543        -1.01383021194        0.56701384718         -0.901498209467       
1.81648474197         0.577697289368        -1.00567074035        0.577697289368        -1.00567074035        0.557110520908        -0.894206167327       
1.82614343976         0.567436618385        -0.997259562168       0.567436618385        -0.997259562168       0.547216829654        -0.886691034924       
1.83580213755         0.557061543718        -0.988532235248       0.557061543718        -0.988532235248       0.537218046542        -0.878895385711       
1.84546083534         0.546667188045        -0.979661636323       0.546667188045        -0.979661636323       0.527203631816        -0.870973616131       
1.85511953314         0.536259868395        -0.970482950283       0.536259868395        -0.970482950283       0.517177768662        -0.86277863331        
1.86477823093         0.52582796838         -0.961115900923       0.52582796838         -0.961115900923       0.507131761403        -0.854416992548       
1.87443692872         0.515400427798        -0.951537762165       0.515400427798        -0.951537762165       0.49709167832         -0.845868375577       
1.88409562651         0.50497391213         -0.941794886716       0.50497391213         -0.941794886716       0.487054962721        -0.837175286915       
1.8937543243          0.494552597859        -0.931890658328       0.494552597859        -0.931890658328       0.47702614845         -0.828339547004       
1.90341302209         0.484126941716        -0.92182432408        0.484126941716        -0.92182432408        0.466996141598        -0.81936038338        
1.91307171988         0.473717024329        -0.911613831611       0.473717024329        -0.911613831611       0.456984768146        -0.8102539679         
1.92273041767         0.463315936639        -0.901268928536       0.463315936639        -0.901268928536       0.446985799057        -0.801029077345       
1.93238911546         0.452901910236        -0.890783448387       0.452901910236        -0.890783448387       0.436980134112        -0.791680446248       
1.94204781325         0.442456305651        -0.880065841524       0.442456305651        -0.880065841524       0.426949403524        -0.782124630878       
1.95170651105         0.432127255197        -0.869279036127       0.432127255197        -0.869279036127       0.417030242062        -0.772509389036       
1.96136520884         0.421817329948        -0.858385424819       0.421817329948        -0.858385424819       0.407133913173        -0.762800677539       
1.97102390663         0.411564564128        -0.84739480191        0.411564564128        -0.84739480191        0.397295056845        -0.753006601004       
1.98068260442         0.401348373354        -0.836299976666       0.401348373354        -0.836299976666       0.38749538641         -0.743120866935       
1.99034130221         0.391213722566        -0.825121162442       0.391213722566        -0.825121162442       0.377775357525        -0.733161202035       
2                     0.381083441033        -0.81384645257        0.381083441033        -0.81384645257        0.368066902084        -0.723117700735       
2.001                 0.380039593538        -0.812681778281       0.380039593538        -0.812681778281       0.367066707419        -0.722080274423       
2.25159307698         0.155899935164        -0.510534780187       0.155899935164        -0.510534780187       0.15273974327         -0.453257318922       
2.50218615396         0.0281437130683       -0.256042198302       0.0281437130683       -0.256042198302       0.0305102135376       -0.227183824119       
2.75277923094         -0.0150919170326      -0.0934045638839      -0.0150919170326      -0.0934045638839      -0.011794091914       -0.0828530949929      
3.00337230792         -0.0123377571999      -0.0173441171652      -0.0123377571999      -0.0173441171652      -0.0106627166548      -0.0153904713915      
3.2539653849          -0.000517508407729    -0.000111152806512    -0.000517508407729    -0.000111152806512    -0.000451241540926    -9.90752435204e-05    
3.2549653849          -0.000501432545688    -0.000106506456895    -0.000501432545688    -0.000106506456895    -0.000437213500447    -9.49348188184e-05    
3.2719653849          -0.000269969612316    -4.48510388809e-05    -0.000269969612316    -4.48510388809e-05    -0.000235285619145    -3.99649681441e-05    
3.2889653849          -0.000110567780842    -8.19917106698e-06    -0.000110567780842    -8.19917106698e-06    -9.62978144957e-05    -7.24813449755e-06    
3.3059653849          -1.68268783885e-05    1.21394192318e-05     -1.68268783885e-05    1.21394192318e-05     -1.46043239854e-05    1.09358235465e-05     
3.3229653849          2.82221519322e-06     4.15512945834e-05     2.82221519322e-06     4.15512945834e-05     3.18789856764e-05     -1.40321655969e-05    
3.3399653849          5.29056402944e-06     0.00010896396661      5.29056402944e-06     0.00010896396661      3.10235756867e-05     4.77666464027e-05     
3.3569653849          7.37909808188e-06     0.000182559122266     7.37909808188e-06     0.000182559122266     3.03873548624e-05     0.000114721158619     
3.3739653849          8.97174681685e-06     0.000253551364372     8.97174681685e-06     0.000253551364372     2.96238898053e-05     0.000179163583469     
3.3749653849          9.05010502063e-06     0.000257555387154     9.05010502063e-06     0.000257555387154     2.95730997334e-05     0.000182797398663     
3.55372919797         7.55353874129e-06     0.000548184628369     7.55353874129e-06     0.000548184628369     1.46648324293e-05     0.000454570173616     
3.73249301103         1.21929213631e-06     0.00036388692532      1.21929213631e-06     0.00036388692532      3.75241685562e-06     0.000305685005934     
3.9112568241          -6.4617505912e-07     0.000158301789114     -6.4617505912e-07     0.000158301789114     1.86062029043e-07     0.000133622307625     
4.09002063716         -4.66116136611e-07    4.6874330297e-05      -4.66116136611e-07    4.6874330297e-05      -2.48632816765e-07    3.9757394968e-05      
4.26878445023         -1.02362953478e-07    6.91400841875e-06     -1.02362953478e-07    6.91400841875e-06     -7.17894803118e-08    5.91585178981e-06     
4.44754826329         4.74848093333e-07     9.00400606768e-09     4.74848093333e-07     9.00400606768e-09     4.16611645488e-07     -8.69157099612e-09    
4.62631207636         2.58695634587e-06     5.84431527949e-08     2.58695634587e-06     5.84431527949e-08     2.25354248899e-06     -7.08792612875e-08    
4.80507588942         2.43581199499e-06     6.28679535829e-08     2.43581199499e-06     6.28679535829e-08     2.10440125562e-06     -8.6609230803e-08     
4.98383970249         1.50715147889e-06     4.32515447224e-08     1.50715147889e-06     4.32515447224e-08     1.290387515e-06       -6.46320446639e-08    
5.16260351556         7.42085461211e-07     2.32369684261e-08     7.42085461211e-07     2.32369684261e-08     6.29319668065e-07     -3.67243620978e-08    
5.34136732862         3.11175325587e-07     1.04867447129e-08     3.11175325587e-07     1.04867447129e-08     2.61288527122e-07     -1.7255811699e-08     
5.52013114169         1.14782539389e-07     4.11997075106e-09     1.14782539389e-07     4.11997075106e-09     9.54075323372e-08     -6.98463496807e-09    
5.69889495475         3.79272293102e-08     1.43819199123e-09     3.79272293102e-08     1.43819199123e-09     3.12018570085e-08     -2.49339688522e-09    
5.87765876782         1.13534559008e-08     4.5187106752e-10      1.13534559008e-08     4.5187106752e-10      9.24354280868e-09     -7.96773719467e-10    
6.05642258088         3.10221547181e-09     1.28906466792e-10     3.10221547181e-09     1.28906466792e-10     2.4994418945e-09      -2.30214937776e-10    
6.23518639395         7.77816606682e-10     3.35959504804e-11     7.77816606682e-10     3.35959504804e-11     6.20162167061e-10     -6.05726332178e-11    
6.41395020702         1.79648098745e-10     8.03591739723e-12     1.79648098745e-10     8.03591739723e-12     1.41747724703e-10     -1.45884009271e-11    
6.59271402008         3.83348133016e-11     1.77029648582e-12     3.83348133016e-11     1.77029648582e-12     2.99341701798e-11     -3.22917456194e-12    
6.77147783315         7.57104967258e-12     3.59979496483e-13     7.57104967258e-12     3.59979496483e-13     5.85104698697e-12     -6.58651552633e-13    
6.95024164621         1.38999983348e-12     6.78876593501e-14     1.38999983348e-12     6.78876593501e-14     1.06322406686e-12     -1.24419281376e-13    
7.12900545928         2.38038913002e-13     1.19176925976e-14     2.38038913002e-13     1.19176925976e-14     1.8022865796e-13      -2.18521817977e-14    
7.30776927234         3.86333135998e-14     1.9792223446e-15      3.86333135998e-14     1.9792223446e-15      2.89561132361e-14     -3.62718916657e-15    
7.48653308541         6.7545993425e-15      3.53533232655e-16     6.7545993425e-15      3.53533232655e-16     5.01209594833e-15     -6.47010285085e-16    
7.66529689847         1.64467664787e-15     8.78201952613e-17     1.64467664787e-15     8.78201952613e-17     1.20832200389e-15     -1.60385948764e-16    
7.84406071154         1.84132035639e-15     1.00178858055e-16     1.84132035639e-15     1.00178858055e-16     1.33954132181e-15     -1.82460455771e-16    
8.02282452461         2.0500902592e-15      1.13516112438e-16     2.0500902592e-15      1.13516112438e-16     1.47695577739e-15     -2.06080805979e-16    
8.20158833767         2.27108327426e-15     1.27852187789e-16     2.27108327426e-15     1.27852187789e-16     1.6204627657e-15      -2.3124540536e-16     
8.38035215074         2.50438980386e-15     1.43206245521e-16     2.50438980386e-15     1.43206245521e-16     1.76996012154e-15     -2.57950038634e-16    
8.5591159638          2.75009434021e-15     1.59596457968e-16     2.75009434021e-15     1.59596457968e-16     1.92534648421e-15     -2.86188182156e-16    
8.73787977687         3.00827600029e-15     1.77040079942e-16     3.00827600029e-15     1.77040079942e-16     2.08652161022e-15     -3.15951282197e-16    
8.91664358993         3.27900899998e-15     1.95553513784e-16     3.27900899998e-15     1.95553513784e-16     2.25338667467e-15     -3.47229002501e-16    
9.095407403           3.56236307558e-15     2.15152368605e-16     3.56236307558e-15     2.15152368605e-16     2.4258446939e-15      -3.80009444593e-16    
9.27417121606         3.85840385972e-15     2.35851514319e-16     3.85840385972e-15     2.35851514319e-16     2.60380289273e-15     -4.1427927408e-16     
9.45293502913         4.16719321754e-15     2.57665131034e-16     4.16719321754e-15     2.57665131034e-16     2.78716260582e-15     -4.50012564516e-16    
9.6316988422          4.48878954821e-15     2.80606754258e-16     4.48878954821e-15     2.80606754258e-16     2.97582577986e-15     -4.8720302781e-16     
9.81046265526         4.82324805596e-15     3.04689316351e-16     4.82324805596e-15     3.04689316351e-16     3.16970348825e-15     -5.25834063032e-16    
9.98922646833         5.17062099442e-15     3.29925184595e-16     5.17062099442e-15     3.29925184595e-16     3.36870665608e-15     -5.65888289897e-16    
10.1679902814         5.53095788736e-15     3.56326196211e-16     5.53095788736e-15     3.56326196211e-16     3.57274777533e-15     -6.07347659292e-16    
10.3467540945         5.90430572853e-15     3.83903690613e-16     5.90430572853e-15     3.83903690613e-16     3.78174107854e-15     -6.5019355191e-16     
10.5255179075         6.29070916305e-15     4.12668539168e-16     6.29070916305e-15     4.12668539168e-16     3.99560258398e-15     -6.94406866278e-16    
10.7042817206         6.69021065229e-15     4.42631172685e-16     6.69021065229e-15     4.42631172685e-16     4.21425010387e-15     -7.39968097336e-16    
10.8830455337         7.1028506242e-15      4.73801606844e-16     7.1028506242e-15      4.73801606844e-16     4.43760323638e-15     -7.8685740658e-16     
11.0618093467         7.5286676104e-15      5.06189465758e-16     7.5286676104e-15      5.06189465758e-16     4.66558334814e-15     -8.35054684683e-16    
11.2405731598         7.96769837163e-15     5.39804003817e-16     7.96769837163e-15     5.39804003817e-16     4.8981135508e-15      -8.84539607398e-16    
11.4193369729         8.41997801267e-15     5.74654125977e-16     8.41997801267e-15     5.74654125977e-16     5.13511867313e-15     -9.35291685433e-16    
11.5981007859         8.8855400878e-15      6.10748406632e-16     8.8855400878e-15      6.10748406632e-16     5.37652523012e-15     -9.87290308965e-16    
11.776864599          9.36441669766e-15     6.48095107168e-16     9.36441669766e-15     6.48095107168e-16     5.62226138972e-15     -1.04051478733e-15    
11.955628412          9.85663857853e-15     6.8670219233e-16      9.85663857853e-15     6.8670219233e-16      5.87225693805e-15     -1.09494438438e-15    
12.1343922251         1.03622351845e-14     7.26577345492e-16     1.03622351845e-14     7.26577345492e-16     6.12644324334e-15     -1.15055835002e-15    
12.3131560382         1.08812347636e-14     7.67727982914e-16     1.08812347636e-14     7.67727982914e-16     6.38475321929e-15     -1.20733594823e-15    
12.4919198512         1.14136644276e-14     8.10161267076e-16     1.14136644276e-14     8.10161267076e-16     6.6471212879e-15      -1.26525648198e-15    
12.6706836643         1.19595502176e-14     8.53884119154e-16     1.19595502176e-14     8.53884119154e-16     6.91348334226e-15     -1.32429931536e-15    
12.8494474774         1.25189171637e-14     8.98903230706e-16     1.25189171637e-14     8.98903230706e-16     7.18377670933e-15     -1.38444389322e-15    
13.0282112904         1.30917893415e-14     9.45225074636e-16     1.30917893415e-14     9.45225074636e-16     7.45794011303e-15     -1.44566975847e-15    
13.2069751035         1.36781899236e-14     9.92855915478e-16     1.36781899236e-14     9.92855915478e-16     7.73591363771e-15     -1.50795656745e-15    
13.3857389166         1.42781412282e-14     1.04180181906e-15     1.42781412282e-14     1.04180181906e-15     8.01763869211e-15     -1.57128410342e-15    
13.5645027296         1.48916647641e-14     1.09206866159e-15     1.48916647641e-14     1.09206866159e-15     8.30305797393e-15     -1.63563228839e-15    
13.7432665427         1.55187812728e-14     1.1436621382e-15      1.55187812728e-14     1.1436621382e-15      8.59211543504e-15     -1.70098119352e-15    
13.9220303558         1.61595107675e-14     1.19658777102e-15     1.61595107675e-14     1.19658777102e-15     8.88475624746e-15     -1.76731104813e-15    
14.1007941688         1.68138725702e-14     1.25085091674e-15     1.68138725702e-14     1.25085091674e-15     9.18092677009e-15     -1.83460224757e-15    
14.2795579819         1.74818853454e-14     1.30645677381e-15     1.74818853454e-14     1.30645677381e-15     9.48057451622e-15     -1.90283535998e-15    
14.458321795          1.81635671327e-14     1.36341038913e-15     1.81635671327e-14     1.36341038913e-15     9.78364812191e-15     -1.97199113207e-15    
14.637085608          1.88589353767e-14     1.42171666454e-15     1.88589353767e-14     1.42171666454e-15     1.00900973151e-14     -2.04205049402e-15    
14.8158494211         1.95680069552e-14     1.48138036276e-15     1.95680069552e-14     1.48138036276e-15     1.03998728859e-14     -2.11299456364e-15    
14.9946132342         2.02907982057e-14     1.54240611318e-15     2.02907982057e-14     1.54240611318e-15     1.0712926657e-14      -2.18480464976e-15    
15.1733770472         2.10273249505e-14     1.60479841721e-15     2.10273249505e-14     1.60479841721e-15     1.1029211456e-14      -2.25746225505e-15    
15.3521408603         2.177760252e-14       1.66856165344e-15     2.177760252e-14       1.66856165344e-15     1.13486810875e-14     -2.33094907815e-15    
15.5309046734         2.25416457749e-14     1.73370008253e-15     2.25416457749e-14     1.73370008253e-15     1.16712903069e-14     -2.40524701544e-15    
15.7096684864         2.33194691267e-14     1.80021785174e-15     2.33194691267e-14     1.80021785174e-15     1.19969947946e-14     -2.48033816223e-15    
15.8884322995         2.41110865577e-14     1.86811899938e-15     2.41110865577e-14     1.86811899938e-15     1.2325751131e-14      -2.55620481356e-15    
16.0671961126         2.49165116392e-14     1.93740745893e-15     2.49165116392e-14     1.93740745893e-15     1.26575167728e-14     -2.63282946464e-15    
16.2459599256         2.57357575492e-14     2.00808706303e-15     2.57357575492e-14     2.00808706303e-15     1.29922500296e-14     -2.710194811e-15      
16.4247237387         2.65688370887e-14     2.08016154719e-15     2.65688370887e-14     2.08016154719e-15     1.33299100415e-14     -2.7882837482e-15     
16.6034875518         2.74157626976e-14     2.1536345534e-15      2.74157626976e-14     2.1536345534e-15      1.3670456758e-14      -2.86707937147e-15    
16.7822513648         2.82765464692e-14     2.22850963353e-15     2.82765464692e-14     2.22850963353e-15     1.40138509175e-14     -2.94656497491e-15    
16.9610151779         2.91512001644e-14     2.30479025259e-15     2.91512001644e-14     2.30479025259e-15     1.43600540274e-14     -3.02672405065e-15    
17.139778991          3.00397352249e-14     2.38247979178e-15     3.00397352249e-14     2.38247979178e-15     1.47090283461e-14     -3.1075402877e-15     
17.318542804          3.09421627859e-14     2.46158155149e-15     3.09421627859e-14     2.46158155149e-15     1.50607368655e-14     -3.18899757069e-15    
17.4973066171         3.18584936878e-14     2.54209875409e-15     3.18584936878e-14     2.54209875409e-15     1.54151432958e-14     -3.27107997845e-15    
17.6760704301         3.27887384878e-14     2.62403454661e-15     3.27887384878e-14     2.62403454661e-15     1.57722120514e-14     -3.35377178246e-15    
17.8548342432         3.37329074705e-14     2.70739200335e-15     3.37329074705e-14     2.70739200335e-15     1.61319082403e-14     -3.43705744517e-15    
18.0335980563         3.46910106583e-14     2.79217412828e-15     3.46910106583e-14     2.79217412828e-15     1.64941976578e-14     -3.52092161824e-15    
18.2123618693         3.56630578211e-14     2.8783838574e-15      3.56630578211e-14     2.8783838574e-15      1.68590467875e-14     -3.6053491407e-15     
18.3911256824         3.66490584854e-14     2.96602406102e-15     3.66490584854e-14     2.96602406102e-15     1.72264228174e-14     -3.690325037e-15      
18.5698894955         3.76490219435e-14     3.05509754586e-15     3.76490219435e-14     3.05509754586e-15     1.75962936879e-14     -3.77583451502e-15    
18.7486533085         3.86629572614e-14     3.14560705714e-15     3.86629572614e-14     3.14560705714e-15     1.79686282302e-14     -3.86186296402e-15    
18.9274171216         3.96908732875e-14     3.23755528053e-15     3.96908732875e-14     3.23755528053e-15     1.83433966548e-14     -3.94839595254e-15    
19.1061809347         4.07327786598e-14     3.33094484405e-15     4.07327786598e-14     3.33094484405e-15     1.87205758914e-14     -4.03541793653e-15    
19.2849447477         4.1788681813e-14      3.42577831987e-15     4.1788681813e-14      3.42577831987e-15     1.91001219263e-14     -4.12289404439e-15    
19.4637085608         4.28585909862e-14     3.52205822605e-15     4.28585909862e-14     3.52205822605e-15     1.94819988698e-14     -4.21083087592e-15    
19.6424723739         4.39425142289e-14     3.61978702819e-15     4.39425142289e-14     3.61978702819e-15     1.98661821084e-14     -4.29921464607e-15    
19.8212361869         4.50404594077e-14     3.71896714107e-15     4.50404594077e-14     3.71896714107e-15     2.02526439488e-14     -4.38803173771e-15    
20                    0                     0                     0                     0                     0                     0                     
