0.0779191396          0                     0                     0                     0                     0                     0                     
0.087577837391        0.010393293108        -0.00132890272179     0.010393293108        -0.00132890272179     0.0175297129323       -0.00210317441726     
0.0972365351819       0.0628714204337       -0.0093734690351      0.0628714204337       -0.0093734690351      0.104995499072        -0.0143185453606      
0.106895232973        0.164138764873        -0.0286247519205      0.164138764873        -0.0286247519205      0.271798241371        -0.0424001937336      
0.116553930764        0.307038988339        -0.0624786033253      0.307038988339        -0.0624786033253      0.50462151371         -0.0902233203492      
0.126212628555        0.480674420416        -0.114328731447       0.480674420416        -0.114328731447       0.784929957281        -0.161646950757       
0.135871326346        0.671933772982        -0.187431115349       0.671933772982        -0.187431115349       1.09216864814         -0.260460127029       
0.145530024137        0.866236840526        -0.281196424712       0.866236840526        -0.281196424712       1.40490007688         -0.385658156829       
0.155188721928        1.05213373188         -0.389505374144       1.05213373188         -0.389505374144       1.7065008096          -0.52928018373        
0.164847419719        1.22445963767         -0.504793729795       1.22445963767         -0.504793729795       1.9890015634          -0.68157589747        
0.17450611751         1.38249142164         -0.62178732273        1.38249142164         -0.62178732273        2.25060865825         -0.835765550081       
0.184164815301        1.52645872681         -0.737422237426       1.52645872681         -0.737422237426       2.49105234786         -0.987917212055       
0.193823513091        1.65720939924         -0.849770016946       1.65720939924         -0.849770016946       2.71111265553         -1.13555589527        
0.203482210882        1.77571093707         -0.957712345874       1.77571093707         -0.957712345874       2.9118821162          -1.27725715908        
0.213140908673        1.88302086694         -1.06078228808        1.88302086694         -1.06078228808        3.0946846134          -1.41242992527        
0.222799606464        1.97989834146         -1.15888773523        1.97989834146         -1.15888773523        3.26057018466         -1.54096712021        
0.232458304255        2.06699188803         -1.25172804315        2.06699188803         -1.25172804315        3.4104598879          -1.66249766927        
0.242117002046        2.14481050372         -1.33857881056        2.14481050372         -1.33857881056        3.54510789574         -1.77609264224        
0.251775699837        2.21505741413         -1.42003281724        2.21505741413         -1.42003281724        3.66693199495         -1.8825525931         
0.261434397628        2.27848977766         -1.49632363745        2.27848977766         -1.49632363745        3.77705021739         -1.98218704098        
0.271093095419        2.33559824455         -1.5678641528         2.33559824455         -1.5678641528         3.87623091242         -2.0755336886         
0.28075179321         2.38693037479         -1.6351634912         2.38693037479         -1.6351634912         3.96538241104         -2.16326035573        
0.290410491001        2.43274299785         -1.69847760326        2.43274299785         -1.69847760326        4.04498050994         -2.24570035017        
0.300069188792        2.4732924945          -1.75802983756        2.4732924945          -1.75802983756        4.11552655053         -2.32315591136        
0.309727886583        2.50879025736         -1.81392375755        2.50879025736         -1.81392375755        4.17745440664         -2.39577701128        
0.319386584374        2.53966231763         -1.86607853598        2.53966231763         -1.86607853598        4.23143608802         -2.46346730931        
0.329045282165        2.56635753374         -1.91461548538        2.56635753374         -1.91461548538        4.27822776722         -2.52639030826        
0.338703979956        2.58909432328         -1.95962164651        2.58909432328         -1.95962164651        4.31816458312         -2.5846906884         
0.348362677747        2.60854019306         -2.00137520039        2.60854019306         -2.00137520039        4.35228659631         -2.63872188729        
0.358021375538        2.62482876747         -2.03995886667        2.62482876747         -2.03995886667        4.38084307715         -2.68859380197        
0.367680073329        2.63834714989         -2.07558616321        2.63834714989         -2.07558616321        4.40445266247         -2.73458569733        
0.37733877112         2.64939866359         -2.10843447345        2.64939866359         -2.10843447345        4.42358647135         -2.77692697917        
0.386997468911        2.65813744403         -2.13881260132        2.65813744403         -2.13881260132        4.43855588828         -2.81602148578        
0.396656166702        2.6650274706          -2.16676429709        2.6650274706          -2.16676429709        4.4500160884          -2.85192513117        
0.406314864492        2.66981800234         -2.1925688088         2.66981800234         -2.1925688088         4.45774590154         -2.88500813831        
0.415973562283        2.67315201958         -2.21674111338        2.67315201958         -2.21674111338        4.46265877055         -2.91592538835        
0.425632260074        2.67461323            -2.2390608024         2.67461323            -2.2390608024         4.46425868527         -2.94441154754        
0.435290957865        2.67424757399         -2.25959081932        2.67424757399         -2.25959081932        4.46266672682         -2.97052920944        
0.444949655656        2.67235303534         -2.27844540376        2.67235303534         -2.27844540376        4.45833150527         -2.99443324858        
0.454608353447        2.66911012791         -2.29601856744        2.66911012791         -2.29601856744        4.45158259178         -3.01665269563        
0.464267051238        2.66446077328         -2.31224753232        2.66446077328         -2.31224753232        4.44236813511         -3.03710446058        
0.473925749029        2.65843609863         -2.32726389417        2.65843609863         -2.32726389417        4.43078651052         -3.05595674454        
0.48358444682         2.65112255581         -2.34097298778        2.65112255581         -2.34097298778        4.41699455375         -3.07309282183        
0.493243144611        2.64246136258         -2.35341927623        2.64246136258         -2.35341927623        4.40092245371         -3.08856676081        
0.502901842402        2.63251405634         -2.36474148052        2.63251405634         -2.36474148052        4.38273698522         -3.10256803583        
0.512560540193        2.62145150427         -2.37490498065        2.62145150427         -2.37490498065        4.36267842497         -3.11505171665        
0.522219237984        2.60934624541         -2.38395523186        2.60934624541         -2.38395523186        4.34083596751         -3.12606932873        
0.531877935775        2.59608783233         -2.39169401194        2.59608783233         -2.39169401194        4.31720647947         -3.13539641373        
0.541536633566        2.58195464087         -2.39838517096        2.58195464087         -2.39838517096        4.29207230497         -3.14334728422        
0.551195331357        2.56694031802         -2.40397799212        2.56694031802         -2.40397799212        4.26549544243         -3.14986415158        
0.560854029148        2.55113819796         -2.40851711244        2.55113819796         -2.40851711244        4.23761625321         -3.15501010331        
0.570512726939        2.53448077896         -2.4118317331         2.53448077896         -2.4118317331         4.20833793957         -3.15856779161        
0.58017142473         2.5173059813          -2.4141727889         2.5173059813          -2.4141727889         4.17818652669         -3.16086034389        
0.589830122521        2.49966625058         -2.41551207629        2.49966625058         -2.41551207629        4.14720473345         -3.16187289419        
0.599488820312        2.48159819926         -2.41603832494        2.48159819926         -2.41603832494        4.11546500471         -3.16184159615        
0.609147518103        2.46306157799         -2.41579467362        2.46306157799         -2.41579467362        4.08294790964         -3.16081138612        
0.618806215893        2.44403248608         -2.41456847301        2.44403248608         -2.41456847301        4.04956331334         -3.15850210411        
0.628464913684        2.42466354406         -2.41263086745        2.42466354406         -2.41263086745        4.0156140344          -3.15527360174        
0.638123611475        2.40498510861         -2.40999189296        2.40498510861         -2.40999189296        3.98112459664         -3.15113209838        
0.647782309266        2.38503136029         -2.4066281417         2.38503136029         -2.4066281417         3.94614758926         -3.14605218379        
0.657441007057        2.36480611641         -2.40268129543        2.36480611641         -2.40268129543        3.91071249168         -3.14021558168        
0.667099704848        2.34433520008         -2.39806852624        2.34433520008         -2.39806852624        3.87487581012         -3.13352170883        
0.676758402639        2.32385392944         -2.39289258931        2.32385392944         -2.39289258931        3.83891144403         -3.12608814284        
0.68641710043         2.30311101879         -2.38722179278        2.30311101879         -2.38722179278        3.80254495997         -3.11801766289        
0.696075798221        2.28212005002         -2.38107083065        2.28212005002         -2.38107083065        3.76577110331         -3.10932402977        
0.705734496012        2.261032333           -2.37452586342        2.261032333           -2.37452586342        3.72884464835         -3.10012115466        
0.715393193803        2.23981681937         -2.36758287537        2.23981681937         -2.36758287537        3.69169284292         -3.09040097157        
0.725051891594        2.21835453362         -2.36021719709        2.21835453362         -2.36021719709        3.65417854149         -3.08013597925        
0.734710589385        2.1967417832          -2.35251302095        2.1967417832          -2.35251302095        3.61644259205         -3.06943812764        
0.744369287176        2.1747037632          -2.34410807137        2.1747037632          -2.34410807137        3.57810087613         -3.0578093375         
0.754027984967        2.15273165736         -2.33546855947        2.15273165736         -2.33546855947        3.53985692877         -3.04588573077        
0.763686682758        2.13063308003         -2.32654251073        2.13063308003         -2.32654251073        3.50142419837         -3.03359542899        
0.773345380549        2.1083871881          -2.3173308943         2.1083871881          -2.3173308943         3.4628117286          -3.02094165338        
0.78300407834         2.08604164194         -2.30780649225        2.08604164194         -2.30780649225        3.42408379478         -3.00789156211        
0.792662776131        2.06348000086         -2.29778453845        2.06348000086         -2.29778453845        3.38504704848         -2.99419142596        
0.802321473922        2.04096601998         -2.28773532418        2.04096601998         -2.28773532418        3.34612633964         -2.98049613381        
0.811980171713        2.01831469977         -2.27746196026        2.01831469977         -2.27746196026        3.30702111234         -2.9665045054         
0.821638869504        1.99539447905         -2.26688293553        1.99539447905         -2.26688293553        3.26757540965         -2.95212407554        
0.831297567294        1.97227922455         -2.25599578008        1.97227922455         -2.25599578008        3.22789418508         -2.93734745149        
0.840956265085        1.94904105161         -2.24485663898        1.94904105161         -2.24485663898        3.18809111082         -2.92224933999        
0.850614962876        1.92552992712         -2.2333035369         1.92552992712         -2.2333035369         3.14792562909         -2.90661813467        
0.860273660667        1.90181785155         -2.22148384038        1.90181785155         -2.22148384038        3.10754818423         -2.8906496999         
0.869932358458        1.87791640988         -2.20929497265        1.87791640988         -2.20929497265        3.06694148089         -2.87420927521        
0.879591056249        1.85393067211         -2.19675994916        1.85393067211         -2.19675994916        3.02627101997         -2.85732848081        
0.88924975404         1.82969603506         -2.18380949909        1.82969603506         -2.18380949909        2.98529645259         -2.83991817572        
0.898908451831        1.80535059478         -2.17052709947        1.80535059478         -2.17052709947        2.94421812715         -2.82208553994        
0.908567149622        1.78077502269         -2.15675512605        1.78077502269         -2.15675512605        2.9028554344          -2.80362681575        
0.918225847413        1.75613255517         -2.14257145333        1.75613255517         -2.14257145333        2.86144752806         -2.78464324873        
0.927884545204        1.73130778198         -2.12792392393        1.73130778198         -2.12792392393        2.81981508323         -2.76506799623        
0.937543242995        1.70628673753         -2.11274113164        1.70628673753         -2.11274113164        2.77793710586         -2.74480885405        
0.947201940786        1.681137642           -2.09706975995        1.681137642           -2.09706975995        2.73592744442         -2.72392975782        
0.956860638577        1.6557700292          -2.08071172053        1.6557700292          -2.08071172053        2.69360461851         -2.70217017974        
0.966519336368        1.63010526023         -2.06352135842        1.63010526023         -2.06352135842        2.65084715491         -2.67934331975        
0.976178034159        1.60381969481         -2.04511114672        1.60381969481         -2.04511114672        2.60709194799         -2.65496671137        
0.98583673195         1.57405819155         -2.02192216779        1.57405819155         -2.02192216779        2.55774104335         -2.62439742551        
0.995495429741        1.54256609454         -1.99604896038        1.54256609454         -1.99604896038        2.50562709847         -2.59035777127        
1.00515412753         1.51183755829         -1.97066649688        1.51183755829         -1.97066649688        2.45479815884         -2.5569691142         
1.01481282532         1.48183111059         -1.94576659974        1.48183111059         -1.94576659974        2.40518787102         -2.52422150639        
1.02447152311         1.45236874985         -1.92120047783        1.45236874985         -1.92120047783        2.35652165561         -2.4919234317         
1.0341302209          1.42334100326         -1.89666982313        1.42334100326         -1.89666982313        2.30861463299         -2.45967018588        
1.0437889187          1.39508494944         -1.87255941953        1.39508494944         -1.87255941953        2.26197300169         -2.42797714037        
1.05344761649         1.36727567457         -1.84860653311        1.36727567457         -1.84860653311        2.21607680283         -2.39650308758        
1.06310631428         1.34002392955         -1.82495727757        1.34002392955         -1.82495727757        2.17111970347         -2.36543895042        
1.07276501207         1.31316903704         -1.80154121961        1.31316903704         -1.80154121961        2.12686290645         -2.33469016791        
1.08242370986         1.28703127519         -1.77841334027        1.28703127519         -1.77841334027        2.08373393893         -2.30432025107        
1.09208240765         1.26127370646         -1.75558932772        1.26127370646         -1.75558932772        2.04129407894         -2.27435851855        
1.10174110544         1.2359122631          -1.73291694056        1.2359122631          -1.73291694056        1.99952844282         -2.24460711067        
1.11139980323         1.21105715654         -1.71048856929        1.21105715654         -1.71048856929        1.95861143284         -2.2151814837         
1.12105850102         1.18664730467         -1.68838503969        1.18664730467         -1.68838503969        1.91843405275         -2.18620053479        
1.13071719881         1.16268364666         -1.66661225937        1.16268364666         -1.66661225937        1.87901343234         -2.15765786793        
1.14037589661         1.13904977818         -1.64509137116        1.13904977818         -1.64509137116        1.84017710404         -2.12945108514        
1.1500345944          1.11575353721         -1.62384754786        1.11575353721         -1.62384754786        1.80194114994         -2.10161133973        
1.15969329219         1.09289317412         -1.60288951184        1.09289317412         -1.60288951184        1.76444383993         -2.07415082605        
1.16935198998         1.07032384337         -1.58216214116        1.07032384337         -1.58216214116        1.72747450776         -2.0469969198         
1.17901068777         1.04807725768         -1.5616878124         1.04807725768         -1.5616878124         1.69108040346         -2.02018033087        
1.18866938556         1.02607694171         -1.54133366461        1.02607694171         -1.54133366461        1.65513680467         -1.99352990816        
1.19832808335         1.00459716634         -1.52149679287        1.00459716634         -1.52149679287        1.62008386935         -1.96755723804        
1.20798678114         0.983228901316        -1.50165060085        0.983228901316        -1.50165060085        1.58526959194         -1.94158137751        
1.21764547893         0.962226975039        -1.4821113507         0.962226975039        -1.4821113507         1.55110330392         -1.91601217505        
1.22730417672         0.94148267949         -1.46271526771        0.94148267949         -1.46271526771        1.51741019798         -1.89064010587        
1.23696287451         0.921227415704        -1.44362240561        0.921227415704        -1.44362240561        1.48450862833         -1.86567165918        
1.24662157231         0.901048901042        -1.42448831914        0.901048901042        -1.42448831914        1.45180121137         -1.8406666236         
1.2562802701          0.881258879725        -1.40571145303        0.881258879725        -1.40571145303        1.41975483741         -1.81613037065        
1.26593896789         0.861696818868        -1.38709928978        0.861696818868        -1.38709928978        1.3881326418          -1.79181746905        
1.27559766568         0.84240844161         -1.36861391795        0.84240844161         -1.36861391795        1.35699573842         -1.76767500062        
1.28525636347         0.823424438165        -1.35025075529        0.823424438165        -1.35025075529        1.32638900031         -1.74369141486        
1.29491506126         0.804745211371        -1.33202329998        0.804745211371        -1.33202329998        1.29629354409         -1.71989632761        
1.30457375905         0.786357737311        -1.31391626891        0.786357737311        -1.31391626891        1.26669369578         -1.6962688165         
1.31423245684         0.768322676158        -1.29602122118        0.768322676158        -1.29602122118        1.23768272958         -1.67292287319        
1.32389115463         0.750610720944        -1.27829316395        0.750610720944        -1.27829316395        1.20921256629         -1.64980192883        
1.33354985242         0.733218422307        -1.2606810377         0.733218422307        -1.2606810377         1.18127081403         -1.626838729          
1.34320855022         0.716167507143        -1.24326957872        0.716167507143        -1.24326957872        1.15388436298         -1.60415015394        
1.35286724801         0.699389228721        -1.22597857134        0.699389228721        -1.22597857134        1.12694908952         -1.58162409518        
1.3625259458          0.682966494049        -1.20894874221        0.682966494049        -1.20894874221        1.10059973198         -1.55944323347        
1.37218464359         0.666830999448        -1.19204914796        0.666830999448        -1.19204914796        1.07472073316         -1.53743664726        
1.38184334138         0.651369684309        -1.17482499194        0.651369684309        -1.17482499194        1.04980764664         -1.51499180898        
1.39150203917         0.635449947436        -1.15881644084        0.635449947436        -1.15881644084        1.02442572829         -1.49417513015        
1.40116073696         0.620197669795        -1.14245442237        0.620197669795        -1.14245442237        0.999999413819        -1.47288319065        
1.41081943475         0.605215674238        -1.12628911563        0.605215674238        -1.12628911563        0.976022851602        -1.45185163149        
1.42047813254         0.590538934832        -1.11028208797        0.590538934832        -1.11028208797        0.952536081112        -1.43103246662        
1.43013683033         0.576136533272        -1.09451809298        0.576136533272        -1.09451809298        0.929498346793        -1.410534867          
1.43979552812         0.562013501049        -1.07897307705        0.562013501049        -1.07897307705        0.906919772665        -1.39032621789        
1.44945422592         0.548119596026        -1.06360447231        0.548119596026        -1.06360447231        0.884727242212        -1.37034961297        
1.45911292371         0.534471099774        -1.04843966244        0.534471099774        -1.04843966244        0.862942033315        -1.3506411673         
1.4687716215          0.521050729325        -1.03348059125        0.521050729325        -1.03348059125        0.84154193468         -1.33120406333        
1.47843031929         0.507773990215        -1.01864985173        0.507773990215        -1.01864985173        0.820406298131        -1.31193745323        
1.48808901708         0.494746900667        -1.00391227455        0.494746900667        -1.00391227455        0.79967563502         -1.29278975982        
1.49774771487         0.48200671689         -0.989427949461       0.48200671689         -0.989427949461       0.779409905684        -1.27397947417        
1.50740641266         0.469465300072        -0.975120550764       0.469465300072        -0.975120550764       0.759480554686        -1.25540387208        
1.51706511045         0.457135540137        -0.960979888622       0.457135540137        -0.960979888622       0.739903847602        -1.23704808845        
1.52672380824         0.44501072253         -0.947032373155       0.44501072253         -0.947032373155       0.72067368815         -1.2189457446         
1.53638250603         0.433100242145        -0.933210509417       0.433100242145        -0.933210509417       0.701798323927        -1.20101086347        
1.54604120383         0.421383923325        -0.919593603161       0.421383923325        -0.919593603161       0.683254681531        -1.18334545638        
1.55569990162         0.409849225453        -0.906121869804       0.409849225453        -0.906121869804       0.665016661147        -1.16587344142        
1.56535859941         0.398521516733        -0.892782814795       0.398521516733        -0.892782814795       0.647118141078        -1.14857650903        
1.5750172972          0.387355652002        -0.879550868245       0.387355652002        -0.879550868245       0.629495390264        -1.13142280646        
1.58467599499         0.376395592174        -0.866495132907       0.376395592174        -0.866495132907       0.61221266177         -1.11450032766        
1.59433469278         0.365619551039        -0.853554304027       0.365619551039        -0.853554304027       0.59523502505         -1.0977311131         
1.60399339057         0.355068522704        -0.840847899931       0.355068522704        -0.840847899931       0.578628020286        -1.08126896795        
1.61365208836         0.344663422598        -0.828234741653       0.344663422598        -0.828234741653       0.562267181675        -1.06493301664        
1.62331078615         0.33451340718         -0.815752535878       0.33451340718         -0.815752535878       0.546305486667        -1.04876622312        
1.63296948394         0.324511349534        -0.803409539957       0.324511349534        -0.803409539957       0.53059630884         -1.03278500754        
1.64262818173         0.314723799422        -0.791253686736       0.314723799422        -0.791253686736       0.515232737926        -1.01705023007        
1.65228687953         0.305088103118        -0.779193501879       0.305088103118        -0.779193501879       0.500124335881        -1.0014355438         
1.66194557732         0.295665396468        -0.767312408266       0.295665396468        -0.767312408266       0.485358776572        -0.986057106834       
1.67160427511         0.286556719749        -0.755728486732       0.286556719749        -0.755728486732       0.471077144077        -0.971067482348       
1.6812629729          0.277652752529        -0.744341285772       0.277652752529        -0.744341285772       0.457125934452        -0.956333971057       
1.69092167069         0.2692528398          -0.734083923689       0.2692528398          -0.734083923689       0.444006948079        -0.943055799897       
1.70058036848         0.263005617923        -0.729463473754       0.263005617923        -0.729463473754       0.434434460298        -0.937021432906       
1.71023906627         0.256576214358        -0.724204109222       0.256576214358        -0.724204109222       0.424563819943        -0.930168361438       
1.71989776406         0.250038385567        -0.718521029535       0.250038385567        -0.718521029535       0.41451785677         -0.922773119941       
1.72955646185         0.243405323684        -0.712486979354       0.243405323684        -0.712486979354       0.40432725959         -0.914929782101       
1.73921515964         0.236741832789        -0.706172241          0.236741832789        -0.706172241          0.394081259003        -0.906727593923       
1.74887385744         0.230021722599        -0.699578822077       0.230021722599        -0.699578822077       0.383750925699        -0.898169856264       
1.75853255523         0.223286214867        -0.692750942989       0.223286214867        -0.692750942989       0.373395173325        -0.889313854457       
1.76819125302         0.216489772002        -0.685684568486       0.216489772002        -0.685684568486       0.362954320216        -0.880153924221       
1.77784995081         0.209689785027        -0.678389388768       0.209689785027        -0.678389388768       0.352507333682        -0.870703845085       
1.7875086486          0.202829936532        -0.670832720143       0.202829936532        -0.670832720143       0.341977058677        -0.860915732752       
1.79716734639         0.196014036388        -0.663093108132       0.196014036388        -0.663093108132       0.331510890564        -0.850897078491       
1.80682604418         0.189225007319        -0.655181636457       0.189225007319        -0.655181636457       0.321083880116        -0.840661367004       
1.81648474197         0.182457966333        -0.64710416472        0.182457966333        -0.64710416472        0.310693202069        -0.830215709142       
1.82614343976         0.175746442346        -0.63883860752        0.175746442346        -0.63883860752        0.3003783169          -0.819531075321       
1.83580213755         0.169061812408        -0.630424471922       0.169061812408        -0.630424471922       0.290107935925        -0.808659200189       
1.84546083534         0.162434774486        -0.621867971994       0.162434774486        -0.621867971994       0.2799213503          -0.797607170896       
1.85511953314         0.155838463886        -0.613165645648       0.155838463886        -0.613165645648       0.269784491324        -0.786371015343       
1.86477823093         0.149321990133        -0.604351655324       0.149321990133        -0.604351655324       0.259763488738        -0.774994495553       
1.87443692872         0.142868047592        -0.595418198968       0.142868047592        -0.595418198968       0.249836024933        -0.76346740149        
1.88409562651         0.13647553538         -0.586372182985       0.13647553538         -0.586372182985       0.240000280355        -0.75179875221        
1.8937543243          0.130142696413        -0.577272354671       0.130142696413        -0.577272354671       0.230259047098        -0.740063890057       
1.90341302209         0.123922674211        -0.567974590209       0.123922674211        -0.567974590209       0.220673162349        -0.728074822622       
1.91307171988         0.117772366654        -0.558630209856       0.117772366654        -0.558630209856       0.211197308765        -0.716030814853       
1.92273041767         0.111723938234        -0.549236351776       0.111723938234        -0.549236351776       0.201870546131        -0.703926063998       
1.93238911546         0.105733935246        -0.539769053671       0.105733935246        -0.539769053671       0.192634474439        -0.691730558353       
1.94204781325         0.0999187243564       -0.530284724403       0.0999187243564       -0.530284724403       0.183649191818        -0.679514854482       
1.95170651105         0.0941575740425       -0.52076385633        0.0941575740425       -0.52076385633        0.174749747365        -0.667254776749       
1.96136520884         0.0884934559718       -0.511160116935       0.0884934559718       -0.511160116935       0.165994377658        -0.65489272438        
1.97102390663         0.0829276565899       -0.501547933863       0.0829276565899       -0.501547933863       0.157386999946        -0.642521844975       
1.98068260442         0.0774610765849       -0.491911550696       0.0774610765849       -0.491911550696       0.148928303665        -0.630122690635       
1.99034130221         0.0720709213016       -0.482227289419       0.0720709213016       -0.482227289419       0.140586775569        -0.617663523267       
2                     0.0668145959457       -0.472523978593       0.0668145959457       -0.472523978593       0.13244206631         -0.60518204812        
2.001                 0.0662790168435       -0.471518802241       0.0662790168435       -0.471518802241       0.131611437878        -0.603889347003       
2.2778207283          -0.0302815252331      -0.212029187072       -0.0302815252331      -0.212029187072       -0.0222113688218      -0.270970272732       
2.5546414566          -0.0331941512799      -0.0455825890837      -0.0331941512799      -0.0455825890837      -0.0389326374283      -0.0581787614855      
2.8314621849          -0.00131882337834     -0.000232951567535    -0.00131882337834     -0.000232951567535    -0.00157618252538     -0.000298324129338    
2.8324621849          -0.0012788111132      -0.0002234011119      -0.0012788111132      -0.0002234011119      -0.00152815813444     -0.000286094324546    
2.8494621849          -0.000697444100052    -9.54810391793e-05    -0.000697444100052    -9.54810391793e-05    -0.000831416425353    -0.000122203169241    
2.8664621849          -0.000289169009655    -1.78470046246e-05    -0.000289169009655    -1.78470046246e-05    -0.000343610403374    -2.26122659503e-05    
2.8834621849          -4.37973141355e-05    2.65180378497e-05     -4.37973141355e-05    2.65180378497e-05     -5.12976530018e-05    3.44097193964e-05     
2.9004621849          9.6906082888e-06      0.000102032946051     9.6906082888e-06      0.000102032946051     1.29003677881e-05     0.000126295864149     
2.9174621849          1.83922402125e-05     0.000285801509453     1.83922402125e-05     0.000285801509453     2.42465370056e-05     0.000343689533191     
2.9344621849          2.59851406599e-05     0.00049334613112      2.59851406599e-05     0.00049334613112      3.41178573814e-05     0.000586761683503     
2.9514621849          3.19899726933e-05     0.000700361317821     3.19899726933e-05     0.000700361317821     4.19057071954e-05     0.000827226037445     
2.9524621849          3.22925647056e-05     0.000712254114919     3.22925647056e-05     0.000712254114919     4.2297596478e-05      0.000840982569266     
3.13190995137         2.96150598352e-05     0.00178166818846      2.96150598352e-05     0.00178166818846      3.85034072302e-05     0.00202791553179      
3.31135771785         3.85394431726e-06     0.00134443146445      3.85394431726e-06     0.00134443146445      4.96120635748e-06     0.00149239205938      
3.49080548432         -4.41530763919e-06    0.000643607800714     -4.41530763919e-06    0.000643607800714     -5.75749547001e-06    0.000699249159118     
3.6702532508          -2.78926205908e-06    0.000192627502719     -2.78926205908e-06    0.000192627502719     -3.6269648991e-06     0.000205290949743     
3.84970101727         -3.47596298431e-07    1.67432453913e-05     -3.47596298431e-07    1.67432453913e-05     -4.51504697453e-07    1.75351006002e-05     
4.02914878375         1.80996750871e-05     4.72408807806e-07     1.80996750871e-05     4.72408807806e-07     1.86613323393e-05     1.07478853152e-06     
4.20859655022         3.7392380889e-05      1.14940544381e-06     3.7392380889e-05      1.14940544381e-06     3.80314838828e-05     2.08943849882e-06     
4.3880443167          3.43369860943e-05     1.1960347894e-06      3.43369860943e-05     1.1960347894e-06      3.4448641545e-05      1.8619756203e-06      
4.56749208317         2.29426819874e-05     8.83026505497e-07     2.29426819874e-05     8.83026505497e-07     2.26990700954e-05     1.22251216561e-06     
4.74693984965         1.25915440943e-05     5.26149565599e-07     1.25915440943e-05     5.26149565599e-07     1.22850190559e-05     6.6440865158e-07      
4.92638761612         5.96614347616e-06     2.67187638781e-07     5.96614347616e-06     2.67187638781e-07     5.74043025471e-06     3.12942153384e-07     
5.1058353826          2.50397283671e-06     1.19008826443e-07     2.50397283671e-06     1.19008826443e-07     2.37615325322e-06     1.31022725432e-07     
5.28528314907         9.45013120218e-07     4.73016236791e-08     9.45013120218e-07     4.73016236791e-08     8.84651031549e-07     4.94352328827e-08     
5.46473091555         3.238338783e-07       1.6965860916e-08      3.238338783e-07       1.6965860916e-08      2.99090674537e-07     1.69548059504e-08     
5.64417868202         1.01427057281e-07     5.534026901e-09       1.01427057281e-07     5.534026901e-09       9.24473784117e-08     5.3255819665e-09      
5.8236264485          2.91733637275e-08     1.65081705809e-09     2.91733637275e-08     1.65081705809e-09     2.62452568557e-08     1.53749485661e-09     
6.00307421497         7.73293171732e-09     4.52232223832e-10     7.73293171732e-09     4.52232223832e-10     6.86817993097e-09     4.09104307169e-10     
6.18252198145         1.89404607416e-09     1.14135391827e-10     1.89404607416e-09     1.14135391827e-10     1.66116718854e-09     1.00798244402e-10     
6.36196974792         4.29571071095e-10     2.66052452701e-11     4.29571071095e-10     2.66052452701e-11     3.72098782005e-10     2.29989394287e-11     
6.54141751439         9.03673538494e-11     5.73963623618e-12     9.03673538494e-11     5.73963623618e-12     7.73261902898e-11     4.86777746397e-12     
6.72086528087         1.76567916073e-11     1.14784974523e-12     1.76567916073e-11     1.14784974523e-12     1.4928837466e-11      9.57166308646e-13     
6.90031304734         3.21008594143e-12     2.13231523411e-13     3.21008594143e-12     2.13231523411e-13     2.68230416394e-12     1.75341271942e-13     
7.07976081382         5.40447239565e-13     3.66265037724e-14     5.40447239565e-13     3.66265037724e-14     4.46370457065e-13     2.97458501885e-14     
7.25920858029         8.83461077196e-14     6.1003493012e-15      8.83461077196e-14     6.1003493012e-15      7.21372730808e-14     4.89974695662e-15     
7.43865634677         8.83155039193e-15     6.20595016511e-16     8.83155039193e-15     6.20595016511e-16     7.13049713604e-15     4.93557883503e-16     
7.61810411324         2.12387368729e-15     1.51717460996e-16     2.12387368729e-15     1.51717460996e-16     1.69591328004e-15     1.19602743325e-16     
7.79755187972         1.08777492789e-14     7.89147910021e-16     1.08777492789e-14     7.89147910021e-16     8.59202867722e-15     6.17399965788e-16     
7.97699964619         2.59138818685e-15     1.90757122827e-16     2.59138818685e-15     1.90757122827e-16     2.02503887727e-15     1.48323100587e-16     
8.15644741267         2.84421803158e-15     2.12271196119e-16     2.84421803158e-15     2.12271196119e-16     2.19923860234e-15     1.64159371895e-16     
8.33589517914         3.10987720826e-15     2.35143309187e-16     3.10987720826e-15     2.35143309187e-16     2.37972736287e-15     1.8098655829e-16      
8.51534294562         3.38844481583e-15     2.5939350258e-16      3.38844481583e-15     2.5939350258e-16      2.56639907614e-15     1.98826469902e-16     
8.69479071209         3.67999521785e-15     2.85040816203e-16     3.67999521785e-15     2.85040816203e-16     2.75914853157e-15     2.17700411774e-16     
8.87423847857         3.98459844035e-15     3.12103359321e-16     3.98459844035e-15     3.12103359321e-16     2.95787305524e-15     2.37629190917e-16     
9.05368624504         4.30232052732e-15     3.40598374403e-16     4.30232052732e-15     3.40598374403e-16     3.16247398472e-15     2.58633124393e-16     
9.23313401152         4.63322385955e-15     3.70542295435e-16     4.63322385955e-15     3.70542295435e-16     3.37286018112e-15     2.8073204822e-16      
9.41258177799         4.97736744099e-15     4.01950801291e-16     4.97736744099e-15     4.01950801291e-16     3.58898171033e-15     3.03952536808e-16     
9.59202954447         5.3348071569e-15      4.34838864641e-16     5.3348071569e-15      4.34838864641e-16     3.81066288224e-15     3.28448928514e-16     
9.77147731094         5.70559600694e-15     4.6922079685e-16      5.70559600694e-15     4.6922079685e-16      4.03776373759e-15     3.54118320592e-16     
9.95092507741         6.08978431614e-15     5.0511028926e-16      6.08978431614e-15     5.0511028926e-16      4.27021720072e-15     3.8097978718e-16      
10.1303728439         6.4874199263e-15      5.42520451201e-16     6.4874199263e-15      5.42520451201e-16     4.50793697807e-15     4.09051956645e-16     
10.3098206104         6.89854837001e-15     5.81463845039e-16     6.89854837001e-15     5.81463845039e-16     4.750835676e-15       4.38353021865e-16     
10.4892683768         7.32321302915e-15     6.21952518547e-16     7.32321302915e-15     6.21952518547e-16     4.99882694357e-15     4.68900750646e-16     
10.6687161433         7.76145527951e-15     6.63998034826e-16     7.76145527951e-15     6.63998034826e-16     5.25182610239e-15     5.00712496204e-16     
10.8481639098         8.21331462306e-15     7.07611500022e-16     8.21331462306e-15     7.07611500022e-16     5.50975040296e-15     5.33805207657e-16     
11.0276116763         8.6788288091e-15      7.52803589009e-16     8.6788288091e-15      7.52803589009e-16     5.77251916419e-15     5.68195440476e-16     
11.2070594427         9.15803394539e-15     7.99584569242e-16     9.15803394539e-15     7.99584569242e-16     6.04005388719e-15     6.03899366856e-16     
11.3865072092         9.65096460029e-15     8.47964322913e-16     9.65096460029e-15     8.47964322913e-16     6.31227839963e-15     6.40932785972e-16     
11.5659549757         1.01576538968e-14     8.97952367578e-16     1.01576538968e-14     8.97952367578e-16     6.58911910188e-15     6.79311134092e-16     
11.7454027422         1.06781335993e-14     9.49557875361e-16     1.06781335993e-14     9.49557875361e-16     6.87050546833e-15     7.19049494521e-16     
11.9248505086         1.12124341935e-14     1.00278969087e-15     1.12124341935e-14     1.00278969087e-15     7.15637126477e-15     7.60162607367e-16     
12.1042982751         1.17605849602e-14     1.05765634792e-15     1.17605849602e-14     1.05765634792e-15     7.4466585324e-15      8.02664879106e-16     
12.2837460416         1.23226140445e-14     1.11416608517e-15     1.23226140445e-14     1.11416608517e-15     7.74135837222e-15     8.46575776386e-16     
12.4631938081         1.28985485183e-14     1.17232686071e-15     1.28985485183e-14     1.17232686071e-15     8.04030831814e-15     8.9208986897e-16      
12.6426415745         1.34884144403e-14     1.23214636581e-15     1.34884144403e-14     1.23214636581e-15     8.343375996e-15       9.39052744596e-16     
12.822089341          1.40922369099e-14     1.29363203771e-15     1.40922369099e-14     1.29363203771e-15     8.65053622463e-15     9.87478188568e-16     
13.0015371075         1.47100401187e-14     1.35679107165e-15     1.47100401187e-14     1.35679107165e-15     8.96173358942e-15     1.03737969056e-15     
13.180984874          1.53418473979e-14     1.42163043223e-15     1.53418473979e-14     1.42163043223e-15     9.27690935918e-15     1.08877045264e-15     
13.3604326404         1.59876812625e-14     1.48815686397e-15     1.59876812625e-14     1.48815686397e-15     9.59600450538e-15     1.14166339706e-15     
13.5398804069         1.66475634526e-14     1.55637690137e-15     1.66475634526e-14     1.55637690137e-15     9.91896057293e-15     1.19607117391e-15     
13.7193281734         1.73215149723e-14     1.62629687828e-15     1.73215149723e-14     1.62629687828e-15     1.02457200089e-14     1.25200616845e-15     
13.8987759399         1.80095561257e-14     1.69792293677e-15     1.80095561257e-14     1.69792293677e-15     1.05762263016e-14     1.30948050834e-15     
14.0782237063         1.87117065508e-14     1.77126103552e-15     1.87117065508e-14     1.77126103552e-15     1.09104240398e-14     1.36850607061e-15     
14.2576714728         1.94279852513e-14     1.84631695768e-15     1.94279852513e-14     1.84631695768e-15     1.12482589338e-14     1.42909448844e-15     
14.4371192393         2.01584106264e-14     1.92309631836e-15     2.01584106264e-14     1.92309631836e-15     1.15896778183e-14     1.49125715777e-15     
14.6165670058         2.09030004987e-14     2.00160457163e-15     2.09030004987e-14     2.00160457163e-15     1.1934628644e-14      1.55500524368e-15     
14.7960147722         2.16617721406e-14     2.08184701725e-15     2.16617721406e-14     2.08184701725e-15     1.22830604644e-14     1.62034968656e-15     
14.9754625387         2.24347422991e-14     2.16382880689e-15     2.24347422991e-14     2.16382880689e-15     1.263492342e-14       1.6873012082e-15      
15.1549103052         2.32219272191e-14     2.2475549502e-15      2.32219272191e-14     2.2475549502e-15      1.2990168722e-14      1.75587031758e-15     
15.3343580717         2.40233426653e-14     2.3330303204e-15      2.40233426653e-14     2.3330303204e-15      1.33487486359e-14     1.82606731653e-15     
15.5138058381         2.4839003943e-14      2.42025965968e-15     2.4839003943e-14      2.42025965968e-15     1.37106164672e-14     1.89790230526e-15     
15.6932536046         2.56689259176e-14     2.50924758431e-15     2.56689259176e-14     2.50924758431e-15     1.40757265499e-14     1.97138518765e-15     
15.8727013711         2.65131230331e-14     2.59999858946e-15     2.65131230331e-14     2.59999858946e-15     1.44440342382e-14     2.04652567643e-15     
16.0521491376         2.73716093299e-14     2.6925170538e-15      2.73716093299e-14     2.6925170538e-15      1.48154959046e-14     2.12333329816e-15     
16.231596904          2.82443984607e-14     2.78680724389e-15     2.82443984607e-14     2.78680724389e-15     1.51900689456e-14     2.20181739814e-15     
16.4110446705         2.91315037067e-14     2.88287331833e-15     2.91315037067e-14     2.88287331833e-15     1.55677117995e-14     2.28198714506e-15     
16.590492437          3.00329379924e-14     2.98071933171e-15     3.00329379924e-14     2.98071933171e-15     1.59483839833e-14     2.36385153556e-15     
16.7699402035         3.09487138991e-14     3.08034923842e-15     3.09487138991e-14     3.08034923842e-15     1.63320461597e-14     2.44741939873e-15     
16.9493879699         3.1878843679e-14      3.1817668962e-15      3.1878843679e-14      3.1817668962e-15      1.67186602566e-14     2.53269940028e-15     
17.1288357364         3.28233392675e-14     3.28497606958e-15     3.28233392675e-14     3.28497606958e-15     1.71081896863e-14     2.61970004681e-15     
17.3082835029         3.37822122951e-14     3.38998043319e-15     3.37822122951e-14     3.38998043319e-15     1.7500599773e-14      2.70842968975e-15     
17.4877312694         3.47554740992e-14     3.4967835748e-15      3.47554740992e-14     3.4967835748e-15      1.78958586885e-14     2.79889652934e-15     
17.6671790358         3.57431357346e-14     3.6053889984e-15      3.57431357346e-14     3.6053889984e-15      1.82939399616e-14     2.89110861836e-15     
17.8466268023         3.67452079841e-14     3.71580012695e-15     3.67452079841e-14     3.71580012695e-15     1.86948328443e-14     2.98507386587e-15     
18.0260745688         3.77617013683e-14     3.82802030519e-15     3.77617013683e-14     3.82802030519e-15     1.90985870183e-14     3.08091253684e-15     
18.2055223353         3.87926261549e-14     3.94205280215e-15     3.87926261549e-14     3.94205280215e-15     1.95049078947e-14     3.17867060294e-15     
18.3849701017         3.98379923679e-14     4.05790081375e-15     3.98379923679e-14     4.05790081375e-15     1.99138195257e-14     3.27821976791e-15     
18.5644178682         4.08978097957e-14     4.17556746507e-15     4.08978097957e-14     4.17556746507e-15     2.03253123576e-14     3.37956770938e-15     
18.7438656347         4.19720879997e-14     4.29505581272e-15     4.19720879997e-14     4.29505581272e-15     2.07393613918e-14     3.48272197605e-15     
18.9233134012         4.30608363219e-14     4.41636884698e-15     4.30608363219e-14     4.41636884698e-15     2.11559379263e-14     3.58768999062e-15     
19.1027611676         4.41640638922e-14     4.53950949393e-15     4.41640638922e-14     4.53950949393e-15     2.15750120478e-14     3.69447905279e-15     
19.2822089341         4.52817796357e-14     4.66448061741e-15     4.52817796357e-14     4.66448061741e-15     2.19965534952e-14     3.8030963421e-15      
19.4616567006         4.64139922794e-14     4.791285021e-15       4.64139922794e-14     4.791285021e-15       2.24205320332e-14     3.91354892069e-15     
19.6411044671         4.75607103587e-14     4.91992544985e-15     4.75607103587e-14     4.91992544985e-15     2.28469176363e-14     4.02584373601e-15     
19.8205522335         4.87219422235e-14     5.05040459244e-15     4.87219422235e-14     5.05040459244e-15     2.32756805856e-14     4.13998762342e-15     
20                    0                     0                     0                     0                     0                     0                     
