0.0779191396          0                     0                     0                     0                     0                     0                     
0.087577837391        0.0090052855183       -0.00156515599044     0.0090052855183       -0.00156515599044     0.010316663444        -0.00173464793776     
0.0972365351819       0.0545829013406       -0.011240339049       0.0545829013406       -0.011240339049       0.0622450416056       -0.0123062298977      
0.106895232973        0.14265367083         -0.0343204323565      0.14265367083         -0.0343204323565      0.162075306427        -0.0372300841176      
0.116553930764        0.266554518201        -0.075036639782       0.266554518201        -0.075036639782       0.301925767372        -0.0807963874277      
0.126212628555        0.414545258988        -0.137390534896       0.414545258988        -0.137390534896       0.468560200377        -0.147060247206       
0.135871326346        0.57105626656         -0.22160791891        0.57105626656         -0.22160791891        0.64492955998         -0.236178566195       
0.145530024137        0.723585203708        -0.321479670099       0.723585203708        -0.321479670099       0.817407560871        -0.341630795294       
0.155188721928        0.86624167126         -0.429236903605       0.86624167126         -0.429236903605       0.97942481922         -0.45526480967        
0.164847419719        0.997327616571        -0.539343967507       0.997327616571        -0.539343967507       1.1289363045          -0.571296547391       
0.17450611751         1.11672317899         -0.648159314713       1.11672317899         -0.648159314713       1.26563324668         -0.685900147851       
0.184164815301        1.22520178278         -0.753991905608       1.22520178278         -0.753991905608       1.39023034432         -0.797316911627       
0.193823513091        1.32325606697         -0.855689507552       1.32325606697         -0.855689507552       1.50318680435         -0.904349933422       
0.203482210882        1.41163291586         -0.952504071682       1.41163291586         -0.952504071682       1.60526353952         -1.00621627098        
0.213140908673        1.49117804944         -1.04402008463        1.49117804944         -1.04402008463        1.69734127508         -1.10248453           
0.222799606464        1.56282229438         -1.13030189272        1.56282229438         -1.13030189272        1.78041617767         -1.19322904718        
0.232458304255        1.62706952143         -1.21152523361        1.62706952143         -1.21152523361        1.85503567864         -1.27863597181        
0.242117002046        1.68428123105         -1.28773589142        1.68428123105         -1.28773589142        1.92161167308         -1.3587576331         
0.251775699837        1.7355678228          -1.35941575426        1.7355678228          -1.35941575426        1.98135284169         -1.43407391689        
0.261434397628        1.78055665451         -1.42616064394        1.78055665451         -1.42616064394        2.03389257999         -1.50422678856        
0.271093095419        1.82008255936         -1.48797831731        1.82008255936         -1.48797831731        2.08013974927         -1.56919004093        
0.28075179321         1.85527060295         -1.54550912637        1.85527060295         -1.54550912637        2.12133216821         -1.62964453819        
0.290410491001        1.88614466609         -1.59879741715        1.88614466609         -1.59879741715        2.15750416373         -1.68563442668        
0.300069188792        1.91339198791         -1.64823781049        1.91339198791         -1.64823781049        2.1894192406          -1.73757379253        
0.309727886583        1.93715943214         -1.69418665597        1.93715943214         -1.69418665597        2.21726136608         -1.78583720391        
0.319386584374        1.9577529175          -1.73692372133        1.9577529175          -1.73692372133        2.24137513002         -1.83071651688        
0.329045282165        1.97539471886         -1.77670945592        1.97539471886         -1.77670945592        2.26202921512         -1.87248708203        
0.338703979956        1.99026497876         -1.81376207212        1.99026497876         -1.81376207212        2.27943429948         -1.91137676898        
0.348362677747        2.00247163712         -1.84826680763        2.00247163712         -1.84826680763        2.29373174505         -1.94758065937        
0.358021375538        2.01204057626         -1.880285252          2.01204057626         -1.880285252          2.30496079385         -1.98115172274        
0.367680073329        2.01933587785         -1.91000745911        2.01933587785         -1.91000745911        2.31354740245         -2.01231629032        
0.37733877112         2.02432392991         -1.93738434853        2.02432392991         -1.93738434853        2.31945911739         -2.0410096897         
0.386997468911        2.02724411143         -1.96259950536        2.02724411143         -1.96259950536        2.32297423445         -2.06742750769        
0.396656166702        2.02815194092         -1.98565096743        2.02815194092         -1.98565096743        2.32415849197         -2.09156586685        
0.406314864492        2.02740129917         -2.00666217508        2.02740129917         -2.00666217508        2.32340685461         -2.11355441602        
0.415973562283        2.02502842196         -2.02569426217        2.02502842196         -2.02569426217        2.3207685968          -2.13345830325        
0.425632260074        2.02120929832         -2.04283132805        2.02120929832         -2.04283132805        2.3164275126          -2.15133062322        
0.435290957865        2.0161099198          -2.05820779355        2.0161099198          -2.05820779355        2.31060008398         -2.16738524344        
0.444949655656        2.00990808939         -2.07186017935        2.00990808939         -2.07186017935        2.30347443563         -2.18162101454        
0.454608353447        2.00249560176         -2.08392052406        2.00249560176         -2.08392052406        2.29492657819         -2.19418103761        
0.464267051238        1.99423152925         -2.09451787267        1.99423152925         -2.09451787267        2.28536956821         -2.20520089199        
0.473925749029        1.98508657208         -2.10376093265        1.98508657208         -2.10376093265        2.27477470974         -2.21479527151        
0.48358444682         1.97507897711         -2.11136071319        1.97507897711         -2.11136071319        2.26315162505         -2.22261399775        
0.493243144611        1.9644999549          -2.1177571334         1.9644999549          -2.1177571334         2.25083815687         -2.22921223368        
0.502901842402        1.95338977522         -2.12331599164        1.95338977522         -2.12331599164        2.23787590599         -2.23492803113        
0.512560540193        1.94174142944         -2.12788168631        1.94174142944         -2.12788168631        2.22426746365         -2.23959213123        
0.522219237984        1.9293393245          -2.1314101853         1.9293393245          -2.1314101853         2.2097799864          -2.24316890332        
0.531877935775        1.91671270196         -2.13437199859        1.91671270196         -2.13437199859        2.19500471022         -2.24614551044        
0.541536633566        1.90338113223         -2.13639965115        1.90338113223         -2.13639965115        2.1794151542          -2.2481374717         
0.551195331357        1.8898463688          -2.13789321991        1.8898463688          -2.13789321991        2.16355583359         -2.24954715961        
0.560854029148        1.87529326195         -2.13832402309        1.87529326195         -2.13832402309        2.14656989997         -2.24985555447        
0.570512726939        1.8604382979          -2.13820173874        1.8604382979          -2.13820173874        2.12921686224         -2.24957698016        
0.58017142473         1.84515534575         -2.1375244755         1.84515534575         -2.1375244755         2.1113786182          -2.24871665332        
0.589830122521        1.82946528364         -2.13621846933        1.82946528364         -2.13621846933        2.09307484491         -2.24719341783        
0.599488820312        1.81323040719         -2.13426801299        1.81323040719         -2.13426801299        2.07415916964         -2.24499066543        
0.609147518103        1.79664379443         -2.13181407645        1.79664379443         -2.13181407645        2.05485158408         -2.24225834988        
0.618806215893        1.77970494957         -2.12878189399        1.77970494957         -2.12878189399        2.03513475781         -2.23891327377        
0.628464913684        1.76211558619         -2.12491310892        1.76211558619         -2.12491310892        2.01471785896         -2.23469558347        
0.638123611475        1.7443123485          -2.12060160883        1.7443123485          -2.12060160883        1.99405210569         -2.23000928509        
0.647782309266        1.72613813255         -2.11567625825        1.72613813255         -2.11567625825        1.97298220779         -2.22467955988        
0.657441007057        1.70767711309         -2.11019983504        1.70767711309         -2.11019983504        1.95159108291         -2.21876058555        
0.667099704848        1.68903490773         -2.10409499304        1.68903490773         -2.10409499304        1.93000226455         -2.21219399501        
0.676758402639        1.67019045228         -2.09754027211        1.67019045228         -2.09754027211        1.9081840463          -2.20516230383        
0.68641710043         1.65119109267         -2.09055788864        1.65119109267         -2.09055788864        1.88619559757         -2.19768129597        
0.696075798221        1.63185417721         -2.0830123328         1.63185417721         -2.0830123328         1.86383783005         -2.18960913407        
0.705734496012        1.61242335666         -2.07506289307        1.61242335666         -2.07506289307        1.84137340993         -2.18107938576        
0.715393193803        1.59283352769         -2.06660516505        1.59283352769         -2.06660516505        1.8187422865          -2.17205160954        
0.725051891594        1.57309391716         -2.05767096259        1.57309391716         -2.05767096259        1.79595037802         -2.16252444221        
0.734710589385        1.55327367689         -2.04831006827        1.55327367689         -2.04831006827        1.77307022654         -2.1525439418         
0.744369287176        1.53336705901         -2.03855765591        1.53336705901         -2.03855765591        1.75010355289         -2.14216077346        
0.754027984967        1.51317610748         -2.02809496384        1.51317610748         -2.02809496384        1.72683052266         -2.13102923627        
0.763686682758        1.49313136209         -2.01726266593        1.49313136209         -2.01726266593        1.70371677103         -2.11951086679        
0.773345380549        1.47314230378         -2.00614149853        1.47314230378         -2.00614149853        1.68066814117         -2.1076920012         
0.78300407834         1.45324209538         -1.99470431989        1.45324209538         -1.99470431989        1.65771953929         -2.09554355412        
0.792662776131        1.43313320535         -1.9827970517         1.43313320535         -1.9827970517         1.63454999752         -2.08290363186        
0.802321473922        1.41337307258         -1.97075355519        1.41337307258         -1.97075355519        1.61176082554         -2.0701171817         
0.811980171713        1.39359769512         -1.95833134248        1.39359769512         -1.95833134248        1.58896389648         -2.05693864204        
0.821638869504        1.37384291791         -1.94569634747        1.37384291791         -1.94569634747        1.56619398321         -2.04354372775        
0.831297567294        1.3542435137          -1.9328419385         1.3542435137          -1.9328419385         1.54359350662         -2.02991950705        
0.840956265085        1.33460558035         -1.91984099883        1.33460558035         -1.91984099883        1.52096291157         -2.01614318627        
0.850614962876        1.31489862668         -1.90651148689        1.31489862668         -1.90651148689        1.49826075091         -2.00202111043        
0.860273660667        1.29532116708         -1.89311531123        1.29532116708         -1.89311531123        1.47571229724         -1.98783202628        
0.869932358458        1.2756904297          -1.87944437796        1.2756904297          -1.87944437796        1.45311557753         -1.97335567615        
0.879591056249        1.25601767484         -1.86558405369        1.25601767484         -1.86558405369        1.43048344728         -1.95868108919        
0.88924975404         1.23633559014         -1.85152332799        1.23633559014         -1.85152332799        1.4078538494          -1.94379820488        
0.898908451831        1.21665447904         -1.83726164116        1.21665447904         -1.83726164116        1.38523252714         -1.92868011563        
0.908567149622        1.19688613393         -1.82272166951        1.19688613393         -1.82272166951        1.36253424961         -1.91329807307        
0.918225847413        1.17708388245         -1.80796044055        1.17708388245         -1.80796044055        1.33981216021         -1.89768511228        
0.927884545204        1.15720338791         -1.79289251899        1.15720338791         -1.79289251899        1.31701810098         -1.88175287859        
0.937543242995        1.13724729186         -1.77744004052        1.13724729186         -1.77744004052        1.29415292611         -1.8654189656         
0.947201940786        1.11733612427         -1.76177660616        1.11733612427         -1.76177660616        1.27134892075         -1.84887096367        
0.956860638577        1.09715975768         -1.74565975109        1.09715975768         -1.74565975109        1.2482594631          -1.83184814884        
0.966519336368        1.07687682335         -1.72902448983        1.07687682335         -1.72902448983        1.22505938385         -1.81428398668        
0.976178034159        1.05600634896         -1.71139069605        1.05600634896         -1.71139069605        1.2012161214          -1.79567546904        
0.98583673195         1.03289021234         -1.68977754183        1.03289021234         -1.68977754183        1.17483064784         -1.77289491999        
0.995495429741        1.00849264005         -1.66575414817        1.00849264005         -1.66575414817        1.14701291779         -1.74758468922        
1.00515412753         0.984752601187        -1.64224686522        0.984752601187        -1.64224686522        1.11994967184         -1.72282023056        
1.01481282532         0.961571693683        -1.61917881886        0.961571693683        -1.61917881886        1.09353302216         -1.69852125506        
1.02447152311         0.938844902712        -1.59639232037        0.938844902712        -1.59639232037        1.06764261661         -1.67452106466        
1.0341302209          0.916541274404        -1.57383922978        0.916541274404        -1.57383922978        1.04224390396         -1.65076944399        
1.0437889187          0.89476738609         -1.5515907265         0.89476738609         -1.5515907265         1.01745110043         -1.62734166735        
1.05344761649         0.873355525724        -1.52949888581        0.873355525724        -1.52949888581        0.993074367017        -1.60408318588        
1.06310631428         0.852373437914        -1.50769020237        0.852373437914        -1.50769020237        0.969190455329        -1.58110740473        
1.07276501207         0.831718139635        -1.48604608144        0.831718139635        -1.48604608144        0.945687675024        -1.55832426716        
1.08242370986         0.811499081501        -1.46465870442        0.811499081501        -1.46465870442        0.922686225961        -1.53581329935        
1.09208240765         0.791677968992        -1.44351076546        0.791677968992        -1.44351076546        0.900142586899        -1.51355620063        
1.10174110544         0.772192367349        -1.42249245079        0.772192367349        -1.42249245079        0.877984722541        -1.4914377769         
1.11139980323         0.753109462899        -1.40177726596        0.753109462899        -1.40177726596        0.85628970356         -1.46963979747        
1.12105850102         0.734394522239        -1.38123392303        0.734394522239        -1.38123392303        0.835017233001        -1.44802492737        
1.13071719881         0.716035789236        -1.36089590054        0.716035789236        -1.36089590054        0.814153578531        -1.42662904608        
1.14037589661         0.69803820153         -1.34083449361        0.69803820153         -1.34083449361        0.793701474732        -1.4055259605         
1.1500345944          0.680392907484        -1.32104331029        0.680392907484        -1.32104331029        0.773656021169        -1.3847087029         
1.15969329219         0.663071052701        -1.30149160923        0.663071052701        -1.30149160923        0.753982969325        -1.36414460345        
1.16935198998         0.646051803847        -1.28217250919        0.646051803847        -1.28217250919        0.734659833685        -1.3438263962         
1.17901068777         0.629332749481        -1.26311463724        0.629332749481        -1.26311463724        0.715685492207        -1.32378427208        
1.18866938556         0.612811057555        -1.24416103795        0.612811057555        -1.24416103795        0.696944709371        -1.3038540294         
1.19832808335         0.596640156607        -1.22552713379        0.596640156607        -1.22552713379        0.678608298474        -1.28424700523        
1.20798678114         0.58077006927         -1.20702823027        0.58077006927         -1.20702823027        0.660616742252        -1.26479728107        
1.21764547893         0.565204863675        -1.1888245223         0.565204863675        -1.1888245223         0.64297833242         -1.24565962185        
1.22730417672         0.549914941325        -1.17086698472        0.549914941325        -1.17086698472        0.625656832828        -1.22678220862        
1.23696287451         0.534885480331        -1.15311866642        0.534885480331        -1.15311866642        0.608640975897        -1.20812635997        
1.24662157231         0.520065287622        -1.13547788164        0.520065287622        -1.13547788164        0.591867663343        -1.18958521646        
1.2562802701          0.505556752642        -1.11804935977        0.505556752642        -1.11804935977        0.575452076826        -1.17126887555        
1.26593896789         0.4912723582          -1.10087603834        0.4912723582          -1.10087603834        0.559298629565        -1.15322237013        
1.27559766568         0.477311564574        -1.08398337208        0.477311564574        -1.08398337208        0.543514198053        -1.13547150508        
1.28525636347         0.463476321144        -1.0671457399         0.463476321144        -1.0671457399         0.527885078703        -1.11778076632        
1.29491506126         0.449946675132        -1.05051176835        0.449946675132        -1.05051176835        0.512603863204        -1.10030552659        
1.30457375905         0.436616873548        -1.03400867753        0.436616873548        -1.03400867753        0.497553355814        -1.0829617579         
1.31423245684         0.423580214248        -1.01774768309        0.423580214248        -1.01774768309        0.482838683661        -1.06588138248        
1.32389115463         0.410770302307        -1.00166042927        0.410770302307        -1.00166042927        0.468386552525        -1.04898516238        
1.33354985242         0.398206446599        -0.985732379268       0.398206446599        -0.985732379268       0.454215781643        -1.03225743866        
1.34320855022         0.385890791955        -0.969989718467       0.385890791955        -0.969989718467       0.440329166437        -1.01572589607        
1.35286724801         0.373777349861        -0.954368344057       0.373777349861        -0.954368344057       0.426675244029        -0.999323332147       
1.3625259458          0.361864029797        -0.938878895991       0.361864029797        -0.938878895991       0.413253599278        -0.983058710655       
1.37218464359         0.350237165648        -0.923561089271       0.350237165648        -0.923561089271       0.400155111119        -0.966976491578       
1.38184334138         0.338870961301        -0.908420678056       0.338870961301        -0.908420678056       0.387351297763        -0.951082286718       
1.39150203917         0.327816453675        -0.893403655937       0.327816453675        -0.893403655937       0.374894680706        -0.93531876253        
1.40116073696         0.316884099308        -0.878694415372       0.316884099308        -0.878694415372       0.362587783587        -0.91987412814        
1.41081943475         0.306227871945        -0.864102457609       0.306227871945        -0.864102457609       0.350590272967        -0.904558892592       
1.42047813254         0.295792350219        -0.849684371317       0.295792350219        -0.849684371317       0.338843918693        -0.889427199105       
1.43013683033         0.285569671891        -0.835453541336       0.285569671891        -0.835453541336       0.327340514326        -0.874493170534       
1.43979552812         0.275576861465        -0.821433514382       0.275576861465        -0.821433514382       0.316097590092        -0.859781065886       
1.44945422592         0.265759758132        -0.807554675609       0.265759758132        -0.807554675609       0.305056505516        -0.845218554572       
1.45911292371         0.256145336102        -0.793864450723       0.256145336102        -0.793864450723       0.294246333657        -0.830854651798       
1.4687716215          0.246720587521        -0.780350562793       0.246720587521        -0.780350562793       0.283653280934        -0.816676641659       
1.47843031929         0.237466425891        -0.767011941879       0.237466425891        -0.767011941879       0.273255495806        -0.802680163499       
1.48808901708         0.228394806403        -0.753783348687       0.228394806403        -0.753783348687       0.263066569842        -0.788803819342       
1.49774771487         0.219440940286        -0.740698885592       0.219440940286        -0.740698885592       0.253016957832        -0.775078709861       
1.50740641266         0.210706701296        -0.727755873793       0.210706701296        -0.727755873793       0.243214948864        -0.761502921555       
1.51706511045         0.202152719982        -0.714964637211       0.202152719982        -0.714964637211       0.233617966555        -0.748087734386       
1.52672380824         0.193789305605        -0.702333924905       0.193789305605        -0.702333924905       0.224237441199        -0.734842048445       
1.53638250603         0.185600333375        -0.68983276821        0.185600333375        -0.68983276821        0.215054173042        -0.72173321238        
1.54604120383         0.177590746613        -0.67749892439        0.177590746613        -0.67749892439        0.206074545879        -0.708798704798       
1.55569990162         0.169749820204        -0.665290826855       0.169749820204        -0.665290826855       0.197286526558        -0.695999199337       
1.56535859941         0.162090448194        -0.653222740975       0.162090448194        -0.653222740975       0.188702880165        -0.683347373678       
1.5750172972          0.154592894291        -0.641263835072       0.154592894291        -0.641263835072       0.180302127103        -0.670810995326       
1.58467599499         0.147274304434        -0.629473272783       0.147274304434        -0.629473272783       0.172103479037        -0.658451835131       
1.59433469278         0.140113276693        -0.617811259875       0.140113276693        -0.617811259875       0.164082881213        -0.64622711834        
1.60399339057         0.133134826942        -0.606363795729       0.133134826942        -0.606363795729       0.156269236626        -0.6342294593         
1.61365208836         0.126271111003        -0.594940869485       0.126271111003        -0.594940869485       0.148585629209        -0.622257529064       
1.62331078615         0.119604680979        -0.583718152169       0.119604680979        -0.583718152169       0.141123672233        -0.610496581902       
1.63296948394         0.113101422959        -0.572625760931       0.113101422959        -0.572625760931       0.133844630862        -0.598873139918       
1.64262818173         0.106758996953        -0.561695206973       0.106758996953        -0.561695206973       0.126746661857        -0.587419269184       
1.65228687953         0.100577210725        -0.550947696429       0.100577210725        -0.550947696429       0.119830175143        -0.576158669256       
1.66194557732         0.0945342665298       -0.540373667123       0.0945342665298       -0.540373667123       0.113071459316        -0.565080765957       
1.67160427511         0.0886644459673       -0.529973795438       0.0886644459673       -0.529973795438       0.106506373646        -0.554185155595       
1.6812629729          0.0829365057932       -0.51979356867        0.0829365057932       -0.51979356867        0.10010337076         -0.543520791209       
1.69092167069         0.0774387106881       -0.510397438523       0.0774387106881       -0.510397438523       0.0939685720653       -0.533677223563       
1.70058036848         0.0725933832104       -0.504928376338       0.0725933832104       -0.504928376338       0.0886217622549       -0.527940388154       
1.71023906627         0.0677129443739       -0.498959583349       0.0677129443739       -0.498959583349       0.083231280696        -0.521681136918       
1.71989776406         0.0628703073715       -0.49269668727        0.0628703073715       -0.49269668727        0.0778785322508       -0.515115409293       
1.72955646185         0.0580601535038       -0.486177927648       0.0580601535038       -0.486177927648       0.0725588668561       -0.508282931392       
1.73921515964         0.0532861491908       -0.479452800908       0.0532861491908       -0.479452800908       0.0672773075299       -0.501235354711       
1.74887385744         0.0485653241719       -0.472532373171       0.0485653241719       -0.472532373171       0.0620522105508       -0.493984409254       
1.75853255523         0.0439013785094       -0.465441310865       0.0439013785094       -0.465441310865       0.0568877901085       -0.486555894566       
1.76819125302         0.0392970868744       -0.458196163382       0.0392970868744       -0.458196163382       0.0517874350733       -0.478966996424       
1.77784995081         0.034774634452        -0.45079069957        0.034774634452        -0.45079069957        0.0467745327133       -0.471211235285       
1.7875086486          0.0302782644619       -0.443262543108       0.0302782644619       -0.443262543108       0.041790876604        -0.46332724052        
1.79716734639         0.0258889304913       -0.435615311769       0.0258889304913       -0.435615311769       0.0369223843261       -0.455319843675       
1.80682604418         0.0215848354456       -0.427862045771       0.0215848354456       -0.427862045771       0.0321458822668       -0.447202327738       
1.81648474197         0.0173698708918       -0.420006195905       0.0173698708918       -0.420006195905       0.027465686236        -0.438978286384       
1.82614343976         0.013237774309        -0.412067119664       0.013237774309        -0.412067119664       0.0228755275385       -0.430668064063       
1.83580213755         0.00921488363722      -0.404056033704       0.00921488363722      -0.404056033704       0.018403466972        -0.422283247203       
1.84546083534         0.00525213286672      -0.39596995161        0.00525213286672      -0.39596995161        0.0139968349506       -0.413820714796       
1.85511953314         0.00139033755222      -0.387790659445       0.00139033755222      -0.387790659445       0.00969979288495      -0.40526117621        
1.86477823093         -0.00235745231839     -0.379569089796       -0.00235745231839     -0.379569089796       0.00552620755876      -0.396658390577       
1.87443692872         -0.00599584174072     -0.371300808614       -0.00599584174072     -0.371300808614       0.00147100041871      -0.388007432159       
1.88409562651         -0.00952040897217     -0.362991265222       -0.00952040897217     -0.362991265222       -0.00246106590364     -0.37931396998        
1.8937543243          -0.0129361192829      -0.354656410863       -0.0129361192829      -0.354656410863       -0.00627493093337     -0.370594764093       
1.90341302209         -0.0162526361049      -0.346281618382       -0.0162526361049      -0.346281618382       -0.00998115189525     -0.361834373708       
1.91307171988         -0.0194401928079      -0.337889531392       -0.0194401928079      -0.337889531392       -0.0135479594869      -0.353056547188       
1.92273041767         -0.0225101523037      -0.329491147012       -0.0225101523037      -0.329491147012       -0.0169872920606      -0.344272865721       
1.93238911546         -0.0254549611865      -0.321094287124       -0.0254549611865      -0.321094287124       -0.0202912477539      -0.335491364807       
1.94204781325         -0.02828651983        -0.3126961606         -0.02828651983        -0.3126961606         -0.0234722708556      -0.326709261297       
1.95170651105         -0.0310019043586      -0.304304168347       -0.0310019043586      -0.304304168347       -0.0265274079354      -0.317933931723       
1.96136520884         -0.0335809544018      -0.295932577878       -0.0335809544018      -0.295932577878       -0.0294351705358      -0.309180678748       
1.97102390663         -0.0360396942571      -0.287582291204       -0.0360396942571      -0.287582291204       -0.0322126153023      -0.300450289024       
1.98068260442         -0.0383736718028      -0.279271194324       -0.0383736718028      -0.279271194324       -0.0348548769712      -0.291761333946       
1.99034130221         -0.0405834181979      -0.270973240995       -0.0405834181979      -0.270973240995       -0.0373628413608      -0.283086662961       
2                     -0.0426654878237      -0.262728565771       -0.0426654878237      -0.262728565771       -0.0397324271593      -0.274468197406       
2.001                 -0.0428411507963      -0.261902382711       -0.0428411507963      -0.261902382711       -0.0399358363562      -0.273604187591       
2.28339669245         -0.0490326948922      -0.062048756001       -0.0490326948922      -0.062048756001       -0.0501351071607      -0.0648195465592      
2.5657933849          -0.00195853005463     -0.00029885150115     -0.00195853005463     -0.00029885150115     -0.00201499260276     -0.000314192473802    
2.5667933849          -0.00189998455959     -0.000286704748719    -0.00189998455959     -0.000286704748719    -0.00195472592478     -0.000301431328246    
2.5837933849          -0.00104443253555     -0.000123255595273    -0.00104443253555     -0.000123255595273    -0.00107417961079     -0.000129598498324    
2.6007933849          -0.000436257175907    -2.31059612445e-05    -0.000436257175907    -2.31059612445e-05    -0.000448453939998    -2.41403167204e-05    
2.6177933849          -6.5855373978e-05     3.50294190292e-05     -6.5855373978e-05     3.50294190292e-05     -6.7463305037e-05     3.7205657652e-05      
2.6347933849          1.69725567352e-05     0.00014699573819      1.69725567352e-05     0.00014699573819      0.000211940230194     -0.00020835072369     
2.6517933849          3.24980308668e-05     0.000430536236282     3.24980308668e-05     0.000430536236282     0.000211446649427     9.78800040138e-05     
2.6687933849          4.62428671515e-05     0.000757373977961     4.62428671515e-05     0.000757373977961     0.000212258782561     0.000448372267861     
2.6857933849          5.73014757518e-05     0.00108984126817      5.73014757518e-05     0.00108984126817      0.000211866018752     0.000804097758621     
2.6867933849          5.78649093194e-05     0.00110914452349      5.78649093194e-05     0.00110914452349      0.000211789553264     0.000824744301012     
2.86713928714         5.51630700813e-05     0.00305996525916      5.51630700813e-05     0.00305996525916      0.000126109732862     0.00295329888983      
3.04748518938         4.9474790243e-06      0.00248156925119      4.9474790243e-06      0.00248156925119      3.2703569146e-05      0.00245450371787      
3.22783109162         -1.14356476051e-05    0.00124048379919      -1.14356476051e-05    0.00124048379919      -3.065674545e-06      0.0012421289192       
3.40817699386         -6.33265854814e-06    0.000353337360568     -6.33265854814e-06    0.000353337360568     -4.78159045522e-06    0.000358624664229     
3.5885228961          -1.80704231442e-07    7.21672335957e-06     -1.80704231442e-07    7.21672335957e-06     -1.59822575361e-07    7.54470375183e-06     
3.76886879834         9.74909770909e-05     3.02701996593e-06     9.74909770909e-05     3.02701996593e-06     0.000102854264937     -3.97160390497e-06    
3.94921470058         0.000161039150009     5.83557098807e-06     0.000161039150009     5.83557098807e-06     0.00016822661578      -8.73859741929e-06    
4.12956060283         0.000148911211744     6.0739318468e-06      0.000148911211744     6.0739318468e-06      0.000153833510157     -9.83135645442e-06    
4.30990650507         0.000104745680817     4.6961585132e-06      0.000104745680817     4.6961585132e-06      0.000106924385668     -7.98982111876e-06    
4.49025240731         6.14748777358e-05     2.97937774282e-06     6.14748777358e-05     2.97937774282e-06     6.19783036902e-05     -5.24060119452e-06    
4.67059830955         3.13670862486e-05     1.62330269294e-06     3.13670862486e-05     1.62330269294e-06     3.12240697675e-05     -2.92054131536e-06    
4.85094421179         1.42263269969e-05     7.78862200025e-07     1.42263269969e-05     7.78862200025e-07     1.39801347355e-05     -1.42274340284e-06    
5.03129011403         5.81275803223e-06     3.34207825832e-07     5.81275803223e-06     3.34207825832e-07     5.63866008355e-06     -6.16565474713e-07    
5.21163601627         2.15853926138e-06     1.29573596897e-07     2.15853926138e-06     1.29573596897e-07     2.06695380328e-06     -2.404699412e-07      
5.39198191851         7.32946223537e-07     4.57166309707e-08     7.32946223537e-07     4.57166309707e-08     6.92857554375e-07     -8.50924343695e-08    
5.57232782075         2.28577633125e-07     1.47556967097e-08     2.28577633125e-07     1.47556967097e-08     2.13327236733e-07     -2.74807455605e-08    
5.75267372299         6.56868254231e-08     4.37402856712e-09     6.56868254231e-08     4.37402856712e-09     6.05316813253e-08     -8.13567925293e-09    
5.93301962523         1.7438471626e-08      1.19442717163e-09     1.7438471626e-08      1.19442717163e-09     1.58695332593e-08     -2.21546869971e-09    
6.11336552747         4.28540041566e-09     3.01186221071e-10     4.28540041566e-09     3.01186221071e-10     3.85179910057e-09     -5.56425343373e-10    
6.29371142971         9.76389742948e-10     7.02659886907e-11     9.76389742948e-10     7.02659886907e-11     8.66924265593e-10     -1.29166486721e-10    
6.47405733195         2.06519888213e-10     1.51902201724e-11     2.06519888213e-10     1.51902201724e-11     1.81166328993e-10     -2.77615499227e-11    
6.65440323419         4.06033700094e-11     3.04749476601e-12     4.06033700094e-11     3.04749476601e-12     3.5197264413e-11      -5.53349774587e-12    
6.83474913643         7.42592217861e-12     5.67922890091e-13     7.42592217861e-12     5.67922890091e-13     6.36213550687e-12     -1.02393906417e-12    
7.01509503867         1.26420778493e-12     9.83928129478e-14     1.26420778493e-12     9.83928129478e-14     1.07065977508e-12     -1.76062441038e-13    
7.19544094092         1.95427169371e-13     1.5461157051e-14      1.95427169371e-13     1.5461157051e-14      1.63633978199e-13     -2.74465262765e-14    
7.37578684316         2.61010544973e-14     2.0969280368e-15      2.61010544973e-14     2.0969280368e-15      2.16110727303e-14     -3.69156565121e-15    
7.5561327454          2.4316768449e-15      1.98198025617e-16     2.4316768449e-15      1.98198025617e-16     1.99124946105e-15     -3.45923314139e-16    
7.73647864764         2.67911144449e-15     2.2135504165e-16      2.67911144449e-15     2.2135504165e-16      2.17011897041e-15     -3.82926563305e-16    
7.91682454988         2.9396809597e-15      2.4602206654e-16      2.9396809597e-15      2.4602206654e-16      2.35578816661e-15     -4.21749020127e-16    
8.09717045212         3.21347446867e-15     2.7222177166e-16      3.21347446867e-15     2.7222177166e-16      2.54813965026e-15     -4.62358680485e-16    
8.27751635436         3.50057560833e-15     2.99975639445e-16     3.50057560833e-15     2.99975639445e-16     2.74705832751e-15     -5.04722056491e-16    
8.4578622566          3.80106304301e-15     3.29304050381e-16     3.80106304301e-15     3.29304050381e-16     2.95243155878e-15     -5.48804446931e-16    
8.63820815884         4.115010882e-15       3.60226362017e-16     4.115010882e-15       3.60226362017e-16     3.16414924611e-15     -5.94570172298e-16    
8.81855406108         4.44248905267e-15     3.92760980839e-16     4.44248905267e-15     3.92760980839e-16     3.38210388207e-15     -6.41982779038e-16    
8.99889996332         4.78356363491e-15     4.26925427806e-16     4.78356363491e-15     4.26925427806e-16     3.60619057087e-15     -6.91005217033e-16    
9.17924586556         5.13829716164e-15     4.62736398176e-16     5.13829716164e-15     4.62736398176e-16     3.83630702836e-15     -7.41599993777e-16    
9.3595917678          5.50674888946e-15     5.00209816238e-16     5.50674888946e-15     5.00209816238e-16     4.07235356566e-15     -7.9372930825e-16     
9.53993767004         5.88897504306e-15     5.3936088545e-16      5.88897504306e-15     5.3936088545e-16      4.31423306021e-15     -8.47355167077e-16    
9.72028357228         6.28502903651e-15     5.80204134453e-16     6.28502903651e-15     5.80204134453e-16     4.56185091697e-15     -9.02439485234e-16    
9.90062947453         6.69496167385e-15     6.22753459363e-16     6.69496167385e-15     6.22753459363e-16     4.81511502227e-15     -9.58944173245e-16    
10.0809753768         7.1188213315e-15      6.67022162695e-16     7.1188213315e-15      6.67022162695e-16     5.07393569193e-15     -1.01683121257e-15    
10.261321279          7.55665412443e-15     7.13022989247e-16     7.55665412443e-15     7.13022989247e-16     5.33822561544e-15     -1.07606272065e-15    
10.4416671812         8.0085040577e-15      7.60768159228e-16     8.0085040577e-15      7.60768159228e-16     5.60789979711e-15     -1.13660100692e-15    
10.6220130835         8.47441316515e-15     8.10269398879e-16     8.47441316515e-15     8.10269398879e-16     5.88287549541e-15     -1.1984086209e-15     
10.8023589857         8.95442163629e-15     8.61537968813e-16     8.95442163629e-15     8.61537968813e-16     6.16307216117e-15     -1.26144839328e-15    
10.982704888          9.44856793284e-15     9.14584690292e-16     9.44856793284e-15     9.14584690292e-16     6.44841137533e-15     -1.32568347098e-15    
11.1630507902         9.95688889578e-15     9.69419969605e-16     9.95688889578e-15     9.69419969605e-16     6.7388167867e-15      -1.39107734685e-15    
11.3433966924         1.04794198438e-14     1.02605382072e-15     1.04794198438e-14     1.02605382072e-15     7.03421405026e-15     -1.45759388461e-15    
11.5237425947         1.10161946645e-14     1.08449588634e-15     1.10161946645e-14     1.08449588634e-15     7.33453076617e-15     -1.52519733979e-15    
11.7040884969         1.15672458976e-14     1.14475545757e-15     1.15672458976e-14     1.14475545757e-15     7.63969641987e-15     -1.5938523769e-15     
11.8844343992         1.21326048133e-14     1.20684149216e-15     1.21326048133e-14     1.20684149216e-15     7.94964232347e-15     -1.66352408361e-15    
12.0647803014         1.27123014835e-14     1.27076263163e-15     1.27123014835e-14     1.27076263163e-15     8.26430155856e-15     -1.734177982e-15      
12.2451262037         1.33063648488e-14     1.33652721717e-15     1.33063648488e-14     1.33652721717e-15     8.58360892056e-15     -1.80578003739e-15    
12.4254721059         1.39148227798e-14     1.40414330464e-15     1.39148227798e-14     1.40414330464e-15     8.90750086482e-15     -1.87829666516e-15    
12.6058180081         1.45377021353e-14     1.47361867848e-15     1.45377021353e-14     1.47361867848e-15     9.23591545446e-15     -1.95169473548e-15    
12.7861639104         1.51750288151e-14     1.54496086482e-15     1.51750288151e-14     1.54496086482e-15     9.56879231016e-15     -2.02594157659e-15    
12.9665098126         1.58268278101e-14     1.61817714378e-15     1.58268278101e-14     1.61817714378e-15     9.90607256201e-15     -2.10100497657e-15    
13.1468557149         1.64931232488e-14     1.69327456097e-15     1.64931232488e-14     1.69327456097e-15     1.02476988035e-14     -2.17685318381e-15    
13.3272016171         1.71739384408e-14     1.77025993837e-15     1.71739384408e-14     1.77025993837e-15     1.05936150481e-14     -2.25345490651e-15    
13.5075475193         1.78692959171e-14     1.84913988449e-15     1.78692959171e-14     1.84913988449e-15     1.09437666888e-14     -2.33077931112e-15    
13.6878934216         1.85792174684e-14     1.92992080396e-15     1.85792174684e-14     1.92992080396e-15     1.12981004614e-14     -2.40879601998e-15    
13.8682393238         1.93037241802e-14     2.01260890661e-15     1.93037241802e-14     2.01260890661e-15     1.16565644136e-14     -2.48747510836e-15    
14.0485852261         2.00428364668e-14     2.09721021594e-15     2.00428364668e-14     2.09721021594e-15     1.20191078817e-14     -2.56678710068e-15    
14.2289311283         2.07965741022e-14     2.18373057721e-15     2.07965741022e-14     2.18373057721e-15     1.23856814846e-14     -2.64670296644e-15    
14.4092770305         2.15649562495e-14     2.27217566499e-15     2.15649562495e-14     2.27217566499e-15     1.27562371527e-14     -2.7271941155e-15     
14.5896229328         2.23480014887e-14     2.36255099038e-15     2.23480014887e-14     2.36255099038e-15     1.31307282584e-14     -2.8082323931e-15     
14.769968835          2.31457278427e-14     2.45486190777e-15     2.31457278427e-14     2.45486190777e-15     1.3509110188e-14      -2.88979007453e-15    
14.9503147373         2.39581528017e-14     2.54911362128e-15     2.39581528017e-14     2.54911362128e-15     1.38913451788e-14     -2.97183454355e-15    
15.1306606395         2.47852933467e-14     2.64531119082e-15     2.47852933467e-14     2.64531119082e-15     1.42773711406e-14     -3.05432919743e-15    
15.3110065417         2.56271659708e-14     2.74345953788e-15     2.56271659708e-14     2.74345953788e-15     1.46671462085e-14     -3.13726080251e-15    
15.491352444          2.64837867e-14        2.84356345101e-15     2.64837867e-14        2.84356345101e-15     1.50606303809e-14     -3.22060322178e-15    
15.6716983462         2.73551711129e-14     2.94562759094e-15     2.73551711129e-14     2.94562759094e-15     1.54577829221e-14     -3.30433071742e-15    
15.8520442485         2.82413343587e-14     3.0496564956e-15      2.82413343587e-14     3.0496564956e-15      1.58585636178e-14     -3.38841794452e-15    
16.0323901507         2.9142291175e-14      3.15565458474e-15     2.9142291175e-14      3.15565458474e-15     1.62629329765e-14     -3.47283994472e-15    
16.2127360529         3.0058055904e-14      3.26362616438e-15     3.0058055904e-14      3.26362616438e-15     1.66708522788e-14     -3.55757213978e-15    
16.3930819552         3.09886425082e-14     3.37357543108e-15     3.09886425082e-14     3.37357543108e-15     1.70822835839e-14     -3.64259032517e-15    
16.5734278574         3.19340645854e-14     3.48550647593e-15     3.19340645854e-14     3.48550647593e-15     1.74971897212e-14     -3.7278706637e-15     
16.7537737597         3.28943353825e-14     3.59942328841e-15     3.28943353825e-14     3.59942328841e-15     1.79155342757e-14     -3.81338967907e-15    
16.9341196619         3.38694678092e-14     3.71532976003e-15     3.38694678092e-14     3.71532976003e-15     1.83372815702e-14     -3.89912424955e-15    
17.1144655642         3.48594744503e-14     3.83322968785e-15     3.48594744503e-14     3.83322968785e-15     1.87623966472e-14     -3.98505160163e-15    
17.2948114664         3.5864367578e-14      3.95312677775e-15     3.5864367578e-14      3.95312677775e-15     1.91908452499e-14     -4.0711493038e-15     
17.4751573686         3.68841591635e-14     4.07502464764e-15     3.68841591635e-14     4.07502464764e-15     1.96225938037e-14     -4.15739526028e-15    
17.6555032709         3.79188608875e-14     4.19892683049e-15     3.79188608875e-14     4.19892683049e-15     2.00576093973e-14     -4.24376770493e-15    
17.8358491731         3.89684841512e-14     4.32483677721e-15     3.89684841512e-14     4.32483677721e-15     2.04958597651e-14     -4.33024519517e-15    
18.0161950754         4.00330400857e-14     4.45275785942e-15     4.00330400857e-14     4.45275785942e-15     2.09373132692e-14     -4.41680660601e-15    
18.1965409776         4.11125395618e-14     4.58269337209e-15     4.11125395618e-14     4.58269337209e-15     2.13819388829e-14     -4.50343112412e-15    
18.3768868798         4.22069931988e-14     4.7146465361e-15      4.22069931988e-14     4.7146465361e-15      2.18297061737e-14     -4.59009824201e-15    
18.5572327821         4.33164113731e-14     4.84862050061e-15     4.33164113731e-14     4.84862050061e-15     2.22805852872e-14     -4.67678775236e-15    
18.7375786843         4.44408042269e-14     4.98461834543e-15     4.44408042269e-14     4.98461834543e-15     2.2734546932e-14      -4.76347974234e-15    
18.9179245866         4.55801816755e-14     5.12264308321e-15     4.55801816755e-14     5.12264308321e-15     2.31915623642e-14     -4.85015458806e-15    
19.0982704888         4.67345534148e-14     5.26269766157e-15     4.67345534148e-14     5.26269766157e-15     2.36516033732e-14     -4.93679294919e-15    
19.278616391          4.79039289291e-14     5.40478496517e-15     4.79039289291e-14     5.40478496517e-15     2.41146422673e-14     -5.02337576354e-15    
19.4589622933         4.90883174974e-14     5.54890781763e-15     4.90883174974e-14     5.54890781763e-15     2.45806518606e-14     -5.10988424188e-15    
19.6393081955         5.02877282001e-14     5.69506898344e-15     5.02877282001e-14     5.69506898344e-15     2.50496054591e-14     -5.19629986272e-15    
19.8196540978         5.15021699255e-14     5.84327116973e-15     5.15021699255e-14     5.84327116973e-15     2.55214768486e-14     -5.28260436732e-15    
20                    0                     0                     0                     0                     0                     0                     
