0.0779191396          0                     0                     0                     0                     0                     0                     
0.087577837391        0.0157863980216       0.000559350537579     0.0157863980216       0.000559350537579     0.0146385806242       0.000293482745598     
0.0972365351819       0.0939669319044       0.0016950990211       0.0939669319044       0.0016950990211       0.0867402639652       0.0005590736444       
0.106895232973        0.243426329278        7.20737404642e-05     0.243426329278        7.20737404642e-05     0.22364639131         -0.00175851717168     
0.116553930764        0.453588536177        -0.00818125281361     0.453588536177        -0.00818125281361     0.414843198788        -0.00952677307882     
0.126212628555        0.709886962508        -0.0260001275592      0.709886962508        -0.0260001275592      0.646509090663        -0.0248974866901      
0.135871326346        0.999051807403        -0.0558547132235      0.999051807403        -0.0558547132235      0.906271042934        -0.0497095319525      
0.145530024137        1.30973374666         -0.0997498797033      1.30973374666         -0.0997498797033      1.18377789307         -0.08545638372        
0.155188721928        1.632571466           -0.160070138914       1.632571466           -0.160070138914       1.47067669572         -0.133960524675       
0.164847419719        1.95827039693         -0.238644420282       1.95827039693         -0.238644420282       1.75900694284         -0.19662765787        
0.17450611751         2.27778295809         -0.336541984027       2.27778295809         -0.336541984027       2.04124855304         -0.274288932709       
0.184164815301        2.58186442087         -0.45123337318        2.58186442087         -0.45123337318        2.30990488468         -0.364974784957       
0.193823513091        2.86446470811         -0.576890649025       2.86446470811         -0.576890649025       2.56007443738         -0.464145047335       
0.203482210882        3.12423133163         -0.707651204783       3.12423133163         -0.707651204783       2.79062392299         -0.567232934896       
0.213140908673        3.36182885233         -0.839669453319       3.36182885233         -0.839669453319       3.00205327255         -0.671236521059       
0.222799606464        3.57873242553         -0.970237108722       3.57873242553         -0.970237108722       3.1955357743          -0.774042474752       
0.232458304255        3.77621616309         -1.097721494          3.77621616309         -1.097721494          3.37210134956         -0.874379247385       
0.242117002046        3.95574336907         -1.22079693362        3.95574336907         -1.22079693362        3.53296251292         -0.971215894166       
0.251775699837        4.11948883458         -1.33861454587        4.11948883458         -1.33861454587        3.67990510273         -1.06389234892        
0.261434397628        4.26911621106         -1.45107744852        4.26911621106         -1.45107744852        3.81429089718         -1.15233563286        
0.271093095419        4.4059809915          -1.55880003574        4.4059809915          -1.55880003574        3.93727128191         -1.23702902978        
0.28075179321         4.53027364558         -1.66133391112        4.53027364558         -1.66133391112        4.04907136673         -1.31761873142        
0.290410491001        4.64331689203         -1.75944605865        4.64331689203         -1.75944605865        4.15081204008         -1.39471667505        
0.300069188792        4.74558835644         -1.85267248348        4.74558835644         -1.85267248348        4.24295313896         -1.46796188155        
0.309727886583        4.83774269126         -1.94055071439        4.83774269126         -1.94055071439        4.32606688853         -1.53699464038        
0.319386584374        4.92097934367         -2.0228492078         4.92097934367         -2.0228492078         4.4011588883          -1.60163715058        
0.329045282165        4.99672744565         -2.09980790051        4.99672744565         -2.09980790051        4.4694245026          -1.66207790033        
0.338703979956        5.06586348913         -2.17180065836        5.06586348913         -2.17180065836        4.53159802239         -1.71860999365        
0.348362677747        5.12932171069         -2.23947764023        5.12932171069         -2.23947764023        4.58847752707         -1.77174241178        
0.358021375538        5.18743536304         -2.30350869031        5.18743536304         -2.30350869031        4.64036886784         -1.82199921552        
0.367680073329        5.24076615885         -2.36454532063        5.24076615885         -2.36454532063        4.68778277968         -1.86989169322        
0.37733877112         5.28911906878         -2.42288189332        5.28911906878         -2.42288189332        4.73059564382         -1.91564893498        
0.386997468911        5.33270320536         -2.47891702327        5.33270320536         -2.47891702327        4.76903250137         -1.95958826023        
0.396656166702        5.37151535999         -2.53274764202        5.37151535999         -2.53274764202        4.80312423144         -2.00178449292        
0.406314864492        5.40557406878         -2.58444110568        5.40557406878         -2.58444110568        4.83293531842         -2.04229247157        
0.415973562283        5.43494016206         -2.63382171676        5.43494016206         -2.63382171676        4.85853919922         -2.08097609861        
0.425632260074        5.45968465236         -2.68085623408        5.45968465236         -2.68085623408        4.88002782594         -2.11781329584        
0.435290957865        5.48015011963         -2.72527312869        5.48015011963         -2.72527312869        4.89770403762         -2.15258572962        
0.444949655656        5.49675727136         -2.76736300203        5.49675727136         -2.76736300203        4.9119202498          -2.18553923779        
0.454608353447        5.50952739944         -2.80679845118        5.50952739944         -2.80679845118        4.92272912311         -2.21640949134        
0.464267051238        5.51886893758         -2.84367388711        5.51886893758         -2.84367388711        4.93046865931         -2.24526782094        
0.473925749029        5.52509721074         -2.87795704065        5.52509721074         -2.87795704065        4.9354129546          -2.27209034297        
0.48358444682         5.52855514405         -2.90962565064        5.52855514405         -2.90962565064        4.93785609752         -2.29685962208        
0.493243144611        5.5292408966          -2.93873988366        5.5292408966          -2.93873988366        4.93779434112         -2.31962259279        
0.502901842402        5.52793948673         -2.96534032934        5.52793948673         -2.96534032934        4.93588989345         -2.34041688046        
0.512560540193        5.52427894386         -2.98919920783        5.52427894386         -2.98919920783        4.931847892           -2.35904841157        
0.522219237984        5.51893067408         -3.01054244562        5.51893067408         -3.01054244562        4.92619932484         -2.37570760032        
0.531877935775        5.51282902632         -3.03047485587        5.51282902632         -3.03047485587        4.9197729556          -2.39126068661        
0.541536633566        5.50523702691         -3.04849617406        5.50523702691         -3.04849617406        4.91192097327         -2.40531166779        
0.551195331357        5.49643349847         -3.06522153436        5.49643349847         -3.06522153436        4.90291528813         -2.41834300067        
0.560854029148        5.48697530791         -3.07987706575        5.48697530791         -3.07987706575        4.89318406052         -2.42974728189        
0.570512726939        5.47612442336         -3.09344783596        5.47612442336         -3.09344783596        4.88215534981         -2.44029641658        
0.58017142473         5.46462312524         -3.10595818326        5.46462312524         -3.10595818326        4.87046286006         -2.45000993879        
0.589830122521        5.45217111645         -3.11743905312        5.45217111645         -3.11743905312        4.85785359839         -2.45891228502        
0.599488820312        5.4389043948          -3.12797923684        5.4389043948          -3.12797923684        4.84444932524         -2.46707182687        
0.609147518103        5.42497606158         -3.1378124014         5.42497606158         -3.1378124014         4.83040050002         -2.47467343051        
0.618806215893        5.40974897978         -3.1466763761         5.40974897978         -3.1466763761         4.81515255135         -2.48150926281        
0.628464913684        5.39403918221         -3.15512985203        5.39403918221         -3.15512985203        4.79942887814         -2.48801989852        
0.638123611475        5.37737550488         -3.16293538052        5.37737550488         -3.16293538052        4.78283173746         -2.49401758703        
0.647782309266        5.35984738682         -3.170135055          5.35984738682         -3.170135055          4.76545205334         -2.49953756984        
0.657441007057        5.34154208069         -3.17696438984        5.34154208069         -3.17696438984        4.74735886005         -2.5047611594         
0.667099704848        5.32228514805         -3.1832110081         5.32228514805         -3.1832110081         4.72842722049         -2.50952526282        
0.676758402639        5.30214429894         -3.18903493898        5.30214429894         -3.18903493898        4.70870908917         -2.51395501464        
0.68641710043         5.28094221505         -3.19435393084        5.28094221505         -3.19435393084        4.68807083556         -2.51798550044        
0.696075798221        5.25874500905         -3.19924545529        5.25874500905         -3.19924545529        4.66656998826         -2.52167754285        
0.705734496012        5.2358958304          -3.20367908648        5.2358958304          -3.20367908648        4.6445010519          -2.52500793806        
0.715393193803        5.21194206536         -3.20759465832        5.21194206536         -3.20759465832        4.62148950406         -2.52792982096        
0.725051891594        5.18702343006         -3.21103327526        5.18702343006         -3.21103327526        4.59765806085         -2.53047652631        
0.734710589385        5.16118244291         -3.21393789362        5.16118244291         -3.21393789362        4.5730439301          -2.5326024271         
0.744369287176        5.13442258283         -3.21632854211        5.13442258283         -3.21632854211        4.54765948936         -2.53432362857        
0.754027984967        5.1068517239          -3.2181474245         5.1068517239          -3.2181474245         4.52158962419         -2.53559580829        
0.763686682758        5.07827294408         -3.21932693435        5.07827294408         -3.21932693435        4.49467330001         -2.53636531933        
0.773345380549        5.04885637763         -3.21993625017        5.04885637763         -3.21993625017        4.4670615416          -2.53668728547        
0.78300407834         5.01868702285         -3.21992460261        5.01868702285         -3.21992460261        4.43882046512         -2.53652141936        
0.792662776131        4.98752224417         -3.21913707762        4.98752224417         -3.21913707762        4.40974459376         -2.53574648874        
0.802321473922        4.95576168236         -3.21780602942        4.95576168236         -3.21780602942        4.38019541301         -2.53454796264        
0.811980171713        4.92312262638         -3.21566052043        4.92312262638         -3.21566052043        4.34991019396         -2.53271040736        
0.821638869504        4.88980196102         -3.21272518667        4.88980196102         -3.21272518667        4.31905921914         -2.53024783557        
0.831297567294        4.85595782352         -3.20908866126        4.85595782352         -3.20908866126        4.28776036077         -2.52724942134        
0.840956265085        4.82155884804         -3.20490332175        4.82155884804         -3.20490332175        4.25601259597         -2.52381942154        
0.850614962876        4.78623793048         -3.19983950242        4.78623793048         -3.19983950242        4.22348793178         -2.51970029255        
0.860273660667        4.75037038299         -3.19412690061        4.75037038299         -3.19412690061        4.19051907096         -2.51507342564        
0.869932358458        4.71400026605         -3.18758722808        4.71400026605         -3.18758722808        4.15712964582         -2.50979826978        
0.879591056249        4.67699092469         -3.18029626846        4.67699092469         -3.18029626846        4.12321230841         -2.50393387348        
0.88924975404         4.63947026641         -3.17224708053        4.63947026641         -3.17224708053        4.0888690459          -2.49747468015        
0.898908451831        4.60145896219         -3.16333244495        4.60145896219         -3.16333244495        4.0541166414          -2.49033784901        
0.908567149622        4.5628080124          -3.15355986808        4.5628080124          -3.15355986808        4.01882477985         -2.48252765725        
0.918225847413        4.52370250011         -3.14301354807        4.52370250011         -3.14301354807        3.98315560552         -2.47411106872        
0.927884545204        4.48403461843         -3.13156334128        4.48403461843         -3.13156334128        3.9470044228          -2.46498488393        
0.937543242995        4.44373800454         -3.11920756949        4.44373800454         -3.11920756949        3.91031764266         -2.45514898663        
0.947201940786        4.40278524192         -3.10593821375        4.40278524192         -3.10593821375        3.87308516982         -2.44459810926        
0.956860638577        4.3606755563          -3.09123951793        4.3606755563          -3.09123951793        3.83486280844         -2.43292294807        
0.966519336368        4.31761452261         -3.07515569362        4.31761452261         -3.07515569362        3.79580610483         -2.42015721018        
0.976178034159        4.27249946849         -3.05705085342        4.27249946849         -3.05705085342        3.75494706794         -2.40580493157        
0.98583673195         4.21779153932         -3.03159070746        4.21779153932         -3.03159070746        3.70566883535         -2.38566722848        
0.995495429741        4.15823196642         -3.00197959644        4.15823196642         -3.00197959644        3.65213438339         -2.36226596672        
1.00515412753         4.100120391           -2.97292648176        4.100120391           -2.97292648176        3.59989324844         -2.33930581749        
1.01481282532         4.04349106056         -2.94436396027        4.04349106056         -2.94436396027        3.54897038741         -2.31673437417        
1.02447152311         3.98797410419         -2.91617293982        3.98797410419         -2.91617293982        3.49904222594         -2.29445642862        
1.0341302209          3.93366874432         -2.88805248746        3.93366874432         -2.88805248746        3.45017839564         -2.27223627827        
1.0437889187          3.88031634632         -2.86063571374        3.88031634632         -2.86063571374        3.40218903217         -2.25057005843        
1.05344761649         3.82774492936         -2.83318483347        3.82774492936         -2.83318483347        3.35489212527         -2.22887945055        
1.06310631428         3.77611985961         -2.80606978431        3.77611985961         -2.80606978431        3.30844476342         -2.20745397824        
1.07276501207         3.7252690874          -2.77911787715        3.7252690874          -2.77911787715        3.26269170079         -2.18615813511        
1.08242370986         3.67527570725         -2.75250738389        3.67527570725         -2.75250738389        3.2177116668          -2.16513218061        
1.09208240765         3.6260980166          -2.72621393868        3.6260980166          -2.72621393868        3.17346909208         -2.1443563567         
1.10174110544         3.57753333933         -2.70002334897        3.57753333933         -2.70002334897        3.1297776503          -2.12366220412        
1.11139980323         3.52982377137         -2.67427446732        3.52982377137         -2.67427446732        3.08685899996         -2.10331664656        
1.12105850102         3.48284319625         -2.6487821084         3.48284319625         -2.6487821084         3.04459852083         -2.08317353671        
1.13071719881         3.43647606923         -2.62356635818        3.43647606923         -2.62356635818        3.00290354806         -2.06324831542        
1.14037589661         3.39076502574         -2.59864286794        3.39076502574         -2.59864286794        2.96180345805         -2.04355381513        
1.1500345944          3.34572648369         -2.57406225771        3.34572648369         -2.57406225771        2.92132052234         -2.0241305057         
1.15969329219         3.30130105619         -2.54978640669        3.30130105619         -2.54978640669        2.88140201564         -2.00494862226        
1.16935198998         3.25745961696         -2.52572545342        3.25745961696         -2.52572545342        2.84201936051         -1.98593438335        
1.17901068777         3.21429543316         -2.50208240809        3.21429543316         -2.50208240809        2.8032503607          -1.96725383935        
1.18866938556         3.17151211237         -2.47859372178        3.17151211237         -2.47859372178        2.76483419764         -1.94869688252        
1.19832808335         3.12981343153         -2.4559468036         3.12981343153         -2.4559468036         2.72740036585         -1.93080274523        
1.20798678114         3.08813033287         -2.43325092088        3.08813033287         -2.43325092088        2.69001333253         -1.91287065708        
1.21764547893         3.04715924848         -2.41103324001        3.04715924848         -2.41103324001        2.65327985335         -1.8953154934         
1.22730417672         3.00657467038         -2.38902875768        3.00657467038         -2.38902875768        2.61691530632         -1.87792834726        
1.23696287451         2.96668408237         -2.36757345673        2.96668408237         -2.36757345673        2.5811921591          -1.86097357837        
1.24662157231         2.9266965704          -2.34598703477        2.9266965704          -2.34598703477        2.54542298175         -1.84391663202        
1.2562802701          2.88755997847         -2.32490327085        2.88755997847         -2.32490327085        2.51041794276         -1.82725559581        
1.26593896789         2.84872750785         -2.30405439275        2.84872750785         -2.30405439275        2.47571756879         -1.81077957549        
1.27559766568         2.8103340472          -2.2835370681         2.8103340472          -2.2835370681         2.44143801357         -1.79456545665        
1.28525636347         2.77242921765         -2.2633472666         2.77242921765         -2.2633472666         2.40762026637         -1.77861020165        
1.29491506126         2.73475110566         -2.2432431551         2.73475110566         -2.2432431551         2.37403442124         -1.7627227962         
1.30457375905         2.69737408498         -2.2232964057         2.69737408498         -2.2232964057         2.34074582738         -1.74696106026        
1.31423245684         2.6604585363          -2.20365653175        2.6604585363          -2.20365653175        2.30789346447         -1.7314412783         
1.32389115463         2.62396923502         -2.18423295586        2.62396923502         -2.18423295586        2.27544485295         -1.71609318569        
1.33354985242         2.5878002813          -2.16497916191        2.5878002813          -2.16497916191        2.24330948726         -1.70087972727        
1.34320855022         2.55200607982         -2.1459190511         2.55200607982         -2.1459190511         2.2115331388          -1.68582004187        
1.35286724801         2.51642061286         -2.12688555313        2.51642061286         -2.12688555313        2.17997179614         -1.6707827557         
1.3625259458          2.48140055436         -2.1081671709         2.48140055436         -2.1081671709         2.14893242053         -1.65599468338        
1.37218464359         2.44658656857         -2.0895120593         2.44658656857         -2.0895120593         2.1181046679          -1.6412579643         
1.38184334138         2.41207532677         -2.07094686743        2.41207532677         -2.07094686743        2.08757278461         -1.62659368689        
1.39150203917         2.37801704494         -2.05257665883        2.37801704494         -2.05257665883        2.0574597762          -1.61208388175        
1.40116073696         2.3444299021          -2.03432928378        2.3444299021          -2.03432928378        2.02777442544         -1.59767183321        
1.41081943475         2.31093637159         -2.01604883941        2.31093637159         -2.01604883941        1.99821920632         -1.58323827828        
1.42047813254         2.27786535096         -1.99795205398        2.27786535096         -1.99795205398        1.96904849835         -1.56894981133        
1.43013683033         2.24494079482         -1.97964924704        2.24494079482         -1.97964924704        1.94004332828         -1.55449884436        
1.43979552812         2.21262424992         -1.96150236485        2.21262424992         -1.96150236485        1.91157648901         -1.54017221216        
1.44945422592         2.18077372699         -1.94348604805        2.18077372699         -1.94348604805        1.88352752929         -1.52595107916        
1.45911292371         2.1491657961          -1.92547938862        2.1491657961          -1.92547938862        1.85572005111         -1.51174144792        
1.4687716215          2.11814312721         -1.90756703739        2.11814312721         -1.90756703739        1.82842600406         -1.49760575226        
1.47843031929         2.08753447806         -1.88980880789        2.08753447806         -1.88980880789        1.80150380399         -1.48359795817        
1.48808901708         2.05728332064         -1.87210274203        2.05728332064         -1.87210274203        1.77490814459         -1.46963149909        
1.49774771487         2.0274591401          -1.85455528588        2.0274591401          -1.85455528588        1.74869735695         -1.45579099573        
1.50740641266         1.99809223439         -1.83709345999        1.99809223439         -1.83709345999        1.72289803098         -1.44201992476        
1.51706511045         1.96909002405         -1.81973918657        1.96909002405         -1.81973918657        1.69742625846         -1.4283339222         
1.52672380824         1.94054677223         -1.80246111153        1.94054677223         -1.80246111153        1.67236558554         -1.41470951187        
1.53638250603         1.9123384992          -1.78529081239        1.9123384992          -1.78529081239        1.64760924923         -1.40117091535        
1.54604120383         1.88464608068         -1.76827309437        1.88464608068         -1.76827309437        1.62330842565         -1.38775344029        
1.55569990162         1.85733120933         -1.75135477788        1.85733120933         -1.75135477788        1.59934601903         -1.37441513438        
1.56535859941         1.83042834362         -1.73452408156        1.83042834362         -1.73452408156        1.57574878591         -1.3611466096         
1.5750172972          1.80386097331         -1.71775797651        1.80386097331         -1.71775797651        1.5524517183          -1.3479297571         
1.58467599499         1.77777894916         -1.70118367181        1.77777894916         -1.70118367181        1.52958361034         -1.33486482465        
1.59433469278         1.75208794494         -1.68472209748        1.75208794494         -1.68472209748        1.50706180805         -1.32188928786        
1.60399339057         1.72700077299         -1.66860099971        1.72700077299         -1.66860099971        1.48506901865         -1.3091820218         
1.61365208836         1.70220413683         -1.65247327187        1.70220413683         -1.65247327187        1.46333504239         -1.29647064165        
1.62331078615         1.67786654674         -1.63671208036        1.67786654674         -1.63671208036        1.44200808499         -1.28404742172        
1.63296948394         1.65394478995         -1.62088982432        1.65394478995         -1.62088982432        1.42104204475         -1.27157737069        
1.64262818173         1.63047396586         -1.60540173246        1.63047396586         -1.60540173246        1.40047577586         -1.25937034695        
1.65228687953         1.60749875661         -1.59021745554        1.60749875661         -1.59021745554        1.38034460776         -1.24740245679        
1.66194557732         1.58500686551         -1.57533215648        1.58500686551         -1.57533215648        1.36063780284         -1.2356699307         
1.67160427511         1.56307106388         -1.56079891587        1.56307106388         -1.56079891587        1.34141639049         -1.22421443697        
1.6812629729          1.5417246282          -1.54668832272        1.5417246282          -1.54668832272        1.32271109131         -1.21309085984        
1.69092167069         1.52271921217         -1.53478399283        1.52271921217         -1.53478399283        1.30602281543         -1.2036984912         
1.70058036848         1.51549337529         -1.53470421172        1.51549337529         -1.53470421172        1.2994444149          -1.20358088635        
1.71023906627         1.50704117161         -1.53329192759        1.50704117161         -1.53329192759        1.29181704773         -1.20241653399        
1.71989776406         1.4977623504          -1.53102978427        1.4977623504          -1.53102978427        1.28348465278         -1.20058958383        
1.72955646185         1.48796246552         -1.52827744268        1.48796246552         -1.52827744268        1.27470274485         -1.19837704706        
1.73921515964         1.47750780865         -1.52487177047        1.47750780865         -1.52487177047        1.26537183741         -1.19565297422        
1.74887385744         1.46649852593         -1.52092378085        1.46649852593         -1.52092378085        1.25557273038         -1.19250327639        
1.75853255523         1.45503541559         -1.51651733577        1.45503541559         -1.51651733577        1.24539256511         -1.18899409887        
1.76819125302         1.44310799591         -1.51164649425        1.44310799591         -1.51164649425        1.23482446867         -1.18512073589        
1.77784995081         1.43077670023         -1.50634711956        1.43077670023         -1.50634711956        1.22391802927         -1.18091150943        
1.7875086486          1.41800546928         -1.50063605763        1.41800546928         -1.50063605763        1.21264749592         -1.17637989111        
1.79716734639         1.40490382705         -1.4945488756         1.40490382705         -1.4945488756         1.20110257334         -1.17155350126        
1.80682604418         1.39131947942         -1.48803446778        1.39131947942         -1.48803446778        1.18916141514         -1.16639303842        
1.81648474197         1.37733920472         -1.48110068079        1.37733920472         -1.48110068079        1.17689548406         -1.16090377219        
1.82614343976         1.36297100049         -1.47366800812        1.36297100049         -1.47366800812        1.16431130227         -1.15502236656        
1.83580213755         1.34838004332         -1.46593837945        1.34838004332         -1.46593837945        1.15154441529         -1.1489094169         
1.84546083534         1.33351151439         -1.45786796369        1.33351151439         -1.45786796369        1.13855095719         -1.14253049534        
1.85511953314         1.31835722164         -1.44954458216        1.31835722164         -1.44954458216        1.12532619377         -1.13595361123        
1.86477823093         1.3029378788          -1.44075017698        1.3029378788          -1.44075017698        1.11188534902         -1.12900942833        
1.87443692872         1.28727510931         -1.43169854343        1.28727510931         -1.43169854343        1.09825012166         -1.12186383505        
1.88409562651         1.27133415883         -1.42232300871        1.27133415883         -1.42232300871        1.08439098012         -1.11446454444        
1.8937543243          1.25517737438         -1.41259288339        1.25517737438         -1.41259288339        1.07036069098         -1.1067890469         
1.90341302209         1.23880229037         -1.40258369325        1.23880229037         -1.40258369325        1.05615686624         -1.09889619857        
1.91307171988         1.22222585847         -1.39223156739        1.22222585847         -1.39223156739        1.04179362158         -1.0907345573         
1.92273041767         1.20546742087         -1.38159824284        1.20546742087         -1.38159824284        1.02728735876         -1.08235645892        
1.93238911546         1.18860514444         -1.37065030979        1.18860514444         -1.37065030979        1.01269901085         -1.07373235092        
1.94204781325         1.1715753661          -1.35946436486        1.1715753661          -1.35946436486        0.997981276779        -1.06492307854        
1.95170651105         1.15435218965         -1.34797179149        1.15435218965         -1.34797179149        0.983112318445        -1.05587455341        
1.96136520884         1.13707212917         -1.33622498411        1.13707212917         -1.33622498411        0.968204596649        -1.04662788643        
1.97102390663         1.11965295568         -1.32419825113        1.11965295568         -1.32419825113        0.953189873401        -1.03716296536        
1.98068260442         1.10215803161         -1.31192789795        1.10215803161         -1.31192789795        0.938120229915        -1.02750834269        
1.99034130221         1.08460577225         -1.29937041004        1.08460577225         -1.29937041004        0.923011163907        -1.0176298797         
2                     1.06700582591         -1.28658714057        1.06700582591         -1.28658714057        0.907870672158        -1.00757562454        
2.001                 1.06517810161         -1.28524594932        1.06517810161         -1.28524594932        0.906299007202        -1.00652085812        
2.20778922054         0.702634836196        -0.975417870111       0.702634836196        -0.975417870111       0.595770757344        -0.763231294424       
2.41457844109         0.405331454215        -0.667195163597       0.405331454215        -0.667195163597       0.343050967182        -0.521665537476       
2.62136766163         0.199486256674        -0.406715814538       0.199486256674        -0.406715814538       0.169049224881        -0.317811124483       
2.82815688218         0.0793367307837       -0.219561085085       0.0793367307837       -0.219561085085       0.0677809974144       -0.171486933114       
3.03494610272         0.0219505093071       -0.102594893899       0.0219505093071       -0.102594893899       0.0193446520878       -0.0801038091597      
3.24173532327         0.00130130439319      -0.0398307087742      0.00130130439319      -0.0398307087742      0.00171163715124      -0.0310931981603      
3.44852454381         -0.00261149707566     -0.0117018106727      -0.00261149707566     -0.0117018106727      -0.00186747814197     -0.00913535260793     
3.65531376436         -0.00138742458148     -0.00188378033226     -0.00138742458148     -0.00188378033226     -0.00105582424857     -0.00147153835593     
3.8621029849          -6.84837673093e-05    -1.84799071483e-05    -6.84837673093e-05    -1.84799071483e-05    -5.25673073175e-05    -1.44851528822e-05    
3.8631029849          -6.62885239973e-05    -1.76809649243e-05    -6.62885239973e-05    -1.76809649243e-05    -5.08811268372e-05    -1.38589789125e-05    
3.8801029849          -3.50465470541e-05    -7.24190518971e-06    -3.50465470541e-05    -7.24190518971e-06    -2.68889034412e-05    -5.67378993823e-06    
3.8971029849          -1.40949968334e-05    -1.25342117487e-06    -1.40949968334e-05    -1.25342117487e-06    -1.08072629894e-05    -9.73475059219e-07    
3.9141029849          -2.14478031602e-06    1.91671533374e-06     -2.14478031602e-06    1.91671533374e-06     -1.63990350357e-06    1.518101253e-06       
3.9311029849          2.4200395492e-07      5.71662815819e-06     2.4200395492e-07      5.71662815819e-06     2.6800114139e-06      4.09110099061e-07     
3.9481029849          4.44876155109e-07     1.37502594049e-05     4.44876155109e-07     1.37502594049e-05     2.53844839779e-06     6.88867645278e-06     
3.9651029849          6.06862737133e-07     2.20857415992e-05     6.06862737133e-07     2.20857415992e-05     2.42016271139e-06     1.35645548966e-05     
3.9821029849          7.22092033502e-07     2.9720915372e-05      7.22092033502e-07     2.9720915372e-05      2.29878539942e-06     1.96703473775e-05     
3.9831029849          7.2749463912e-07      3.01390963464e-05     7.2749463912e-07      3.01390963464e-05     2.29141849642e-06     2.0004856711e-05      
4.1630681199          5.03761644965e-07     5.05288995649e-05     5.03761644965e-07     5.05288995649e-05     9.11191173858e-07     3.72270058809e-05     
4.3430332549          8.22223470479e-08     2.72492731797e-05     8.22223470479e-08     2.72492731797e-05     2.07060629902e-07     2.02162922996e-05     
4.5229983899          -1.89909981844e-08    9.89956988048e-06     -1.89909981844e-08    9.89956988048e-06     1.93921297944e-08     7.35382067708e-06     
4.7029635249          -1.50755366525e-08    2.59839474457e-06     -1.50755366525e-08    2.59839474457e-06     -5.13370179323e-09    1.93249073977e-06     
4.88292865991         -3.87885737998e-09    4.30115686407e-07     -3.87885737998e-09    4.30115686407e-07     -2.16298440711e-09    3.20937354623e-07     
5.06289379491         -1.54353415822e-10    1.31177752081e-08     -1.54353415822e-10    1.31177752081e-08     -9.88538327535e-11    9.8906118234e-09      
5.24285892991         2.49235291212e-08     3.53075512596e-10     2.49235291212e-08     3.53075512596e-10     1.89324119055e-08     -4.28798553656e-10    
5.42282406491         2.66060019583e-08     4.33529499687e-10     2.66060019583e-08     4.33529499687e-10     2.00722907689e-08     -6.23495055659e-10    
5.60278919991         1.4638132646e-08      2.66479765855e-10     1.4638132646e-08      2.66479765855e-10     1.09606096446e-08     -4.26186002144e-10    
5.78275433491         6.04167676645e-09     1.20443051839e-10     6.04167676645e-09     1.20443051839e-10     4.487837214e-09       -2.0733073237e-10     
5.96271946991         2.07390375317e-09     4.46224911594e-11     2.07390375317e-09     4.46224911594e-11     1.52775290679e-09     -8.10680131497e-11    
6.14268460491         6.18696315794e-10     1.42110876472e-11     6.18696315794e-10     1.42110876472e-11     4.51879445931e-10     -2.6898032959e-11     
6.32264973991         1.6415194408e-10      3.99098997617e-12     1.6415194408e-10      3.99098997617e-12     1.18849658908e-10     -7.79908356209e-12    
6.50261487492         3.92682933419e-11     1.00371957077e-12     3.92682933419e-11     1.00371957077e-12     2.81806226371e-11     -2.0117407366e-12     
6.68258000992         8.54616140838e-12     2.2839104611e-13      8.54616140838e-12     2.2839104611e-13      6.07860978771e-12     -4.67154075522e-13    
6.86254514492         1.70071324421e-12     4.73035552358e-14     1.70071324421e-12     4.73035552358e-14     1.19886704074e-12     -9.8356721711e-14     
7.04251027992         3.11881820656e-13     8.99382797513e-15     3.11881820656e-13     8.99382797513e-15     2.1788634574e-13      -1.89512720858e-14    
7.22247541492         5.14093976458e-14     1.5320656222e-15      5.14093976458e-14     1.5320656222e-15      3.55946407115e-14     -3.26336175549e-15    
7.40244054992         9.80902580862e-15     3.01252250835e-16     9.80902580862e-15     3.01252250835e-16     6.73099693712e-15     -6.47316777945e-16    
7.58240568492         9.63803557439e-16     3.04308667957e-17     9.63803557439e-16     3.04308667957e-17     6.55495125744e-16     -6.58491433186e-17    
7.76237081992         1.113489699e-15       3.60677045922e-17     1.113489699e-15       3.60677045922e-17     7.50606765327e-16     -7.8477923362e-17     
7.94233595492         1.27495672191e-15     4.22892448276e-17     1.27495672191e-15     4.22892448276e-17     8.51898621535e-16     -9.24099585772e-17    
8.12230108993         1.44833255534e-15     4.91126353481e-17     1.44833255534e-15     4.91126353481e-17     9.59292580453e-16     -1.0766766889e-16     
8.30226622493         1.63373552009e-15     5.65540432073e-17     1.63373552009e-15     5.65540432073e-17     1.07270734715e-15     -1.24269699455e-16    
8.48223135993         1.83127531538e-15     6.46287334378e-17     1.83127531538e-15     6.46287334378e-17     1.19205962628e-15     -1.42231296522e-16    
8.66219649493         2.04105387975e-15     7.33511398431e-17     2.04105387975e-15     7.33511398431e-17     1.31726480462e-15     -1.61564647055e-16    
8.84216162993         2.26316614475e-15     8.27349287665e-17     2.26316614475e-15     8.27349287665e-17     1.44823748594e-15     -1.82279185319e-16    
9.02212676493         2.49770069708e-15     9.27930566642e-17     2.49770069708e-15     9.27930566642e-17     1.58489192591e-15     -2.04381869489e-16    
9.20209189993         2.74474036234e-15     1.03537822201e-16     2.74474036234e-15     1.03537822201e-16     1.72714238887e-15     -2.27877431159e-16    
9.38205703493         3.00436272137e-15     1.14980913492e-16     3.00436272137e-15     1.14980913492e-16     1.87490344102e-15     -2.52768600372e-16    
9.56202216993         3.27664056851e-15     1.27133451026e-16     3.27664056851e-15     1.27133451026e-16     2.02809019177e-15     -2.79056308618e-16    
9.74198730494         3.56164231942e-15     1.40006026758e-16     3.56164231942e-15     1.40006026758e-16     2.18661849222e-15     -3.06739871982e-16    
9.92195243994         3.85943237531e-15     1.5360873976e-16      3.85943237531e-15     1.5360873976e-16      2.35040509912e-15     -3.35817156432e-16    
10.1019175749         4.17007144894e-15     1.67951228815e-16     4.17007144894e-15     1.67951228815e-16     2.51936781176e-15     -3.66284727053e-16    
10.2818827099         4.49361685726e-15     1.83042702258e-16     4.49361685726e-15     1.83042702258e-16     2.69342558967e-15     -3.9813798284e-16     
10.4618478449         4.8301227849e-15      1.98891965345e-16     4.8301227849e-15      1.98891965345e-16     2.87249866254e-15     -4.3137127849e-16     
10.6418129799         5.17964052176e-15     2.15507445399e-16     5.17964052176e-15     2.15507445399e-16     3.05650865537e-15     -4.65978034512e-16    
10.8217781149         5.54221867793e-15     2.32897214954e-16     5.54221867793e-15     2.32897214954e-16     3.24537880307e-15     -5.01950836808e-16    
11.0017432499         5.91790337851e-15     2.51069013078e-16     5.91790337851e-15     2.51069013078e-16     3.43903471761e-15     -5.39281526784e-16    
11.1817083849         6.30673844047e-15     2.7003026506e-16      6.30673844047e-15     2.7003026506e-16      3.63740554339e-15     -5.77953669846e-16    
11.3616735199         6.70876553368e-15     2.8978810061e-16      6.70876553368e-15     2.8978810061e-16      3.84040483193e-15     -6.17958312123e-16    
11.5416386549         7.1240243277e-15      3.10349370699e-16     7.1240243277e-15      3.10349370699e-16     4.04796385328e-15     -6.59290378725e-16    
11.7216037899         7.55255262593e-15     3.31720663174e-16     7.55255262593e-15     3.31720663174e-16     4.26001269403e-15     -7.01939311294e-16    
11.9015689249         7.99438648836e-15     3.53908317248e-16     7.99438648836e-15     3.53908317248e-16     4.47648222621e-15     -7.45894141479e-16    
12.08153406           8.44956034407e-15     3.76918436966e-16     8.44956034407e-15     3.76918436966e-16     4.69730451204e-15     -7.91143540924e-16    
12.261499195          8.91810709463e-15     4.00756903733e-16     8.91810709463e-15     4.00756903733e-16     4.92241288532e-15     -8.37675866614e-16    
12.44146433           9.40005820911e-15     4.25429387983e-16     9.40005820911e-15     4.25429387983e-16     5.15174196893e-15     -8.85479202032e-16    
12.621429465          9.89544381167e-15     4.50941360067e-16     9.89544381167e-15     4.50941360067e-16     5.3852276712e-15      -9.34541394516e-16    
12.8013946            1.04042927623e-14     4.77298100411e-16     1.04042927623e-14     4.77298100411e-16     5.62280717322e-15     -9.84850089171e-16    
12.981359735          1.09266327315e-14     5.04504709011e-16     1.09266327315e-14     5.04504709011e-16     5.86441891136e-15     -1.03639275965e-15    
13.16132487           1.14624902692e-14     5.32566114323e-16     1.14624902692e-14     5.32566114323e-16     6.11000255688e-15     -1.08915673612e-15    
13.341290005          1.20118908688e-14     5.61487081578e-16     1.20118908688e-14     5.61487081578e-16     6.35949899388e-15     -1.14312923064e-15    
13.52125514           1.25748590266e-14     5.91272220591e-16     1.25748590266e-14     5.91272220591e-16     6.61285029601e-15     -1.19829736016e-15    
13.701220275          1.31514182967e-14     6.2192599307e-16      1.31514182967e-14     6.2192599307e-16      6.86999970247e-15     -1.25464816749e-15    
13.88118541           1.3741591342e-14      6.534527195e-16       1.3741591342e-14      6.534527195e-16       7.13089159348e-15     -1.31216864024e-15    
14.061150545          1.43453999826e-14     6.85856585602e-16     1.43453999826e-14     6.85856585602e-16     7.39547146556e-15     -1.37084572805e-15    
14.24111568           1.49628652395e-14     7.19141648412e-16     1.49628652395e-14     7.19141648412e-16     7.66368590665e-15     -1.43066635816e-15    
14.421080815          1.55940073763e-14     7.53311842011e-16     1.55940073763e-14     7.53311842011e-16     7.93548257135e-15     -1.49161744962e-15    
14.60104595           1.6238845938e-14      7.8837098292e-16      1.6238845938e-14      7.8837098292e-16      8.21081015621e-15     -1.55368592603e-15    
14.781011085          1.68973997872e-14     8.2432277519e-16      1.68973997872e-14     8.2432277519e-16      8.4896183753e-15      -1.61685872721e-15    
14.96097622           1.75696871377e-14     8.61170815205e-16     1.75696871377e-14     8.61170815205e-16     8.77185793604e-15     -1.68112281963e-15    
15.140941355          1.82557255866e-14     8.98918596228e-16     1.82557255866e-14     8.98918596228e-16     9.05748051543e-15     -1.74646520593e-15    
15.32090649           1.89555321437e-14     9.37569512686e-16     1.89555321437e-14     9.37569512686e-16     9.34643873656e-15     -1.81287293341e-15    
15.500871625          1.96691232596e-14     9.77126864233e-16     1.96691232596e-14     9.77126864233e-16     9.63868614565e-15     -1.88033310183e-15    
15.68083676           2.0396514852e-14      1.01759385959e-15     2.0396514852e-14      1.01759385959e-15     9.93417718944e-15     -1.94883287024e-15    
15.860801895          2.11377223299e-14     1.05897362021e-15     2.11377223299e-14     1.05897362021e-15     1.02328671932e-14     -2.0183594633e-15     
16.04076703           2.18927606175e-14     1.10126918367e-15     2.18927606175e-14     1.10126918367e-15     1.05347123389e-14     -2.0889001768e-15     
16.220732165          2.26616441752e-14     1.14448350704e-15     2.26616441752e-14     1.14448350704e-15     1.08396696443e-14     -2.16044238268e-15    
16.4006973            2.34443870211e-14     1.1886194699e-15      2.34443870211e-14     1.1886194699e-15      1.11476969424e-14     -2.23297353351e-15    
16.580662435          2.42410027494e-14     1.23367987736e-15     2.42410027494e-14     1.23367987736e-15     1.14587528609e-14     -2.3064811664e-15     
16.76062757           2.50515045497e-14     1.27966746282e-15     2.50515045497e-14     1.27966746282e-15     1.17727968031e-14     -2.38095290656e-15    
16.940592705          2.58759052236e-14     1.32658489068e-15     2.58759052236e-14     1.32658489068e-15     1.20897889284e-14     -2.45637647037e-15    
17.12055784           2.67142172012e-14     1.37443475885e-15     2.67142172012e-14     1.37443475885e-15     1.24096901339e-14     -2.5327396681e-15     
17.300522975          2.75664525569e-14     1.4232196012e-15      2.75664525569e-14     1.4232196012e-15      1.27324620362e-14     -2.61003040632e-15    
17.48048811           2.84326230237e-14     1.47294188981e-15     2.84326230237e-14     1.47294188981e-15     1.30580669538e-14     -2.6882366899e-15     
17.660453245          2.93127400071e-14     1.52360403724e-15     2.93127400071e-14     1.52360403724e-15     1.33864678901e-14     -2.76734662385e-15    
17.84041838           3.02068145983e-14     1.57520839856e-15     3.02068145983e-14     1.57520839856e-15     1.37176285163e-14     -2.84734841478e-15    
18.020383515          3.11148575868e-14     1.62775727341e-15     3.11148575868e-14     1.62775727341e-15     1.40515131558e-14     -2.92823037214e-15    
18.20034865           3.2036879472e-14      1.68125290785e-15     3.2036879472e-14      1.68125290785e-15     1.4388086768e-14      -3.00998090935e-15    
18.380313785          3.29728904747e-14     1.73569749621e-15     3.29728904747e-14     1.73569749621e-15     1.47273149334e-14     -3.09258854456e-15    
18.56027892           3.39229005473e-14     1.79109318284e-15     3.39229005473e-14     1.79109318284e-15     1.50691638385e-14     -3.17604190132e-15    
18.740244055          3.48869193847e-14     1.84744206376e-15     3.48869193847e-14     1.84744206376e-15     1.54136002616e-14     -3.26032970912e-15    
18.92020919           3.5864956433e-14      1.90474618827e-15     3.5864956433e-14      1.90474618827e-15     1.57605915588e-14     -3.34544080367e-15    
19.100174325          3.68570208996e-14     1.96300756046e-15     3.68570208996e-14     1.96300756046e-15     1.61101056505e-14     -3.43136412709e-15    
19.28013946           3.78631217615e-14     2.02222814067e-15     3.78631217615e-14     2.02222814067e-15     1.64621110083e-14     -3.51808872803e-15    
19.460104595          3.88832677734e-14     2.0824098469e-15      3.88832677734e-14     2.0824098469e-15      1.68165766427e-14     -3.60560376157e-15    
19.64006973           3.99174674763e-14     2.14355455616e-15     3.99174674763e-14     2.14355455616e-15     1.71734720903e-14     -3.69389848909e-15    
19.820034865          4.09657292045e-14     2.2056641057e-15      4.09657292045e-14     2.2056641057e-15      1.75327674028e-14     -3.78296227801e-15    
20                    0                     0                     0                     0                     0                     0                     
