0.0779191396          0                     0                     0                     0                     0                     0                     
0.087577837391        0.0213854845841       0.00181653704833      0.0213854845841       0.00181653704833      0.0172886765832       0.00105787686226      
0.0972365351819       0.128689827428        0.00804225922044      0.128689827428        0.00804225922044      0.103146471518        0.00457530855418      
0.106895232973        0.3348175104          0.015276634136        0.3348175104          0.015276634136        0.2664605015          0.00842192910782      
0.116553930764        0.625302623599        0.0194876160457       0.625302623599        0.0194876160457       0.494508010727        0.0101536940657       
0.126212628555        0.980122284633        0.0173801900989       0.980122284633        0.0173801900989       0.770696477158        0.00778499836777      
0.135871326346        1.38091049213         0.00675374519         1.38091049213         0.00675374519         1.08017109387         -2.0289801729e-06     
0.145530024137        1.81210540023         -0.0142101203149      1.81210540023         -0.0142101203149      1.41066447695         -0.0143055279948      
0.155188721928        2.2616002377          -0.0461965380029      2.2616002377          -0.0461965380029      1.75280328531         -0.0355226008971      
0.164847419719        2.72081727247         -0.0899522098678      2.72081727247         -0.0899522098678      2.09999822689         -0.0641148754437      
0.17450611751         3.18225382376         -0.146749491061       3.18225382376         -0.146749491061       2.44671689852         -0.100876162543       
0.184164815301        3.64095364123         -0.217370537046       3.64095364123         -0.217370537046       2.78934978613         -0.146290496867       
0.193823513091        4.09164798198         -0.303323910144       4.09164798198         -0.303323910144       3.12427654832         -0.20131124974        
0.203482210882        4.52920734159         -0.404708445609       4.52920734159         -0.404708445609       3.4481220682          -0.266004536761       
0.213140908673        4.94960370575         -0.522404127446       4.94960370575         -0.522404127446       3.75829550765         -0.3409354108         
0.222799606464        5.34713280709         -0.654757741646       5.34713280709         -0.654757741646       4.05122847402         -0.425068825555       
0.232458304255        5.71795930383         -0.798040054453       5.71795930383         -0.798040054453       4.32454933049         -0.516057433566       
0.242117002046        6.06032056323         -0.94755006042        6.06032056323         -0.94755006042        4.57722540063         -0.610941539497       
0.251775699837        6.37490674096         -1.09963298246        6.37490674096         -1.09963298246        4.80982745973         -0.707432863624       
0.261434397628        6.66338857712         -1.25041173268        6.66338857712         -1.25041173268        5.02349312954         -0.803070044857       
0.271093095419        6.92792807148         -1.39900761025        6.92792807148         -1.39900761025        5.21972385148         -0.897302398082       
0.28075179321         7.17005347867         -1.54342691206        7.17005347867         -1.54342691206        5.39962350248         -0.988874144294       
0.290410491001        7.39237848172         -1.6824609247         7.39237848172         -1.6824609247         5.56495093347         -1.07701881394        
0.300069188792        7.59708332213         -1.81603241917        7.59708332213         -1.81603241917        5.71719911882         -1.16168966264        
0.309727886583        7.78607379587         -1.94489459881        7.78607379587         -1.94489459881        5.85769911019         -1.24336393169        
0.319386584374        7.9599152653          -2.06966377971        7.9599152653          -2.06966377971        5.98690830987         -1.32243100519        
0.329045282165        8.11897415307         -2.19048482335        8.11897415307         -2.19048482335        6.10518125723         -1.39898637868        
0.338703979956        8.26340144227         -2.3066548347         8.26340144227         -2.3066548347         6.21269347062         -1.47258657212        
0.348362677747        8.3941221965          -2.4173314028         8.3941221965          -2.4173314028         6.31013499993         -1.54270367162        
0.358021375538        8.5121581065          -2.52166831659        8.5121581065          -2.52166831659        6.39821437605         -1.60880195542        
0.367680073329        8.6195738385          -2.61936321975        8.6195738385          -2.61936321975        6.47835103996         -1.67069225511        
0.37733877112         8.71778851322         -2.71049074667        8.71778851322         -2.71049074667        6.55148961698         -1.72842144936        
0.386997468911        8.80830646148         -2.79567000165        8.80830646148         -2.79567000165        6.61867178718         -1.78238286541        
0.396656166702        8.89169766171         -2.87426342287        8.89169766171         -2.87426342287        6.6802864477          -1.83215862773        
0.406314864492        8.97035029589         -2.94936148073        8.97035029589         -2.94936148073        6.73795799984         -1.87972074384        
0.415973562283        9.04399612507         -3.02137885667        9.04399612507         -3.02137885667        6.79155997805         -1.92532438631        
0.425632260074        9.11213504872         -3.09091597691        9.11213504872         -3.09091597691        6.84080868014         -1.96934707581        
0.435290957865        9.17634140829         -3.15865874628        9.17634140829         -3.15865874628        6.88678754227         -2.01221869345        
0.444949655656        9.23252088691         -3.22469519403        9.23252088691         -3.22469519403        6.92691217317         -2.05401524681        
0.454608353447        9.28481661433         -3.28952206777        9.28481661433         -3.28952206777        6.96390324867         -2.09503193511        
0.464267051238        9.33003701077         -3.35212228434        9.33003701077         -3.35212228434        6.99572640139         -2.13463314681        
0.473925749029        9.36999976175         -3.4132528033         9.36999976175         -3.4132528033         7.02361632542         -2.17329960334        
0.48358444682         9.40415689616         -3.47235815462        9.40415689616         -3.47235815462        7.04725242522         -2.21068019005        
0.493243144611        9.43234134223         -3.52908429976        9.43234134223         -3.52908429976        7.06652558403         -2.24655282383        
0.502901842402        9.45499611987         -3.58325768538        9.45499611987         -3.58325768538        7.08178619727         -2.28080785571        
0.512560540193        9.47294067843         -3.63470440446        9.47294067843         -3.63470440446        7.09359578202         -2.31333673673        
0.522219237984        9.48541379878         -3.68299216108        9.48541379878         -3.68299216108        7.10141421114         -2.34386776256        
0.531877935775        9.49420771591         -3.72828621549        9.49420771591         -3.72828621549        7.10656039635         -2.37250743202        
0.541536633566        9.49857282711         -3.77019056269        9.49857282711         -3.77019056269        7.10843516022         -2.39899203411        
0.551195331357        9.49971582565         -3.80891014876        9.49971582565         -3.80891014876        7.10788864653         -2.42347167764        
0.560854029148        9.4976734261          -3.84463710819        9.4976734261          -3.84463710819        7.10495243987         -2.44605824571        
0.570512726939        9.49255079789         -3.87716697137        9.49255079789         -3.87716697137        7.09968183314         -2.46662095589        
0.58017142473         9.48550057427         -3.90687380635        9.48550057427         -3.90687380635        7.09290870756         -2.48539865455        
0.589830122521        9.47590442023         -3.93364627419        9.47590442023         -3.93364627419        7.08417695874         -2.50231703281        
0.599488820312        9.46470896702         -3.95779080193        9.46470896702         -3.95779080193        7.07414414213         -2.51757112579        
0.609147518103        9.45229722279         -3.97960661213        9.45229722279         -3.97960661213        7.06309615193         -2.53135008655        
0.618806215893        9.43775433005         -3.99888753001        9.43775433005         -3.99888753001        7.05034589177         -2.54352251243        
0.628464913684        9.42239466819         -4.01633150659        9.42239466819         -4.01633150659        7.03687987957         -2.5545325608         
0.638123611475        9.40665781417         -4.03183470539        9.40665781417         -4.03183470539        7.02293330505         -2.56430911334        
0.647782309266        9.3893453818          -4.04593798417        9.3893453818          -4.04593798417        7.00774960855         -2.57319824945        
0.657441007057        9.37127938503         -4.05851020686        9.37127938503         -4.05851020686        6.99188237782         -2.58111454758        
0.667099704848        9.35272113142         -4.06996714751        9.35272113142         -4.06996714751        6.9755154517          -2.58832371066        
0.676758402639        9.33320734443         -4.08027788448        9.33320734443         -4.08027788448        6.95833477496         -2.59480321929        
0.68641710043         9.31289379465         -4.08968962573        9.31289379465         -4.08968962573        6.94046593993         -2.60071073247        
0.696075798221        9.2915798965          -4.09817309607        9.2915798965          -4.09817309607        6.92177547332         -2.60602798346        
0.705734496012        9.26993224395         -4.10624465706        9.26993224395         -4.10624465706        6.90274461262         -2.61108148428        
0.715393193803        9.24721578605         -4.11365662119        9.24721578605         -4.11365662119        6.88286059355         -2.61571520896        
0.725051891594        9.22361477558         -4.12055333833        9.22361477558         -4.12055333833        6.86226697133         -2.62001973598        
0.734710589385        9.1990831246          -4.1270392095         9.1990831246          -4.1270392095         6.84094391213         -2.62406178803        
0.744369287176        9.17370686223         -4.13321847613        9.17370686223         -4.13321847613        6.81896635233         -2.62790663355        
0.754027984967        9.14718798553         -4.13899387931        9.14718798553         -4.13899387931        6.79612585349         -2.63149308492        
0.763686682758        9.11957625165         -4.14444779727        9.11957625165         -4.14444779727        6.77246259849         -2.63487356793        
0.773345380549        9.0912199373          -4.14967543874        9.0912199373          -4.14967543874        6.74823790057         -2.63810923047        
0.78300407834         9.06119977656         -4.15457550686        9.06119977656         -4.15457550686        6.72282594067         -2.64113569346        
0.792662776131        9.03000268298         -4.15901336952        9.03000268298         -4.15901336952        6.69653610191         -2.64386785688        
0.802321473922        8.99730493803         -4.16296739751        8.99730493803         -4.16296739751        6.66924818604         -2.6462909148         
0.811980171713        8.96359549101         -4.16631671155        8.96359549101         -4.16631671155        6.6411984422          -2.64832532374        
0.821638869504        8.92861641332         -4.16924581646        8.92861641332         -4.16924581646        6.6122491435          -2.65009513729        
0.831297567294        8.89254939588         -4.17188402397        8.89254939588         -4.17188402397        6.58251776612         -2.65168025866        
0.840956265085        8.85540338769         -4.17431897014        8.85540338769         -4.17431897014        6.55203417075         -2.65313677129        
0.850614962876        8.81642576549         -4.17613084723        8.81642576549         -4.17613084723        6.52025181065         -2.65419836483        
0.860273660667        8.77650883604         -4.17763987872        8.77650883604         -4.17763987872        6.48782970288         -2.65506744292        
0.869932358458        8.7349770627          -4.17851210385        8.7349770627          -4.17851210385        6.45427369376         -2.65553072435        
0.879591056249        8.69208731699         -4.17883703617        8.69208731699         -4.17883703617        6.41978402431         -2.65564723019        
0.88924975404         8.64762904921         -4.17850211348        8.64762904921         -4.17850211348        6.38421180733         -2.65534515042        
0.898908451831        8.60182275015         -4.17753094187        8.60182275015         -4.17753094187        6.3477080861          -2.6546394785         
0.908567149622        8.55424600968         -4.17570424783        8.55424600968         -4.17570424783        6.30996937776         -2.65339181857        
0.918225847413        8.50510278693         -4.17305502052        8.50510278693         -4.17305502052        6.27115811266         -2.65162263288        
0.927884545204        8.45425608775         -4.16948344624        8.45425608775         -4.16948344624        6.23115172551         -2.64926936779        
0.937543242995        8.40140515949         -4.16478157374        8.40140515949         -4.16478157374        6.18974757009         -2.64619933522        
0.947201940786        8.34686748066         -4.15907180751        8.34686748066         -4.15907180751        6.14717667348         -2.64249054657        
0.956860638577        8.28972262957         -4.1518324192         8.28972262957         -4.1518324192         6.10275824438         -2.63781196991        
0.966519336368        8.22979687646         -4.14292792701        8.22979687646         -4.14292792701        6.05635681062         -2.63207734834        
0.976178034159        8.1648005056          -4.1311293252         8.1648005056          -4.1311293252         6.00630053574         -2.62450602735        
0.98583673195         8.08046382241         -4.10913852912        8.08046382241         -4.10913852912        5.94209466936         -2.61046249003        
0.995495429741        7.98550231704         -4.08116579911        7.98550231704         -4.08116579911        5.87015249735         -2.59262141627        
1.00515412753         7.89231963574         -4.0537020022         7.89231963574         -4.0537020022         5.79961031491         -2.5751058051         
1.01481282532         7.80117261259         -4.02656241501        7.80117261259         -4.02656241501        5.73062728487         -2.55780027477        
1.02447152311         7.71125650929         -3.99928011583        7.71125650929         -3.99928011583        5.66261605208         -2.54040602777        
1.0341302209          7.62230594671         -3.97211114986        7.62230594671         -3.97211114986        5.59539735236         -2.5230872172         
1.0437889187          7.53489609223         -3.94501966613        7.53489609223         -3.94501966613        5.52936716963         -2.50582012534        
1.05344761649         7.44785853826         -3.9174697034         7.44785853826         -3.9174697034         5.46367311235         -2.48826456314        
1.06310631428         7.36202902059         -3.88991033748        7.36202902059         -3.88991033748        5.3989205384          -2.47070498621        
1.07276501207         7.27683722879         -3.86207887129        7.27683722879         -3.86207887129        5.33469782538         -2.45297681862        
1.08242370986         7.19303480419         -3.83423263443        7.19303480419         -3.83423263443        5.27151870077         -2.4352427276         
1.09208240765         7.11010515834         -3.80614391112        7.11010515834         -3.80614391112        5.20903939318         -2.41735625083        
1.10174110544         7.02762470255         -3.77757671961        7.02762470255         -3.77757671961        5.14693365966         -2.3991630873         
1.11139980323         6.9464915358          -3.74920592103        6.9464915358          -3.74920592103        5.08584666387         -2.38110487017        
1.12105850102         6.86626863019         -3.7207373726         6.86626863019         -3.7207373726         5.02546621668         -2.36298695835        
1.13071719881         6.78705846286         -3.692126663          6.78705846286         -3.692126663          4.96585791526         -2.34477938576        
1.14037589661         6.70850696499         -3.66333730123        6.70850696499         -3.66333730123        4.9067761163          -2.32646091252        
1.1500345944          6.63109190105         -3.63455263215        6.63109190105         -3.63455263215        4.84855590077         -2.30814775551        
1.15969329219         6.55465566342         -3.60566408234        6.55465566342         -3.60566408234        4.79108245756         -2.28976954962        
1.16935198998         6.47925406003         -3.5767455126         6.47925406003         -3.5767455126         4.73438465454         -2.27137366325        
1.17901068777         6.40476613664         -3.54775815854        6.40476613664         -3.54775815854        4.67838847514         -2.25293549756        
1.18866938556         6.33075233502         -3.518459361          6.33075233502         -3.518459361          4.62276145831         -2.23430095395        
1.19832808335         6.25893050034         -3.48982284794        6.25893050034         -3.48982284794        4.568759039           -2.21608768575        
1.20798678114         6.18722466896         -3.46071722023        6.18722466896         -3.46071722023        4.51486201019         -2.19757761068        
1.21764547893         6.11687892921         -3.43187478239        6.11687892921         -3.43187478239        4.46197766624         -2.17923520984        
1.22730417672         6.04732962367         -3.40297211042        6.04732962367         -3.40297211042        4.40969602512         -2.16085563397        
1.23696287451         5.97931570135         -3.37448153228        5.97931570135         -3.37448153228        4.35855455178         -2.14273876024        
1.24662157231         5.91138586233         -3.3455769997         5.91138586233         -3.3455769997         4.30748809961         -2.12435938171        
1.2562802701          5.84491511587         -3.31703515248        5.84491511587         -3.31703515248        4.2575041974          -2.10621110032        
1.26593896789         5.77921573958         -3.28864085098        5.77921573958         -3.28864085098        4.20810971302         -2.08815641431        
1.27559766568         5.71461572572         -3.26058067776        5.71461572572         -3.26058067776        4.15953812829         -2.07031516057        
1.28525636347         5.65174876563         -3.23253390528        5.65174876563         -3.23253390528        4.11219193095         -2.05248196555        
1.29491506126         5.58907395028         -3.2046498233         5.58907395028         -3.2046498233         4.06504313129         -2.03475298398        
1.30457375905         5.52715785847         -3.1769137934         5.52715785847         -3.1769137934         4.01846262335         -2.0171178291         
1.31423245684         5.46645846673         -3.14955431891        5.46645846673         -3.14955431891        3.97278249623         -1.99972168724        
1.32389115463         5.40680587273         -3.12250908096        5.40680587273         -3.12250908096        3.92787278106         -1.98252465812        
1.33354985242         5.34785967143         -3.09563580736        5.34785967143         -3.09563580736        3.88350663774         -1.96543795345        
1.34320855022         5.28991140481         -3.06908180842        5.28991140481         -3.06908180842        3.83987779967         -1.94855297509        
1.35286724801         5.23247615612         -3.04264299855        5.23247615612         -3.04264299855        3.79664512867         -1.93174162192        
1.3625259458          5.17640075129         -3.01673252088        5.17640075129         -3.01673252088        3.75441075841         -1.9152655493         
1.37218464359         5.12090336531         -2.99103514295        5.12090336531         -2.99103514295        3.71261947715         -1.89892438974        
1.38184334138         5.06616735049         -2.9656272817         5.06616735049         -2.9656272817         3.67140157017         -1.88276703239        
1.39150203917         5.01213603299         -2.94045310325        5.01213603299         -2.94045310325        3.63073047793         -1.86675846643        
1.40116073696         4.95919527222         -2.91583951181        4.95919527222         -2.91583951181        3.59084704688         -1.85110470345        
1.41081943475         4.9067625805          -2.8914274968         4.9067625805          -2.8914274968         3.55137126988         -1.8355785959         
1.42047813254         4.85522429112         -2.86738929238        4.85522429112         -2.86738929238        3.51255407616         -1.82029011041        
1.43013683033         4.80438741324         -2.84370537737        4.80438741324         -2.84370537737        3.47427332587         -1.80522589631        
1.43979552812         4.75430731096         -2.82041001777        4.75430731096         -2.82041001777        3.43656736959         -1.79040820904        
1.44945422592         4.70479968888         -2.79740038747        4.70479968888         -2.79740038747        3.39930092185         -1.77577186372        
1.45911292371         4.65598647059         -2.77475971739        4.65598647059         -2.77475971739        3.36256408207         -1.76136964542        
1.4687716215          4.60788348967         -2.75251562805        4.60788348967         -2.75251562805        3.32636651088         -1.74721886232        
1.47843031929         4.56000947021         -2.73101365692        4.56000947021         -2.73101365692        3.29039094283         -1.73354741555        
1.48808901708         4.51331264186         -2.70895575106        4.51331264186         -2.70895575106        3.25523868772         -1.71950708534        
1.49774771487         4.46699411105         -2.68773938975        4.46699411105         -2.68773938975        3.22041759275         -1.70600930045        
1.50740641266         4.42088953847         -2.66651146698        4.42088953847         -2.66651146698        3.18580207704         -1.69250248036        
1.51706511045         4.37542329696         -2.64557303641        4.37542329696         -2.64557303641        3.15166779235         -1.67917885122        
1.52672380824         4.33076669292         -2.6250950406         4.33076669292         -2.6250950406         3.11813677129         -1.6661475178         
1.53638250603         4.28666251431         -2.6049559479         4.28666251431         -2.6049559479         3.08502859347         -1.65333189902        
1.54604120383         4.24326517913         -2.58527664564        4.24326517913         -2.58527664564        3.05245842198         -1.64080870386        
1.55569990162         4.20032734317         -2.56594633269        4.20032734317         -2.56594633269        3.02024900366         -1.62850782695        
1.56535859941         4.15787773956         -2.54691365851        4.15787773956         -2.54691365851        2.98842144271         -1.61639450294        
1.5750172972          4.11582157234         -2.52806083177        4.11582157234         -2.52806083177        2.95690123874         -1.60439638307        
1.58467599499         4.07418295893         -2.50938420612        4.07418295893         -2.50938420612        2.92573333885         -1.59251098443        
1.59433469278         4.03337101645         -2.49152357044        4.03337101645         -2.49152357044        2.89515651789         -1.58113991455        
1.60399339057         3.9932197031          -2.47393170875        3.9932197031          -2.47393170875        2.8651059731          -1.56994200976        
1.61365208836         3.95323820591         -2.4564941224         3.95323820591         -2.4564941224         2.8352081004          -1.55884289957        
1.62331078615         3.91391138211         -2.43946053831        3.91391138211         -2.43946053831        2.80581125684         -1.54800031755        
1.63296948394         3.87502030421         -2.42262298295        3.87502030421         -2.42262298295        2.77675510067         -1.5372790149         
1.64262818173         3.83667141574         -2.40624932657        3.83667141574         -2.40624932657        2.74812162765         -1.52685673528        
1.65228687953         3.79905722795         -2.39038263317        3.79905722795         -2.39038263317        2.72004577128         -1.51675642855        
1.66194557732         3.76208164774         -2.37496350344        3.76208164774         -2.37496350344        2.69246019611         -1.50694019166        
1.67160427511         3.72589044924         -2.3600456238         3.72589044924         -2.3600456238         2.66546893384         -1.49744256745        
1.6812629729          3.69062932361         -2.34575661145        3.69062932361         -2.34575661145        2.6391773671          -1.48834447061        
1.69092167069         3.66056995136         -2.33477550946        3.66056995136         -2.33477550946        2.6166316184          -1.48134498469        
1.70058036848         3.65848046754         -2.34175995872        3.65848046754         -2.34175995872        2.61410577306         -1.48574402129        
1.71023906627         3.65330664481         -2.34686995812        3.65330664481         -2.34686995812        2.60938560258         -1.48895343722        
1.71989776406         3.64591032031         -2.35068481115        3.64591032031         -2.35068481115        2.60309612591         -1.49134101204        
1.72955646185         3.6367343636          -2.35345986972        3.6367343636          -2.35345986972        2.5955524583          -1.49306893694        
1.73921515964         3.62597924388         -2.35530117275        3.62597924388         -2.35530117275        2.58689954135         -1.49420411351        
1.74887385744         3.61376828082         -2.35627525805        3.61376828082         -2.35627525805        2.57722732871         -1.4947890872         
1.75853255523         3.60019889898         -2.35642706677        3.60019889898         -2.35642706677        2.56660565123         -1.49485236851        
1.76819125302         3.58536183326         -2.35579362151        3.58536183326         -2.35579362151        2.55510017819         -1.49441764838        
1.77784995081         3.56932687863         -2.35440562685        3.56932687863         -2.35440562685        2.54275945094         -1.49350425873        
1.7875086486          3.55212599398         -2.35227119595        3.55212599398         -2.35227119595        2.52960983915         -1.49211782733        
1.79716734639         3.53380649783         -2.34940785769        3.53380649783         -2.34940785769        2.51568469956         -1.49026914273        
1.80682604418         3.5144154233          -2.34581374098        3.5144154233          -2.34581374098        2.50101814977         -1.48795693362        
1.81648474197         3.49401934141         -2.34153684153        3.49401934141         -2.34153684153        2.48565649383         -1.48521188079        
1.82614343976         3.47262021408         -2.33654063274        3.47262021408         -2.33654063274        2.46960390257         -1.48201096231        
1.83580213755         3.45032445936         -2.33086534439        3.45032445936         -2.33086534439        2.4529324187          -1.47837995387        
1.84546083534         3.42708738003         -2.32453396457        3.42708738003         -2.32453396457        2.43561522241         -1.47433230782        
1.85511953314         3.4029294613          -2.31749644113        3.4029294613          -2.31749644113        2.41766734599         -1.46983805735        
1.86477823093         3.37872501735         -2.31036025087        3.37872501735         -2.31036025087        2.39965152512         -1.46527635039        
1.87443692872         3.35244845725         -2.30145601556        3.35244845725         -2.30145601556        2.38027900809         -1.45960410489        
1.88409562651         3.32591758843         -2.29247530414        3.32591758843         -2.29247530414        2.3607088513          -1.45387933241        
1.8937543243          3.29877881255         -2.28291347503        3.29877881255         -2.28291347503        2.34071838439         -1.44778510466        
1.90341302209         3.2709888064          -2.27268477492        3.2709888064          -2.27268477492        2.3202836019          -1.44126889367        
1.91307171988         3.24250488706         -2.26187160066        3.24250488706         -2.26187160066        2.29937921573         -1.43438290023        
1.92273041767         3.21341034029         -2.25046229493        3.21341034029         -2.25046229493        2.27806054828         -1.42711926961        
1.93238911546         3.18375381583         -2.23844400133        3.18375381583         -2.23844400133        2.25636036597         -1.41946983661        
1.94204781325         3.15356267743         -2.22588632085        3.15356267743         -2.22588632085        2.23429915038         -1.41147881156        
1.95170651105         3.12292105156         -2.21276562197        3.12292105156         -2.21276562197        2.21193259797         -1.40313145574        
1.96136520884         3.09170425332         -2.19906404626        3.09170425332         -2.19906404626        2.18918042046         -1.3944163312         
1.97102390663         3.06009529192         -2.18486022928        3.06009529192         -2.18486022928        2.16616432553         -1.3853831942         
1.98068260442         3.0281023837          -2.17014168884        3.0281023837          -2.17014168884        2.14289122547         -1.37602427076        
1.99034130221         2.99574040135         -2.15492549975        2.99574040135         -2.15492549975        2.11937177688         -1.36635038985        
2                     2.96301548972         -2.13923733618        2.96301548972         -2.13923733618        2.09561137101         -1.35637784626        
2.001                 2.95962668382         -2.13758166549        2.95962668382         -2.13758166549        2.09315069328         -1.35532518976        
2.20423625233         2.23884928738         -1.72868070023        2.23884928738         -1.72868070023        1.57327087138         -1.09564682525        
2.40747250465         1.5600115469          -1.28166074644        1.5600115469          -1.28166074644        1.08832510715         -0.811939016268       
2.61070875698         0.986729958256        -0.883400181814       0.986729958256        -0.883400181814       0.684013819671        -0.559334301557       
2.81394500931         0.560216324455        -0.55231600744        0.560216324455        -0.55231600744        0.38647756035         -0.349522350563       
3.01718126163         0.289822956131        -0.31261690654        0.289822956131        -0.31261690654        0.198935066206        -0.197727283964       
3.22041751396         0.134287972088        -0.162043892863       0.134287972088        -0.162043892863       0.091787739013        -0.102435641292       
3.42365376629         0.0548447392979       -0.0753724568374      0.0548447392979       -0.0753724568374      0.0373857599717       -0.0476237862971      
3.62689001861         0.0197703536249       -0.0315790583504      0.0197703536249       -0.0315790583504      0.0134522307201       -0.0199447730146      
3.83012627094         0.00608380267883      -0.0117840964291      0.00608380267883      -0.0117840964291      0.0041432188836       -0.00744026761185     
4.03336252327         0.00154258463464      -0.00389403775948     0.00154258463464      -0.00389403775948     0.0010564581433       -0.00245808381424     
4.23659877559         0.000291141611138     -0.00111812750042     0.000291141611138     -0.00111812750042     0.000203266003172     -0.000705724804914    
4.43983502792         2.58903979798e-05     -0.00026979932418     2.58903979798e-05     -0.00026979932418     2.0187788138e-05      -0.000170288854209    
4.64307128025         -6.43612862117e-06    -5.06213969755e-05    -6.43612862117e-06    -5.06213969755e-05    -3.46610865991e-06    -3.19568576969e-05    
4.84630753257         -3.01542119931e-06    -5.71455153384e-06    -3.01542119931e-06    -5.71455153384e-06    -1.8428006812e-06     -3.60971549719e-06    
5.0495437849          -1.37277516026e-07    -5.35128014476e-08    -1.37277516026e-07    -5.35128014476e-08    -8.53450339432e-08    -3.38803829256e-08    
5.0505437849          -1.32683488936e-07    -5.10575738482e-08    -1.32683488936e-07    -5.10575738482e-08    -8.24884599275e-08    -3.23258680491e-08    
5.0675437849          -6.81822201666e-08    -1.97934067471e-08    -6.81822201666e-08    -1.97934067471e-08    -4.23798140725e-08    -1.25245326189e-08    
5.0845437849          -2.65305624153e-08    -3.02886934042e-09    -2.65305624153e-08    -3.02886934042e-09    -1.64835107487e-08    -1.8982376668e-09     
5.1015437849          -3.9496357914e-09     5.04585489382e-09     -3.9496357914e-09     5.04585489382e-09     -2.44973201665e-09    3.22524744107e-09     
5.1185437849          2.60559517374e-10     1.2263509919e-08      2.60559517374e-10     1.2263509919e-08      2.4825985452e-09      4.40423870675e-09     
5.1355437849          4.46308542025e-10     2.53687937488e-08     4.46308542025e-10     2.53687937488e-08     2.24600654704e-09     1.29234344395e-08     
5.1525437849          5.74684943738e-10     3.75898937397e-08     5.74684943738e-10     3.75898937397e-08     2.04295532813e-09     2.08302432178e-08     
5.1695437849          6.49776818392e-10     4.75681173085e-08     6.49776818392e-10     4.75681173085e-08     1.85224927488e-09     2.72913713991e-08     
5.1705437849          6.52767173195e-10     4.80778288151e-08     6.52767173195e-10     4.80778288151e-08     1.84131879237e-09     2.76220706523e-08     
5.34921193207         3.03543736046e-10     5.0768243952e-08      3.03543736046e-10     5.0768243952e-08      4.83855432162e-10     3.06630347314e-08     
5.52788007924         4.26140238058e-11     1.85260710457e-08     4.26140238058e-11     1.85260710457e-08     8.27418691712e-11     1.1197630695e-08      
5.70654822641         -1.23531563282e-12    4.73911221053e-09     -1.23531563282e-12    4.73911221053e-09     8.77780111879e-12     2.85822739153e-09     
5.88521637358         -2.10351805728e-12    9.36032821617e-10     -2.10351805728e-12    9.36032821617e-10     8.34042929945e-14     5.63311032655e-10     
6.06388452075         -5.40453305484e-13    1.39467980809e-10     -5.40453305484e-13    1.39467980809e-10     -1.73776352704e-13    8.38243941604e-11     
6.24255266792         -6.86207576199e-14    1.30592680748e-11     -6.86207576199e-14    1.30592680748e-11     -3.03294217257e-14    7.85298495359e-12     
6.42122081509         -9.22857730525e-16    1.43063397862e-13     -9.22857730525e-16    1.43063397862e-13     -4.61341601531e-16    8.65568169835e-14     
6.59988896226         3.53418840196e-13     2.65254552422e-15     3.53418840196e-13     2.65254552422e-15     2.14225544224e-13     -3.6080046398e-15     
6.77855710943         2.11785328791e-13     1.78905283991e-15     2.11785328791e-13     1.78905283991e-15     1.27653055961e-13     -2.9018763153e-15     
6.9572252566          6.97907765829e-14     6.48888789053e-16     6.97907765829e-14     6.48888789053e-16     4.18151299662e-14     -1.18300238778e-15    
7.13589340377         1.76992770204e-14     1.78253604247e-16     1.76992770204e-14     1.78253604247e-16     1.05384938328e-14     -3.53801024387e-16    
7.31456155094         3.60768438516e-15     3.88912415024e-17     3.60768438516e-15     3.88912415024e-17     2.13428238527e-15     -8.23859309608e-17    
7.49322969811         1.93531552546e-16     2.21274676627e-18     1.93531552546e-16     2.21274676627e-18     1.13739090623e-16     -4.93612869285e-18    
7.67189784528         2.60565233022e-16     3.13691022736e-18     2.60565233022e-16     3.13691022736e-18     1.52110994602e-16     -7.29875657156e-18    
7.85056599245         3.38082115666e-16     4.26057066673e-18     3.38082115666e-16     4.26057066673e-18     1.96027925156e-16     -1.02661460347e-17    
8.02923413962         4.26306347328e-16     5.59672570427e-18     4.26306347328e-16     5.59672570427e-18     2.45497436286e-16     -1.38891621927e-17    
8.20790228679         5.25443827479e-16     7.15744657529e-18     5.25443827479e-16     7.15744657529e-18     3.00514044402e-16     -1.82117465698e-17    
8.38657043396         6.35683472783e-16     8.95396958612e-18     6.35683472783e-16     8.95396958612e-18     3.61062552917e-16     -2.3277658538e-17     
8.56523858113         7.5719875309e-16      1.0996777307e-17      7.5719875309e-16      1.0996777307e-17      4.27120588052e-16     -2.91253307937e-17    
8.7439067283          8.90149224398e-16     1.32956702301e-17     8.90149224398e-16     1.32956702301e-17     4.98658578818e-16     -3.57896622289e-17    
8.92257487547         1.03468195453e-15     1.58598299549e-17     1.03468195453e-15     1.58598299549e-17     5.75641123453e-16     -4.33022810124e-17    
9.10124302264         1.19093280852e-15     1.8697874977e-17      1.19093280852e-15     1.8697874977e-17      6.58028018004e-16     -5.16917933241e-17    
9.27991116981         1.35902759084e-15     2.18179100632e-17     1.35902759084e-15     2.18179100632e-17     7.45775132131e-16     -6.09840167039e-17    
9.45857931698         1.5390830539e-15      2.52275700734e-17     1.5390830539e-15      2.52275700734e-17     8.38835167356e-16     -7.1202197736e-17     
9.63724746415         1.73120778641e-15     2.8934058972e-17      1.73120778641e-15     2.8934058972e-17      9.37158334756e-16     -8.23672142845e-17    
9.81591561132         1.93550299594e-15     3.29441846621e-17     1.93550299594e-15     3.29441846621e-17     1.0406930381e-15      -9.44977628057e-17    
9.99458375849         2.15206319916e-15     3.72643901822e-17     2.15206319916e-15     3.72643901822e-17     1.14938720793e-15     -1.07610531455e-16    
10.1732519057         2.38097683196e-15     4.19007817274e-17     2.38097683196e-15     4.19007817274e-17     1.2631861994e-15      -1.2171334948e-16     
10.3519200528         2.62232679007e-15     4.6859153887e-17      2.62232679007e-15     4.6859153887e-17      1.38202767242e-15     -1.36823270315e-16    
10.5305882            2.87619090926e-15     5.21450124362e-17     2.87619090926e-15     5.21450124362e-17     1.50585701018e-15     -1.52952594447e-16    
10.7092563472         3.14264239321e-15     5.77635949715e-17     3.14264239321e-15     5.77635949715e-17     1.63461731938e-15     -1.70111201901e-16    
10.8879244943         3.42175019568e-15     6.37198896389e-17     3.42175019568e-15     6.37198896389e-17     1.76825127843e-15     -1.88307639171e-16    
11.0665926415         3.71357936282e-15     7.00186521692e-17     3.71357936282e-15     7.00186521692e-17     1.90670144358e-15     -2.07549225208e-16    
11.2452607887         4.0181913406e-15      7.66644214098e-17     4.0181913406e-15      7.66644214098e-17     2.04991042881e-15     -2.27842148942e-16    
11.4239289358         4.33564425157e-15     8.36615335128e-17     4.33564425157e-15     8.36615335128e-17     2.19782104145e-15     -2.49191559019e-16    
11.602597083          4.66599314469e-15     9.10141349235e-17     4.66599314469e-15     9.10141349235e-17     2.35037639174e-15     -2.7160164638e-16     
11.7812652302         5.00929022131e-15     9.87261942922e-17     5.00929022131e-15     9.87261942922e-17     2.50751998337e-15     -2.95075720287e-16    
11.9599333774         5.36558504011e-15     1.06801513419e-16     5.36558504011e-15     1.06801513419e-16     2.66919578894e-15     -3.19616278326e-16    
12.1386015245         5.73492470327e-15     1.15243737327e-16     5.73492470327e-15     1.15243737327e-16     2.83534831285e-15     -3.45225070884e-16    
12.3172696717         6.11735402608e-15     1.24056363551e-16     6.11735402608e-15     1.24056363551e-16     3.00592264372e-15     -3.71903160567e-16    
12.4959378189         6.51291569162e-15     1.33242750711e-16     6.51291569162e-15     1.33242750711e-16     3.18086449792e-15     -3.99650976968e-16    
12.674605966          6.92165039217e-15     1.42806126445e-16     6.92165039217e-15     1.42806126445e-16     3.36012025571e-15     -4.28468367171e-16    
12.8532741132         7.34359695873e-15     1.52749594755e-16     7.34359695873e-15     1.52749594755e-16     3.54363699111e-15     -4.58354642347e-16    
13.0319422604         7.77879247987e-15     1.63076142819e-16     7.77879247987e-15     1.63076142819e-16     3.73136249684e-15     -4.8930862075e-16     
13.2106104075         8.22727241085e-15     1.73788647319e-16     8.22727241085e-15     1.73788647319e-16     3.92324530549e-15     -5.21328667423e-16    
13.3892785547         8.6890706742e-15      1.84889880324e-16     8.6890706742e-15      1.84889880324e-16     4.11923470829e-15     -5.54412730868e-16    
13.5679467019         9.16421975229e-15     1.96382514775e-16     9.16421975229e-15     1.96382514775e-16     4.31928077368e-15     -5.88558376929e-16    
13.7466148491         9.65275077292e-15     2.08269129583e-16     9.65275077292e-15     2.08269129583e-16     4.52333436881e-15     -6.23762820116e-16    
13.9252829962         1.01546935884e-14     2.20552214407e-16     1.01546935884e-14     2.20552214407e-16     4.73134719132e-15     -6.60022952569e-16    
14.1039511434         1.06700768486e-14     2.332341741e-16       1.06700768486e-14     2.332341741e-16       4.9432718291e-15      -6.97335370858e-16    
14.2826192906         1.11989280692e-14     2.46317332884e-16     1.11989280692e-14     2.46317332884e-16     5.15906190913e-15     -7.35696400776e-16    
14.4612874377         1.17412736943e-14     2.59803938245e-16     1.17412736943e-14     2.59803938245e-16     5.37867266726e-15     -7.75102120297e-16    
14.6399555849         1.22971391552e-14     2.73696164595e-16     1.22971391552e-14     2.73696164595e-16     5.60206434149e-15     -8.15542700558e-16    
14.8186237321         1.28665489248e-14     2.87996116706e-16     1.28665489248e-14     2.87996116706e-16     5.82917717844e-15     -8.57008700765e-16    
14.9972918792         1.34495265685e-14     3.02705832926e-16     1.34495265685e-14     3.02705832926e-16     6.05996939176e-15     -8.9950445929e-16     
15.1759600264         1.40460947912e-14     3.17827288218e-16     1.40460947912e-14     3.17827288218e-16     6.29439905056e-15     -9.43025163061e-16    
15.3546281736         1.46562754821e-14     3.33362397004e-16     1.46562754821e-14     3.33362397004e-16     6.53242389396e-15     -9.8756584161e-16     
15.5332963208         1.52800897553e-14     3.49313015854e-16     1.52800897553e-14     3.49313015854e-16     6.77400210695e-15     -1.03312138165e-15    
15.7119644679         1.59175579889e-14     3.65680946018e-16     1.59175579889e-14     3.65680946018e-16     7.0190924639e-15      -1.07968654063e-15    
15.8906326151         1.65686998613e-14     3.82467935807e-16     1.65686998613e-14     3.82467935807e-16     7.26765436977e-15     -1.12725595923e-15    
16.0693007623         1.72335343847e-14     3.99675682854e-16     1.72335343847e-14     3.99675682854e-16     7.51964787153e-15     -1.17582417308e-15    
16.2479689094         1.79120799371e-14     4.1730583624e-16      1.79120799371e-14     4.1730583624e-16      7.77503365825e-15     -1.22538562353e-15    
16.4266370566         1.86043542924e-14     4.35359998506e-16     1.86043542924e-14     4.35359998506e-16     8.03377305602e-15     -1.27593466769e-15    
16.6053052038         1.93103746484e-14     4.53839727561e-16     1.93103746484e-14     4.53839727561e-16     8.29582802031e-15     -1.32746558775e-15    
16.7839733509         2.00301576529e-14     4.72746538484e-16     2.00301576529e-14     4.72746538484e-16     8.56116112696e-15     -1.37997259967e-15    
16.9626414981         2.07637194293e-14     4.92081905234e-16     2.07637194293e-14     4.92081905234e-16     8.82973556228e-15     -1.43344986117e-15    
17.1413096453         2.15110755991e-14     5.11847262273e-16     2.15110755991e-14     5.11847262273e-16     9.10151511277e-15     -1.4878914792e-15     
17.3199777925         2.22722413049e-14     5.32044006096e-16     2.22722413049e-14     5.32044006096e-16     9.37646415449e-15     -1.54329151691e-15    
17.4986459396         2.30472312308e-14     5.52673496703e-16     2.30472312308e-14     5.52673496703e-16     9.6545476424e-15      -1.59964400001e-15    
17.6773140868         2.38360596221e-14     5.73737058976e-16     2.38360596221e-14     5.73737058976e-16     9.93573109952e-15     -1.65694292284e-15    
17.855982234          2.46387403042e-14     5.95235984002e-16     2.46387403042e-14     5.95235984002e-16     1.02199806062e-14     -1.71518225383e-15    
18.0346503811         2.54552866998e-14     6.17171530327e-16     2.54552866998e-14     6.17171530327e-16     1.05072627895e-14     -1.7743559407e-15     
18.2133185283         2.62857118461e-14     6.39544925151e-16     2.62857118461e-14     6.39544925151e-16     1.07975448122e-14     -1.83445791524e-15    
18.3919866755         2.713002841e-14       6.62357365462e-16     2.713002841e-14       6.62357365462e-16     1.10907943629e-14     -1.89548209773e-15    
18.5706548226         2.79882487036e-14     6.85610019122e-16     2.79882487036e-14     6.85610019122e-16     1.13869796452e-14     -1.95742240106e-15    
18.7493229698         2.8860384698e-14      7.09304025898e-16     2.8860384698e-14      7.09304025898e-16     1.16860693672e-14     -2.02027273455e-15    
18.927991117          2.97464480369e-14     7.33440498448e-16     2.97464480369e-14     7.33440498448e-16     1.19880327323e-14     -2.0840270075e-15     
19.1066592642         3.06464500495e-14     7.58020523261e-16     3.06464500495e-14     7.58020523261e-16     1.22928394283e-14     -2.14867913245e-15    
19.2853274113         3.15604017624e-14     7.83045161556e-16     3.15604017624e-14     7.83045161556e-16     1.26004596182e-14     -2.21422302826e-15    
19.4639955585         3.24883139115e-14     8.08515450136e-16     3.24883139115e-14     8.08515450136e-16     1.29108639306e-14     -2.28065262286e-15    
19.6426637057         3.34301969523e-14     8.34432402213e-16     3.34301969523e-14     8.34432402213e-16     1.32240234499e-14     -2.34796185593e-15    
19.8213318528         3.43860610713e-14     8.60797008187e-16     3.43860610713e-14     8.60797008187e-16     1.35399097075e-14     -2.41614468125e-15    
20                    0                     0                     0                     0                     0                     0                     
