0.0779191396          0                     0                     0                     0                     0                     0                     
0.0876199199819       0.00560929213415      -0.00257189794259     0.00560929213415      -0.00257189794259     0.0136524036109       -0.00565200563054     
0.0973207003637       0.0327836500664       -0.0187093616548      0.0327836500664       -0.0187093616548      0.0794837786835       -0.0404027558125      
0.107021480746        0.0786864167478       -0.0565411924537      0.0786864167478       -0.0565411924537      0.191818566088        -0.120644430037       
0.116722261127        0.131199183426        -0.113089464838       0.131199183426        -0.113089464838       0.323717872725        -0.239773877339       
0.126423041509        0.183441887831        -0.180562704824       0.183441887831        -0.180562704824       0.458789245108        -0.38152897994        
0.136123821891        0.2326376546          -0.253027414719       0.2326376546          -0.253027414719       0.589417953824        -0.53355747243        
0.145824602273        0.277642890335        -0.326679512758       0.277642890335        -0.326679512758       0.711827725323        -0.687930692553       
0.155525382655        0.318112678769        -0.399095424062       0.318112678769        -0.399095424062       0.824334324458        -0.839594458962       
0.165226163037        0.354088132826        -0.468818865631       0.354088132826        -0.468818865631       0.926366259305        -0.985520993664       
0.174926943419        0.38579790965         -0.535032108796       0.38579790965         -0.535032108796       1.01798626902         -1.12400455669        
0.184627723801        0.41349132384         -0.597284207565       0.41349132384         -0.597284207565       1.09947415453         -1.25410638047        
0.194328504182        0.437463664818        -0.655397393607       0.437463664818        -0.655397393607       1.17132566172         -1.37546197357        
0.204029284564        0.458050906892        -0.709314904971       0.458050906892        -0.709314904971       1.23420062003         -1.48796233996        
0.213730064946        0.475577948189        -0.759128636474       0.475577948189        -0.759128636474       1.28879717044         -1.59180584885        
0.223430845328        0.490351721176        -0.804953914695       0.490351721176        -0.804953914695       1.3358040823          -1.68724357294        
0.23313162571         0.502610624697        -0.847074906297       0.502610624697        -0.847074906297       1.37580462217         -1.77486929791        
0.242832406092        0.512627827344        -0.885653647965       0.512627827344        -0.885653647965       1.40945401014         -1.85503000839        
0.252533186474        0.520573429235        -0.920914925996       0.520573429235        -0.920914925996       1.43721078142         -1.92820191298        
0.262233966856        0.526643793512        -0.953041966641       0.526643793512        -0.953041966641       1.45958308827         -1.99477476729        
0.271934747237        0.53099818579         -0.982245415271       0.53099818579         -0.982245415271       1.4770077252          -2.0551932168         
0.281635527619        0.53378396011         -1.00871221428        0.53378396011         -1.00871221428        1.48989334272         -2.10985216783        
0.291336308001        0.535084531322        -1.0324862996         0.535084531322        -1.0324862996         1.49848980967         -2.1588343556         
0.301037088383        0.535161439509        -1.05383072612        0.535161439509        -1.05383072612        1.50346449151         -2.20272325647        
0.310737868765        0.534168517249        -1.07296038804        0.534168517249        -1.07296038804        1.50522704247         -2.24196637796        
0.320438649147        0.532177175823        -1.08995733676        0.532177175823        -1.08995733676        1.50398669494         -2.27674097178        
0.330139429529        0.529279784448        -1.1049810972         0.529279784448        -1.1049810972         1.5000081954          -2.30737841554        
0.339840209911        0.525570610648        -1.11825329036        0.525570610648        -1.11825329036        1.49357387123         -2.33434284584        
0.349540990292        0.521184911087        -1.12972577412        0.521184911087        -1.12972577412        1.48500245            -2.357543917          
0.359241770674        0.51610966076         -1.13969658395        0.51610966076         -1.13969658395        1.4743507312          -2.37759755087        
0.368942551056        0.510461466682        -1.14824331246        0.510461466682        -1.14824331246        1.46192596719         -2.3946749844         
0.378643331438        0.504199108175        -1.15537883366        0.504199108175        -1.15537883366        1.44765950057         -2.40880139301        
0.38834411182         0.497458446326        -1.16128026042        0.497458446326        -1.16128026042        1.43191027075         -2.42034951759        
0.398044892202        0.490256023397        -1.16601110845        0.490256023397        -1.16601110845        1.41475201426         -2.42945315317        
0.407745672584        0.482595586506        -1.16962981649        0.482595586506        -1.16962981649        1.39623704638         -2.43623930501        
0.417446452965        0.474593482353        -1.17219290384        0.474593482353        -1.17219290384        1.37664086559         -2.44082510402        
0.427147233347        0.466196563736        -1.17378812193        0.466196563736        -1.17378812193        1.35589048372         -2.44339741081        
0.436848013729        0.457474868204        -1.17446100497        0.457474868204        -1.17446100497        1.33416162287         -2.44405121188        
0.446548794111        0.448325552034        -1.17413094194        0.448325552034        -1.17413094194        1.31125316219         -2.44260245046        
0.456249574493        0.439037882458        -1.17298347341        0.439037882458        -1.17298347341        1.28782970454         -2.43946107117        
0.465950354875        0.429505426138        -1.17102374955        0.429505426138        -1.17102374955        1.26368340868         -2.434644916          
0.475651135257        0.419852054175        -1.16833050336        0.419852054175        -1.16833050336        1.23910342765         -2.42831402412        
0.485351915639        0.410066761533        -1.16495324787        0.410066761533        -1.16495324787        1.21407121796         -2.42056777966        
0.49505269602         0.400137197986        -1.16088917945        0.400137197986        -1.16088917945        1.1885851924          -2.41140614674        
0.504753476402        0.390119406313        -1.15623333991        0.390119406313        -1.15623333991        1.16278610037         -2.40102632128        
0.514454256784        0.380011829458        -1.15099324976        0.380011829458        -1.15099324976        1.13667551624         -2.38944359647        
0.524155037166        0.369904332569        -1.14516873684        0.369904332569        -1.14516873684        1.11046363851         -2.37666131162        
0.533855817548        0.359643675631        -1.13898666823        0.359643675631        -1.13898666823        1.08385456418         -2.36314247183        
0.54355659793         0.3493881672          -1.13227999892        0.3493881672          -1.13227999892        1.05718028557         -2.34854898735        
0.553257378312        0.339098666455        -1.12513345201        0.339098666455        -1.12513345201        1.03036910602         -2.33305529659        
0.562958158694        0.328804332338        -1.11765581393        0.328804332338        -1.11765581393        1.00352173917         -2.31688671594        
0.572658939075        0.3184502578          -1.10967038584        0.3184502578          -1.10967038584        0.976470958401        -2.29967543654        
0.582359719457        0.308019195313        -1.10133612081        0.308019195313        -1.10133612081        0.949239640032        -2.28173942813        
0.592060499839        0.297599312221        -1.09264577811        0.297599312221        -1.09264577811        0.92202493134         -2.2630800216         
0.601761280221        0.28723864017         -1.08357632974        0.28723864017         -1.08357632974        0.894929325762        -2.24365559073        
0.611462060603        0.276903941753        -1.07418269846        0.276903941753        -1.07418269846        0.867877372886        -2.22357257474        
0.621162840985        0.266633648847        -1.06453739086        0.266633648847        -1.06453739086        0.840977066303        -2.20298357374        
0.630863621367        0.256387086299        -1.05460728274        0.256387086299        -1.05460728274        0.814137213731        -2.18182182579        
0.640564401749        0.246193246634        -1.04439245615        0.246193246634        -1.04439245615        0.787423397308        -2.16008728372        
0.65026518213         0.23605486555         -1.03390153378        0.23605486555         -1.03390153378        0.760840107734        -2.13779663934        
0.659965962512        0.22601543401         -1.02327592411        0.22601543401         -1.02327592411        0.734507939058        -2.11524271579        
0.669666742894        0.2160072489          -1.01229776468        0.2160072489          -1.01229776468        0.708256793906        -2.09197803425        
0.679367523276        0.206100483819        -1.0011507066         0.206100483819        -1.0011507066         0.682257142614        -2.06837933343        
0.689068303658        0.196281467853        -0.989814055223       0.196281467853        -0.989814055223       0.656479389934        -2.0444060471         
0.69876908404         0.186477332732        -0.978237144236       0.186477332732        -0.978237144236       0.630763943318        -2.01993983969        
0.708469864422        0.176832740672        -0.966470206707       0.176832740672        -0.966470206707       0.605438157678        -1.99509832415        
0.718170644804        0.167316690077        -0.954508305817       0.167316690077        -0.954508305817       0.58042322737         -1.96987192126        
0.727871425185        0.15792543515         -0.942425668848       0.15792543515         -0.942425668848       0.555727834827        -1.94441446982        
0.737572205567        0.148652119413        -0.930208693945       0.148652119413        -0.930208693945       0.531329770039        -1.91869673828        
0.747272985949        0.139509961237        -0.917825115237       0.139509961237        -0.917825115237       0.507256230853        -1.89265175435        
0.756973766331        0.130498101706        -0.905417019132       0.130498101706        -0.905417019132       0.483531341034        -1.8665724956         
0.766674546713        0.121638576652        -0.892890173506       0.121638576652        -0.892890173506       0.460169071735        -1.84026056682        
0.776375327095        0.112815264833        -0.880157047286       0.112815264833        -0.880157047286       0.436945289386        -1.81354725645        
0.786076107477        0.104154471533        -0.867394394788       0.104154471533        -0.867394394788       0.414123051877        -1.78678579427        
0.795776887858        0.0955722747938       -0.85449488657        0.0955722747938       -0.85449488657        0.391520821201        -1.75974687131        
0.80547766824         0.087142636783        -0.841470847807       0.087142636783        -0.841470847807       0.369306520112        -1.7324712047         
0.815178448622        0.0788798244211       -0.828373383604       0.0788798244211       -0.828373383604       0.347508528876        -1.70506181433        
0.824879229004        0.0707578379499       -0.815170548816       0.0707578379499       -0.815170548816       0.326069664995        -1.67745371925        
0.834580009386        0.0628039266107       -0.801920979493       0.0628039266107       -0.801920979493       0.30504931453         -1.64976472359        
0.844280789768        0.054996249608        -0.78856454725        0.054996249608        -0.78856454725        0.28439458994         -1.62187412099        
0.85398157015         0.047374866593        -0.7752134204         0.047374866593        -0.7752134204         0.26421095483         -1.59401138531        
0.863682350532        0.0398537841475       -0.761744980136       0.0398537841475       -0.761744980136       0.244282660989        -1.5659227125         
0.873383130913        0.0324152184788       -0.748148887626       0.0324152184788       -0.748148887626       0.224598262822        -1.53759322945        
0.883083911295        0.0253129072745       -0.734629484587       0.0253129072745       -0.734629484587       0.205675301331        -1.50941492651        
0.892784691677        0.0183005855272       -0.720999788197       0.0183005855272       -0.720999788197       0.1870122942          -1.48103577525        
0.902485472059        0.0114712806456       -0.707315485197       0.0114712806456       -0.707315485197       0.168799447174        -1.45256423594        
0.912186252441        0.00482688762218      -0.693597980467       0.00482688762218      -0.693597980467       0.151034468243        -1.42403904297        
0.921887032823        -0.0016643442303      -0.679840184304       -0.0016643442303      -0.679840184304       0.133652078291        -1.39544779439        
0.931587813205        -0.00797521234987     -0.666031779521       -0.00797521234987     -0.666031779521       0.116704680555        -1.36676741823        
0.941288593587        -0.0141281541956      -0.652168610696       -0.0141281541956      -0.652168610696       0.10014522653         -1.33798673377        
0.950989373968        -0.0200982181038      -0.638220856565       -0.0200982181038      -0.638220856565       0.0840231681698       -1.30904706766        
0.96069015435         -0.025872308763       -0.624187450548       -0.025872308763       -0.624187450548       0.0683645467903       -1.27994884965        
0.970390934732        -0.0314375170897      -0.610006687201       -0.0314375170897      -0.610006687201       0.0531789441398       -1.25056425567        
0.980091715114        -0.0367763710331      -0.595382558348       -0.0367763710331      -0.595382558348       0.038444751156        -1.22028686106        
0.989792495496        -0.0418066890959      -0.579103190424       -0.0418066890959      -0.579103190424       0.0240986479504       -1.18663433882        
0.999493275878        -0.0465978751398      -0.562998877683       -0.0465978751398      -0.562998877683       0.0103515820316       -1.15335441311        
1.00919405626         -0.0511687801512      -0.547187822357       -0.0511687801512      -0.547187822357       -0.00281013673579     -1.12069246456        
1.01889483664         -0.0555383838916      -0.53168655763        -0.0555383838916      -0.53168655763        -0.0154334116151      -1.08868257129        
1.02859561702         -0.0596846941674      -0.516439271796       -0.0596846941674      -0.516439271796       -0.0274829134119      -1.05720901975        
1.03829639741         -0.0636036067758      -0.501342579582       -0.0636036067758      -0.501342579582       -0.0389726152978      -1.02605921569        
1.04799717779         -0.0673603129667      -0.486697780628       -0.0673603129667      -0.486697780628       -0.0499875579652      -0.995847632299       
1.05769795817         -0.0709047778911      -0.472156442336       -0.0709047778911      -0.472156442336       -0.0604837631991      -0.965863511386       
1.06739873855         -0.0742288222132      -0.45785085411        -0.0742288222132      -0.45785085411        -0.0704216900288      -0.936376876503       
1.07709951893         -0.0773659140748      -0.443773628699       -0.0773659140748      -0.443773628699       -0.0798816075451      -0.907372392911       
1.08680029931         -0.0803112369162      -0.429895758739       -0.0803112369162      -0.429895758739       -0.0888586708788      -0.878788217769       
1.0965010797          -0.0830637077033      -0.416260627662       -0.0830637077033      -0.416260627662       -0.0973426975197      -0.850714337048       
1.10620186008         -0.085625338559       -0.402850835706       -0.085625338559       -0.402850835706       -0.105345166771       -0.82311487537        
1.11590264046         -0.0880044298949      -0.389637682505       -0.0880044298949      -0.389637682505       -0.112890136958       -0.795930687801       
1.12560342084         -0.090193892299       -0.376643720447       -0.090193892299       -0.376643720447       -0.119960804899       -0.769206825346       
1.13530420122         -0.0921902626086      -0.363877121872       -0.0921902626086      -0.363877121872       -0.126550084728       -0.742960157101       
1.14500498161         -0.0940315488852      -0.35128855516        -0.0940315488852      -0.35128855516        -0.132748028132       -0.71708950883        
1.15470576199         -0.0956829310495      -0.338930478887       -0.0956829310495      -0.338930478887       -0.138475767004       -0.691701543689       
1.16440654237         -0.0971610644887      -0.326776968436       -0.0971610644887      -0.326776968436       -0.143774001474       -0.666743043057       
1.17410732275         -0.09847218204        -0.31484480491        -0.09847218204        -0.31484480491        -0.148654136318       -0.642247883291       
1.18380810313         -0.0996165031587      -0.30311523689        -0.0996165031587      -0.30311523689        -0.153122562882       -0.618177322647       
1.19350888352         -0.100581771999       -0.291597245847       -0.100581771999       -0.291597245847       -0.157153482113       -0.594549696803       
1.2032096639          -0.101394933411       -0.280289374992       -0.101394933411       -0.280289374992       -0.160805305506       -0.571361463573       
1.21291044428         -0.1020401266         -0.269185895923       -0.1020401266         -0.269185895923       -0.164047297785       -0.548600281435       
1.22261122466         -0.102530027239       -0.258290411605       -0.102530027239       -0.258290411605       -0.166907692972       -0.526273493621       
1.23231200504         -0.102863383531       -0.24760030427        -0.102863383531       -0.24760030427        -0.169385181505       -0.504375497071       
1.24201278542         -0.103040859722       -0.237113662399       -0.103040859722       -0.237113662399       -0.171483757126       -0.482901550984       
1.25171356581         -0.103067810514       -0.226838800702       -0.103067810514       -0.226838800702       -0.173214492121       -0.461868657088       
1.26141434619         -0.102944029414       -0.216763835611       -0.102944029414       -0.216763835611       -0.174580419375       -0.441252207973       
1.27111512657         -0.102672875919       -0.206898605177       -0.102672875919       -0.206898605177       -0.175588908177       -0.421071832097       
1.28081590695         -0.102255304232       -0.197229389085       -0.102255304232       -0.197229389085       -0.176244974031       -0.401299414393       
1.29051668733         -0.101691740593       -0.187776092145       -0.101691740593       -0.187776092145       -0.176548830807       -0.381974759398       
1.30021746772         -0.100982806435       -0.178514980254       -0.100982806435       -0.178514980254       -0.176506316154       -0.363049699523       
1.3099182481          -0.100134090758       -0.169456994523       -0.100134090758       -0.169456994523       -0.176128879269       -0.344546232833       
1.31961902848         -0.0991438210216      -0.160607991738       -0.0991438210216      -0.160607991738       -0.175413983694       -0.326475676449       
1.32931980886         -0.0980180070279      -0.151966105888       -0.0980180070279      -0.151966105888       -0.174375339747       -0.308834084615       
1.33902058924         -0.0967547230018      -0.143529886592       -0.0967547230018      -0.143529886592       -0.173010958661       -0.291618316805       
1.34872136963         -0.0953536387518      -0.135296979833       -0.0953536387518      -0.135296979833       -0.171322571288       -0.274823227389       
1.35842215001         -0.0938217018578      -0.127278757562       -0.0938217018578      -0.127278757562       -0.169323679519       -0.258471547136       
1.36812293039         -0.0921604835771      -0.119471434703       -0.0921604835771      -0.119471434703       -0.167019502118       -0.242555476846       
1.37782371077         -0.0903594753849      -0.111867277937       -0.0903594753849      -0.111867277937       -0.164392112955       -0.227059105392       
1.38752449115         -0.0884385382402      -0.104488477148       -0.0884385382402      -0.104488477148       -0.161479888932       -0.212027212528       
1.39722527153         -0.0863893099819      -0.0973281063871      -0.0863893099819      -0.0973281063871      -0.158268661081       -0.197445107006       
1.40692605192         -0.0842133411548      -0.0903878925081      -0.0842133411548      -0.0903878925081      -0.154763271855       -0.183316427641       
1.4166268323          -0.0819120948273      -0.0836703774276      -0.0819120948273      -0.0836703774276      -0.150967987564       -0.169646018686       
1.42632761268         -0.0794958421487      -0.0771832373404      -0.0794958421487      -0.0771832373404      -0.146904194444       -0.15644940244        
1.43602839306         -0.0769597535619      -0.0709366181645      -0.0769597535619      -0.0709366181645      -0.142563107393       -0.143746269654       
1.44572917344         -0.0743080160063      -0.0649262911062      -0.0743080160063      -0.0649262911062      -0.13795551463        -0.131528306181       
1.45542995383         -0.0715468593314      -0.0591634782111      -0.0715468593314      -0.0591634782111      -0.133094653941       -0.119817896167       
1.46513073421         -0.0686830832454      -0.05365629743        -0.0686830832454      -0.05365629743        -0.127995088564       -0.108631269049       
1.47483151459         -0.0657179715749      -0.0484090536254      -0.0657179715749      -0.0484090536254      -0.122661464496       -0.0979767499519      
1.48453229497         -0.0626666624557      -0.0434353075554      -0.0626666624557      -0.0434353075554      -0.117124368058       -0.0878815716273      
1.49423307535         -0.0595348839918      -0.0387405048217      -0.0595348839918      -0.0387405048217      -0.111397113037       -0.0783564168293      
1.50393385574         -0.0563330692425      -0.0343331441786      -0.0563330692425      -0.0343331441786      -0.105502078683       -0.0694181740513      
1.51363463612         -0.0530725318915      -0.030220509784       -0.0530725318915      -0.030220509784       -0.0994636288612      -0.0610812082709      
1.5233354165          -0.049781086152       -0.0264162761195      -0.049781086152       -0.0264162761195      -0.0933375019077      -0.0533727701911      
1.53303619688         -0.0464674554887      -0.0229203210263      -0.0464674554887      -0.0229203210263      -0.0871439039913      -0.0462922135402      
1.54273697726         -0.0431587732011      -0.0197391865098      -0.0431587732011      -0.0197391865098      -0.0809379881088      -0.0398522008419      
1.55243775764         -0.0398779464281      -0.0168717922556      -0.0398779464281      -0.0168717922556      -0.0747671754522      -0.0340500853575      
1.56213853803         -0.0366508297201      -0.0143139088243      -0.0366508297201      -0.0143139088243      -0.0686845792471      -0.028876702982       
1.57183931841         -0.033503906536       -0.0120563142352      -0.033503906536       -0.0120563142352      -0.062744393662       -0.0243128846508      
1.58154009879         -0.0304628610666      -0.0100854645863      -0.0304628610666      -0.0100854645863      -0.0569989458848      -0.0203306259267      
1.59124087917         -0.0275487753638      -0.0083814239952      -0.0275487753638      -0.0083814239952      -0.0514915733253      -0.0168891432801      
1.60094165955         -0.0247798582866      -0.00692240298338     -0.0247798582866      -0.00692240298338     -0.0462593705456      -0.0139438661462      
1.61064243994         -0.0221707527803      -0.00568310624796     -0.0221707527803      -0.00568310624796     -0.0413321051507      -0.0114433481819      
1.62034322032         -0.0197266441965      -0.00463812663161     -0.0197266441965      -0.00463812663161     -0.0367209868092      -0.00933582895238     
1.6300440007          -0.0174541065611      -0.00376289480552     -0.0174541065611      -0.00376289480552     -0.0324391471907      -0.00757142932494     
1.63974478108         -0.0153525201503      -0.00303393025462     -0.0153525201503      -0.00303393025462     -0.0284856699868      -0.00610250537603     
1.64944556146         -0.0134187373119      -0.00242974822674     -0.0134187373119      -0.00242974822674     -0.0248544618831      -0.00488551616602     
1.65914634185         -0.0116478115203      -0.00193132417144     -0.0116478115203      -0.00193132417144     -0.0215357316203      -0.00388194559411     
1.66884712223         -0.0100327820921      -0.00152213810295     -0.0100327820921      -0.00152213810295     -0.0185157037856      -0.00305835329885     
1.67854790261         -0.00856721646659     -0.00118785883315     -0.00856721646659     -0.00118785883315     -0.0157814523017      -0.00238577814086     
1.68824868299         -0.00724368838589     -0.000916331192153    -0.00724368838589     -0.000916331192153    -0.0133181175064      -0.00183965241509     
1.69794946337         -0.00609586995329     -0.000701882518973    -0.00609586995329     -0.000701882518973    -0.0111862339632      -0.00140846399293     
1.70765024375         -0.00505897930776     -0.000528405654261    -0.00505897930776     -0.000528405654261    -0.00926544622483     -0.00105977744868     
1.71735102414         -0.00412128677921     -0.000388549751339    -0.00412128677921     -0.000388549751339    -0.00753322780763     -0.000778770865183    
1.72705180452         -0.00328068809711     -0.000277008169024    -0.00328068809711     -0.000277008169024    -0.00598473741884     -0.000554738165057    
1.7367525849          -0.00253456219121     -0.000189134023588    -0.00253456219121     -0.000189134023588    -0.00461419149421     -0.000378307659853    
1.7377525849          -0.00246291943115     -0.000181255118529    -0.00246291943115     -0.000181255118529    -0.00448280454032     -0.00036249199221     
1.7547525849          -0.0013924390648      -7.53860373691e-05    -0.0013924390648      -7.53860373691e-05    -0.00252467094827     -0.000150036540729    
1.7717525849          -0.000596929206517    -1.0859491775e-05     -0.000596929206517    -1.0859491775e-05     -0.00107673269217     -2.05708850547e-05    
1.7887525849          -8.9631997909e-05     2.76173642245e-05     -8.9631997909e-05     2.76173642245e-05     -0.000157293386664    5.68084870371e-05     
1.8057525849          3.41235884446e-05     0.000168615810787     3.41235884446e-05     0.000168615810787     7.1522304618e-05      0.000315694964622     
1.8227525849          6.71424632353e-05     0.00058182381604      6.71424632353e-05     0.00058182381604      0.000139975094941     0.00105205952963      
1.8397525849          9.71111043919e-05     0.00109052616412      9.71111043919e-05     0.00109052616412      0.000201960486221     0.00194831844042      
1.8567525849          0.000121968371556     0.00164005996973      0.000121968371556     0.00164005996973      0.000253281688437     0.00290768331486      
1.8577525849          0.000123258641426     0.00167297870633      0.000123258641426     0.00167297870633      0.000255943031157     0.00296489351716      
1.86302100768         0.000129737938875     0.00184688937341      0.000129737938875     0.00184688937341      0.000269302821657     0.00326667269704      
1.86828943046         0.000135683922933     0.0020211879366       0.000135683922933     0.0020211879366       0.000281555504126     0.00356835266746      
1.87355785324         0.000141101722968     0.00219535226838      0.000141101722968     0.00219535226838      0.000292712418498     0.00386903832722      
1.87882627603         0.000145999027754     0.00236891855267      0.000145999027754     0.00236891855267      0.000302790115347     0.00416793923565      
1.88409469881         0.000150385526247     0.00254147171067      0.000150385526247     0.00254147171067      0.000311809210577     0.00446435240887      
1.88936312159         0.000154272510661     0.00271263980937      0.000154272510661     0.00271263980937      0.00031979357282      0.0047576521236       
1.89463154437         0.000157672493051     0.00288208874056      0.000157672493051     0.00288208874056      0.000326769537638     0.00504728018869      
1.89989996715         0.000160598919407     0.00304951708371      0.000160598919407     0.00304951708371      0.000332765322832     0.00533273668182      
1.90516838993         0.000163065995209     0.00321465174722      0.000163065995209     0.00321465174722      0.0003378106732       0.0056135722287       
1.91043681271         0.000165088534186     0.00337724549348      0.000165088534186     0.00337724549348      0.000341936551779     0.00588938351338      
1.9157052355          0.000166681736866     0.00353707476837      0.000166681736866     0.00353707476837      0.00034517468589      0.00615980911279      
1.92097365828         0.000167861087957     0.00369393688065      0.000167861087957     0.00369393688065      0.000347557358697     0.00642452447772      
1.92624208106         0.000168642268089     0.00384764773425      0.000168642268089     0.00384764773425      0.00034911722996      0.0066832378778       
1.93151050384         0.000169041081151     0.0039980405989       0.000169041081151     0.0039980405989       0.000349887188041     0.00693568815466      
1.93677892662         0.000169073361586     0.00414496468444      0.000169073361586     0.00414496468444      0.000349900160542     0.00718164208979      
1.9420473494          0.000168754931646     0.00428828384174      0.000168754931646     0.00428828384174      0.000349189028047     0.00742089207894      
1.94731577219         0.000168101551654     0.00442787498704      0.000168101551654     0.00442787498704      0.000347786523522     0.00765325330894      
1.95258419497         0.000167128870342     0.00456362734836      0.000167128870342     0.00456362734836      0.000345725131219     0.00787856234263      
1.95785261775         0.000165852368684     0.00469544181083      0.000165852368684     0.00469544181083      0.000343036971973     0.00809667585985      
1.96312104053         0.000164287347593     0.00482323003189      0.000164287347593     0.00482323003189      0.000339753779127     0.00830746910309      
1.96838946331         0.000162448910393     0.00494691367983      0.000162448910393     0.00494691367983      0.000335906863616     0.00851083451118      
1.97365788609         0.000160351950419     0.00506642346725      0.000160351950419     0.00506642346725      0.000331527089493     0.00870668003412      
1.97892630887         0.000158011116019     0.00518169868711      0.000158011116019     0.00518169868711      0.000326644802616     0.00889492823753      
1.98419473166         0.000155440777967     0.00529268692168      0.000155440777967     0.00529268692168      0.000321289764239     0.00907551569766      
1.98946315444         0.000152655034828     0.00539934359568      0.000152655034828     0.00539934359568      0.000315491162929     0.00924839222608      
1.99473157722         0.000149667708947     0.00550163137203      0.000149667708947     0.00550163137203      0.000309277607112     0.00941351980995      
2                     0.000146492327863     0.005599519648        0.000146492327863     0.005599519648        0.000302677087432     0.00957087169104      
2.001                 0.00014586946859      0.00561760093245      0.00014586946859      0.00561760093245      0.000301382812096     0.00959985912027      
2.18280808081         -2.04166244595e-09    0.00637318802598      -2.04166244595e-09    0.00637318802598      -4.48305923613e-07    0.0105510933106       
2.36461616162         -5.97367909853e-05    0.00367366341922      -5.97367909853e-05    0.00367366341922      -0.000123495571853    0.00592699359337      
2.54642424242         -1.74217932217e-05    0.000621703492545     -1.74217932217e-05    0.000621703492545     -3.59609902033e-05    0.000981736953261     
2.72823232323         0.000915134885101     3.39874755146e-05     0.000915134885101     3.39874755146e-05     0.00142273322658      9.81300531813e-05     
2.91004040404         0.00337271119865      0.000150120990077     0.00337271119865      0.000150120990077     0.00516207900179      0.000334766693232     
3.09184848485         0.00522379605671      0.000264564296338     0.00522379605671      0.000264564296338     0.00785472530866      0.000494484053149     
3.27365656566         0.00578906807116      0.000323398349401     0.00578906807116      0.000323398349401     0.00854592134189      0.000529806236423     
3.45546464646         0.00521285178863      0.000314725691139     0.00521285178863      0.000314725691139     0.00755440481262      0.000465745642775     
3.63727272727         0.00401781656974      0.00025845708761      0.00401781656974      0.00025845708761      0.00571708717995      0.000352876963003     
3.81908080808         0.00272333900181      0.000184721812583     0.00272333900181      0.000184721812583     0.00380587577886      0.000236237123484     
4.00088888889         0.00164982444496      0.000117070323122     0.00164982444496      0.000117070323122     0.00226541837597      0.000142196446518     
4.1826969697          0.000902805503288     6.66083619489e-05     0.000902805503288     6.66083619489e-05     0.00121847136806      7.75102052786e-05     
4.36450505051         0.000449529329405     3.43157925676e-05     0.000449529329405     3.43157925676e-05     0.000596641530979     3.85698900216e-05     
4.54631313131         0.000204752898989     1.61080893004e-05     0.000204752898989     1.61080893004e-05     0.000267347403789     1.76098432036e-05     
4.72812121212         8.5649025919e-05      6.92139489894e-06     8.5649025919e-05      6.92139489894e-06     0.000110062495663     7.3942058329e-06      
4.90992929293         3.30020795869e-05     2.73201210924e-06     3.30020795869e-05     2.73201210924e-06     4.175648899e-05       2.86326569204e-06     
5.09173737374         1.17409954607e-05     9.9337389559e-07      1.17409954607e-05     9.9337389559e-07      1.46333146325e-05     1.0261767401e-06      
5.27354545455         3.86386858597e-06     3.33456730221e-07     3.86386858597e-06     3.33456730221e-07     4.74526982453e-06     3.40538770531e-07     
5.45535353535         1.1780057536e-06      1.03522576925e-07     1.1780057536e-06      1.03522576925e-07     1.42608266909e-06     1.04757602156e-07     
5.63716161616         3.33131973301e-07     2.97668315748e-08     3.33131973301e-07     2.97668315748e-08     3.97675224273e-07     2.99058982631e-08     
5.81896969697         8.74730950079e-08     7.93702385508e-09     8.74730950079e-08     7.93702385508e-09     1.03004304024e-07     7.93006130801e-09     
6.00077777778         2.13450014397e-08     1.9644975901e-09      2.13450014397e-08     1.9644975901e-09      2.48030638643e-08     1.95486973338e-09     
6.18258585859         4.84394368652e-09     4.51739575614e-10     4.84394368652e-09     4.51739575614e-10     5.55607793527e-09     4.48614750472e-10     
6.36439393939         1.02295300441e-09     9.65801755993e-11     1.02295300441e-09     9.65801755993e-11     1.15852849743e-09     9.58143782874e-11     
6.5462020202          2.01140455519e-10     1.92099156883e-11     2.01140455519e-10     1.92099156883e-11     2.24985593665e-10     1.90544989316e-11     
6.72801010101         3.68445827442e-11     3.55696106302e-12     3.68445827442e-11     3.55696106302e-12     4.07147946921e-11     3.53017776938e-12     
6.90981818182         6.29774354047e-12     6.14166498807e-13     6.29774354047e-12     6.14166498807e-13     6.87704833317e-12     6.10263345886e-13     
7.09162626263         9.94998374948e-13     9.79629900268e-14     9.94998374948e-13     9.79629900268e-14     1.07396275496e-12     9.75067144533e-14     
7.27343434343         1.42176570099e-13     1.41244742754e-14     1.42176570099e-13     1.41244742754e-14     1.51723247008e-13     1.40889613306e-14     
7.45524242424         3.12646700159e-14     3.13248683381e-15     3.12646700159e-14     3.13248683381e-15     3.29943309137e-14     3.13251551389e-15     
7.63705050505         4.11449421409e-15     4.15573288724e-16     4.11449421409e-15     4.15573288724e-16     4.2950171754e-15      4.16760401865e-16     
7.81885858586         4.45522212672e-15     4.53436984785e-16     4.45522212672e-15     4.53436984785e-16     4.60134965533e-15     4.56172734254e-16     
8.00066666667         4.81076075369e-15     4.93188183972e-16     4.81076075369e-15     4.93188183972e-16     4.91681912583e-15     4.98025858808e-16     
8.18247474747         5.18118620642e-15     5.34843959846e-16     5.18118620642e-15     5.34843959846e-16     5.24126611973e-15     5.42214570051e-16     
8.36428282828         5.56657050501e-15     5.78420530338e-16     5.56657050501e-15     5.78420530338e-16     5.57459433058e-15     5.88784680792e-16     
8.54609090909         5.96698189476e-15     6.23933318838e-16     5.96698189476e-15     6.23933318838e-16     5.91668856064e-15     6.37780648148e-16     
8.7278989899          6.38248513131e-15     6.71397009731e-16     6.38248513131e-15     6.71397009731e-16     6.26743312228e-15     6.89245617076e-16     
8.90970707071         6.81314173813e-15     7.20825598993e-16     6.81314173813e-15     7.20825598993e-16     6.62671434361e-15     7.43221463639e-16     
9.09151515152         7.2590102397e-15      7.72232440364e-16     7.2590102397e-15      7.72232440364e-16     6.99442127959e-15     7.9974883772e-16      
9.27332323232         7.72014637307e-15     8.25630287567e-16     7.72014637307e-15     8.25630287567e-16     7.37044595878e-15     8.58867204991e-16     
9.45513131313         8.1966032802e-15      8.81031332979e-16     8.1966032802e-15      8.81031332979e-16     7.75468346946e-15     9.20614887977e-16     
9.63693939394         8.68843168327e-15     9.38447243116e-16     8.68843168327e-15     9.38447243116e-16     8.14703198361e-15     9.85029106094e-16     
9.81874747475         9.19568004471e-15     9.97889191237e-16     9.19568004471e-15     9.97889191237e-16     8.54739276063e-15     1.05214601458e-15     
10.0005555556         9.71839471356e-15     1.05936788736e-15     9.71839471356e-15     1.05936788736e-15     8.95567015528e-15     1.12200074227e-15     
10.1823636364         1.02566200597e-14     1.12289360594e-15     1.02566200597e-14     1.12289360594e-15     9.37177165169e-15     1.19462742816e-15     
10.3641717172         1.08103985969e-14     1.1884762114e-15      1.08103985969e-14     1.1884762114e-15      9.79560795396e-15     1.27005925674e-15     
10.545979798          1.13797710963e-14     1.25612518177e-15     1.13797710963e-14     1.25612518177e-15     1.02270931897e-14     1.34832849212e-15     
10.7277878788         1.19647766902e-14     1.32584963054e-15     1.19647766902e-14     1.32584963054e-15     1.06661453531e-14     1.42946651096e-15     
10.9095959596         1.25654529691e-14     1.39765832696e-15     1.25654529691e-14     1.39765832696e-15     1.11126873322e-14     1.5135038341e-15      
11.0914040404         1.31818360699e-14     1.47155971483e-15     1.31818360699e-14     1.47155971483e-15     1.15666497456e-14     1.60047015711e-15     
11.2732121212         1.38139607585e-14     1.54756193002e-15     1.38139607585e-14     1.54756193002e-15     1.20279829244e-14     1.69039437963e-15     
11.455020202          1.44618605058e-14     1.62567281672e-15     1.44618605058e-14     1.62567281672e-15     1.24967001218e-14     1.78343384681e-15     
11.6368282828         1.51255675588e-14     1.70589994265e-15     1.51255675588e-14     1.70589994265e-15     1.29724509147e-14     1.87964690781e-15     
11.8186363636         1.58051130059e-14     1.78825061317e-15     1.58051130059e-14     1.78825061317e-15     1.34552247992e-14     1.97892775941e-15     
12.0004444444         1.65005268383e-14     1.87273188454e-15     1.65005268383e-14     1.87273188454e-15     1.39449727245e-14     2.08130339559e-15     
12.1822525253         1.72118380067e-14     1.95935057622e-15     1.72118380067e-14     1.95935057622e-15     1.44416321465e-14     2.18680013904e-15     
12.3640606061         1.79390744746e-14     2.04811328243e-15     1.79390744746e-14     2.04811328243e-15     1.4945138198e-14      2.29544366369e-15     
12.5458686869         1.86822632675e-14     2.13902638305e-15     1.86822632675e-14     2.13902638305e-15     1.5455426051e-14      2.40725901649e-15     
12.7276767677         1.94414305198e-14     2.23209605367e-15     1.94414305198e-14     2.23209605367e-15     1.59724317037e-14     2.52227063823e-15     
12.9094848485         2.02166015175e-14     2.32732827519e-15     2.02166015175e-14     2.32732827519e-15     1.64960922955e-14     2.6405023836e-15      
13.0912929293         2.10078007392e-14     2.42472884276e-15     2.10078007392e-14     2.42472884276e-15     1.70263462395e-14     2.7619775404e-15      
13.2731010101         2.18150518939e-14     2.52430337418e-15     2.18150518939e-14     2.52430337418e-15     1.75631332755e-14     2.88671884808e-15     
13.4549090909         2.26383779567e-14     2.62605731783e-15     2.26383779567e-14     2.62605731783e-15     1.81063944817e-14     3.01474851546e-15     
13.6367171717         2.34778012028e-14     2.72999596014e-15     2.34778012028e-14     2.72999596014e-15     1.86560722667e-14     3.14608823779e-15     
13.8185252525         2.43333432384e-14     2.83612443261e-15     2.43333432384e-14     2.83612443261e-15     1.92121103492e-14     3.28075921317e-15     
14.0003333333         2.52050250306e-14     2.94444771846e-15     2.52050250306e-14     2.94444771846e-15     1.97744537323e-14     3.41878215833e-15     
14.1821414141         2.60928669356e-14     3.05497065889e-15     2.60928669356e-14     3.05497065889e-15     2.0343048674e-14      3.56017732372e-15     
14.3639494949         2.69968887247e-14     3.16769795903e-15     2.69968887247e-14     3.16769795903e-15     2.09178426556e-14     3.70496450811e-15     
14.5457575758         2.79171096094e-14     3.28263419348e-15     2.79171096094e-14     3.28263419348e-15     2.14987843504e-14     3.85316307259e-15     
14.7275656566         2.88535482649e-14     3.39978381167e-15     2.88535482649e-14     3.39978381167e-15     2.2085823592e-14      4.00479195405e-15     
14.9093737374         2.98062228519e-14     3.51915114287e-15     2.98062228519e-14     3.51915114287e-15     2.26789113426e-14     4.15986967809e-15     
15.0911818182         3.07751510381e-14     3.64074040089e-15     3.07751510381e-14     3.64074040089e-15     2.32779996627e-14     4.31841437153e-15     
15.272989899          3.17603500178e-14     3.7645556887e-15      3.17603500178e-14     3.7645556887e-15      2.38830416817e-14     4.48044377439e-15     
15.4547979798         3.27618365307e-14     3.89060100259e-15     3.27618365307e-14     3.89060100259e-15     2.44939915689e-14     4.64597525143e-15     
15.6366060606         3.37796268797e-14     4.01888023633e-15     3.37796268797e-14     4.01888023633e-15     2.51108045066e-14     4.81502580327e-15     
15.8184141414         3.48137369481e-14     4.14939718499e-15     3.48137369481e-14     4.14939718499e-15     2.57334366635e-14     4.9876120771e-15      
16.0002222222         3.58641822153e-14     4.28215554861e-15     3.58641822153e-14     4.28215554861e-15     2.63618451704e-14     5.16375037698e-15     
16.182030303          3.69309777721e-14     4.41715893573e-15     3.69309777721e-14     4.41715893573e-15     2.69959880964e-14     5.34345667376e-15     
16.3638383838         3.80141383353e-14     4.55441086668e-15     3.80141383353e-14     4.55441086668e-15     2.76358244272e-14     5.52674661471e-15     
16.5456464646         3.91136782616e-14     4.69391477675e-15     3.91136782616e-14     4.69391477675e-15     2.82813140448e-14     5.71363553268e-15     
16.7274545455         4.02296115603e-14     4.83567401924e-15     4.02296115603e-14     4.83567401924e-15     2.89324177092e-14     5.90413845504e-15     
16.9092626263         4.13619519063e-14     4.97969186831e-15     4.13619519063e-14     4.97969186831e-15     2.95890970419e-14     6.09827011223e-15     
17.0910707071         4.25107126516e-14     5.12597152176e-15     4.25107126516e-14     5.12597152176e-15     3.0251314512e-14      6.29604494607e-15     
17.2728787879         4.36759068366e-14     5.27451610359e-15     4.36759068366e-14     5.27451610359e-15     3.09190334245e-14     6.49747711771e-15     
17.4546868687         4.48575472013e-14     5.4253286666e-15      4.48575472013e-14     5.4253286666e-15      3.15922179129e-14     6.70258051535e-15     
17.6364949495         4.60556461953e-14     5.57841219467e-15     4.60556461953e-14     5.57841219467e-15     3.22708329349e-14     6.91136876169e-15     
17.8183030303         4.72702159877e-14     5.73376960516e-15     4.72702159877e-14     5.73376960516e-15     3.29548442746e-14     7.12385522109e-15     
18.0001111111         4.85012684766e-14     5.89140375101e-15     4.85012684766e-14     5.89140375101e-15     3.36442185513e-14     7.34005300652e-15     
18.1819191919         4.9748815298e-14      6.05131742288e-15     4.9748815298e-14      6.05131742288e-15     3.43389232387e-14     7.55997498625e-15     
18.3637272727         5.10128678344e-14     6.21351335115e-15     5.10128678344e-14     6.21351335115e-15     3.50389266993e-14     7.78363379033e-15     
18.5455353535         5.22934372232e-14     6.37799420783e-15     5.22934372232e-14     6.37799420783e-15     3.57441982403e-14     8.01104181685e-15     
18.7273434343         5.35905343642e-14     6.5447626084e-15      5.35905343642e-14     6.5447626084e-15      3.64547082056e-14     8.24221123798e-15     
18.9091515152         5.49041699276e-14     6.71382111358e-15     5.49041699276e-14     6.71382111358e-15     3.71704281275e-14     8.4771540058e-15      
19.090959596          5.62343543609e-14     6.88517223103e-15     5.62343543609e-14     6.88517223103e-15     3.78913309858e-14     8.71588185801e-15     
19.2727676768         5.7581097896e-14      7.05881841695e-15     5.7581097896e-14      7.05881841695e-15     3.86173916806e-14     8.95840632334e-15     
19.4545757576         5.89444105556e-14     7.23476207766e-15     5.89444105556e-14     7.23476207766e-15     3.93485879838e-14     9.20473872685e-15     
19.6363838384         6.03243021599e-14     7.41300557108e-15     6.03243021599e-14     7.41300557108e-15     4.00849027798e-14     9.45489019511e-15     
19.8181919192         6.17207823325e-14     7.59355120818e-15     6.17207823325e-14     7.59355120818e-15     4.08263310712e-14     9.70887166108e-15     
20                    0                     0                     0                     0                     0                     0                     
