0.0779191396          0                     0                     0                     0                     0                     0                     
0.087577837391        0.0204641435337       0.00175920662013      0.0204641435337       0.00175920662013      0.0236966448029       0.0011059853664       
0.0972365351819       0.122889491241        0.0076932075294       0.122889491241        0.0076932075294       0.140689322781        0.00458440853817      
0.106895232973        0.31949353445         0.0143714463563       0.31949353445         0.0143714463563       0.362181412868        0.00790007105705      
0.116553930764        0.596488502447        0.0177055265738       0.596488502447        0.0177055265738       0.670109178958        0.00820721655104      
0.126212628555        0.934903637997        0.0144867277797       0.934903637997        0.0144867277797       1.04153170903         0.00330525771686      
0.135871326346        1.31701450198         0.00220127821814      1.31701450198         0.00220127821814      1.45584023535         -0.00854142280381     
0.145530024137        1.72813311386         -0.0203948901799      1.72813311386         -0.0203948901799      1.89648985429         -0.0281461717433      
0.155188721928        2.15714471661         -0.054805369548       2.15714471661         -0.054805369548       2.3511687304          -0.0566101322389      
0.164847419719        2.59492025043         -0.10181557461        2.59492025043         -0.10181557461        2.81026661262         -0.0944540258285      
0.17450611751         3.03491649069         -0.162148138638       3.03491649069         -0.162148138638       3.26701927461         -0.142203071364       
0.184164815301        3.47157655233         -0.23753483284        3.47157655233         -0.23753483284        3.71609882313         -0.201157188849       
0.193823513091        3.89922380554         -0.328435955186       3.89922380554         -0.328435955186       4.15249030272         -0.271665446003       
0.203482210882        4.31339632679         -0.436164608041       4.31339632679         -0.436164608041       4.57250345071         -0.354738477997       
0.213140908673        4.70786527417         -0.560119973802       4.70786527417         -0.560119973802       4.97124313434         -0.449947185985       
0.222799606464        5.07743177777         -0.697263607413       5.07743177777         -0.697263607413       5.34483769832         -0.555015483151       
0.232458304255        5.41923459094         -0.84270590032        5.41923459094         -0.84270590032        5.69120825921         -0.666254802031       
0.242117002046        5.73308389573         -0.990548442243       5.73308389573         -0.990548442243       6.01036801894         -0.779202287057       
0.251775699837        6.02158809386         -1.13918209041        6.02158809386         -1.13918209041        6.30461230841         -0.892671637273       
0.261434397628        6.28555415668         -1.28592308601        6.28555415668         -1.28592308601        6.57473127346         -1.00463355598        
0.271093095419        6.52697236239         -1.42876885908        6.52697236239         -1.42876885908        6.82251472513         -1.11357837622        
0.28075179321         6.74858866479         -1.56664228559        6.74858866479         -1.56664228559        7.05036914185         -1.21869768486        
0.290410491001        6.95225906374         -1.69948638833        6.95225906374         -1.69948638833        7.25991058939         -1.31994912215        
0.300069188792        7.1399505054          -1.82807821111        7.1399505054          -1.82807821111        7.45293628554         -1.41792235983        
0.309727886583        7.31162618504         -1.95244808677        7.31162618504         -1.95244808677        7.62966998151         -1.51264810854        
0.319386584374        7.46786206865         -2.07216297925        7.46786206865         -2.07216297925        7.79078744788         -1.60380353385        
0.329045282165        7.60956479767         -2.18643107829        7.60956479767         -2.18643107829        7.93725237513         -1.6907978668         
0.338703979956        7.73785485006         -2.29430774829        7.73785485006         -2.29430774829        8.07008722779         -1.77291868052        
0.348362677747        7.85415462365         -2.39475971734        7.85415462365         -2.39475971734        8.19058309476         -1.8493821544         
0.358021375538        7.96135933053         -2.48824586536        7.96135933053         -2.48824586536        8.30113443801         -1.9205335511         
0.367680073329        8.06104101127         -2.57617967228        8.06104101127         -2.57617967228        8.40316221483         -1.98745781069        
0.37733877112         8.15383868604         -2.65933231181        8.15383868604         -2.65933231181        8.49726764387         -2.0507260543         
0.386997468911        8.24034073819         -2.73875071603        8.24034073819         -2.73875071603        8.5841089016          -2.11113426307        
0.396656166702        8.32072710836         -2.81525457637        8.32072710836         -2.81525457637        8.66394444567         -2.16930139432        
0.406314864492        8.39496797818         -2.88942186008        8.39496797818         -2.88942186008        8.73693424042         -2.22567082182        
0.415973562283        8.46275006923         -2.96154159229        8.46275006923         -2.96154159229        8.80295192933         -2.28046887828        
0.425632260074        8.52414403721         -3.03157848346        8.52414403721         -3.03157848346        8.86217334988         -2.33364749095        
0.435290957865        8.57881356006         -3.09996085877        8.57881356006         -3.09996085877        8.91448402311         -2.38558562566        
0.444949655656        8.62691846411         -3.16608437859        8.62691846411         -3.16608437859        8.96007472236         -2.43578647376        
0.454608353447        8.66853607779         -3.22971932338        8.66853607779         -3.22971932338        8.99917272589         -2.48409029328        
0.464267051238        8.70384394637         -3.29045104078        8.70384394637         -3.29045104078        9.03196467049         -2.53018215544        
0.473925749029        8.73333033226         -3.34814864873        8.73333033226         -3.34814864873        9.05892956228         -2.57396210995        
0.48358444682         8.75736558673         -3.40224876317        8.75736558673         -3.40224876317        9.08043268256         -2.61500827221        
0.493243144611        8.77625021655         -3.45286227715        8.77625021655         -3.45286227715        9.09670589804         -2.65340137365        
0.502901842402        8.7908019786          -3.49985913048        8.7908019786          -3.49985913048        9.10853481247         -2.68904693236        
0.512560540193        8.80149888868         -3.54331488937        8.80149888868         -3.54331488937        9.11633947513         -2.72200209398        
0.522219237984        8.80840563366         -3.58304332185        8.80840563366         -3.58304332185        9.12009002104         -2.7521238735         
0.531877935775        8.81310200565         -3.61969609033        8.81310200565         -3.61969609033        9.12139067975         -2.77991058375        
0.541536633566        8.81504337705         -3.65305242171        8.81504337705         -3.65305242171        9.11955855514         -2.80518898642        
0.551195331357        8.81476497846         -3.68342076402        8.81476497846         -3.68342076402        9.11517633217         -2.82819417721        
0.560854029148        8.81263680885         -3.71112769454        8.81263680885         -3.71112769454        9.10854860775         -2.84917249315        
0.570512726939        8.80861914487         -3.73627577505        8.80861914487         -3.73627577505        9.09962533644         -2.86820476897        
0.58017142473         8.80371892743         -3.75926316843        8.80371892743         -3.75926316843        9.08938678543         -2.88558803663        
0.589830122521        8.79719816163         -3.78060866558        8.79719816163         -3.78060866558        9.07720250593         -2.90171780059        
0.599488820312        8.78971949418         -3.80026220232        8.78971949418         -3.80026220232        9.06363332705         -2.91655645733        
0.609147518103        8.78125177921         -3.81852565811        8.78125177921         -3.81852565811        9.04876958826         -2.93033471683        
0.618806215893        8.77106531833         -3.83533291247        8.77106531833         -3.83533291247        9.03183055244         -2.94299687934        
0.628464913684        8.76029675684         -3.85126925084        8.76029675684         -3.85126925084        9.01402793893         -2.95498825806        
0.638123611475        8.74845824272         -3.86638474657        8.74845824272         -3.86638474657        8.99487694669         -2.96634961046        
0.647782309266        8.73539416198         -3.88069911013        8.73539416198         -3.88069911013        8.9742906694          -2.97709231005        
0.657441007057        8.72132010424         -3.89443962276        8.72132010424         -3.89443962276        8.95250645235         -2.98739260195        
0.667099704848        8.70609590934         -3.90768948171        8.70609590934         -3.90768948171        8.92943120328         -2.9973153468         
0.676758402639        8.68949474563         -3.92044165088        8.68949474563         -3.92044165088        8.90487174473         -3.00685751868        
0.68641710043         8.67099178871         -3.93200145122        8.67099178871         -3.93200145122        8.87845329678         -3.01547443857        
0.696075798221        8.65140112467         -3.94303756877        8.65140112467         -3.94303756877        8.85082340477         -3.02368230411        
0.705734496012        8.63109405749         -3.95403560502        8.63109405749         -3.95403560502        8.82239055725         -3.03186122732        
0.715393193803        8.60918375041         -3.96464942587        8.60918375041         -3.96464942587        8.79237485945         -3.03974471534        
0.725051891594        8.58613918609         -3.97485165819        8.58613918609         -3.97485165819        8.76117103218         -3.04731382995        
0.734710589385        8.56178703056         -3.9847718159         8.56178703056         -3.9847718159         8.72871473937         -3.05466488839        
0.744369287176        8.53598438485         -3.99429669323        8.53598438485         -3.99429669323        8.6948993979          -3.06171000786        
0.754027984967        8.50825401916         -4.00291782598        8.50825401916         -4.00291782598        8.65932089181         -3.06806392908        
0.763686682758        8.47975340267         -4.01183817474        8.47975340267         -4.01183817474        8.62290623881         -3.07464067938        
0.773345380549        8.44951229077         -4.0199086553         8.44951229077         -4.0199086553         8.58495063039         -3.08056788235        
0.78300407834         8.41779662169         -4.02742064834        8.41779662169         -4.02742064834        8.54565241031         -3.08606890382        
0.792662776131        8.38430568628         -4.03422818693        8.38430568628         -4.03422818693        8.50472242703         -3.09103204617        
0.802321473922        8.34986042115         -4.04063270042        8.34986042115         -4.04063270042        8.46299733693         -3.09568901099        
0.811980171713        8.31375686566         -4.04621233171        8.31375686566         -4.04621233171        8.41976584146         -3.09971713444        
0.821638869504        8.27607772288         -4.05102013681        8.27607772288         -4.05102013681        8.37513397628         -3.10315918152        
0.831297567294        8.23711166018         -4.05506888815        8.23711166018         -4.05506888815        8.32934339051         -3.10602153076        
0.840956265085        8.19688608598         -4.058355284          8.19688608598         -4.058355284          8.2824628591          -3.10830391519        
0.850614962876        8.15484119336         -4.0605616172         8.15484119336         -4.0605616172         8.23391834632         -3.10976510268        
0.860273660667        8.11174148942         -4.0619743922         8.11174148942         -4.0619743922         8.18449324185         -3.11062313324        
0.869932358458        8.06712094421         -4.06232516861        8.06712094421         -4.06232516861        8.13369102065         -3.11067360133        
0.879591056249        8.02125949223         -4.06169291989        8.02125949223         -4.06169291989        8.08180442041         -3.10997433462        
0.88924975404         7.97412456824         -4.06001816743        7.97412456824         -4.06001816743        8.02878850423         -3.10848739683        
0.898908451831        7.92567689059         -4.05727846354        7.92567689059         -4.05727846354        7.97462218739         -3.10619354605        
0.908567149622        7.87591722938         -4.05332528382        7.87591722938         -4.05332528382        7.9192224948          -3.10298032969        
0.918225847413        7.82488446235         -4.04822093627        7.82488446235         -4.04822093627        7.86270952861         -3.09888803688        
0.927884545204        7.77237640376         -4.04167717523        7.77237640376         -4.04167717523        7.80482815234         -3.09369059589        
0.937543242995        7.71849301308         -4.0341007543         7.71849301308         -4.0341007543         7.7456545595          -3.08773614963        
0.947201940786        7.66321741571         -4.02520096039        7.66321741571         -4.02520096039        7.68522470829         -3.08076826853        
0.956860638577        7.60591001004         -4.0145844202         7.60591001004         -4.0145844202         7.6228600823          -3.07249278873        
0.966519336368        7.54613424101         -4.0021658611         7.54613424101         -4.0021658611         7.55814101002         -3.06284651682        
0.976178034159        7.4821082906          -3.98678523574        7.4821082906          -3.98678523574        7.48926207162         -3.05093890747        
0.98583673195         7.40072638154         -3.96141260751        7.40072638154         -3.96141260751        7.40311437903         -3.03138988417        
0.995495429741        7.30993202235         -3.93023284389        7.30993202235         -3.93023284389        7.30766708442         -3.00740405779        
1.00515412753         7.22128882753         -3.89939009962        7.22128882753         -3.89939009962        7.2144790541          -2.98368304276        
1.01481282532         7.13467010656         -3.86882108934        7.13467010656         -3.86882108934        7.12342361253         -2.96017612887        
1.02447152311         7.04963037548         -3.8383901204         7.04963037548         -3.8383901204         7.03402262505         -2.93678173124        
1.0341302209          6.96585989599         -3.80785879839        6.96585989599         -3.80785879839        6.94599593995         -2.91331527883        
1.0437889187          6.88382441512         -3.77754477356        6.88382441512         -3.77754477356        6.85977238888         -2.89001996769        
1.05344761649         6.80247436487         -3.74688503778        6.80247436487         -3.74688503778        6.77431205086         -2.86646485178        
1.06310631428         6.72249781338         -3.71630844387        6.72249781338         -3.71630844387        6.69029479874         -2.84297749516        
1.07276501207         6.64360681273         -3.68562600166        6.64360681273         -3.68562600166        6.60740988911         -2.81941323267        
1.08242370986         6.56595747516         -3.65500212053        6.56595747516         -3.65500212053        6.5258255623          -2.79589682308        
1.09208240765         6.48963141143         -3.62446139145        6.48963141143         -3.62446139145        6.44561023983         -2.77244827607        
1.10174110544         6.41386732381         -3.59368596519        6.41386732381         -3.59368596519        6.36602761258         -2.74882275137        
1.11139980323         6.33935825745         -3.56312705294        6.33935825745         -3.56312705294        6.28777119166         -2.72536548619        
1.12105850102         6.26634108724         -3.53266823378        6.26634108724         -3.53266823378        6.2109721894          -2.70198534594        
1.13071719881         6.19413740415         -3.50232330718        6.19413740415         -3.50232330718        6.13507392502         -2.67869563097        
1.14037589661         6.12322450763         -3.47162623659        6.12322450763         -3.47162623659        6.06042276122         -2.65513992139        
1.1500345944          6.0529248217          -3.44184634178        6.0529248217          -3.44184634178        5.98657333422         -2.63228396663        
1.15969329219         5.98390821374         -3.41194350496        5.98390821374         -3.41194350496        5.91398856945         -2.60934220468        
1.16935198998         5.91551988165         -3.38325773659        5.91551988165         -3.38325773659        5.84217251805         -2.58732893371        
1.17901068777         5.84902866718         -3.35274817281        5.84902866718         -3.35274817281        5.77206096985         -2.56391201649        
1.18866938556         5.7825030307          -3.32320358342        5.7825030307          -3.32320358342        5.70210188328         -2.5412406743         
1.19832808335         5.71814573666         -3.29453082619        5.71814573666         -3.29453082619        5.6343217192          -2.51923644862        
1.20798678114         5.6538993506          -3.26570638303        5.6538993506          -3.26570638303        5.56671394166         -2.49711723712        
1.21764547893         5.59095740199         -3.23735463511        5.59095740199         -3.23735463511        5.50044247003         -2.4753599169         
1.22730417672         5.52872796083         -3.20913905021        5.52872796083         -3.20913905021        5.43494531419         -2.45370647037        
1.23696287451         5.46790231297         -3.18163380914        5.46790231297         -3.18163380914        5.37088682893         -2.43259506848        
1.24662157231         5.40714778575         -3.15395743748        5.40714778575         -3.15395743748        5.30695662383         -2.41135254473        
1.2562802701          5.34766071464         -3.12681255262        5.34766071464         -3.12681255262        5.24433965642         -2.39051645401        
1.26593896789         5.28900022179         -3.10004583116        5.28900022179         -3.10004583116        5.18260445719         -2.36996917724        
1.27559766568         5.23122233844         -3.07366487834        5.23122233844         -3.07366487834        5.12180406902         -2.34971646172        
1.28525636347         5.17464117053         -3.04784787583        5.17464117053         -3.04784787583        5.06223822202         -2.32989677087        
1.29491506126         5.11815075047         -3.02215862388        5.11815075047         -3.02215862388        5.00287840839         -2.31017216024        
1.30457375905         5.06238340668         -2.9967403872         5.06238340668         -2.9967403872         4.94429508074         -2.2906559322         
1.31423245684         5.00769159532         -2.9718765476         5.00769159532         -2.9718765476         4.88682665388         -2.27156311949        
1.32389115463         4.95371558317         -2.94740330737        4.95371558317         -2.94740330737        4.83014714404         -2.2527703967         
1.33354985242         4.90001662246         -2.92292458434        4.90001662246         -2.92292458434        4.77388282013         -2.23397009299        
1.34320855022         4.84715140315         -2.89876694071        4.84715140315         -2.89876694071        4.71849392421         -2.21541165072        
1.35286724801         4.79486708163         -2.87490561854        4.79486708163         -2.87490561854        4.66372729202         -2.1970808429         
1.3625259458          4.74362597512         -2.85167225058        4.74362597512         -2.85167225058        4.61005293388         -2.17923171137        
1.37218464359         4.69286235845         -2.82872169579        4.69286235845         -2.82872169579        4.55692675525         -2.16160038807        
1.38184334138         4.64273277239         -2.80615018292        4.64273277239         -2.80615018292        4.50449533854         -2.14425932939        
1.39150203917         4.59326359869         -2.78396825176        4.59326359869         -2.78396825176        4.45279652723         -2.12721591425        
1.40116073696         4.54444711701         -2.76218166178        4.54444711701         -2.76218166178        4.40181672589         -2.11047371811        
1.41081943475         4.49594366219         -2.74073777963        4.49594366219         -2.74073777963        4.35126383871         -2.09399287335        
1.42047813254         4.4479837195          -2.71932681497        4.4479837195          -2.71932681497        4.30132646638         -2.07754335359        
1.43013683033         4.40100089471         -2.69879600395        4.40100089471         -2.69879600395        4.25235179027         -2.06176017021        
1.43979552812         4.35428647887         -2.67830802181        4.35428647887         -2.67830802181        4.20378903735         -2.04601113442        
1.44945422592         4.30805230849         -2.65804371868        4.30805230849         -2.65804371868        4.1557687738          -2.03042743172        
1.45911292371         4.2623460563          -2.63830935291        4.2623460563          -2.63830935291        4.10835317113         -2.01526501947        
1.4687716215          4.21712790592         -2.61882406966        4.21712790592         -2.61882406966        4.06150899792         -2.00028892665        
1.47843031929         4.17233915037         -2.59964694729        4.17233915037         -2.59964694729        4.01517245408         -1.98554908863        
1.48808901708         4.127946717           -2.58071901597        4.127946717           -2.58071901597        3.96931311488         -1.97100118152        
1.49774771487         4.08390510959         -2.56212320439        4.08390510959         -2.56212320439        3.92390710492         -1.95670730651        
1.50740641266         4.04023457958         -2.54371804965        4.04023457958         -2.54371804965        3.87896447063         -1.94255922137        
1.51706511045         3.99710746955         -2.52562230253        3.99710746955         -2.52562230253        3.83460943374         -1.92864809251        
1.52672380824         3.95448526048         -2.50779258126        3.95448526048         -2.50779258126        3.79083857223         -1.91494071564        
1.53638250603         3.91207480008         -2.49012787798        3.91207480008         -2.49012787798        3.747381777           -1.90136050788        
1.54604120383         3.87022309861         -2.47277139583        3.87022309861         -2.47277139583        3.70455137241         -1.88801650566        
1.55569990162         3.82870945444         -2.45558586759        3.82870945444         -2.45558586759        3.6621384579          -1.87480340365        
1.56535859941         3.78752622604         -2.43856439545        3.78752622604         -2.43856439545        3.62013325168         -1.86171717891        
1.5750172972          3.74655748811         -2.42163098572        3.74655748811         -2.42163098572        3.57842797974         -1.84869925579        
1.58467599499         3.70618029426         -2.4049862365         3.70618029426         -2.4049862365         3.53736873804         -1.83590286211        
1.59433469278         3.66606282017         -2.38844736964        3.66606282017         -2.38844736964        3.49665207283         -1.82318833365        
1.60399339057         3.62671781823         -2.37233322869        3.62671781823         -2.37233322869        3.45675803545         -1.8108001361         
1.61365208836         3.58747804404         -2.35617939084        3.58747804404         -2.35617939084        3.41704720813         -1.79838203329        
1.62331078615         3.54880863926         -2.34030690842        3.54880863926         -2.34030690842        3.3779633457          -1.78618127585        
1.63296948394         3.51048026275         -2.324536545          3.51048026275         -2.324536545          3.33928365815         -1.77405884238        
1.64262818173         3.47263183083         -2.30898087467        3.47263183083         -2.30898087467        3.30114077449         -1.76210189055        
1.65228687953         3.43551174767         -2.29372665369        3.43551174767         -2.29372665369        3.26375975985         -1.75037649314        
1.66194557732         3.39894278047         -2.27873941569        3.39894278047         -2.27873941569        3.22697845105         -1.73885637919        
1.67160427511         3.36314095078         -2.2640914087         3.36314095078         -2.2640914087         3.19099518581         -1.72759787296        
1.6812629729          3.32821882496         -2.24993018907        3.32821882496         -2.24993018907        3.15591950296         -1.71671230547        
1.69092167069         3.29697700315         -2.23952768675        3.29697700315         -2.23952768675        3.12459332547         -1.70870470089        
1.70058036848         3.29307970595         -2.24466068916        3.29307970595         -2.24466068916        3.11881594382         -1.71253283515        
1.71023906627         3.28530095856         -2.24867801155        3.28530095856         -2.24867801155        3.1096017738          -1.71551955725        
1.71989776406         3.27562843537         -2.25131343655        3.27562843537         -2.25131343655        3.09861885711         -1.71745139051        
1.72955646185         3.26433440243         -2.25280341259        3.26433440243         -2.25280341259        3.08614414911         -1.71851121611        
1.73921515964         3.25169446676         -2.25326565846        3.25169446676         -2.25326565846        3.0724233566          -1.71878763606        
1.74887385744         3.23781877969         -2.25279759718        3.23781877969         -2.25279759718        3.0575667955          -1.71835457057        
1.75853255523         3.22276214709         -2.25140331201        3.22276214709         -2.25140331201        3.04163083805         -1.71721584229        
1.76819125302         3.20679248849         -2.24919788349        3.20679248849         -2.24919788349        3.02484304374         -1.71545882215        
1.77784995081         3.18972366169         -2.2461094653         3.18972366169         -2.2461094653         3.00706332394         -1.71302982249        
1.7875086486          3.1717144831          -2.24225151084        3.1717144831          -2.24225151084        2.98842391362         -1.71001364661        
1.79716734639         3.15282930173         -2.23760262506        3.15282930173         -2.23760262506        2.96898838598         -1.70639630408        
1.80682604418         3.13312742607         -2.23218313674        3.13312742607         -2.23218313674        2.94880707814         -1.70219162692        
1.81648474197         3.11261766978         -2.22603944582        3.11261766978         -2.22603944582        2.92789505116         -1.69743643633        
1.82614343976         3.09142972998         -2.21918227965        3.09142972998         -2.21918227965        2.90636270589         -1.69213732422        
1.83580213755         3.06942450702         -2.21158981419        3.06942450702         -2.21158981419        2.88409819733         -1.68627791108        
1.84546083534         3.04681426667         -2.20334078777        3.04681426667         -2.20334078777        2.86128368189         -1.67991890874        
1.85511953314         3.02359447794         -2.19443054556        3.02359447794         -2.19443054556        2.83791751046         -1.67305614058        
1.86477823093         2.99978472721         -2.18489877306        2.99978472721         -2.18489877306        2.81402118878         -1.66572293974        
1.87443692872         2.97539932173         -2.1747496608         2.97539932173         -2.1747496608         2.78960692585         -1.65792119934        
1.88409562651         2.95053074958         -2.16395591174        2.95053074958         -2.16395591174        2.76475349609         -1.64962324706        
1.8937543243          2.92514037395         -2.15264554464        2.92514037395         -2.15264554464        2.73943299912         -1.64093829299        
1.90341302209         2.89927208716         -2.14081464133        2.89927208716         -2.14081464133        2.71368670221         -1.63185909568        
1.91307171988         2.8730794514          -2.12848849473        2.8730794514          -2.12848849473        2.68764829375         -1.62240251445        
1.92273041767         2.84644603173         -2.11569987593        2.84644603173         -2.11569987593        2.66122048998         -1.61259504624        
1.93238911546         2.81926265283         -2.10231911466        2.81926265283         -2.10231911466        2.63432172044         -1.60233710843        
1.94204781325         2.79196845715         -2.08860700851        2.79196845715         -2.08860700851        2.60730559401         -1.59182591531        
1.95170651105         2.76417845953         -2.07441369272        2.76417845953         -2.07441369272        2.57987071823         -1.58094945656        
1.96136520884         2.73612039941         -2.05983478073        2.73612039941         -2.05983478073        2.55220263623         -1.5697808003         
1.97102390663         2.70869342204         -2.04466481571        2.70869342204         -2.04466481571        2.52496614244         -1.55814477598        
1.98068260442         2.67878554669         -2.02895356961        2.67878554669         -2.02895356961        2.49583412375         -1.54612430398        
1.99034130221         2.64988541828         -2.0129894859         2.64988541828         -2.0129894859         2.46744880619         -1.53389686641        
2                     2.62081733426         -1.9967339268         2.62081733426         -1.9967339268         2.43891970308         -1.52144941382        
2.001                 2.61779935532         -1.99503501358        2.61779935532         -1.99503501358        2.43595969596         -1.5201483771         
2.20595067035         1.97676800448         -1.60482980932        1.97676800448         -1.60482980932        1.81476402777         -1.22162920926        
2.4109013407          1.35074242359         -1.19513721224        1.35074242359         -1.19513721224        1.22513433631         -0.908714629475       
2.61585201105         0.826761075789        -0.807354156181       0.826761075789        -0.807354156181       0.743187879435        -0.613180494718       
2.8208026814          0.461050947932        -0.493359298506       0.461050947932        -0.493359298506       0.410659303588        -0.374283570814       
3.02575335175         0.230562128622        -0.276293279564       0.230562128622        -0.276293279564       0.20379651767         -0.20936914751        
3.2307040221          0.101549889765        -0.138843061639       0.101549889765        -0.138843061639       0.0893494866665       -0.105106544662       
3.43565469245         0.0394400382114       -0.0627714189654      0.0394400382114       -0.0627714189654      0.0346039868121       -0.0474770200586      
3.6406053628          0.0130424328296       -0.0252323409645      0.0130424328296       -0.0252323409645      0.0114732699113       -0.0190713184955      
3.84555603315         0.00354180369801      -0.0089616016124      0.00354180369801      -0.0089616016124      0.00315379638873      -0.00677002951393     
4.0505067035          0.000710701544075     -0.00275873950622     0.000710701544075     -0.00275873950622     0.000658426320091     -0.00208341995149     
4.25545737385         6.45660044879e-05     -0.000711545335888    6.45660044879e-05     -0.000711545335888    7.46107335147e-05     -0.000537308168917    
4.4604080442          -1.94039322754e-05    -0.000142052453209    -1.94039322754e-05    -0.000142052453209    -1.03439273875e-05    -0.000107291283373    
4.66535871455         -9.27130466981e-06    -1.68603275384e-05    -9.27130466981e-06    -1.68603275384e-05    -6.53095516044e-06    -1.27457314595e-05    
4.8703093849          -4.23538465208e-07    -1.56649334314e-07    -4.23538465208e-07    -1.56649334314e-07    -3.08746469553e-07    -1.18869752874e-07    
4.8713093849          -4.09447956032e-07    -1.4948495505e-07     -4.09447956032e-07    -1.4948495505e-07     -2.98465961211e-07    -1.13434811286e-07    
4.8883093849          -2.11116861771e-07    -5.83966569237e-08    -2.11116861771e-07    -5.83966569237e-08    -1.5377682018e-07     -4.42887263113e-08    
4.9053093849          -8.25220485408e-08    -9.08794884834e-09    -8.25220485408e-08    -9.08794884834e-09    -6.00353332426e-08    -6.81418201841e-09    
4.9223093849          -1.23412767172e-08    1.49966422503e-08     -1.23412767172e-08    1.49966422503e-08     -8.94121920091e-09    1.15181141365e-08     
4.9393093849          8.66381809926e-10     3.74318058794e-08     8.66381809926e-10     3.74318058794e-08     6.80028169676e-10     2.81599550151e-08     
4.9563093849          1.50345627726e-09     7.9118279661e-08      1.50345627726e-09     7.9118279661e-08      1.16697256042e-09     5.84253196714e-08     
4.9733093849          1.95453144373e-09     1.18657641577e-07     1.95453144373e-09     1.18657641577e-07     1.51072100846e-09     8.68858370239e-08     
4.9903093849          2.22806024863e-09     1.51558770206e-07     2.22806024863e-09     1.51558770206e-07     1.71829491398e-09     1.10377744135e-07     
4.9913093849          2.23932989091e-09     1.53259736627e-07     2.23932989091e-09     1.53259736627e-07     1.72681312935e-09     1.11586469498e-07     
5.16998427317         1.11008764974e-09     1.73665730749e-07     1.11008764974e-09     1.73665730749e-07     8.50914477852e-10     1.2305965723e-07      
5.34865916145         1.61847760331e-10     6.73818340577e-08     1.61847760331e-10     6.73818340577e-08     1.23681368933e-10     4.69080934321e-08     
5.52733404972         -6.99998245557e-12    1.82468994211e-08     -6.99998245557e-12    1.82468994211e-08     -5.46122199587e-12    1.25106897048e-08     
5.706008938           -9.66249983199e-12    3.79074168979e-09     -9.66249983199e-12    3.79074168979e-09     -7.41895327926e-12    2.5633495296e-09      
5.88468382627         -2.53304946092e-12    5.85534637463e-10     -2.53304946092e-12    5.85534637463e-10     -1.94211898625e-12    3.90883719877e-10     
6.06335871455         -3.14387803212e-13    5.38903416249e-11     -3.14387803212e-13    5.38903416249e-11     -2.40889627641e-13    3.55422343665e-11     
6.24203360282         -5.0044490653e-16     7.00648390403e-14     -5.0044490653e-16     7.00648390403e-14     -3.8329679226e-16     4.56824498126e-14     
6.4207084911          2.42594242717e-12     2.01295192766e-14     2.42594242717e-12     2.01295192766e-14     1.56458230426e-12     4.77410677136e-14     
6.59938337937         1.39004242666e-12     1.29691996751e-14     1.39004242666e-12     1.29691996751e-14     8.87344127475e-13     2.47878930038e-14     
6.77805826765         4.71840924541e-13     4.84221173369e-15     4.71840924541e-13     4.84221173369e-15     2.98302241399e-13     7.69875726619e-15     
6.95673315592         1.24367818853e-13     1.38188082314e-15     1.24367818853e-13     1.38188082314e-15     7.78857897452e-14     1.87973583193e-15     
7.1354080442          2.77583076982e-14     3.30031650881e-16     2.77583076982e-14     3.30031650881e-16     1.72217237925e-14     3.9173744937e-16      
7.31408293247         5.95349102923e-15     7.50565120362e-17     5.95349102923e-15     7.50565120362e-17     3.65960154206e-15     7.88954721895e-17     
7.49275782075         2.65942182162e-16     3.52966607759e-18     2.65942182162e-16     3.52966607759e-18     1.61980651244e-16     3.32580333685e-18     
7.67143270902         3.43958983988e-16     4.77811162726e-18     3.43958983988e-16     4.77811162726e-18     2.07606399759e-16     4.07394392083e-18     
7.8501075973          4.32659370388e-16     6.26065730089e-18     4.32659370388e-16     6.26065730089e-18     2.58812075327e-16     4.8624408452e-18      
8.02878248558         5.32250560896e-16     7.99057103504e-18     5.32250560896e-16     7.99057103504e-18     3.15564038492e-16     5.68965313169e-18     
8.20745737385         6.42922387058e-16     9.98020831926e-18     6.42922387058e-16     9.98020831926e-18     3.77853556352e-16     6.54982143392e-18     
8.38613226212         7.64848962102e-16     1.22411002724e-17     7.64848962102e-16     1.22411002724e-17     4.45617094351e-16     7.44022565657e-18     
8.5648071504          8.9819029402e-16      1.4784031413e-17      8.9819029402e-16      1.4784031413e-17      5.18838469606e-16     8.3408135038e-18      
8.74348203867         1.04309376211e-15     1.76191082989e-17     1.04309376211e-15     1.76191082989e-17     5.97453538789e-16     9.28625250015e-18     
8.92215692695         1.19969543633e-15     2.07558201993e-17     1.19969543633e-15     2.07558201993e-17     6.81403543721e-16     1.02368459563e-17     
9.10083181522         1.36812124325e-15     2.42030928535e-17     1.36812124325e-15     2.42030928535e-17     7.70653005451e-16     1.11866918425e-17     
9.2795067035          1.54848799177e-15     2.79693362362e-17     1.54848799177e-15     2.79693362362e-17     8.65158145019e-16     1.21730015044e-17     
9.45818159177         1.74090427435e-15     3.20624871252e-17     1.74090427435e-15     3.20624871252e-17     9.64814509492e-16     1.31723559972e-17     
9.63685648005         1.94547125954e-15     3.6490047147e-17      1.94547125954e-15     3.6490047147e-17      1.06958157079e-15     1.4169530815e-17      
9.81553136833         2.16228339009e-15     4.12591168821e-17     2.16228339009e-15     4.12591168821e-17     1.17940816986e-15     1.51610688475e-17     
9.9942062566          2.39142899934e-15     4.6376426523e-17      2.39142899934e-15     4.6376426523e-17      1.29426169977e-15     1.6156969071e-17      
10.1728811449         2.63299085696e-15     5.18483635086e-17     2.63299085696e-15     5.18483635086e-17     1.41403031392e-15     1.71992927694e-17     
10.3515560332         2.88704665345e-15     5.76809974972e-17     2.88704665345e-15     5.76809974972e-17     1.53865043416e-15     1.82402946872e-17     
10.5302309214         3.15366943154e-15     6.38801029913e-17     3.15366943154e-15     6.38801029913e-17     1.66806996598e-15     1.9278379762e-17      
10.7089058097         3.43292797127e-15     7.04511798826e-17     3.43292797127e-15     7.04511798826e-17     1.80223201097e-15     2.03121680375e-17     
10.887580698          3.72488713487e-15     7.73994721511e-17     3.72488713487e-15     7.73994721511e-17     1.94108093562e-15     2.13404798673e-17     
11.0662555862         4.02960817627e-15     8.47299849199e-17     4.02960817627e-15     8.47299849199e-17     2.08456865529e-15     2.23623220035e-17     
11.2449304745         4.34714901972e-15     9.24475000429e-17     4.34714901972e-15     9.24475000429e-17     2.23265394627e-15     2.34313996938e-17     
11.4236053628         4.6775645111e-15      1.00556590379e-16     4.6775645111e-15      1.00556590379e-16     2.38519867173e-15     2.45293186839e-17     
11.6022802511         5.02090664525e-15     1.0906163289e-16      5.02090664525e-15     1.0906163289e-16      2.54216783387e-15     2.56312942878e-17     
11.7809551393         5.37722477202e-15     1.17966820674e-16     5.37722477202e-15     1.17966820674e-16     2.70350837904e-15     2.67375162728e-17     
11.9596300276         5.74656578344e-15     1.27276174049e-16     5.74656578344e-15     1.27276174049e-16     2.86916513631e-15     2.78482893708e-17     
12.1383049159         6.12897428407e-15     1.36993550774e-16     6.12897428407e-15     1.36993550774e-16     3.03908320235e-15     2.89640239621e-17     
12.3169798042         6.52449274644e-15     1.47122655485e-16     6.52449274644e-15     1.47122655485e-16     3.21320876634e-15     3.00852274457e-17     
12.4956546924         6.93316165304e-15     1.5766704843e-16      6.93316165304e-15     1.5766704843e-16      3.391489912e-15       3.12124962484e-17     
12.6743295807         7.35501962635e-15     1.68630153551e-16     7.35501962635e-15     1.68630153551e-16     3.57387846825e-15     3.23465084293e-17     
12.853004469          7.79010354808e-15     1.80015265996e-16     7.79010354808e-15     1.80015265996e-16     3.76034110938e-15     3.3488016836e-17      
13.0316793573         8.23844866869e-15     1.9182555908e-16      8.23844866869e-15     1.9182555908e-16      3.95082107557e-15     3.47261805592e-17     
13.2103542455         8.70008870824e-15     2.04064090774e-16     8.70008870824e-15     2.04064090774e-16     4.14518760924e-15     3.59967995866e-17     
13.3890291338         9.17505594923e-15     2.16733809736e-16     9.17505594923e-15     2.16733809736e-16     4.34342062274e-15     3.72891215932e-17     
13.5677040221         9.66338132238e-15     2.29837560947e-16     9.66338132238e-15     2.29837560947e-16     4.54547473421e-15     3.86045363062e-17     
13.7463789104         1.01650944859e-14     2.43378090958e-16     1.01650944859e-14     2.43378090958e-16     4.75130244501e-15     3.99444733568e-17     
13.9250537986         1.06802238986e-14     2.57358052801e-16     1.06802238986e-14     2.57358052801e-16     4.96085617147e-15     4.13103979605e-17     
14.1037286869         1.12087968884e-14     2.71780010586e-16     1.12087968884e-14     2.71780010586e-16     5.17408881465e-15     4.27038069365e-17     
14.2824035752         1.17508397147e-14     2.866464438e-16       1.17508397147e-14     2.866464438e-16       5.39095399603e-15     4.41262250396e-17     
14.4610784635         1.23063776278e-14     3.01959751337e-16     1.23063776278e-14     3.01959751337e-16     5.61140619122e-15     4.5579201582e-17      
14.6397533518         1.28754349227e-14     3.17722255286e-16     1.28754349227e-14     3.17722255286e-16     5.83540083938e-15     4.70643073205e-17     
14.81842824           1.34580349902e-14     3.33936204481e-16     1.34580349902e-14     3.33936204481e-16     6.06289447472e-15     4.85831315917e-17     
14.9971031283         1.40542003643e-14     3.50603777847e-16     1.40542003643e-14     3.50603777847e-16     6.29384493833e-15     5.01372796735e-17     
15.1757780166         1.46639527665e-14     3.67727087537e-16     1.46639527665e-14     3.67727087537e-16     6.5282118027e-15      5.17283703569e-17     
15.3544529048         1.52873131466e-14     3.85308181898e-16     1.52873131466e-14     3.85308181898e-16     6.7659574392e-15      5.33580337116e-17     
15.5331277931         1.5924301722e-14      4.0334904826e-16      1.5924301722e-14      4.0334904826e-16      7.00705097501e-15     5.50279090311e-17     
15.7118026814         1.65749380133e-14     4.21851615569e-16     1.65749380133e-14     4.21851615569e-16     7.25149865703e-15     5.67759102574e-17     
15.8904775697         1.72392408784e-14     4.40817756871e-16     1.72392408784e-14     4.40817756871e-16     7.49914374664e-15     5.86604585013e-17     
16.0691524579         1.79172285446e-14     4.60249291663e-16     1.79172285446e-14     4.60249291663e-16     7.749958453e-15       6.06002675531e-17     
16.2478273462         1.86089186378e-14     4.80147988109e-16     1.86089186378e-14     4.80147988109e-16     8.00391828209e-15     6.25972573159e-17     
16.4265022345         1.93143282111e-14     5.00515565146e-16     1.93143282111e-14     5.00515565146e-16     8.26098916752e-15     6.46533452853e-17     
16.6051771228         2.00334737709e-14     5.2135369447e-16      2.00334737709e-14     5.2135369447e-16      8.52113533877e-15     6.6770445297e-17      
16.7838520111         2.07663713019e-14     5.42664002422e-16     2.07663713019e-14     5.42664002422e-16     8.78432074943e-15     6.89504663828e-17     
16.9625268993         2.15130362905e-14     5.64448071778e-16     2.15130362905e-14     5.64448071778e-16     9.05050954257e-15     7.11953117259e-17     
17.1412017876         2.22734837464e-14     5.86707443441e-16     2.22734837464e-14     5.86707443441e-16     9.31966624339e-15     7.35068777081e-17     
17.3198766759         2.30477282241e-14     6.09443618053e-16     2.30477282241e-14     6.09443618053e-16     9.59175584991e-15     7.58870530427e-17     
17.4985515641         2.38357838422e-14     6.32658057526e-16     2.38357838422e-14     6.32658057526e-16     9.86674387912e-15     7.83377179858e-17     
17.6772264524         2.46376643019e-14     6.56352186496e-16     2.46376643019e-14     6.56352186496e-16     1.01445963913e-14     8.08607436207e-17     
17.8559013407         2.54533829045e-14     6.80527393705e-16     2.54533829045e-14     6.80527393705e-16     1.04252800032e-14     8.34579912089e-17     
18.034576229          2.62829525684e-14     7.05185033321e-16     2.62829525684e-14     7.05185033321e-16     1.07087618957e-14     8.61313116046e-17     
18.2132511172         2.71263858444e-14     7.30326426188e-16     2.71263858444e-14     7.30326426188e-16     1.09950098185e-14     8.88825447257e-17     
18.3919260055         2.79836949309e-14     7.55952861022e-16     2.79836949309e-14     7.55952861022e-16     1.12839920952e-14     9.17135190785e-17     
18.5706008938         2.88548916878e-14     7.82065595553e-16     2.88548916878e-14     7.82065595553e-16     1.15756776293e-14     9.46260513316e-17     
18.7492757821         2.973998765e-14       8.08665857607e-16     2.973998765e-14       8.08665857607e-16     1.18700359142e-14     9.76219459355e-17     
18.9279506704         3.06389940403e-14     8.35754846148e-16     3.06389940403e-14     8.35754846148e-16     1.2167037049e-14      1.00702994784e-16     
19.1066255586         3.1551921781e-14      8.63333732262e-16     3.1551921781e-14      8.63333732262e-16     1.24666517647e-14     1.03870976915e-16     
19.2853004469         3.24787815061e-14     8.9140366011e-16      3.24787815061e-14     8.9140366011e-16      1.27688514678e-14     1.07127658245e-16     
19.4639753352         3.34195835714e-14     9.19965747826e-16     3.34195835714e-14     9.19965747826e-16     1.3073608314e-14      1.10474791343e-16     
19.6426502234         3.43743380657e-14     9.49021088385e-16     3.43743380657e-14     9.49021088385e-16     1.33808953387e-14     1.13914115227e-16     
19.8213251117         3.534305482e-14       9.78570750431e-16     3.534305482e-14       9.78570750431e-16     1.36906867056e-14     1.17447355193e-16     
20                    0                     0                     0                     0                     0                     0                     
