0.0779191396          0                     0                     0                     0                     0                     0                     
0.0876558150718       0.00468010358869      -0.00305843128221     0.00468010358869      -0.00305843128221     0.0125746306342       -0.00743214432048     
0.0973924905436       0.0253661578632       -0.0218319009064      0.0253661578632       -0.0218319009064      0.0686230250634       -0.0523323092272      
0.107129166015        0.0558707991855       -0.0604957765417      0.0558707991855       -0.0604957765417      0.154033873918        -0.144037358527       
0.116865841487        0.0885715872133       -0.112706702071       0.0885715872133       -0.112706702071       0.249457476183        -0.267519624426       
0.126602516959        0.120167592111        -0.172066129413       0.120167592111        -0.172066129413       0.345312301638        -0.407737430365       
0.136339192431        0.149246440744        -0.234166834209       0.149246440744        -0.234166834209       0.436724302416        -0.554324164061       
0.146075867903        0.175263164311        -0.296183054289       0.175263164311        -0.296183054289       0.521250940472        -0.700626089069       
0.155812543374        0.198082282844        -0.356356029376       0.198082282844        -0.356356029376       0.597760506336        -0.842498891174       
0.165549218846        0.217807365399        -0.413661280897       0.217807365399        -0.413661280897       0.665967627841        -0.977527981096       
0.175285894318        0.23460951271         -0.467535536875       0.23460951271         -0.467535536875       0.72593761323         -1.10438487625        
0.18502256979         0.248741955235        -0.517736947793       0.248741955235        -0.517736947793       0.778085862384        -1.22250186812        
0.194759245262        0.260295906072        -0.564045360979       0.260295906072        -0.564045360979       0.822518528892        -1.33135932944        
0.204495920734        0.269681338752        -0.606637074115       0.269681338752        -0.606637074115       0.860211897919        -1.43138544884        
0.214232596205        0.277087531893        -0.64560336328        0.277087531893        -0.64560336328        0.891631779205        -1.5228014589         
0.223969271677        0.282722915695        -0.68110433494        0.282722915695        -0.68110433494        0.917317756993        -1.60599218897        
0.233705947149        0.286753297577        -0.713340732587       0.286753297577        -0.713340732587       0.937738387787        -1.68143351155        
0.243442622621        0.289357901741        -0.742512316564       0.289357901741        -0.742512316564       0.953399777138        -1.74960339476        
0.253179298093        0.290671469535        -0.768801613934       0.290671469535        -0.768801613934       0.964711126665        -1.81093699932        
0.262915973564        0.290823618555        -0.792409106892       0.290823618555        -0.792409106892       0.972067034776        -1.8659133566         
0.272652649036        0.289931123876        -0.813505734074       0.289931123876        -0.813505734074       0.975830917025        -1.91494165444        
0.282389324508        0.288109979007        -0.832267871632       0.288109979007        -0.832267871632       0.976367863441        -1.95844321721        
0.29212599998         0.285471474561        -0.848868936043       0.285471474561        -0.848868936043       0.974020851365        -1.99682848613        
0.301862675452        0.282075058502        -0.863432644361       0.282075058502        -0.863432644361       0.969008223875        -2.03039772246        
0.311599350923        0.278021696983        -0.876100051449       0.278021696983        -0.876100051449       0.961639482807        -2.05948590453        
0.321336026395        0.273372659868        -0.887032876707       0.273372659868        -0.887032876707       0.952128059549        -2.08447639563        
0.331072701867        0.268224662385        -0.896365722528       0.268224662385        -0.896365722528       0.94078078246         -2.105694155          
0.340809377339        0.262529839544        -0.904078645582       0.262529839544        -0.904078645582       0.927501798325        -2.12307165623        
0.350546052811        0.256470639191        -0.91040244687        0.256470639191        -0.91040244687        0.912826547629        -2.13718097499        
0.360282728283        0.250078217228        -0.915423017912       0.250078217228        -0.915423017912       0.896870294602        -2.14822646819        
0.370019403754        0.243372494301        -0.91922790121        0.243372494301        -0.91922790121        0.879715217191        -2.15641546762        
0.379756079226        0.236395216433        -0.921909416709       0.236395216433        -0.921909416709       0.861507253357        -2.16196455773        
0.389492754698        0.229193465452        -0.92355347157        0.229193465452        -0.92355347157        0.842399720221        -2.16507785687        
0.39922943017         0.221746971704        -0.92418917453        0.221746971704        -0.92418917453        0.822375198402        -2.16582842405        
0.408966105642        0.214114661164        -0.923925090428       0.214114661164        -0.923925090428       0.801614023569        -2.16447038615        
0.418702781113        0.206323079278        -0.92279960259        0.206323079278        -0.92279960259        0.780210104573        -2.16109881974        
0.428439456585        0.198384003636        -0.92085909639        0.198384003636        -0.92085909639        0.758212068997        -2.15582294174        
0.438176132057        0.190499523076        -0.918202414638       0.190499523076        -0.918202414638       0.736130710027        -2.14886338722        
0.447912807529        0.182204834506        -0.914807780973       0.182204834506        -0.914807780973       0.712895200302        -2.14020759431        
0.457649483001        0.173913850091        -0.910710108606       0.173913850091        -0.910710108606       0.689485365603        -2.12989042429        
0.467386158472        0.165614582769        -0.905957952714       0.165614582769        -0.905957952714       0.665922465693        -2.1180517872         
0.477122833944        0.157298622535        -0.900626573393       0.157298622535        -0.900626573393       0.642194381574        -2.10487364345        
0.486859509416        0.14899211688         -0.894755560325       0.14899211688         -0.894755560325       0.618379854111        -2.09044836334        
0.496596184888        0.140704027434        -0.888373212155       0.140704027434        -0.888373212155       0.594513730489        -2.07484253706        
0.50633286036         0.132426825983        -0.881536922954       0.132426825983        -0.881536922954       0.570595960967        -2.05819039997        
0.516069535832        0.124172552473        -0.874260982313       0.124172552473        -0.874260982313       0.546663817445        -2.04052470488        
0.525806211303        0.115959856656        -0.866570495823       0.115959856656        -0.866570495823       0.52277492581         -2.02190591154        
0.535542886775        0.107787311151        -0.858530009354       0.107787311151        -0.858530009354       0.498942840936        -2.00248510635        
0.545279562247        0.0996666252606       -0.850125164387       0.0996666252606       -0.850125164387       0.475198412975        -1.98222701743        
0.555016237719        0.0915326701635       -0.841376858781       0.0915326701635       -0.841376858781       0.451391965768        -1.96117745973        
0.564752913191        0.0834801911073       -0.832289746642       0.0834801911073       -0.832289746642       0.427784240639        -1.93934632692        
0.574489588662        0.0755150014083       -0.82282180563        0.0755150014083       -0.82282180563        0.404356742051        -1.91665381392        
0.584226264134        0.0677497226995       -0.813212704367       0.0677497226995       -0.813212704367       0.381431203207        -1.89364773704        
0.593962939606        0.0599001528064       -0.803170299725       0.0599001528064       -0.803170299725       0.358292492237        -1.86965296496        
0.603699615078        0.0523038120565       -0.793052812982       0.0523038120565       -0.793052812982       0.335770562571        -1.84548768412        
0.61343629055         0.0446793368387       -0.782541367375       0.0446793368387       -0.782541367375       0.313215599714        -1.8204514021         
0.623172966021        0.0372351588375       -0.771914154811       0.0372351588375       -0.771914154811       0.291108873168        -1.79515072481        
0.632909641493        0.0299021374304       -0.761094646117       0.0299021374304       -0.761094646117       0.269293163649        -1.76942244647        
0.642646316965        0.022636039747        -0.750039101672       0.022636039747        -0.750039101672       0.247656837502        -1.74315173482        
0.652382992437        0.0155428065997       -0.738779055523       0.0155428065997       -0.738779055523       0.226468076869        -1.71642837178        
0.662119667909        0.00859099836455      -0.727443656563       0.00859099836455      -0.727443656563       0.205678226625        -1.68955105032        
0.671856343381        0.00178768459046      -0.715936299819       0.00178768459046      -0.715936299819       0.185272875665        -1.66229326489        
0.681593018852        -0.00488356132438     -0.704335737941       -0.00488356132438     -0.704335737941       0.165230632103        -1.63484023541        
0.691329694324        -0.0114139108104      -0.692538865628       -0.0114139108104      -0.692538865628       0.14555807669         -1.60694793375        
0.701066369796        -0.0177906125519      -0.680661286709       -0.0177906125519      -0.680661286709       0.126305739207        -1.57889114419        
0.710803045268        -0.024060937959       -0.668695644909       -0.024060937959       -0.668695644909       0.10736131594         -1.55063918839        
0.72053972074         -0.0301630431317      -0.6566145972         -0.0301630431317      -0.6566145972         0.0888701613384       -1.52214074664        
0.730276396211        -0.0361038645231      -0.644437211165       -0.0361038645231      -0.644437211165       0.0708176409387       -1.49344127764        
0.740013071683        -0.0418700576556      -0.632201787869       -0.0418700576556      -0.632201787869       0.0532369861134       -1.4646276427         
0.749749747155        -0.0475037041114      -0.619902085783       -0.0475037041114      -0.619902085783       0.0360360216968       -1.43568748225        
0.759486422627        -0.0529218643919      -0.607548808097       -0.0529218643919      -0.607548808097       0.0193913434898       -1.40663727339        
0.769223098099        -0.0582277998236      -0.595115090667       -0.0582277998236      -0.595115090667       0.00307183620825      -1.37741677401        
0.77895977357         -0.0633242082621      -0.582609391105       -0.0633242082621      -0.582609391105       -0.0126894273673      -1.34805124086        
0.788696449042        -0.0682728082076      -0.570123591004       -0.0682728082076      -0.570123591004       -0.0280321488612      -1.31875173401        
0.798433124514        -0.0730272213091      -0.557584885725       -0.0730272213091      -0.557584885725       -0.0428597560591      -1.28934991965        
0.808169799986        -0.0776029920904      -0.545035852925       -0.0776029920904      -0.545035852925       -0.0572010779947      -1.25994291352        
0.817906475458        -0.0820200123184      -0.532456534074       -0.0820200123184      -0.532456534074       -0.0711081571729      -1.23048088557        
0.82764315093         -0.0862498806289      -0.519866034986       -0.0862498806289      -0.519866034986       -0.0845080320448      -1.20101342851        
0.837379826401        -0.0902854444019      -0.50728416032        -0.0902854444019      -0.50728416032        -0.0973850926492      -1.17158608121        
0.847116501873        -0.0941370273067      -0.49467923627        -0.0941370273067      -0.49467923627        -0.109772596569       -1.1421246065         
0.856853177345        -0.0978184199298      -0.482101351154       -0.0978184199298      -0.482101351154       -0.121692526609       -1.11274178424        
0.866589852817        -0.101300012604       -0.469527059749       -0.101300012604       -0.469527059749       -0.133079493035       -1.08338613584        
0.876326528289        -0.104584402568       -0.456967919271       -0.104584402568       -0.456967919271       -0.143941980882       -1.05408412083        
0.88606320376         -0.107688815022       -0.444448899124       -0.107688815022       -0.444448899124       -0.154317799847       -1.02489275043        
0.895799879232        -0.110580843678       -0.431936079542       -0.110580843678       -0.431936079542       -0.164136043154       -0.995733893789       
0.905536554704        -0.113267399905       -0.419457367576       -0.113267399905       -0.419457367576       -0.173412976923       -0.966671396546       
0.915273230176        -0.115776710027       -0.407014082333       -0.115776710027       -0.407014082333       -0.182213441427       -0.937707757717       
0.925009905648        -0.118073566145       -0.394617372679       -0.118073566145       -0.394617372679       -0.190455824554       -0.908869714929       
0.934746581119        -0.120164441839       -0.382261530939       -0.120164441839       -0.382261530939       -0.198158967029       -0.880143573262       
0.944483256591        -0.12205298204        -0.369957778038       -0.12205298204        -0.369957778038       -0.205331352633       -0.85155515798        
0.954219932063        -0.123728606292       -0.357671392623       -0.123728606292       -0.357671392623       -0.211957543886       -0.823023970869       
0.963956607535        -0.125165594178       -0.345414411228       -0.125165594178       -0.345414411228       -0.217974132149       -0.794576770411       
0.973693283007        -0.126363398645       -0.333140816877       -0.126363398645       -0.333140816877       -0.223395930065       -0.766108932875       
0.983429958479        -0.127161300156       -0.320493800104       -0.127161300156       -0.320493800104       -0.227925210958       -0.736799283649       
0.99316663395         -0.127456162554       -0.307270184753       -0.127456162554       -0.307270184753       -0.231367527598       -0.706182173833       
1.00290330942         -0.127601607094       -0.294393278784       -0.127601607094       -0.294393278784       -0.234352365202       -0.676380104133       
1.01263998489         -0.127583212126       -0.281821752131       -0.127583212126       -0.281821752131       -0.236858332821       -0.647297173109       
1.02237666037         -0.127401447732       -0.269529865003       -0.127401447732       -0.269529865003       -0.238894525316       -0.618873444209       
1.03211333584         -0.127047378082       -0.257491145351       -0.127047378082       -0.257491145351       -0.240446675356       -0.591047243275       
1.04185001131         -0.126530323559       -0.245729805387       -0.126530323559       -0.245729805387       -0.241534986867       -0.56387329581        
1.05158668678         -0.125835565562       -0.234203744376       -0.125835565562       -0.234203744376       -0.242135787844       -0.537255304251       
1.06132336225         -0.124986928218       -0.222949931383       -0.124986928218       -0.222949931383       -0.242300212976       -0.51127751356        
1.07106003772         -0.123966587822       -0.21193668065        -0.123966587822       -0.21193668065        -0.241994617197       -0.485866327422       
1.0807967132          -0.122787736215       -0.201176335622       -0.122787736215       -0.201176335622       -0.241250201745       -0.461049675371       
1.09053338867         -0.121452521329       -0.190672513058       -0.121452521329       -0.190672513058       -0.240073210371       -0.436835089281       
1.10027006414         -0.119953278319       -0.18041094597        -0.119953278319       -0.18041094597        -0.238450984457       -0.413189265868       
1.11000673961         -0.118282147311       -0.170394219117       -0.118282147311       -0.170394219117       -0.236367251742       -0.390117497265       
1.11974341508         -0.116490066277       -0.160645036275       -0.116490066277       -0.160645036275       -0.233937886508       -0.367673374228       
1.12948009056         -0.11453292536        -0.151145290957       -0.11453292536        -0.151145290957       -0.231067105053       -0.345812643926       
1.13921676603         -0.112426194965       -0.141900470029       -0.112426194965       -0.141900470029       -0.227791452946       -0.32454785902        
1.1489534415          -0.110170886991       -0.132911185465       -0.110170886991       -0.132911185465       -0.224115715236       -0.303880157474       
1.15869011697         -0.107774436336       -0.124185785865       -0.107774436336       -0.124185785865       -0.220058087934       -0.283828454313       
1.16842679244         -0.105227730165       -0.115717104474       -0.105227730165       -0.115717104474       -0.215601053123       -0.264375568328       
1.17816346791         -0.102546930687       -0.107521384124       -0.102546930687       -0.107521384124       -0.210781965909       -0.245558425945       
1.18790014339         -0.0997320003133      -0.0995973494217      -0.0997320003133      -0.0995973494217      -0.205603077915       -0.227373543918       
1.19763681886         -0.096777337623       -0.0919428059603      -0.096777337623       -0.0919428059603      -0.200055039369       -0.209815526637       
1.20737349433         -0.0936954586623      -0.0845712433637      -0.0936954586623      -0.0845712433637      -0.194166597546       -0.192914878423       
1.2171101698          -0.0904926330366      -0.0774891024912      -0.0904926330366      -0.0774891024912      -0.187953899303       -0.176685649796       
1.22684684527         -0.0871645840143      -0.0706958288954      -0.0871645840143      -0.0706958288954      -0.181410181056       -0.161126166202       
1.23658352075         -0.083716676121       -0.0641989292043      -0.083716676121       -0.0641989292043      -0.174549989092       -0.146253244099       
1.24632019622         -0.0801781170961      -0.0580216321073      -0.0801781170961      -0.0580216321073      -0.16743770737        -0.132119274289       
1.25605687169         -0.0765337686081      -0.0521548533168      -0.0765337686081      -0.0521548533168      -0.160044842714       -0.118702991354       
1.26579354716         -0.0728021535772      -0.046613836424       -0.0728021535772      -0.046613836424       -0.152413979243       -0.106038780464       
1.27553022263         -0.0689968742311      -0.0414076620076      -0.0689968742311      -0.0414076620076      -0.14457782372        -0.094146633939       
1.2852668981          -0.0651350507102      -0.0365481758761      -0.0651350507102      -0.0365481758761      -0.136576380426       -0.0830528858301      
1.29500357358         -0.0612276037426      -0.0320344834047      -0.0612276037426      -0.0320344834047      -0.128437882697       -0.0727550062714      
1.30474024905         -0.0572991609618      -0.0278797125742      -0.0572991609618      -0.0278797125742      -0.120219089886       -0.0632819375216      
1.31447692452         -0.0533776318953      -0.0240889819761      -0.0533776318953      -0.0240889819761      -0.111984351629       -0.0546445184848      
1.32421359999         -0.0494858667327      -0.0206603408657      -0.0494858667327      -0.0206603408657      -0.103787875429       -0.0468374770471      
1.33395027546         -0.0456534804645      -0.0175905744503      -0.0456534804645      -0.0175905744503      -0.095698126927       -0.0398524686564      
1.34368695094         -0.0419094351716      -0.014870508932       -0.0419094351716      -0.014870508932       -0.0877821153575      -0.0336675844401      
1.35342362641         -0.0382801592565      -0.0124838660237      -0.0382801592565      -0.0124838660237      -0.0801012047669      -0.0282449518172      
1.36316030188         -0.0347934737589      -0.0104126755884      -0.0347934737589      -0.0104126755884      -0.0727190667964      -0.0235425151034      
1.37289697735         -0.0314696264321      -0.00863119257982     -0.0314696264321      -0.00863119257982     -0.0656825996328      -0.0195009289982      
1.38263365282         -0.0283268044118      -0.00711303252282     -0.0283268044118      -0.00711303252282     -0.0590333015771      -0.0160593540742      
1.39237032829         -0.0253725890619      -0.00582806051053     -0.0253725890619      -0.00582806051053     -0.0527894963167      -0.0131486507746      
1.40210700377         -0.0226169422817      -0.00474880567249     -0.0226169422817      -0.00474880567249     -0.0469733300649      -0.0107058116633      
1.41184367924         -0.0200595296232      -0.00384726788784     -0.0200595296232      -0.00384726788784     -0.0415846707008      -0.00866679280693     
1.42158035471         -0.0176969574947      -0.00309796967616     -0.0176969574947      -0.00309796967616     -0.0366162446287      -0.00697339266506     
1.43131703018         -0.0155264260526      -0.00247855659771     -0.0155264260526      -0.00247855659771     -0.032061462256       -0.00557460656166     
1.44105370565         -0.0135381561593      -0.00196856961446     -0.0135381561593      -0.00196856961446     -0.0278989215699      -0.00442381630774     
1.45079038113         -0.0117242948264      -0.00155055574813     -0.0117242948264      -0.00155055574813     -0.0241109537865      -0.00348131442436     
1.4605270566          -0.0100763322307      -0.00120979912976     -0.0100763322307      -0.00120979912976     -0.0206783992404      -0.00271362349568     
1.47026373207         -0.00858396736229     -0.000933452199056    -0.00858396736229     -0.000933452199056    -0.0175783908369      -0.00209155090349     
1.48000040754         -0.00723910602657     -0.000710793248337    -0.00723910602657     -0.000710793248337    -0.0147925874518      -0.00159077749895     
1.48973708301         -0.0060309773318      -0.000532552753358    -0.0060309773318      -0.000532552753358    -0.0122972414249      -0.00119027953577     
1.49947375848         -0.00495182915507     -0.000391150120782    -0.00495182915507     -0.000391150120782    -0.0100748656651      -0.000872878597486    
1.50921043396         -0.003993366821       -0.000280090752624    -0.003993366821       -0.000280090752624    -0.00810696005482     -0.000623867555123    
1.51894710943         -0.00314803753203     -0.000193913015174    -0.00314803753203     -0.000193913015174    -0.00637664542184     -0.000430889397346    
1.5286837849          -0.00240905808786     -0.000128013236669    -0.00240905808786     -0.000128013236669    -0.00486870999753     -0.000283531030978    
1.5296837849          -0.00233894101607     -0.000122233541007    -0.00233894101607     -0.000122233541007    -0.00472588367921     -0.00027061870325     
1.5466837849          -0.00130388566767     -4.68337365407e-05    -0.00130388566767     -4.68337365407e-05    -0.0026233637246      -0.00010241819851     
1.5636837849          -0.000551577758107    -3.89954777251e-06    -0.000551577758107    -3.89954777251e-06    -0.00110342977839     -6.92965745446e-06    
1.5806837849          -8.13699304412e-05    2.02902797226e-05     -8.13699304412e-05    2.02902797226e-05     -0.000157775862165    4.69444399608e-05     
1.5976837849          3.26721668332e-05     0.00014114008472      3.26721668332e-05     0.00014114008472      7.7008567131e-05      0.000291729768193     
1.6146837849          6.3362673261e-05      0.000505035339113     6.3362673261e-05      0.000505035339113     0.000148658296712     0.00100843778181      
1.6316837849          9.01828779657e-05     0.000948991309745     9.01828779657e-05     0.000948991309745     0.000211127765381     0.0018727998552       
1.6486837849          0.000111557603906     0.00142367458297      0.000111557603906     0.00142367458297      0.000260820542879     0.00278834623543      
1.6496837849          0.000112642369038     0.00145198616495      0.000112642369038     0.00145198616495      0.00026333979354      0.0028426995164       
1.65683309541         0.000119826773003     0.00165440164127      0.000119826773003     0.00165440164127      0.000280016255143     0.00323049417995      
1.66398240592         0.000126063455327     0.00185646707619      0.000126063455327     0.00185646707619      0.000294478844423     0.00361624004941      
1.67113171644         0.000131384005157     0.00205719439981      0.000131384005157     0.00205719439981      0.000306802879286     0.00399808102256      
1.67828102695         0.000135821805539     0.00225570423997      0.000135821805539     0.00225570423997      0.000317067560246     0.00437437750222      
1.68543033746         0.000139447594811     0.00245183988251      0.000139447594811     0.00245183988251      0.000325439027879     0.00474489346696      
1.69257964797         0.000142645110111     0.00265146112592      0.000142645110111     0.00265146112592      0.000332813419319     0.00512100804901      
1.69972895849         0.000145637558274     0.00285877771778      0.000145637558274     0.00285877771778      0.000339711472866     0.00551082731215      
1.706878269           0.000147859906391     0.0030626223462       0.000147859906391     0.0030626223462       0.000344815263094     0.00589280960394      
1.71402757951         0.000149358804686     0.00326267596636      0.000149358804686     0.00326267596636      0.000348234234993     0.00626640644257      
1.72117689002         0.000150173265558     0.00345853687474      0.000150173265558     0.00345853687474      0.000350059894819     0.00663091083121      
1.72832620053         0.000150339838569     0.00364980336157      0.000150339838569     0.00364980336157      0.000350377907387     0.0069856172333       
1.73547551105         0.000149894129147     0.00383609559704      0.000149894129147     0.00383609559704      0.000349271654667     0.00732986375603      
1.74262482156         0.000148871215853     0.00401706258126      0.000148871215853     0.00401706258126      0.000346823220467     0.00766304513859      
1.74977413207         0.000147305745656     0.00419238407672      0.000147305745656     0.00419238407672      0.000343113621277     0.00798461608528      
1.75692344258         0.000145231998556     0.00436176962756      0.000145231998556     0.00436176962756      0.000338222964276     0.00829408922857      
1.7640727531          0.000142683849254     0.00452495658515      0.000142683849254     0.00452495658515      0.000332230364341     0.00859103110759      
1.77122206361         0.000139694636612     0.0046817094277       0.000139694636612     0.0046817094277       0.000325213645352     0.00887506035123      
1.77837137412         0.000136297149034     0.00483181847023      0.000136297149034     0.00483181847023      0.000317249310598     0.00914584503318      
1.78552068463         0.000132523571471     0.00497509778511      0.000132523571471     0.00497509778511      0.000308412423579     0.00940309849314      
1.79266999514         0.000128405417163     0.00511138351554      0.000128405417163     0.00511138351554      0.000298776452729     0.00964657587335      
1.79981930566         0.00012397349334      0.0052405335507       0.00012397349334      0.0052405335507       0.000288413194415     0.00987607326938      
1.80696861617         0.000119257867806     0.00536242619848      0.000119257867806     0.00536242619848      0.000277392698041     0.0100914250266       
1.81411792668         0.00011428782717      0.00547695843738      0.00011428782717      0.00547695843738      0.000265783171598     0.0102925002441       
1.82126723719         0.00010909185134      0.00558404512475      0.00010909185134      0.00558404512475      0.000253650924588     0.0104792010973       
1.82841654771         0.000103697595693     0.00568361870194      0.000103697595693     0.00568361870194      0.000241060328383     0.0106514621166       
1.83556585822         9.81318570205e-05     0.00577562796352      9.81318570205e-05     0.00577562796352      0.000228073739073     0.0108092476863       
1.84271516873         9.24205686194e-05     0.00586003684966      9.24205686194e-05     0.00586003684966      0.000214751487815     0.0109525496761       
1.84986447924         8.65888065503e-05     0.00593682410431      8.65888065503e-05     0.00593682410431      0.000201151896811     0.011081386709        
1.85701378976         8.06607539481e-05     0.00600598284521      8.06607539481e-05     0.00600598284521      0.00018733119778      0.0111958031518       
1.86416310027         7.46596900196e-05     0.00606751955435      7.46596900196e-05     0.00606751955435      0.000173343507815     0.011295867108        
1.87131241078         6.86080012303e-05     0.00612145343445      6.86080012303e-05     0.00612145343445      0.000159240856588     0.0113816691539       
1.87846172129         6.25271898525e-05     0.0061678159408       6.25271898525e-05     0.0061678159408       0.000145073207283     0.0114533214005       
1.8856110318          5.64378548838e-05     0.00620665023316      5.64378548838e-05     0.00620665023316      0.000130888413341     0.0115109563284       
1.89276034232         5.03596859501e-05     0.00623801055866      5.03596859501e-05     0.00623801055866      0.000116732205334     0.0115547255318       
1.89990965283         4.43114789487e-05     0.00626196195734      4.43114789487e-05     0.00626196195734      0.000102648228139     0.0115847991328       
1.90705896334         3.83111470144e-05     0.00627857965319      3.83111470144e-05     0.00627857965319      8.86780672494e-05     0.011601364606        
1.91420827385         3.23757186369e-05     0.00628794837938      3.23757186369e-05     0.00628794837938      7.48612452881e-05     0.0116046254392       
1.92135758437         2.65213339574e-05     0.00629016220189      2.65213339574e-05     0.00629016220189      6.12352141146e-05     0.0115948007144       
1.92850689488         2.07632578785e-05     0.00628532423102      2.07632578785e-05     0.00628532423102      4.78353859141e-05     0.0115721245399       
1.93565620539         1.51158894422e-05     0.00627354606856      1.51158894422e-05     0.00627354606856      3.4695155663e-05      0.0115368449831       
1.9428055159          9.5927801809e-06      0.00625494704411      9.5927801809e-06      0.00625494704411      2.18459444368e-05     0.0114892226432       
1.94995482641         4.20663312729e-06     0.00622965425577      4.20663312729e-06     0.00622965425577      9.31719760415e-06     0.0114295306551       
1.95710413693         -1.03069022693e-06    0.00619780227739      -1.03069022693e-06    0.00619780227739      -2.86359848215e-06    0.0113580541042       
1.96425344744         -6.10815698709e-06    0.00615953264324      -6.10815698709e-06    0.00615953264324      -1.4670885872e-05     0.0112750890487       
1.97140275795         -1.10155433498e-05    0.0061149932791       -1.10155433498e-05    0.0061149932791       -2.6080989205e-05     0.0111809414681       
1.97855206846         -1.57434240148e-05    0.00606433844344      -1.57434240148e-05    0.00606433844344      -3.70720907602e-05    0.0110759271328       
1.98570137898         -2.02831657316e-05    0.00600772845552      -2.02831657316e-05    0.00600772845552      -4.76242150338e-05    0.0109603710635       
1.99285068949         -2.46269135603e-05    0.00594532920726      -2.46269135603e-05    0.00594532920726      -5.77191963786e-05    0.010834606616        
2                     -2.87675746946e-05    0.00587731183342      -2.87675746946e-05    0.00587731183342      -6.7340641068e-05     0.0106989748714       
2.001                 -2.93301844367e-05    0.0058673600874       -2.93301844367e-05    0.0058673600874       -6.86478235639e-05    0.0106792366896       
2.18280808081         -5.86424535802e-05    0.00284937136434      -5.86424535802e-05    0.00284937136434      -0.000136466204622    0.00505843578483      
2.36461616162         -5.25403728615e-07    1.65577465542e-05     -5.25403728615e-07    1.65577465542e-05     -1.22125058935e-06    2.882841239e-05       
2.54642424242         0.00278661178142      0.000112238846346     0.00278661178142      0.000112238846346     0.00478758910055      0.000306677748579     
2.72823232323         0.0070256394809       0.000331020850179     0.0070256394809       0.000331020850179     0.0118587116593       0.000706075562516     
2.91004040404         0.0102966148792       0.000543191800226     0.0102966148792       0.000543191800226     0.0170467162191       0.0009672280836       
3.09184848485         0.011532475194        0.00066321435102      0.011532475194        0.00066321435102      0.0187196818709       0.0010276257814       
3.27365656566         0.0107594686668       0.000662645187972     0.0107594686668       0.000662645187972     0.0171252948795       0.000920326291855     
3.45546464646         0.0086950715453       0.000566360762304     0.0086950715453       0.000566360762304     0.0135745313368       0.000720039914639     
3.63727272727         0.00621901056018      0.000424503792467     0.00621901056018      0.000424503792467     0.009526556005        0.000503281786152     
3.81908080808         0.00399005910486      0.000283431922772     0.00399005910486      0.000283431922772     0.00600052346297      0.00031709709768      
4.00088888889         0.00231748680378      0.000170384739018     0.00231748680378      0.000170384739018     0.00342321789078      0.000182268185917     
4.1826969697          0.00122653297507      9.29288289399e-05     0.00122653297507      9.29288289399e-05     0.00178035759469      9.58138093489e-05     
4.36450505051         0.000594390790085     4.62454845527e-05     0.000594390790085     4.62454845527e-05     0.000848288491456     4.62613295285e-05     
4.54631313131         0.000264723602861     2.1088838564e-05      0.000264723602861     2.1088838564e-05      0.000371654400937     2.06240412132e-05     
4.72812121212         0.000108661033579     8.84180280562e-06     0.000108661033579     8.84180280562e-06     0.000150132435401     8.49588917927e-06     
4.90992929293         4.11987106923e-05     3.41715853942e-06     4.11987106923e-05     3.41715853942e-06     5.60443739907e-05     3.23862128592e-06     
5.09173737374         1.44542213057e-05     1.21991224747e-06     1.44542213057e-05     1.21991224747e-06     1.93678967388e-05     1.1440811234e-06      
5.27354545455         4.69930200234e-06     4.0296099083e-07      4.69930200234e-06     4.0296099083e-07      6.20513615161e-06     3.74975566002e-07     
5.45535353535         1.41747202015e-06     1.23330260328e-07     1.41747202015e-06     1.23330260328e-07     1.84523303593e-06     1.14245331303e-07     
5.63716161616         3.97069756532e-07     3.5014560738e-08      3.97069756532e-07     3.5014560738e-08      5.09763855277e-07     3.23616368982e-08     
5.81896969697         1.0338349368e-07      9.23040403659e-09     1.0338349368e-07      9.23040403659e-09     1.30939699219e-07     8.52516400625e-09     
6.00077777778         2.50365537121e-08     2.26122040817e-09     2.50365537121e-08     2.26122040817e-09     3.12939850267e-08     2.08977061928e-09     
6.18258585859         5.64287126074e-09     5.15135211683e-10     5.64287126074e-09     5.15135211683e-10     6.96298824623e-09     4.76901339025e-10     
6.36439393939         1.18428467668e-09     1.09199427669e-10     1.18428467668e-09     1.09199427669e-10     1.44310689756e-09     1.0136236742e-10      
6.5462020202          2.31547092451e-10     2.15510566859e-11     2.31547092451e-10     2.15510566859e-11     2.78715589989e-10     2.00726074767e-11     
6.72801010101         4.21951672642e-11     3.96192235169e-12     4.21951672642e-11     3.96192235169e-12     5.01871577236e-11     3.70503774609e-12     
6.90981818182         7.17806532656e-12     6.79574948702e-13     7.17806532656e-12     6.79574948702e-13     8.43864076778e-12     6.38410222447e-13     
7.09162626263         1.12912191109e-12     1.07733534261e-13     1.12912191109e-12     1.07733534261e-13     1.31238646917e-12     1.01767219826e-13     
7.27343434343         1.60689268896e-13     1.5445027333e-14      1.60689268896e-13     1.5445027333e-14      1.84698492285e-13     1.46763616017e-14     
7.45524242424         3.52031678398e-14     3.40724198014e-15     3.52031678398e-14     3.40724198014e-15     4.00236018251e-14     3.25776976781e-15     
7.63705050505         4.61666747076e-15     4.49791447298e-16     4.61666747076e-15     4.49791447298e-16     5.19302514885e-15     4.32818930316e-16     
7.81885858586         4.982751772e-15       4.88503682757e-16     4.982751772e-15       4.88503682757e-16     5.54644306155e-15     4.73161404029e-16     
8.00066666667         5.36407396122e-15     5.29023895738e-16     5.36407396122e-15     5.29023895738e-16     5.90998238452e-15     5.1583880099e-16      
8.18247474747         5.76070701132e-15     5.71365960736e-16     5.76070701132e-15     5.71365960736e-16     6.28351503934e-15     5.6090068355e-16      
8.36428282828         6.17272007534e-15     6.15543047923e-16     6.17272007534e-15     6.15543047923e-16     6.66691659395e-15     6.08395104247e-16     
8.54609090909         6.60017877552e-15     6.6156767373e-16      6.60017877552e-15     6.6156767373e-16      7.06006639414e-15     6.58368654733e-16     
8.7278989899          7.04314546422e-15     7.09451746816e-16     7.04314546422e-15     7.09451746816e-16     7.46284762781e-15     7.10866514591e-16     
8.90970707071         7.50167946002e-15     7.59206609927e-16     7.50167946002e-15     7.59206609927e-16     7.8751473816e-15      7.65932499659e-16     
9.09151515152         7.97583726189e-15     8.10843078074e-16     7.97583726189e-15     8.10843078074e-16     8.29685673623e-15     8.23609109604e-16     
9.27332323232         8.46567274394e-15     8.64371473442e-16     8.46567274394e-15     8.64371473442e-16     8.72787096366e-15     8.83937574522e-16     
9.45513131313         8.97123733267e-15     9.19801657339e-16     8.97123733267e-15     9.19801657339e-16     9.16808995467e-15     9.46957900415e-16     
9.63693939394         9.49258016895e-15     9.7714305951e-16      9.49258016895e-15     9.7714305951e-16      9.61741921349e-15     1.01270891343e-15     
9.81874747475         1.0029748256e-14      1.03640470506e-15     1.0029748256e-14      1.03640470506e-15     1.0075772592e-14      1.08122830277e-15     
10.0005555556         1.05827865951e-14     1.09759523925e-15     1.05827865951e-14     1.09759523925e-15     1.0543083557e-14      1.15255266226e-15     
10.1823636364         1.11517383102e-14     1.1607229503e-15      1.11517383102e-14     1.1607229503e-15      1.10193547605e-14     1.22683675571e-15     
10.3641717172         1.1736644762e-14      1.2257957905e-15      1.1736644762e-14      1.2257957905e-15      1.15042253889e-14     1.30416680013e-15     
10.545979798          1.23375456539e-14     1.29282139566e-15     1.23375456539e-14     1.29282139566e-15     1.19976629344e-14     1.38443710621e-15     
10.7277878788         1.29544791291e-14     1.36180710319e-15     1.29544791291e-14     1.36180710319e-15     1.24996050795e-14     1.46768160394e-15     
10.9095959596         1.35874818602e-14     1.43275996876e-15     1.35874818602e-14     1.43275996876e-15     1.30099758952e-14     1.55393330783e-15     
11.0914040404         1.42365891328e-14     1.50568678184e-15     1.42365891328e-14     1.50568678184e-15     1.3528697612e-14      1.64322434932e-15     
11.2732121212         1.4901834922e-14      1.58059408011e-15     1.4901834922e-14      1.58059408011e-15     1.40556930097e-14     1.735586008e-15       
11.455020202          1.55832519642e-14     1.65748816287e-15     1.55832519642e-14     1.65748816287e-15     1.45908861873e-14     1.83104874148e-15     
11.6368282828         1.62808718236e-14     1.73637510353e-15     1.62808718236e-14     1.73637510353e-15     1.51342028558e-14     1.9296422142e-15      
11.8186363636         1.69947249535e-14     1.81726076125e-15     1.69947249535e-14     1.81726076125e-15     1.56855704496e-14     2.03139532508e-15     
12.0004444444         1.77248407543e-14     1.90015079182e-15     1.77248407543e-14     1.90015079182e-15     1.62449181586e-14     2.13633623397e-15     
12.1822525253         1.84712476269e-14     1.98505065783e-15     1.84712476269e-14     1.98505065783e-15     1.68121769213e-14     2.24449238717e-15     
12.3640606061         1.92339730227e-14     2.07196563817e-15     1.92339730227e-14     2.07196563817e-15     1.73872793987e-14     2.35589054182e-15     
12.5458686869         2.00130434907e-14     2.16090083692e-15     2.00130434907e-14     2.16090083692e-15     1.79701599377e-14     2.47055678939e-15     
12.7276767677         2.08084847208e-14     2.25186119173e-15     2.08084847208e-14     2.25186119173e-15     1.85607545296e-14     2.58851657814e-15     
12.9094848485         2.16203215853e-14     2.34485148162e-15     2.16203215853e-14     2.34485148162e-15     1.91590007659e-14     2.70979473477e-15     
13.0912929293         2.24485781772e-14     2.43987633435e-15     2.24485781772e-14     2.43987633435e-15     1.97648377931e-14     2.83441548512e-15     
13.2731010101         2.32932778461e-14     2.53694023334e-15     2.32932778461e-14     2.53694023334e-15     2.03782062686e-14     2.96240247409e-15     
13.4549090909         2.41544432324e-14     2.63604752416e-15     2.41544432324e-14     2.63604752416e-15     2.09990483171e-14     3.09377878476e-15     
13.6367171717         2.50320962987e-14     2.73720242068e-15     2.50320962987e-14     2.73720242068e-15     2.16273074875e-14     3.22856695667e-15     
13.8185252525         2.59262583605e-14     2.84040901082e-15     2.59262583605e-14     2.84040901082e-15     2.22629287131e-14     3.36678900354e-15     
14.0003333333         2.68369501139e-14     2.945671262e-15       2.68369501139e-14     2.945671262e-15       2.29058582723e-14     3.50846643009e-15     
14.1821414141         2.77641916623e-14     3.05299302631e-15     2.77641916623e-14     3.05299302631e-15     2.35560437522e-14     3.65362024837e-15     
14.3639494949         2.87080025418e-14     3.16237804532e-15     2.87080025418e-14     3.16237804532e-15     2.42134340135e-14     3.80227099334e-15     
14.5457575758         2.96684017448e-14     3.27382995473e-15     2.96684017448e-14     3.27382995473e-15     2.48779791591e-14     3.95443873786e-15     
14.7275656566         3.06454077425e-14     3.38735228864e-15     3.06454077425e-14     3.38735228864e-15     2.55496305044e-14     4.11014310717e-15     
14.9093737374         3.16390385058e-14     3.50294848374e-15     3.16390385058e-14     3.50294848374e-15     2.6228340551e-14      4.26940329271e-15     
15.0911818182         3.26493115258e-14     3.62062188317e-15     3.26493115258e-14     3.62062188317e-15     2.69140629642e-14     4.43223806549e-15     
15.272989899          3.36762438328e-14     3.74037574019e-15     3.36762438328e-14     3.74037574019e-15     2.76067525545e-14     4.59866578887e-15     
15.4547979798         3.4719852014e-14      3.86221322176e-15     3.4719852014e-14      3.86221322176e-15     2.83063652642e-14     4.76870443096e-15     
15.6366060606         3.5780152231e-14      3.98613741177e-15     3.5780152231e-14      3.98613741177e-15     2.90128581607e-14     4.94237157646e-15     
15.8184141414         3.68571602355e-14     4.11215131429e-15     3.68571602355e-14     4.11215131429e-15     2.97261894393e-14     5.1196844381e-15      
16.0002222222         3.79508913856e-14     4.24025785652e-15     3.79508913856e-14     4.24025785652e-15     3.04463184368e-14     5.30065986764e-15     
16.182030303          3.90613606594e-14     4.37045989169e-15     3.90613606594e-14     4.37045989169e-15     3.11732056643e-14     5.48531436646e-15     
16.3638383838         4.018858267e-14       4.50276020171e-15     4.018858267e-14       4.50276020171e-15     3.19068128661e-14     5.6736640958e-15      
16.5456464646         4.13325716777e-14     4.63716149986e-15     4.13325716777e-14     4.63716149986e-15     3.26471031218e-14     5.86572488655e-15     
16.7274545455         4.24933416036e-14     4.77366643315e-15     4.24933416036e-14     4.77366643315e-15     3.33940410225e-14     6.06151224878e-15     
16.9092626263         4.36709060411e-14     4.91227758476e-15     4.36709060411e-14     4.91227758476e-15     3.41475929838e-14     6.26104138083e-15     
17.0910707071         4.48652782674e-14     5.05299747625e-15     4.48652782674e-14     5.05299747625e-15     3.49077278388e-14     6.46432717813e-15     
17.2728787879         4.60764712546e-14     5.19582856967e-15     4.60764712546e-14     5.19582856967e-15     3.56744180933e-14     6.67138424173e-15     
17.4546868687         4.73044976801e-14     5.34077326966e-15     4.73044976801e-14     5.34077326966e-15     3.64476431222e-14     6.88222688644e-15     
17.6364949495         4.85493699366e-14     5.48783392536e-15     4.85493699366e-14     5.48783392536e-15     3.72274009038e-14     7.0968691488e-15      
17.8183030303         4.98111001413e-14     5.6370128323e-15      4.98111001413e-14     5.6370128323e-15      3.80138074025e-14     7.3154264227e-15      
18.0001111111         5.10897001457e-14     5.78831223417e-15     5.10897001457e-14     5.78831223417e-15     3.8806466428e-14      7.5381157784e-15      
18.1819191919         5.23851815435e-14     5.94173432453e-15     5.23851815435e-14     5.94173432453e-15     3.9605372035e-14      7.7646683242e-15      
18.3637272727         5.36975556797e-14     6.09728124846e-15     5.36975556797e-14     6.09728124846e-15     4.0410543696e-14      7.99509756259e-15     
18.5455353535         5.5026833658e-14      6.2549551041e-15      5.5026833658e-14      6.2549551041e-15      4.12219652515e-14     8.22941675215e-15     
18.7273434343         5.63730263486e-14     6.41475794415e-15     5.63730263486e-14     6.41475794415e-15     4.20396129391e-14     8.46763891384e-15     
18.9091515152         5.77361443957e-14     6.57669177732e-15     5.77361443957e-14     6.57669177732e-15     4.28634603399e-14     8.70977683715e-15     
19.090959596          5.91161982244e-14     6.74075856973e-15     5.91161982244e-14     6.74075856973e-15     4.36934799972e-14     8.955843086e-15       
19.2727676768         6.05131980473e-14     6.90696024615e-15     6.05131980473e-14     6.90696024615e-15     4.45296440998e-14     9.20585000447e-15     
19.4545757576         6.19271538711e-14     7.07529869137e-15     6.19271538711e-14     7.07529869137e-15     4.53719248145e-14     9.45980972231e-15     
19.6363838384         6.33580755029e-14     7.24577575132e-15     6.33580755029e-14     7.24577575132e-15     4.62202944636e-14     9.71773416032e-15     
19.8181919192         6.48059725558e-14     7.41839323433e-15     6.48059725558e-14     7.41839323433e-15     4.70747256257e-14     9.97963503553e-15     
20                    0                     0                     0                     0                     0                     0                     
