0.0779191396          0                     0                     0                     0                     0                     0                     
0.087577837391        0.0204641435337       0.00175920662013      0.0204641435337       0.00175920662013      0.0228101210599       0.00110514723753      
0.0972365351819       0.122889491241        0.0076932075294       0.122889491241        0.0076932075294       0.135466652195        0.00459920196234      
0.106895232973        0.31949353445         0.0143714463563       0.31949353445         0.0143714463563       0.348832824932        0.00797681526188      
0.116553930764        0.596488502447        0.0177055265738       0.596488502447        0.0177055265738       0.645588216953        0.00841563661908      
0.126212628555        0.934903637997        0.0144867277797       0.934903637997        0.0144867277797       1.00369283385         0.00373172372132      
0.135871326346        1.31701450198         0.00220127821814      1.31701450198         0.00220127821814      1.40332609762         -0.0077959778911      
0.145530024137        1.72813311386         -0.0203948901799      1.72813311386         -0.0203948901799      1.82856117541         -0.0269763903809      
0.155188721928        2.15714471661         -0.054805369548       2.15714471661         -0.054805369548       2.26754220785         -0.054896730874       
0.164847419719        2.59492025043         -0.10181557461        2.59492025043         -0.10181557461        2.71099460431         -0.0920736156227      
0.17450611751         3.03491649069         -0.162148138638       3.03491649069         -0.162148138638       3.15238762967         -0.139025077087       
0.184164815301        3.47157655233         -0.23753483284        3.47157655233         -0.23753483284        3.58655734279         -0.197032207892       
0.193823513091        3.89922380554         -0.328435955186       3.89922380554         -0.328435955186       4.0086189992          -0.266437758278       
0.203482210882        4.31339632679         -0.436164608041       4.31339632679         -0.436164608041       4.4149646978          -0.34823600538        
0.213140908673        4.70786527417         -0.560119973802       4.70786527417         -0.560119973802       4.80078808651         -0.442002035774       
0.222799606464        5.07743177777         -0.697263607413       5.07743177777         -0.697263607413       5.16227361836         -0.545490387264       
0.232458304255        5.41923459094         -0.84270590032        5.41923459094         -0.84270590032        5.49737040687         -0.655064839128       
0.242117002046        5.73308389573         -0.990548442243       5.73308389573         -0.990548442243       5.80608343187         -0.766326829028       
0.251775699837        6.02158809386         -1.13918209041        6.02158809386         -1.13918209041        6.09065474398         -0.87810604337        
0.261434397628        6.28555415668         -1.28592308601        6.28555415668         -1.28592308601        6.3518516681          -0.988402662893       
0.271093095419        6.52697236239         -1.42876885908        6.52697236239         -1.42876885908        6.59141904476         -1.09572878289        
0.28075179321         6.74858866479         -1.56664228559        6.74858866479         -1.56664228559        6.81170588902         -1.19928760244        
0.290410491001        6.95225906374         -1.69948638833        6.95225906374         -1.69948638833        7.01428990094         -1.29903746826        
0.300069188792        7.1399505054          -1.82807821111        7.1399505054          -1.82807821111        7.20092071354         -1.39555954098        
0.309727886583        7.31162618504         -1.95244808677        7.31162618504         -1.95244808677        7.37180063941         -1.48888348788        
0.319386584374        7.46786206865         -2.07216297925        7.46786206865         -2.07216297925        7.52757869265         -1.5786908787         
0.329045282165        7.60956479767         -2.18643107829        7.60956479767         -2.18643107829        7.66918475908         -1.66439905701        
0.338703979956        7.73785485006         -2.29430774829        7.73785485006         -2.29430774829        7.79761373628         -1.74530591593        
0.348362677747        7.85415462365         -2.39475971734        7.85415462365         -2.39475971734        7.91412206773         -1.82063910232        
0.358021375538        7.96135933053         -2.48824586536        7.96135933053         -2.48824586536        8.02105513246         -1.89073929169        
0.367680073329        8.06104101127         -2.57617967228        8.06104101127         -2.57617967228        8.11979617741         -1.95667502647        
0.37733877112         8.15383868604         -2.65933231181        8.15383868604         -2.65933231181        8.21092859703         -2.01900997541        
0.386997468911        8.24034073819         -2.73875071603        8.24034073819         -2.73875071603        8.29508533821         -2.07852830672        
0.396656166702        8.32072710836         -2.81525457637        8.32072710836         -2.81525457637        8.3725118749          -2.13584005059        
0.406314864492        8.39496797818         -2.88942186008        8.39496797818         -2.88942186008        8.44335244039         -2.19138167934        
0.415973562283        8.46275006923         -2.96154159229        8.46275006923         -2.96154159229        8.50747404029         -2.24537570458        
0.425632260074        8.52414403721         -3.03157848346        8.52414403721         -3.03157848346        8.56504108671         -2.29777613693        
0.435290957865        8.57881356006         -3.09996085877        8.57881356006         -3.09996085877        8.61593001213         -2.34895309051        
0.444949655656        8.62691846411         -3.16608437859        8.62691846411         -3.16608437859        8.66032379662         -2.39841924932        
0.454608353447        8.66853607779         -3.22971932338        8.66853607779         -3.22971932338        8.69843397366         -2.44601628286        
0.464267051238        8.70384394637         -3.29045104078        8.70384394637         -3.29045104078        8.73044052598         -2.49143394248        
0.473925749029        8.73333033226         -3.34814864873        8.73333033226         -3.34814864873        8.75680728588         -2.53457382813        
0.48358444682         8.75736558673         -3.40224876317        8.75736558673         -3.40224876317        8.7778879496          -2.57501994506        
0.493243144611        8.77625021655         -3.45286227715        8.77625021655         -3.45286227715        8.79391031817         -2.61285210847        
0.502901842402        8.7908019786          -3.49985913048        8.7908019786          -3.49985913048        8.80563655408         -2.64797703713        
0.512560540193        8.80149888868         -3.54331488937        8.80149888868         -3.54331488937        8.81347615164         -2.68045109284        
0.522219237984        8.80840563366         -3.58304332185        8.80840563366         -3.58304332185        8.81740481918         -2.71013353177        
0.531877935775        8.81310200565         -3.61969609033        8.81310200565         -3.61969609033        8.81897470669         -2.73751520711        
0.541536633566        8.81504337705         -3.65305242171        8.81504337705         -3.65305242171        8.81753135203         -2.76242579099        
0.551195331357        8.81476497846         -3.68342076402        8.81476497846         -3.68342076402        8.81363617764         -2.78509686031        
0.560854029148        8.81263680885         -3.71112769454        8.81263680885         -3.71112769454        8.80758743437         -2.8057712793         
0.570512726939        8.80861914487         -3.73627577505        8.80861914487         -3.73627577505        8.79933685089         -2.82452848885        
0.58017142473         8.80371892743         -3.75926316843        8.80371892743         -3.75926316843        8.78983509698         -2.84166155269        
0.589830122521        8.79719816163         -3.78060866558        8.79719816163         -3.78060866558        8.77846558824         -2.85755996452        
0.599488820312        8.78971949418         -3.80026220232        8.78971949418         -3.80026220232        8.76577667697         -2.8721867183         
0.609147518103        8.78125177921         -3.81852565811        8.78125177921         -3.81852565811        8.7518492353          -2.88576897897        
0.618806215893        8.77106531833         -3.83533291247        8.77106531833         -3.83533291247        8.73592941459         -2.898252183          
0.628464913684        8.76029675684         -3.85126925084        8.76029675684         -3.85126925084        8.71918700111         -2.91007507259        
0.638123611475        8.74845824272         -3.86638474657        8.74845824272         -3.86638474657        8.70115199316         -2.92127762575        
0.647782309266        8.73539416198         -3.88069911013        8.73539416198         -3.88069911013        8.68173637753         -2.9318712076         
0.657441007057        8.72132010424         -3.89443962276        8.72132010424         -3.89443962276        8.66116887358         -2.94202925359        
0.667099704848        8.70609590934         -3.90768948171        8.70609590934         -3.90768948171        8.6393566663          -2.9518155302         
0.676758402639        8.68949474563         -3.92044165088        8.68949474563         -3.92044165088        8.6161107545          -2.96122689119        
0.68641710043         8.67099178871         -3.93200145122        8.67099178871         -3.93200145122        8.5910598509          -2.96972754794        
0.696075798221        8.65140112467         -3.94303756877        8.65140112467         -3.94303756877        8.56484027151         -2.977825763          
0.705734496012        8.63109405749         -3.95403560502        8.63109405749         -3.95403560502        8.5378457312          -2.98589539971        
0.715393193803        8.60918375041         -3.96464942587        8.60918375041         -3.96464942587        8.50931493525         -2.99367401533        
0.725051891594        8.58613918609         -3.97485165819        8.58613918609         -3.97485165819        8.4796338983          -3.00114292096        
0.734710589385        8.56178703056         -3.9847718159         8.56178703056         -3.9847718159         8.44873496873         -3.00839709401        
0.744369287176        8.53598438485         -3.99429669323        8.53598438485         -3.99429669323        8.41651255996         -3.01535005341        
0.754027984967        8.50825401916         -4.00291782598        8.50825401916         -4.00291782598        8.3825713249          -3.0216220955         
0.763686682758        8.47975340267         -4.01183817474        8.47975340267         -4.01183817474        8.34782145125         -3.02811394461        
0.773345380549        8.44951229077         -4.0199086553         8.44951229077         -4.0199086553         8.31156615014         -3.03396587502        
0.78300407834         8.41779662169         -4.02742064834        8.41779662169         -4.02742064834        8.27400109074         -3.03939788786        
0.792662776131        8.38430568628         -4.03422818693        8.38430568628         -4.03422818693        8.23484543315         -3.04429996607        
0.802321473922        8.34986042115         -4.04063270042        8.34986042115         -4.04063270042        8.19490905228         -3.04890027175        
0.811980171713        8.31375686566         -4.04621233171        8.31375686566         -4.04621233171        8.15350303621         -3.05288099894        
0.821638869504        8.27607772288         -4.05102013681        8.27607772288         -4.05102013681        8.11072885661         -3.05628413346        
0.831297567294        8.23711166018         -4.05506888815        8.23711166018         -4.05506888815        8.06682315746         -3.05911620399        
0.840956265085        8.19688608598         -4.058355284          8.19688608598         -4.058355284          8.02185036839         -3.0613767941         
0.850614962876        8.15484119336         -4.0605616172         8.15484119336         -4.0605616172         7.97525490315         -3.06282820144        
0.860273660667        8.11174148942         -4.0619743922         8.11174148942         -4.0619743922         7.9277949362          -3.06368525996        
0.869932358458        8.06712094421         -4.06232516861        8.06712094421         -4.06232516861        7.87899082802         -3.06374659894        
0.879591056249        8.02125949223         -4.06169291989        8.02125949223         -4.06169291989        7.82912560609         -3.06306933921        
0.88924975404         7.97412456824         -4.06001816743        7.97412456824         -4.06001816743        7.77815633202         -3.06161566306        
0.898908451831        7.92567689059         -4.05727846354        7.92567689059         -4.05727846354        7.72606163583         -3.05936673819        
0.908567149622        7.87591722938         -4.05332528382        7.87591722938         -4.05332528382        7.67276524528         -3.05621175806        
0.918225847413        7.82488446235         -4.04822093627        7.82488446235         -4.04822093627        7.61837954729         -3.0521908697         
0.927884545204        7.77237640376         -4.04167717523        7.77237640376         -4.04167717523        7.5626598356          -3.04708179789        
0.937543242995        7.71849301308         -4.0341007543         7.71849301308         -4.0341007543         7.50568112271         -3.04122525613        
0.947201940786        7.66321741571         -4.02520096039        7.66321741571         -4.02520096039        7.44747545933         -3.03437064015        
0.956860638577        7.60591001004         -4.0145844202         7.60591001004         -4.0145844202         7.3873873081          -3.02622780078        
0.966519336368        7.54613424101         -4.0021658611         7.54613424101         -4.0021658611         7.3250087837          -3.01673435142        
0.976178034159        7.4821082906          -3.98678523574        7.4821082906          -3.98678523574        7.25859129387         -3.00501335153        
0.98583673195         7.40072638154         -3.96141260751        7.40072638154         -3.96141260751        7.17542887903         -2.98576573276        
0.995495429741        7.30993202235         -3.93023284389        7.30993202235         -3.93023284389        7.08324389598         -2.96214774756        
1.00515412753         7.22128882753         -3.89939009962        7.22128882753         -3.89939009962        6.99324010544         -2.9387902571         
1.01481282532         7.13467010656         -3.86882108934        7.13467010656         -3.86882108934        6.90529482118         -2.91564344317        
1.02447152311         7.04963037548         -3.8383901204         7.04963037548         -3.8383901204         6.818946369           -2.89260712796        
1.0341302209          6.96585989599         -3.80785879839        6.96585989599         -3.80785879839        6.7339217403          -2.86949963246        
1.0437889187          6.88382441512         -3.77754477356        6.88382441512         -3.77754477356        6.65063857497         -2.84656048981        
1.05344761649         6.80247436487         -3.74688503778        6.80247436487         -3.74688503778        6.56808843191         -2.82336524599        
1.06310631428         6.72249781338         -3.71630844387        6.72249781338         -3.71630844387        6.48693080031         -2.80023656341        
1.07276501207         6.64360681273         -3.68562600166        6.64360681273         -3.68562600166        6.40686574599         -2.77703196841        
1.08242370986         6.56595747516         -3.65500212053        6.56595747516         -3.65500212053        6.3280557208          -2.75387439112        
1.09208240765         6.48963141143         -3.62446139145        6.48963141143         -3.62446139145        6.25056787596         -2.73078347532        
1.10174110544         6.41386732381         -3.59368596519        6.41386732381         -3.59368596519        6.17368708937         -2.70751814132        
1.11139980323         6.33935825745         -3.56312705294        6.33935825745         -3.56312705294        6.09808575606         -2.68441841818        
1.12105850102         6.26634108724         -3.53266823378        6.26634108724         -3.53266823378        6.02389660081         -2.66139474515        
1.13071719881         6.19413740415         -3.50232330718        6.19413740415         -3.50232330718        5.95057371658         -2.63845995519        
1.14037589661         6.12322450763         -3.47162623659        6.12322450763         -3.47162623659        5.87845955204         -2.61526310567        
1.1500345944          6.0529248217          -3.44184634178        6.0529248217          -3.44184634178        5.80711081461         -2.59275549035        
1.15969329219         5.98390821374         -3.41194350496        5.98390821374         -3.41194350496        5.73698668028         -2.5701629652         
1.16935198998         5.91551988165         -3.38325773659        5.91551988165         -3.38325773659        5.6675984167          -2.54848502538        
1.17901068777         5.84902866718         -3.35274817281        5.84902866718         -3.35274817281        5.59987010668         -2.52542538874        
1.18866938556         5.7825030307          -3.32320358342        5.7825030307          -3.32320358342        5.53227796717         -2.50309953655        
1.19832808335         5.71814573666         -3.29453082619        5.71814573666         -3.29453082619        5.46679562754         -2.48143079695        
1.20798678114         5.6538993506          -3.26570638303        5.6538993506          -3.26570638303        5.40147519479         -2.45964874663        
1.21764547893         5.59095740199         -3.23735463511        5.59095740199         -3.23735463511        5.33744666613         -2.43822315267        
1.22730417672         5.52872796083         -3.20913905021        5.52872796083         -3.20913905021        5.27416376399         -2.41689989754        
1.23696287451         5.46790231297         -3.18163380914        5.46790231297         -3.18163380914        5.21227189967         -2.3961106225         
1.24662157231         5.40714778575         -3.15395743748        5.40714778575         -3.15395743748        5.15049962884         -2.3751922195         
1.2562802701          5.34766071464         -3.12681255262        5.34766071464         -3.12681255262        5.08999642272         -2.3546741503         
1.26593896789         5.28900022179         -3.10004583116        5.28900022179         -3.10004583116        5.03034351285         -2.3344405733         
1.27559766568         5.23122233844         -3.07366487834        5.23122233844         -3.07366487834        4.97159254217         -2.3144971569         
1.28525636347         5.17464117053         -3.04784787583        5.17464117053         -3.04784787583        4.91403502157         -2.29498016143        
1.29491506126         5.11815075047         -3.02215862388        5.11815075047         -3.02215862388        4.85666950002         -2.27555692754        
1.30457375905         5.06238340668         -2.9967403872         5.06238340668         -2.9967403872         4.80005260312         -2.25633887193        
1.31423245684         5.00769159532         -2.9718765476         5.00769159532         -2.9718765476         4.74451310651         -2.23753789478        
1.32389115463         4.95371558317         -2.94740330737        4.95371558317         -2.94740330737        4.68973327829         -2.2190323853         
1.33354985242         4.90001662246         -2.92292458434        4.90001662246         -2.92292458434        4.63534750555         -2.20051953555        
1.34320855022         4.84715140315         -2.89876694071        4.84715140315         -2.89876694071        4.58180697331         -2.1822451181         
1.35286724801         4.79486708163         -2.87490561854        4.79486708163         -2.87490561854        4.528866257           -2.16419484185        
1.3625259458          4.74362597512         -2.85167225058        4.74362597512         -2.85167225058        4.47698077184         -2.14661889448        
1.37218464359         4.69286235845         -2.82872169579        4.69286235845         -2.82872169579        4.42562186297         -2.12925736186        
1.38184334138         4.64273277239         -2.80615018292        4.64273277239         -2.80615018292        4.37493224012         -2.11218168708        
1.39150203917         4.59326359869         -2.78396825176        4.59326359869         -2.78396825176        4.3249480479          -2.09539917945        
1.40116073696         4.54444711701         -2.76218166178        4.54444711701         -2.76218166178        4.27565648273         -2.07891341602        
1.41081943475         4.49594366219         -2.74073777963        4.49594366219         -2.74073777963        4.22677183676         -2.06268507536        
1.42047813254         4.4479837195          -2.71932681497        4.4479837195          -2.71932681497        4.17847928497         -2.04648722305        
1.43013683033         4.40100089471         -2.69879600395        4.40100089471         -2.69879600395        4.13111966348         -2.03094606676        
1.43979552812         4.35428647887         -2.67830802181        4.35428647887         -2.67830802181        4.08415122698         -2.01543844069        
1.44945422592         4.30805230849         -2.65804371868        4.30805230849         -2.65804371868        4.03770459273         -2.0000940311         
1.45911292371         4.2623460563          -2.63830935291        4.2623460563          -2.63830935291        3.99183931741         -1.98516363682        
1.4687716215          4.21712790592         -2.61882406966        4.21712790592         -2.61882406966        3.94652289727         -1.97041700268        
1.47843031929         4.17233915037         -2.59964694729        4.17233915037         -2.59964694729        3.90169375057         -1.95590300915        
1.48808901708         4.127946717           -2.58071901597        4.127946717           -2.58071901597        3.85732231548         -1.94157795373        
1.49774771487         4.08390510959         -2.56212320439        4.08390510959         -2.56212320439        3.81338427384         -1.92750306898        
1.50740641266         4.04023457958         -2.54371804965        4.04023457958         -2.54371804965        3.76989004647         -1.9135717573         
1.51706511045         3.99710746955         -2.52562230253        3.99710746955         -2.52562230253        3.72696245653         -1.89987382094        
1.52672380824         3.95448526048         -2.50779258126        3.95448526048         -2.50779258126        3.68459653438         -1.88637653621        
1.53638250603         3.91207480008         -2.49012787798        3.91207480008         -2.49012787798        3.64252913565         -1.87300441347        
1.54604120383         3.87022309861         -2.47277139583        3.87022309861         -2.47277139583        3.60106495244         -1.85986490756        
1.55569990162         3.82870945444         -2.45558586759        3.82870945444         -2.45558586759        3.56000082397         -1.84685430414        
1.56535859941         3.78752622604         -2.43856439545        3.78752622604         -2.43856439545        3.51932739178         -1.8339685702         
1.5750172972          3.74655748811         -2.42163098572        3.74655748811         -2.42163098572        3.47893975417         -1.82115003373        
1.58467599499         3.70618029426         -2.4049862365         3.70618029426         -2.4049862365         3.43917514427         -1.80854964615        
1.59433469278         3.66606282017         -2.38844736964        3.66606282017         -2.38844736964        3.39973785106         -1.79602982095        
1.60399339057         3.62671781823         -2.37233322869        3.62671781823         -2.37233322869        3.36109513275         -1.78383132517        
1.61365208836         3.58747804404         -2.35617939084        3.58747804404         -2.35617939084        3.3226254625          -1.77160333384        
1.62331078615         3.54880863926         -2.34030690842        3.54880863926         -2.34030690842        3.28476032388         -1.75958928659        
1.63296948394         3.51048026275         -2.324536545          3.51048026275         -2.324536545          3.24728332709         -1.74765236621        
1.64262818173         3.47263183083         -2.30898087467        3.47263183083         -2.30898087467        3.21032343489         -1.73587835848        
1.65228687953         3.43551174767         -2.29372665369        3.43551174767         -2.29372665369        3.17410015748         -1.72433237149        
1.66194557732         3.39894278047         -2.27873941569        3.39894278047         -2.27873941569        3.1384554415          -1.71298851078        
1.67160427511         3.36314095078         -2.2640914087         3.36314095078         -2.2640914087         3.10358259622         -1.70190220189        
1.6812629729          3.32821882496         -2.24993018907        3.32821882496         -2.24993018907        3.06958801532         -1.69118318368        
1.69092167069         3.29697700315         -2.23952768675        3.29697700315         -2.23952768675        3.03922645185         -1.68329851916        
1.70058036848         3.29307970595         -2.24466068916        3.29307970595         -2.24466068916        3.0337338511          -1.68707510491        
1.71023906627         3.28530095856         -2.24867801155        3.28530095856         -2.24867801155        3.02488569402         -1.69002197494        
1.71989776406         3.27562843537         -2.25131343655        3.27562843537         -2.25131343655        3.01431541033         -1.69192968155        
1.72955646185         3.26433440243         -2.25280341259        3.26433440243         -2.25280341259        3.00229140934         -1.69297823135        
1.73921515964         3.25169446676         -2.25326565846        3.25169446676         -2.25326565846        2.98905344962         -1.69325499028        
1.74887385744         3.23781877969         -2.25279759718        3.23781877969         -2.25279759718        2.97470852442         -1.69283280125        
1.75853255523         3.22276214709         -2.25140331201        3.22276214709         -2.25140331201        2.95931121666         -1.69171538645        
1.76819125302         3.20679248849         -2.24919788349        3.20679248849         -2.24919788349        2.94308423645         -1.68998886947        
1.77784995081         3.18972366169         -2.2461094653         3.18972366169         -2.2461094653         2.92588942218         -1.68760026223        
1.7875086486          3.1717144831          -2.24225151084        3.1717144831          -2.24225151084        2.90785631848         -1.68463322232        
1.79716734639         3.15282930173         -2.23760262506        3.15282930173         -2.23760262506        2.88904665043         -1.68107383339        
1.80682604418         3.13312742607         -2.23218313674        3.13312742607         -2.23218313674        2.86950965982         -1.67693582547        
1.81648474197         3.11261766978         -2.22603944582        3.11261766978         -2.22603944582        2.84925964784         -1.6722553825         
1.82614343976         3.09142972998         -2.21918227965        3.09142972998         -2.21918227965        2.82840465633         -1.66703910621        
1.83580213755         3.06942450702         -2.21158981419        3.06942450702         -2.21158981419        2.80683481315         -1.66127082315        
1.84546083534         3.04681426667         -2.20334078777        3.04681426667         -2.20334078777        2.78472832608         -1.65501032729        
1.85511953314         3.02359447794         -2.19443054556        3.02359447794         -2.19443054556        2.76208342967         -1.64825353181        
1.86477823093         2.99978472721         -2.18489877306        2.99978472721         -2.18489877306        2.73892089793         -1.64103308353        
1.87443692872         2.97539932173         -2.1747496608         2.97539932173         -2.1747496608         2.71525267458         -1.63335092715        
1.88409562651         2.95053074958         -2.16395591174        2.95053074958         -2.16395591174        2.69115585403         -1.62518024548        
1.8937543243          2.92514037395         -2.15264554464        2.92514037395         -2.15264554464        2.66660280208         -1.61662793916        
1.90341302209         2.89927208716         -2.14081464133        2.89927208716         -2.14081464133        2.64163366168         -1.6076871134         
1.91307171988         2.8730794514          -2.12848849473        2.8730794514          -2.12848849473        2.61637913018         -1.59837451593        
1.92273041767         2.84644603173         -2.11569987593        2.84644603173         -2.11569987593        2.59074386235         -1.58871613734        
1.93238911546         2.81926265283         -2.10231911466        2.81926265283         -2.10231911466        2.56464741719         -1.5786139091         
1.94204781325         2.79196845715         -2.08860700851        2.79196845715         -2.08860700851        2.53843695735         -1.56826225607        
1.95170651105         2.76417845953         -2.07441369272        2.76417845953         -2.07441369272        2.51181606465         -1.55755064174        
1.96136520884         2.73612039941         -2.05983478073        2.73612039941         -2.05983478073        2.48496678686         -1.54655106369        
1.97102390663         2.70869342204         -2.04466481571        2.70869342204         -2.04466481571        2.45854519024         -1.53509216415        
1.98068260442         2.67878554669         -2.02895356961        2.67878554669         -2.02895356961        2.43025633131         -1.52325256898        
1.99034130221         2.64988541828         -2.0129894859         2.64988541828         -2.0129894859         2.40270386092         -1.51121007166        
2                     2.62081733426         -1.9967339268         2.62081733426         -1.9967339268         2.37501027482         -1.49895069209        
2.001                 2.61779935532         -1.99503501358        2.61779935532         -1.99503501358        2.37213683251         -1.49766931951        
2.20595067035         1.97676800448         -1.60482980932        1.97676800448         -1.60482980932        1.76864275508         -1.20364219949        
2.4109013407          1.35074242359         -1.19513721224        1.35074242359         -1.19513721224        1.19484811723         -0.895399085788       
2.61585201105         0.826761075789        -0.807354156181       0.826761075789        -0.807354156181       0.725200028073        -0.604235877305       
2.8208026814          0.461050947932        -0.493359298506       0.461050947932        -0.493359298506       0.400930759049        -0.368849192292       
3.02575335175         0.230562128622        -0.276293279564       0.230562128622        -0.276293279564       0.199053702744        -0.206342721457       
3.2307040221          0.101549889765        -0.138843061639       0.101549889765        -0.138843061639       0.0872919688383       -0.103592856762       
3.43565469245         0.0394400382114       -0.0627714189654      0.0394400382114       -0.0627714189654      0.033811781665        -0.0467953266582      
3.6406053628          0.0130424328296       -0.0252323409645      0.0130424328296       -0.0252323409645      0.0112086543545       -0.0187980023171      
3.84555603315         0.00354180369801      -0.0089616016124      0.00354180369801      -0.0089616016124      0.00307886495185      -0.00667308492153     
4.0505067035          0.000710701544075     -0.00275873950622     0.000710701544075     -0.00275873950622     0.000641374618387     -0.00205357620264     
4.25545737385         6.45660044879e-05     -0.000711545335888    6.45660044879e-05     -0.000711545335888    7.19082460094e-05     -0.000529597727095    
4.4604080442          -1.94039322754e-05    -0.000142052453209    -1.94039322754e-05    -0.000142052453209    -1.04701617649e-05    -0.000105745407236    
4.66535871455         -9.27130466981e-06    -1.68603275384e-05    -9.27130466981e-06    -1.68603275384e-05    -6.46712915527e-06    -1.25604666875e-05    
4.8703093849          -4.23538465208e-07    -1.56649334314e-07    -4.23538465208e-07    -1.56649334314e-07    -3.04981478227e-07    -1.17088196157e-07    
4.8713093849          -4.09447956032e-07    -1.4948495505e-07     -4.09447956032e-07    -1.4948495505e-07     -2.94826724644e-07    -1.11734442251e-07    
4.8883093849          -2.11116861771e-07    -5.83966569237e-08    -2.11116861771e-07    -5.83966569237e-08    -1.5190777311e-07     -4.3625656524e-08     
4.9053093849          -8.25220485408e-08    -9.08794884834e-09    -8.25220485408e-08    -9.08794884834e-09    -5.93098280748e-08    -6.71776905882e-09    
4.9223093849          -1.23412767172e-08    1.49966422503e-08     -1.23412767172e-08    1.49966422503e-08     -8.83538839401e-09    1.13345834207e-08     
4.9393093849          8.66381809926e-10     3.74318058794e-08     8.66381809926e-10     3.74318058794e-08     6.68824453825e-10     2.77515889606e-08     
4.9563093849          1.50345627726e-09     7.9118279661e-08      1.50345627726e-09     7.9118279661e-08      1.14848114178e-09     5.76537772732e-08     
4.9733093849          1.95453144373e-09     1.18657641577e-07     1.95453144373e-09     1.18657641577e-07     1.48714313505e-09     8.57896929052e-08     
4.9903093849          2.22806024863e-09     1.51558770206e-07     2.22806024863e-09     1.51558770206e-07     1.6916954708e-09      1.09026753731e-07     
4.9913093849          2.23932989091e-09     1.53259736627e-07     2.23932989091e-09     1.53259736627e-07     1.70009164831e-09     1.10222766813e-07     
5.16998427317         1.11008764974e-09     1.73665730749e-07     1.11008764974e-09     1.73665730749e-07     8.38036898211e-10     1.21786623675e-07     
5.34865916145         1.61847760331e-10     6.73818340577e-08     1.61847760331e-10     6.73818340577e-08     1.21831422041e-10     4.64820164095e-08     
5.52733404972         -6.99998245557e-12    1.82468994211e-08     -6.99998245557e-12    1.82468994211e-08     -5.37304572276e-12    1.24112485859e-08     
5.706008938           -9.66249983199e-12    3.79074168979e-09     -9.66249983199e-12    3.79074168979e-09     -7.30595055437e-12    2.54577240263e-09     
5.88468382627         -2.53304946092e-12    5.85534637463e-10     -2.53304946092e-12    5.85534637463e-10     -1.91269744092e-12    3.88629552829e-10     
6.06335871455         -3.14387803212e-13    5.38903416249e-11     -3.14387803212e-13    5.38903416249e-11     -2.37249293743e-13    3.53773533822e-11     
6.24203360282         -5.0044490653e-16     7.00648390403e-14     -5.0044490653e-16     7.00648390403e-14     -3.77513233571e-16    4.5526594439e-14      
6.4207084911          2.42594242717e-12     2.01295192766e-14     2.42594242717e-12     2.01295192766e-14     1.56169681053e-12     3.57605437464e-14     
6.59938337937         1.39004242666e-12     1.29691996751e-14     1.39004242666e-12     1.29691996751e-14     8.87152733399e-13     1.78002570763e-14     
6.77805826765         4.71840924541e-13     4.84221173369e-15     4.71840924541e-13     4.84221173369e-15     2.98524272234e-13     5.35893589359e-15     
6.95673315592         1.24367818853e-13     1.38188082314e-15     1.24367818853e-13     1.38188082314e-15     7.79936460313e-14     1.26239296292e-15     
7.1354080442          2.77583076982e-14     3.30031650881e-16     2.77583076982e-14     3.30031650881e-16     1.72545289484e-14     2.52469955922e-16     
7.31408293247         5.95349102923e-15     7.50565120362e-17     5.95349102923e-15     7.50565120362e-17     3.66816946963e-15     4.85556989896e-17     
7.49275782075         2.65942182162e-16     3.52966607759e-18     2.65942182162e-16     3.52966607759e-18     1.62424809226e-16     1.94033393126e-18     
7.67143270902         3.43958983988e-16     4.77811162726e-18     3.43958983988e-16     4.77811162726e-18     2.08242695364e-16     2.23972750144e-18     
7.8501075973          4.32659370388e-16     6.26065730089e-18     4.32659370388e-16     6.26065730089e-18     2.59689666494e-16     2.50504775499e-18     
8.02878248558         5.32250560896e-16     7.99057103504e-18     5.32250560896e-16     7.99057103504e-18     3.16728135008e-16     2.72544394645e-18     
8.20745737385         6.42922387058e-16     9.98020831926e-18     6.42922387058e-16     9.98020831926e-18     3.7935133739e-16      2.88377235993e-18     
8.38613226212         7.64848962102e-16     1.22411002724e-17     7.64848962102e-16     1.22411002724e-17     4.47507115666e-16     2.99459463229e-18     
8.5648071504          8.9819029402e-16      1.4784031413e-17      8.9819029402e-16      1.4784031413e-17      5.21154146699e-16     3.02634981705e-18     
8.74348203867         1.04309376211e-15     1.76191082989e-17     1.04309376211e-15     1.76191082989e-17     6.00260096527e-16     2.96941856496e-18     
8.92215692695         1.19969543633e-15     2.07558201993e-17     1.19969543633e-15     2.07558201993e-17     6.84782656708e-16     2.84988332604e-18     
9.10083181522         1.36812124325e-15     2.42030928535e-17     1.36812124325e-15     2.42030928535e-17     7.74636229346e-16     2.64286487651e-18     
9.2795067035          1.54848799177e-15     2.79693362362e-17     1.54848799177e-15     2.79693362362e-17     8.69779165258e-16     2.33542218447e-18     
9.45818159177         1.74090427435e-15     3.20624871252e-17     1.74090427435e-15     3.20624871252e-17     9.70160420672e-16     1.92165110304e-18     
9.63685648005         1.94547125954e-15     3.6490047147e-17      1.94547125954e-15     3.6490047147e-17      1.07573912538e-15     1.39679718058e-18     
9.81553136833         2.16228339009e-15     4.12591168821e-17     2.16228339009e-15     4.12591168821e-17     1.18643737831e-15     8.08143170477e-19     
9.9942062566          2.39142899934e-15     4.6376426523e-17      2.39142899934e-15     4.6376426523e-17      1.30217326356e-15     1.10020471526e-19     
10.1728811449         2.63299085696e-15     5.18483635086e-17     2.63299085696e-15     5.18483635086e-17     1.42289677187e-15     -7.00682606374e-19    
10.3515560332         2.88704665345e-15     5.76809974972e-17     2.88704665345e-15     5.76809974972e-17     1.54854966622e-15     -1.62668976497e-18    
10.5302309214         3.15366943154e-15     6.38801029913e-17     3.15366943154e-15     6.38801029913e-17     1.67907340429e-15     -2.67036582327e-18    
10.7089058097         3.43292797127e-15     7.04511798826e-17     3.43292797127e-15     7.04511798826e-17     1.81441109041e-15     -3.83374383109e-18    
10.887580698          3.72488713487e-15     7.73994721511e-17     3.72488713487e-15     7.73994721511e-17     1.95451345724e-15     -5.11855028e-18       
11.0662555862         4.02960817627e-15     8.47299849199e-17     4.02960817627e-15     8.47299849199e-17     2.09932742574e-15     -6.47540757474e-18    
11.2449304745         4.34714901972e-15     9.24475000429e-17     4.34714901972e-15     9.24475000429e-17     2.24873587581e-15     -7.93306426996e-18    
11.4236053628         4.6775645111e-15      1.00556590379e-16     4.6775645111e-15      1.00556590379e-16     2.40269850447e-15     -9.50459599505e-18    
11.6022802511         5.02090664525e-15     1.0906163289e-16      5.02090664525e-15     1.0906163289e-16      2.56115951098e-15     -1.1190115054e-17     
11.7809551393         5.37722477202e-15     1.17966820674e-16     5.37722477202e-15     1.17966820674e-16     2.72406185892e-15     -1.29895363453e-17    
11.9596300276         5.74656578344e-15     1.27276174049e-16     5.74656578344e-15     1.27276174049e-16     2.89134877433e-15     -1.49025937347e-17    
12.1383049159         6.12897428407e-15     1.36993550774e-16     6.12897428407e-15     1.36993550774e-16     3.06296422455e-15     -1.69288551685e-17    
12.3169798042         6.52449274644e-15     1.47122655485e-16     6.52449274644e-15     1.47122655485e-16     3.23885322451e-15     -1.90677366236e-17    
12.4956546924         6.93316165304e-15     1.5766704843e-16      6.93316165304e-15     1.5766704843e-16      3.41896220852e-15     -2.13185149804e-17    
12.6743295807         7.35501962635e-15     1.68630153551e-16     7.35501962635e-15     1.68630153551e-16     3.60323979239e-15     -2.36803399035e-17    
12.853004469          7.79010354808e-15     1.80015265996e-16     7.79010354808e-15     1.80015265996e-16     3.79163938626e-15     -2.61522448045e-17    
13.0316793573         8.23844866869e-15     1.9182555908e-16      8.23844866869e-15     1.9182555908e-16      3.98413926814e-15     -2.87105382395e-17    
13.2103542455         8.70008870824e-15     2.04064090774e-16     8.70008870824e-15     2.04064090774e-16     4.18061406073e-15     -3.13142729312e-17    
13.3890291338         9.17505594923e-15     2.16733809736e-16     9.17505594923e-15     2.16733809736e-16     4.38101794651e-15     -3.40149497124e-17    
13.5677040221         9.66338132238e-15     2.29837560947e-16     9.66338132238e-15     2.29837560947e-16     4.58530921149e-15     -3.68108340178e-17    
13.7463789104         1.01650944859e-14     2.43378090958e-16     1.01650944859e-14     2.43378090958e-16     4.79344050644e-15     -3.97001220347e-17    
13.9250537986         1.06802238986e-14     2.57358052801e-16     1.06802238986e-14     2.57358052801e-16     5.00536387741e-15     -4.26809476514e-17    
14.1037286869         1.12087968884e-14     2.71780010586e-16     1.12087968884e-14     2.71780010586e-16     5.22103166023e-15     -4.57513888659e-17    
14.2824035752         1.17508397147e-14     2.866464438e-16       1.17508397147e-14     2.866464438e-16       5.44039677053e-15     -4.89094737002e-17    
14.4610784635         1.23063776278e-14     3.01959751337e-16     1.23063776278e-14     3.01959751337e-16     5.6634128251e-15      -5.21531856548e-17    
14.6397533518         1.28754349227e-14     3.17722255286e-16     1.28754349227e-14     3.17722255286e-16     5.89003420182e-15     -5.54804687427e-17    
14.81842824           1.34580349902e-14     3.33936204481e-16     1.34580349902e-14     3.33936204481e-16     6.12021607451e-15     -5.88892321318e-17    
14.9971031283         1.40542003643e-14     3.50603777847e-16     1.40542003643e-14     3.50603777847e-16     6.35391443845e-15     -6.23773544291e-17    
15.1757780166         1.46639527665e-14     3.67727087537e-16     1.46639527665e-14     3.67727087537e-16     6.59108613564e-15     -6.59426876314e-17    
15.3544529048         1.52873131466e-14     3.85308181898e-16     1.52873131466e-14     3.85308181898e-16     6.83168888773e-15     -6.95830607696e-17    
15.5331277931         1.5924301722e-14      4.0334904826e-16      1.5924301722e-14      4.0334904826e-16      7.07568134754e-15     -7.32962832699e-17    
15.7118026814         1.65749380133e-14     4.21851615569e-16     1.65749380133e-14     4.21851615569e-16     7.32302318871e-15     -7.70801480524e-17    
15.8904775697         1.72392408784e-14     4.40817756871e-16     1.72392408784e-14     4.40817756871e-16     7.57367527711e-15     -8.09324343875e-17    
16.0691524579         1.79172285446e-14     4.60249291663e-16     1.79172285446e-14     4.60249291663e-16     7.82760004083e-15     -8.48509105296e-17    
16.2478273462         1.86089186378e-14     4.80147988109e-16     1.86089186378e-14     4.80147988109e-16     8.08476244216e-15     -8.88333361422e-17    
16.4265022345         1.93143282111e-14     5.00515565146e-16     1.93143282111e-14     5.00515565146e-16     8.3451337994e-15      -9.2877464533e-17     
16.6051771228         2.00334737709e-14     5.2135369447e-16      2.00334737709e-14     5.2135369447e-16      8.60871401546e-15     -9.69417644888e-17    
16.7838520111         2.07663713019e-14     5.42664002422e-16     2.07663713019e-14     5.42664002422e-16     8.87536243802e-15     -1.00993607254e-16    
16.9625268993         2.15130362905e-14     5.64448071778e-16     2.15130362905e-14     5.64448071778e-16     9.14506039253e-15     -1.05092102545e-16    
17.1412017876         2.22734837464e-14     5.86707443441e-16     2.22734837464e-14     5.86707443441e-16     9.41778229376e-15     -1.09234765758e-16    
17.3198766759         2.30477282241e-14     6.09443618053e-16     2.30477282241e-14     6.09443618053e-16     9.69349590266e-15     -1.13419116134e-16    
17.4985515641         2.38357838422e-14     6.32658057526e-16     2.38357838422e-14     6.32658057526e-16     9.97216775346e-15     -1.17642678159e-16    
17.6772264524         2.46376643019e-14     6.56352186496e-16     2.46376643019e-14     6.56352186496e-16     1.0253764227e-14      -1.21902982845e-16    
17.8559013407         2.54533829045e-14     6.80527393705e-16     2.54533829045e-14     6.80527393705e-16     1.0538251909e-14      -1.26197568905e-16    
18.034576229          2.62829525684e-14     7.05185033321e-16     2.62829525684e-14     7.05185033321e-16     1.08255977387e-14     -1.30523983831e-16    
18.2132511172         2.71263858444e-14     7.30326426188e-16     2.71263858444e-14     7.30326426188e-16     1.11157690785e-14     -1.34879784876e-16    
18.3919260055         2.79836949309e-14     7.55952861022e-16     2.79836949309e-14     7.55952861022e-16     1.14087337472e-14     -1.39262539958e-16    
18.5706008938         2.88548916878e-14     7.82065595553e-16     2.88548916878e-14     7.82065595553e-16     1.17044600363e-14     -1.43669828475e-16    
18.7492757821         2.973998765e-14       8.08665857607e-16     2.973998765e-14       8.08665857607e-16     1.2002916716e-14      -1.48099242056e-16    
18.9279506704         3.06389940403e-14     8.35754846148e-16     3.06389940403e-14     8.35754846148e-16     1.23040730363e-14     -1.5254838524e-16     
19.1066255586         3.1551921781e-14      8.63333732262e-16     3.1551921781e-14      8.63333732262e-16     1.2607898725e-14      -1.57014876088e-16    
19.2853004469         3.24787815061e-14     8.9140366011e-16      3.24787815061e-14     8.9140366011e-16      1.29143639832e-14     -1.61496346747e-16    
19.4639753352         3.34195835714e-14     9.19965747826e-16     3.34195835714e-14     9.19965747826e-16     1.32234394804e-14     -1.65990443946e-16    
19.6426502234         3.43743380657e-14     9.49021088385e-16     3.43743380657e-14     9.49021088385e-16     1.35350963483e-14     -1.70494829454e-16    
19.8213251117         3.534305482e-14       9.78570750431e-16     3.534305482e-14       9.78570750431e-16     1.38493061748e-14     -1.75007180482e-16    
20                    0                     0                     0                     0                     0                     0                     
