0.0779191396          0                     0                     0                     0                     0                     0                     
0.087577837391        0.0223737108063       0.00183890219912      0.0223737108063       0.00183890219912      0.0246752918759       0.00112630795297      
0.0972365351819       0.134876345879        0.00825267478751      0.134876345879        0.00825267478751      0.146849346066        0.00483802363709      
0.106895232973        0.35114288933         0.0158746088308       0.35114288933         0.0158746088308       0.378338653421        0.008782330054        
0.116553930764        0.655919285663        0.0206975255644       0.655919285663        0.0206975255644       0.700175868058        0.0103344554248       
0.126212628555        1.02823452188         0.0195714894832       1.02823452188         0.0195714894832       1.0882932585          0.00746356635931      
0.135871326346        1.44847805814         0.0102228618696       1.44847805814         0.0102228618696       1.52106727719         -0.00128394021646     
0.145530024137        1.90092942341         -0.00898320539942     1.90092942341         -0.00898320539942     1.98151648239         -0.016972865654       
0.155188721928        2.3724823592          -0.0391534736786      2.3724823592          -0.0391534736786      2.45613761335         -0.0403106743905      
0.164847419719        2.85365180481         -0.0806292258057      2.85365180481         -0.0806292258057      2.93531373662         -0.0714942929792      
0.17450611751         3.33759361494         -0.134103937561       3.33759361494         -0.134103937561       3.41223808973         -0.110997912741       
0.184164815301        3.81884644285         -0.200391109961       3.81884644285         -0.200391109961       3.88178862891         -0.159400293634       
0.193823513091        4.29287292445         -0.281116638555       4.29287292445         -0.281116638555       4.33997322798         -0.217841122218       
0.203482210882        4.75506701054         -0.377312515225       4.75506701054         -0.377312515225       4.78316579104         -0.287044228922       
0.213140908673        5.20040413511         -0.488735392998       5.20040413511         -0.488735392998       5.20762432821         -0.366847920773       
0.222799606464        5.62548380219         -0.615479493773       5.62548380219         -0.615479493773       5.61101845902         -0.457339492966       
0.232458304255        6.02519316369         -0.755382832284       6.02519316369         -0.755382832284       5.98981610851         -0.557007158278       
0.242117002046        6.39676970175         -0.904512087131       6.39676970175         -0.904512087131       6.34227900379         -0.663097779092       
0.251775699837        6.73963089783         -1.05848700229        6.73963089783         -1.05848700229        6.66828875184         -0.772533379362       
0.261434397628        7.05455761128         -1.21373283959        7.05455761128         -1.21373283959        6.96859814671         -0.882803051473       
0.271093095419        7.34290456585         -1.36750784281        7.34290456585         -1.36750784281        7.2444600466          -0.991981311398       
0.28075179321         7.60737157343         -1.51726530867        7.60737157343         -1.51726530867        7.49813393196         -1.09827250177        
0.290410491001        7.85000100242         -1.6625750404         7.85000100242         -1.6625750404         7.73128452661         -1.20137653542        
0.300069188792        8.07291084286         -1.80267474445        8.07291084286         -1.80267474445        7.94570996096         -1.30079566286        
0.309727886583        8.27838732514         -1.93694191393        8.27838732514         -1.93694191393        8.14331757387         -1.39605773007        
0.319386584374        8.46846042284         -2.06594690331        8.46846042284         -2.06594690331        8.32577855806         -1.48756529259        
0.329045282165        8.64423270849         -2.19070498638        8.64423270849         -2.19070498638        8.49416698648         -1.57603497889        
0.338703979956        8.80586332581         -2.3117425866         8.80586332581         -2.3117425866         8.64879251747         -1.66184436726        
0.348362677747        8.95358978068         -2.42906173077        8.95358978068         -2.42906173077        8.79009465955         -1.74499834092        
0.358021375538        9.08722282647         -2.54182512695        9.08722282647         -2.54182512695        8.91809983912         -1.82491091131        
0.367680073329        9.20805101868         -2.64932598971        9.20805101868         -2.64932598971        9.03399476704         -1.9010894571         
0.37733877112         9.31680932971         -2.75064783291        9.31680932971         -2.75064783291        9.13841096244         -1.97288406499        
0.386997468911        9.41529762638         -2.84544127393        9.41529762638         -2.84544127393        9.23285051593         -2.04005273204        
0.396656166702        9.50493691033         -2.93368440271        9.50493691033         -2.93368440271        9.31843770881         -2.10258072349        
0.406314864492        9.58720110791         -3.0158079462         9.58720110791         -3.0158079462         9.39639499065         -2.16076739713        
0.415973562283        9.66366578134         -3.09266227684        9.66366578134         -3.09266227684        9.46800908851         -2.21521425811        
0.425632260074        9.73458322991         -3.16489384342        9.73458322991         -3.16489384342        9.53352772796         -2.26637534043        
0.435290957865        9.80076812472         -3.23368185758        9.80076812472         -3.23368185758        9.5937277767          -2.3150946734         
0.444949655656        9.86128592025         -3.29815508835        9.86128592025         -3.29815508835        9.64792706309         -2.36072256054        
0.454608353447        9.9185651653          -3.36111441969        9.9185651653          -3.36111441969        9.69814281288         -2.40526758548        
0.464267051238        9.97123916681         -3.42211830555        9.97123916681         -3.42211830555        9.74341453146         -2.44842946192        
0.473925749029        10.0195914653         -3.48224905618        10.0195914653         -3.48224905618        9.78408241242         -2.49095027871        
0.48358444682         10.0627253145         -3.54079531719        10.0627253145         -3.54079531719        9.81958697677         -2.53233809077        
0.493243144611        10.1008459586         -3.59828174224        10.1008459586         -3.59828174224        9.85010670052         -2.57296192581        
0.502901842402        10.1338837233         -3.65450541953        10.1338837233         -3.65450541953        9.87575336249         -2.61268423068        
0.512560540193        10.1617237027         -3.70925042519        10.1617237027         -3.70925042519        9.89651120591         -2.6513535071         
0.522219237984        10.18390721           -3.76209131436        10.18390721           -3.76209131436        9.91196668615         -2.68866632203        
0.531877935775        10.2019398187         -3.81336416331        10.2019398187         -3.81336416331        9.92364052951         -2.72486751106        
0.541536633566        10.2145790045         -3.8622911352         10.2145790045         -3.8622911352         9.93034262292         -2.75940547339        
0.551195331357        10.2226570915         -3.90886330689        10.2226570915         -3.90886330689        9.93287215044         -2.79227473018        
0.560854029148        10.2262750976         -3.95288220597        10.2262750976         -3.95288220597        9.93131308845         -2.82333855029        
0.570512726939        10.225652081          -3.99398508814        10.225652081          -3.99398508814        9.92580446138         -2.85233686025        
0.58017142473         10.2214269538         -4.03253096232        10.2214269538         -4.03253096232        9.9170201199          -2.87952871819        
0.589830122521        10.2137549633         -4.06818645511        10.2137549633         -4.06818645511        9.90500198301         -2.90467518547        
0.599488820312        10.2032434974         -4.10098231627        10.2032434974         -4.10098231627        9.89024641463         -2.92779778065        
0.609147518103        10.1900776794         -4.13093187747        10.1900776794         -4.13093187747        9.87300054743         -2.94891062166        
0.618806215893        10.1736668688         -4.15771271625        10.1736668688         -4.15771271625        9.85258617206         -2.96777844007        
0.628464913684        10.1557598006         -4.18204765694        10.1557598006         -4.18204765694        9.83063732731         -2.98491824879        
0.638123611475        10.1349708199         -4.20322986758        10.1349708199         -4.20322986758        9.8060045793          -2.99982918539        
0.647782309266        10.1144883802         -4.22282266907        10.1144883802         -4.22282266907        9.78108042062         -3.01360456129        
0.657441007057        10.091805711          -4.23968855052        10.091805711          -4.23968855052        9.75407327801         -3.02545693874        
0.667099704848        10.067978192          -4.25444031792        10.067978192          -4.25444031792        9.72576843877         -3.03581901462        
0.676758402639        10.043104123          -4.2670347404         10.043104123          -4.2670347404         9.69621503163         -3.0446470077         
0.68641710043         10.0172689981         -4.27764216873        10.0172689981         -4.27764216873        9.66552418794         -3.05204360816        
0.696075798221        9.99061140289         -4.28712337693        9.99061140289         -4.28712337693        9.63379970961         -3.05868023985        
0.705734496012        9.9637445778          -4.29488403025        9.9637445778          -4.29488403025        9.60160198504         -3.06408742335        
0.715393193803        9.93597119903         -4.30152699466        9.93597119903         -4.30152699466        9.56833668056         -3.06869898051        
0.725051891594        9.907519607           -4.30700956696        9.907519607           -4.30700956696        9.53422312446         -3.07248720102        
0.734710589385        9.87846259657         -4.31137585585        9.87846259657         -4.31137585585        9.49933152206         -3.07548068581        
0.744369287176        9.8490713638          -4.31499832559        9.8490713638          -4.31499832559        9.46391647968         -3.07794405538        
0.754027984967        9.81887634691         -4.31770964423        9.81887634691         -4.31770964423        9.42758530763         -3.07975679264        
0.763686682758        9.78797059662         -4.31966006006        9.78797059662         -4.31966006006        9.39042116964         -3.08102546825        
0.773345380549        9.75656262095         -4.32112572729        9.75656262095         -4.32112572729        9.3526476825          -3.08194644418        
0.78300407834         9.72451004693         -4.32204122818        9.72451004693         -4.32204122818        9.3141462807          -3.08247271954        
0.792662776131        9.69150819578         -4.3224346265         9.69150819578         -4.3224346265         9.27463462665         -3.08262447191        
0.802321473922        9.65828595708         -4.32249514353        9.65828595708         -4.32249514353        9.23487723133         -3.08253730375        
0.811980171713        9.62389276573         -4.32225191429        9.62389276573         -4.32225191429        9.19396904382         -3.08222998858        
0.821638869504        9.58874200508         -4.32160887883        9.58874200508         -4.32160887883        9.15229398485         -3.08163374583        
0.831297567294        9.55268583996         -4.32068784931        9.55268583996         -4.32068784931        9.10975014026         -3.08083689232        
0.840956265085        9.51580677512         -4.31955491362        9.51580677512         -4.31955491362        9.0664480865          -3.07988585092        
0.850614962876        9.47742836091         -4.31787966477        9.47742836091         -4.31787966477        9.02175034779         -3.0785460161         
0.860273660667        9.43839120582         -4.31612093191        9.43839120582         -4.31612093191        8.97647968856         -3.07714374781        
0.869932358458        9.39790961798         -4.3138815345         9.39790961798         -4.3138815345         8.9299134287          -3.07539820086        
0.879591056249        9.35634668818         -4.31148734702        9.35634668818         -4.31148734702        8.88240146582         -3.073537386          
0.88924975404         9.31358367744         -4.30870417414        9.31358367744         -4.30870417414        8.83384059028         -3.07139867549        
0.898908451831        9.26937705809         -4.30550986986        9.26937705809         -4.30550986986        8.78405317622         -3.06896375633        
0.908567149622        9.22363927345         -4.3017674992         9.22363927345         -4.3017674992         8.73291916458         -3.06613986519        
0.918225847413        9.17650832563         -4.29788681287        9.17650832563         -4.29788681287        8.68060518872         -3.06321402588        
0.927884545204        9.12730166436         -4.292902978          9.12730166436         -4.292902978          8.62652605251         -3.05951070044        
0.937543242995        9.07570595358         -4.28641018095        9.07570595358         -4.28641018095        8.57042724702         -3.0547014518         
0.947201940786        9.02255422683         -4.27969800989        9.02255422683         -4.27969800989        8.51299035005         -3.04977489607        
0.956860638577        8.96699561594         -4.27173749088        8.96699561594         -4.27173749088        8.45338459786         -3.04394017307        
0.966519336368        8.90848005938         -4.262500226          8.90848005938         -4.262500226          8.39114453441         -3.0372006629         
0.976178034159        8.84457429688         -4.25073296696        8.84457429688         -4.25073296696        8.32400093948         -3.02866091955        
0.98583673195         8.75968966592         -4.22889438281        8.75968966592         -4.22889438281        8.23731687219         -3.01294996775        
0.995495429741        8.66328031772         -4.20133408552        8.66328031772         -4.20133408552        8.13999025414         -2.99316202251        
1.00515412753         8.56857868954         -4.17442115016        8.56857868954         -4.17442115016        8.04455443723         -2.97383976789        
1.01481282532         8.47582143581         -4.14828731047        8.47582143581         -4.14828731047        7.95115428712         -2.95507507773        
1.02447152311         8.3841856401          -4.1225161097         8.3841856401          -4.1225161097         7.85903755379         -2.93657177983        
1.0341302209          8.29351442786         -4.09695411785        8.29351442786         -4.09695411785        7.76805363438         -2.91822103307        
1.0437889187          8.20423843037         -4.07179654576        8.20423843037         -4.07179654576        7.67858922513         -2.90016152819        
1.05344761649         8.11510797799         -4.04646521374        8.11510797799         -4.04646521374        7.58948211411         -2.88198380943        
1.06310631428         8.02692401224         -4.02130118865        8.02692401224         -4.02130118865        7.50147490994         -2.86392848436        
1.07276501207         7.93916343353         -3.99601306128        7.93916343353         -3.99601306128        7.41408446512         -2.84578943439        
1.08242370986         7.85233111088         -3.97082018595        7.85233111088         -3.97082018595        7.32774677637         -2.82772161974        
1.09208240765         7.76632982827         -3.94565215326        7.76632982827         -3.94565215326        7.24237968054         -2.80967530202        
1.10174110544         7.6805789093          -3.9201862525         7.6805789093          -3.9201862525         7.15742573085         -2.79142230361        
1.11139980323         7.59578526209         -3.8948029648         7.59578526209         -3.8948029648         7.07354955252         -2.77323082772        
1.12105850102         7.5116665815          -3.86938481042        7.5116665815          -3.86938481042        6.99048500751         -2.75501989387        
1.13071719881         7.4281874309          -3.84380505959        7.4281874309          -3.84380505959        6.90818234239         -2.73669806058        
1.14037589661         7.34523638858         -3.81795468823        7.34523638858         -3.81795468823        6.82654444219         -2.71818803065        
1.1500345944          7.26338333742         -3.79213826956        7.26338333742         -3.79213826956        6.74603355483         -2.69970366387        
1.15969329219         7.1820165692          -3.76619692061        7.1820165692          -3.76619692061        6.66618483511         -2.68113812543        
1.16935198998         7.10143227726         -3.74014468478        7.10143227726         -3.74014468478        6.58718352486         -2.66249891717        
1.17901068777         7.02160881546         -3.71396596159        7.02160881546         -3.71396596159        6.50902959845         -2.64376927092        
1.18866938556         6.94208268205         -3.68738620696        6.94208268205         -3.68738620696        6.43126673942         -2.6247588064         
1.19832808335         6.86460774171         -3.66136083246        6.86460774171         -3.66136083246        6.35553935717         -2.60614813314        
1.20798678114         6.78697246683         -3.63470874514        6.78697246683         -3.63470874514        6.27977952009         -2.58709497569        
1.21764547893         6.71052661206         -3.60811338337        6.71052661206         -3.60811338337        6.20523780687         -2.56808569599        
1.22730417672         6.63485398974         -3.58137822057        6.63485398974         -3.58137822057        6.13148847226         -2.54897906183        
1.23696287451         6.56056951787         -3.55487013347        6.56056951787         -3.55487013347        6.05914011821         -2.53003804668        
1.24662157231         6.48603568104         -3.52772084453        6.48603568104         -3.52772084453        5.98666522548         -2.51064451036        
1.2562802701          6.41312880714         -3.50079301114        6.41312880714         -3.50079301114        5.91574408663         -2.49141265346        
1.26593896789         6.34094307549         -3.47381611475        6.34094307549         -3.47381611475        5.84559567047         -2.47215371624        
1.27559766568         6.26969016729         -3.44676873143        6.26969016729         -3.44676873143        5.77638416157         -2.45284484949        
1.28525636347         6.19967941772         -3.41975336741        6.19967941772         -3.41975336741        5.7083807736          -2.43355060665        
1.29491506126         6.13028395129         -3.39271321146        6.13028395129         -3.39271321146        5.64100630959         -2.41425503127        
1.30457375905         6.06158144191         -3.36563139982        6.06158144191         -3.36563139982        5.57433768893         -2.39493340643        
1.31423245684         5.99405014668         -3.33872855972        5.99405014668         -3.33872855972        5.50881872985         -2.37573976817        
1.32389115463         5.92749523339         -3.31189633854        5.92749523339         -3.31189633854        5.44425858705         -2.35659906533        
1.33354985242         5.86163170143         -3.28511726715        5.86163170143         -3.28511726715        5.38040127171         -2.33749765806        
1.34320855022         5.79709860282         -3.25843498893        5.79709860282         -3.25843498893        5.31779129113         -2.31846920204        
1.35286724801         5.73291383251         -3.23161172679        5.73291383251         -3.23161172679        5.25558272821         -2.2993408605         
1.3625259458          5.67005888469         -3.20513184327        5.67005888469         -3.20513184327        5.19464032688         -2.28045732823        
1.37218464359         5.60792254296         -3.17864923148        5.60792254296         -3.17864923148        5.13440483694         -2.26157295416        
1.38184334138         5.54661373554         -3.15225706767        5.54661373554         -3.15225706767        5.07497759029         -2.24275397388        
1.39150203917         5.48630089295         -3.12606469988        5.48630089295         -3.12606469988        5.01650752184         -2.22407780595        
1.40116073696         5.42692438091         -3.10003712122        5.42692438091         -3.10003712122        4.95892985812         -2.20551874823        
1.41081943475         5.36830692282         -3.07415818057        5.36830692282         -3.07415818057        4.90211247731         -2.18706752456        
1.42047813254         5.31051399361         -3.04844659584        5.31051399361         -3.04844659584        4.84608720992         -2.16873665588        
1.43013683033         5.25382328954         -3.02286954601        5.25382328954         -3.02286954601        4.79107552107         -2.15050066447        
1.43979552812         5.19793941893         -2.99757859095        5.19793941893         -2.99757859095        4.73686921547         -2.13246985882        
1.44945422592         5.14236840429         -2.97238955517        5.14236840429         -2.97238955517        4.68303770891         -2.11451103672        
1.45911292371         5.08856732271         -2.94761630596        5.08856732271         -2.94761630596        4.63074814786         -2.09684806229        
1.4687716215          5.0350981983          -2.92299814286        5.0350981983          -2.92299814286        4.57887387418         -2.07929548417        
1.47843031929         4.98243376006         -2.89867282599        4.98243376006         -2.89867282599        4.52776468533         -2.06195156356        
1.48808901708         4.93049369868         -2.87450427811        4.93049369868         -2.87450427811        4.47734701066         -2.04471782209        
1.49774771487         4.8793885834          -2.85059968983        4.8793885834          -2.85059968983        4.42774820809         -2.02767333955        
1.50740641266         4.82906337363         -2.82704263098        4.82906337363         -2.82704263098        4.37889108752         -2.01087488123        
1.51706511045         4.77941194747         -2.80371372512        4.77941194747         -2.80371372512        4.33069418474         -1.99423874355        
1.52672380824         4.73062663628         -2.78075534585        4.73062663628         -2.78075534585        4.28332555347         -1.97786536646        
1.53638250603         4.68251248816         -2.7580680145         4.68251248816         -2.7580680145         4.23660731006         -1.9616851262         
1.54604120383         4.63536144716         -2.73577665867        4.63536144716         -2.73577665867        4.19080298823         -1.94578647281        
1.55569990162         4.5887146032          -2.71379375478        4.5887146032          -2.71379375478        4.1455087858          -1.93010607279        
1.56535859941         4.54262514952         -2.69200028245        4.54262514952         -2.69200028245        4.10078430856         -1.9145608632         
1.5750172972          4.49719497332         -2.6705090173         4.49719497332         -2.6705090173         4.05667945422         -1.89922916631        
1.58467599499         4.45257822297         -2.64947140574        4.45257822297         -2.64947140574        4.0133634549          -1.88422033683        
1.59433469278         4.40841034019         -2.62865774322        4.40841034019         -2.62865774322        3.97052017816         -1.86936993668        
1.60399339057         4.36548179125         -2.60851836686        4.36548179125         -2.60851836686        3.92882869163         -1.85499925346        
1.61365208836         4.32278960345         -2.58849974169        4.32278960345         -2.58849974169        3.88740941444         -1.84071283872        
1.62331078615         4.28093595699         -2.56895069704        4.28093595699         -2.56895069704        3.8468005845          -1.82676061736        
1.63296948394         4.23961762043         -2.54973003266        4.23961762043         -2.54973003266        3.80672936712         -1.81304168995        
1.64262818173         4.1990467115          -2.53092815976        4.1990467115          -2.53092815976        3.76738261047         -1.79961933421        
1.65228687953         4.15936166986         -2.51268349737        4.15936166986         -2.51268349737        3.72888990304         -1.78659461365        
1.66194557732         4.12051495813         -2.49495701595        4.12051495813         -2.49495701595        3.6912017937          -1.77393787721        
1.67160427511         4.08254718719         -2.47779405384        4.08254718719         -2.47779405384        3.6543727585          -1.76168183806        
1.6812629729          4.04578032168         -2.46136884475        4.04578032168         -2.46136884475        3.61867312154         -1.74995184148        
1.69092167069         4.01437969604         -2.44804729511        4.01437969604         -2.44804729511        3.58787519607         -1.74042167216        
1.70058036848         4.01412442098         -2.45377328439        4.01412442098         -2.45377328439        3.58490881974         -1.74443325098        
1.71023906627         4.01061225869         -2.45761580308        4.01061225869         -2.45761580308        3.57903081979         -1.74710624737        
1.71989776406         4.00488722582         -2.46024501464        4.00488722582         -2.46024501464        3.57118793051         -1.74891622313        
1.72955646185         3.99726983525         -2.46194976712        3.99726983525         -2.46194976712        3.56168950105         -1.75006938482        
1.73921515964         3.98827849247         -2.46269820268        3.98827849247         -2.46269820268        3.55094636633         -1.75054110519        
1.74887385744         3.97761285493         -2.46264640443        3.97761285493         -2.46264640443        3.53876677192         -1.75044464961        
1.75853255523         3.96593438539         -2.462279214          3.96593438539         -2.462279214          3.52565790312         -1.75011822968        
1.76819125302         3.9523498667          -2.46049629715        3.9523498667          -2.46049629715        3.51098385139         -1.74879345215        
1.77784995081         3.93772387787         -2.4583131701         3.93772387787         -2.4583131701         3.49538350327         -1.74717958774        
1.7875086486          3.92197680308         -2.45556846617        3.92197680308         -2.45556846617        3.47881512957         -1.74516334999        
1.79716734639         3.90504421143         -2.45217448682        3.90504421143         -2.45217448682        3.46124030478         -1.74268801269        
1.80682604418         3.88701997623         -2.4481893979         3.88701997623         -2.4481893979         3.44273444471         -1.73979434631        
1.81648474197         3.86784512152         -2.44356100112        3.86784512152         -2.44356100112        3.42326015946         -1.73644233406        
1.82614343976         3.84764189621         -2.4382742761         3.84764189621         -2.4382742761         3.40291730847         -1.73261434134        
1.83580213755         3.82643317109         -2.43257959678        3.82643317109         -2.43257959678        3.38173070081         -1.72850942794        
1.84546083534         3.80423856034         -2.42632450225        3.80423856034         -2.42632450225        3.35972253095         -1.72400307486        
1.85511953314         3.78104638974         -2.41951952048        3.78104638974         -2.41951952048        3.33689248853         -1.71910595466        
1.86477823093         3.75688985397         -2.41219093794        3.75688985397         -2.41219093794        3.31326886469         -1.71383821351        
1.87443692872         3.73187421775         -2.40432523266        3.73187421775         -2.40432523266        3.28893406914         -1.70818817679        
1.88409562651         3.70588675436         -2.39591611302        3.70588675436         -2.39591611302        3.26381210148         -1.70215291323        
1.8937543243          3.6791207284          -2.38698204621        3.6791207284          -2.38698204621        3.23805431382         -1.69574423997        
1.90341302209         3.65141131627         -2.37751226525        3.65141131627         -2.37751226525        3.21153572548         -1.68895572162        
1.91307171988         3.62292149192         -2.36753520901        3.62292149192         -2.36753520901        3.18438827813         -1.6818066249         
1.92273041767         3.59367366037         -2.35704360094        3.59367366037         -2.35704360094        3.15663358228         -1.67429322227        
1.93238911546         3.5636833251          -2.3460555715         3.5636833251          -2.3460555715         3.12828654753         -1.66642753672        
1.94204781325         3.53297001769         -2.33455849875        3.53297001769         -2.33455849875        3.09936610545         -1.65820113042        
1.95170651105         3.50166348436         -2.32258506042        3.50166348436         -2.32258506042        3.06997455474         -1.64963606808        
1.96136520884         3.46951304815         -2.31006856284        3.46951304815         -2.31006856284        3.03992736054         -1.64068702999        
1.97102390663         3.43680183            -2.29708139009        3.43680183            -2.29708139009        3.00943873541         -1.63140368057        
1.98068260442         3.40351870363         -2.28362755517        3.40351870363         -2.28362755517        2.97850762762         -1.62179047802        
1.99034130221         3.36967205131         -2.26969664007        3.36967205131         -2.26969664007        2.94714193031         -1.61183882202        
2                     3.33527945422         -2.25531086705        3.33527945422         -2.25531086705        2.91535867574         -1.60156548967        
2.001                 3.33169174948         -2.25378354616        3.33169174948         -2.25378354616        2.91204761838         -1.60047495173        
2.20293613656         2.54272377046         -1.86189720218        2.54272377046         -1.86189720218        2.19820134853         -1.32126337047        
2.40487227311         1.77607169072         -1.38570993842        1.77607169072         -1.38570993842        1.51867964341         -0.982711919051       
2.60680840967         1.14736071921         -0.95159547306        1.14736071921         -0.95159547306        0.969139175986        -0.674302220302       
2.80874454622         0.672788583402        -0.607651433791       0.672788583402        -0.607651433791       0.562327570217        -0.430187902637       
3.01068068278         0.354061874669        -0.351533705452       0.354061874669        -0.351533705452       0.293600402985        -0.24864904378        
3.21261681934         0.169663618245        -0.184044001426       0.169663618245        -0.184044001426       0.139531630341        -0.130061117835       
3.41455295589         0.0727825097764       -0.0882121167628      0.0727825097764       -0.0882121167628      0.0594532306072       -0.062281429967       
3.61648909245         0.0275461070501       -0.0379620217722      0.0275461070501       -0.0379620217722      0.0224103427489       -0.0267813744077      
3.81842522901         0.00921697394845      -0.0147359356446      0.00921697394845      -0.0147359356446      0.00748029894301      -0.0103886763685      
4.02036136556         0.00263897159181      -0.0051037583323      0.00263897159181      -0.0051037583323      0.00214712846836      -0.00359621072263     
4.22229750212         0.000624858425832     -0.00156840659183     0.000624858425832     -0.00156840659183     0.000514084878453     -0.00110473116945     
4.42423363868         0.000110950001805     -0.000419686156369    0.000110950001805     -0.000419686156369    9.45542083293e-05     -0.00029555434383     
4.62616977523         9.67703504637e-06     -9.46145892257e-05    9.67703504637e-06     -9.46145892257e-05    9.87117678011e-06     -6.66304205928e-05    
4.82810591179         -1.94325297363e-06    -1.66522696364e-05    -1.94325297363e-06    -1.66522696364e-05    -9.20280029964e-07    -1.17306195364e-05    
5.03004204834         -9.00214122817e-07    -1.78299226485e-06    -9.00214122817e-07    -1.78299226485e-06    -5.90731202231e-07    -1.25717828877e-06    
5.2319781849          -4.07182818925e-08    -1.67348272593e-08    -4.07182818925e-08    -1.67348272593e-08    -2.77610279658e-08    -1.18407736117e-08    
5.2329781849          -3.93503762075e-08    -1.5961828398e-08     -3.93503762075e-08    -1.5961828398e-08     -2.68280604302e-08    -1.12938978908e-08    
5.2499781849          -2.01582515406e-08    -6.14418059311e-09    -2.01582515406e-08    -6.14418059311e-09    -1.37369200919e-08    -4.34485369296e-09    
5.2669781849          -7.80954715197e-09    -9.25381370326e-10    -7.80954715197e-09    -9.25381370326e-10    -5.31673388843e-09    -6.46756380751e-10    
5.2839781849          -1.15827346394e-09    1.55285826944e-09     -1.15827346394e-09    1.55285826944e-09     -7.85880689129e-10    1.11192148986e-09     
5.3009781849          7.20027811656e-11     3.6790960883e-09      7.20027811656e-11     3.6790960883e-09      5.24664693348e-11     2.58649853684e-09     
5.3179781849          1.21659226077e-10     7.44888732026e-09     1.21659226077e-10     7.44888732026e-09     8.77850617835e-11     5.1477197952e-09      
5.3349781849          1.55114375459e-10     1.09027878145e-08     1.55114375459e-10     1.09027878145e-08     1.11509642988e-10     7.47427120753e-09     
5.3519781849          1.73918903495e-10     1.36667868386e-08     1.73918903495e-10     1.36667868386e-08     1.24781017027e-10     9.32056471765e-09     
5.3529781849          1.74638166112e-10     1.38061612983e-08     1.74638166112e-10     1.38061612983e-08     1.25285965417e-10     9.4131820346e-09      
5.53160040216         7.60825856486e-11     1.3568568146e-08      7.60825856486e-11     1.3568568146e-08      5.42963370006e-11     9.01421512791e-09     
5.71022261941         1.02617355593e-11     4.65212485208e-09     1.02617355593e-11     4.65212485208e-09     7.30483607898e-12     3.03899348777e-09     
5.88884483667         -1.74882161458e-13    1.12290509664e-09     -1.74882161458e-13    1.12290509664e-09     -1.29029230528e-13    7.23011291983e-10     
6.06746705393         -4.1774467544e-13     2.10533622825e-10     -4.1774467544e-13     2.10533622825e-10     -2.98648221266e-13    1.3378886856e-10      
6.24608927119         -1.04988128665e-13    3.01664236363e-11     -1.04988128665e-13    3.01664236363e-11     -7.49517215985e-14    1.89370715224e-11     
6.42471148844         -1.34720912357e-14    2.83824822483e-12     -1.34720912357e-14    2.83824822483e-12     -9.61211595201e-15    1.76130132945e-12     
6.6033337057          -3.52837233128e-16    6.03801757518e-14     -3.52837233128e-16    6.03801757518e-14     -2.51653690245e-16    3.70616534136e-14     
6.78195592296         4.51437969079e-14     3.07432436804e-16     4.51437969079e-14     3.07432436804e-16     2.74220858991e-14     7.96267125736e-16     
6.96057814022         2.90967666363e-14     2.23252467915e-16     2.90967666363e-14     2.23252467915e-16     1.75000719678e-14     4.65949286298e-16     
7.13920035747         9.42158668912e-15     7.96196788286e-17     9.42158668912e-15     7.96196788286e-17     5.61390152953e-15     1.37241169828e-16     
7.31782257473         2.27194230159e-15     2.0807252841e-17      2.27194230159e-15     2.0807252841e-17      1.34160514669e-15     3.04282349476e-17     
7.49644479199         6.11962126941e-16     6.00115487145e-18     6.11962126941e-16     6.00115487145e-18     3.581776223e-16       7.60170211075e-18     
7.67506700925         1.8846053548e-16      1.96065027212e-18     1.8846053548e-16      1.96065027212e-18     1.09343647748e-16     2.18478911255e-18     
7.8536892265          2.54905577602e-16     2.79286248955e-18     2.54905577602e-16     2.79286248955e-18     1.46617911607e-16     2.76972239736e-18     
8.03231144376         3.31854322893e-16     3.80664320027e-18     3.31854322893e-16     3.80664320027e-18     1.8924448792e-16      3.38928009777e-18     
8.21093366102         4.19528675001e-16     5.01386275914e-18     4.19528675001e-16     5.01386275914e-18     2.37219008281e-16     4.04303983235e-18     
8.38955587827         5.18133008845e-16     6.42554077621e-18     5.18133008845e-16     6.42554077621e-18     2.90527653694e-16     4.71549832195e-18     
8.56817809553         6.2785516552e-16      8.0519304884e-18      6.2785516552e-16      8.0519304884e-18      3.49132822083e-16     5.40739509736e-18     
8.74680031279         7.48867838356e-16     9.90259376798e-18     7.48867838356e-16     9.90259376798e-18     4.13025839801e-16     6.10820854258e-18     
8.92542253005         8.81330016747e-16     1.19864673167e-17     8.81330016747e-16     1.19864673167e-17     4.82145344272e-16     6.82381505543e-18     
9.1040447473          1.02538835565e-15     1.43119209928e-17     1.02538835565e-15     1.43119209928e-17     5.56465056072e-16     7.52800929325e-18     
9.28266696456         1.18117842373e-15     1.68868092612e-17     1.18117842373e-15     1.68868092612e-17     6.35954782454e-16     8.24731916121e-18     
9.46128918182         1.34882581979e-15     1.97185166822e-17     1.34882581979e-15     1.97185166822e-17     7.20531769565e-16     8.96181439768e-18     
9.63991139908         1.52844716263e-15     2.28139982427e-17     1.52844716263e-15     2.28139982427e-17     8.10164981703e-16     9.65614934819e-18     
9.81853361633         1.72015096554e-15     2.61798152241e-17     1.72015096554e-15     2.61798152241e-17     9.04828420501e-16     1.03359936022e-17     
9.99715583359         1.92403840819e-15     2.98221672002e-17     1.92403840819e-15     2.98221672002e-17     1.00443029642e-15     1.10321210713e-17     
10.1757780508         2.14020401853e-15     3.37469206685e-17     2.14020401853e-15     3.37469206685e-17     1.10891686758e-15     1.17048509475e-17     
10.3544002681         2.36873627615e-15     3.79596347466e-17     2.36873627615e-15     3.79596347466e-17     1.21824304023e-15     1.23505285392e-17     
10.5330224854         2.60971814741e-15     4.24655842986e-17     2.60971814741e-15     4.24655842986e-17     1.3323623078e-15      1.29657740025e-17     
10.7116447026         2.86322756115e-15     4.72697808063e-17     2.86322756115e-15     4.72697808063e-17     1.45124633303e-15     1.35681875098e-17     
10.8902669199         3.12933783279e-15     5.23769912543e-17     3.12933783279e-15     5.23769912543e-17     1.57478179857e-15     1.41839587546e-17     
11.0688891371         3.40811804328e-15     5.77917552591e-17     3.40811804328e-15     5.77917552591e-17     1.70291993815e-15     1.47723525534e-17     
11.2475113544         3.69963337875e-15     6.35184006427e-17     3.69963337875e-15     6.35184006427e-17     1.83561282741e-15     1.53315591108e-17     
11.4261335716         4.00394543562e-15     6.95610576246e-17     4.00394543562e-15     6.95610576246e-17     1.97280907763e-15     1.58599556459e-17     
11.6047557889         4.32111249544e-15     7.59236717807e-17     4.32111249544e-15     7.59236717807e-17     2.11445814117e-15     1.63560943862e-17     
11.7833780062         4.65118977301e-15     8.26100159015e-17     4.65118977301e-15     8.26100159015e-17     2.26051376729e-15     1.6818691264e-17      
11.9620002234         4.99422964091e-15     8.96237008639e-17     4.99422964091e-15     8.96237008639e-17     2.41095317996e-15     1.72718946233e-17     
12.1406224407         5.35028183322e-15     9.69681856166e-17     5.35028183322e-15     9.69681856166e-17     2.56565002436e-15     1.7748618471e-17      
12.3192446579         5.71939363063e-15     1.04646786369e-16     5.71939363063e-15     1.04646786369e-16     2.72455982098e-15     1.81998910379e-17     
12.4978668752         6.10161002907e-15     1.1266268506e-16      6.10161002907e-15     1.1266268506e-16      2.88763865826e-15     1.86254495055e-17     
12.6764890924         6.49697389365e-15     1.21018937175e-16     6.49697389365e-15     1.21018937175e-16     3.05483775715e-15     1.90251365771e-17     
12.8551113097         6.90552609938e-15     1.29718478975e-16     6.90552609938e-15     1.29718478975e-16     3.22610795889e-15     1.93988927874e-17     
13.033733527          7.32730566008e-15     1.38764134193e-16     7.32730566008e-15     1.38764134193e-16     3.40140068291e-15     1.97467493447e-17     
13.2123557442         7.76234984672e-15     1.48158620239e-16     7.76234984672e-15     1.48158620239e-16     3.58066845027e-15     2.00688214691e-17     
13.3909779615         8.21069429617e-15     1.57904553964e-16     8.21069429617e-15     1.57904553964e-16     3.7638655499e-15      2.03653021937e-17     
13.5696001787         8.67237311131e-15     1.6800445702e-16      8.67237311131e-15     1.6800445702e-16      3.95094970116e-15     2.06364565979e-17     
13.748222396          9.14741895339e-15     1.78460760852e-16     9.14741895339e-15     1.78460760852e-16     4.14189157024e-15     2.08826164427e-17     
13.9268446133         9.63586312727e-15     1.89275811346e-16     9.63586312727e-15     1.89275811346e-16     4.33664683331e-15     2.11857576148e-17     
14.1054668305         1.01377356603e-14     2.00451873172e-16     1.01377356603e-14     2.00451873172e-16     4.53508716979e-15     2.14904840066e-17     
14.2840890478         1.06530653753e-14     2.1199113384e-16      1.06530653753e-14     2.1199113384e-16      4.73719849618e-15     2.17819176352e-17     
14.462711265          1.11818799585e-14     2.23895707491e-16     1.11818799585e-14     2.23895707491e-16     4.94294140523e-15     2.20609380364e-17     
14.6413334823         1.17242060219e-14     2.36167638452e-16     1.17242060219e-14     2.36167638452e-16     5.15227409979e-15     2.23284636192e-17     
14.8199556995         1.22800691624e-14     2.48808904562e-16     1.22800691624e-14     2.48808904562e-16     5.36515452357e-15     2.25854481729e-17     
14.9985779168         1.28494940157e-14     2.618214203e-16       1.28494940157e-14     2.618214203e-16       5.58154094189e-15     2.28328776266e-17     
15.1772001341         1.34325043073e-14     2.75207039713e-16     1.34325043073e-14     2.75207039713e-16     5.80139217269e-15     2.30717670425e-17     
15.3558223513         1.40291228995e-14     2.8896755918e-16      1.40291228995e-14     2.8896755918e-16      6.02466770618e-15     2.33031578271e-17     
15.5344445686         1.46393718359e-14     3.03104719999e-16     1.46393718359e-14     3.03104719999e-16     6.25132778792e-15     2.3528115143e-17      
15.7130667858         1.52632723824e-14     3.17620210839e-16     1.52632723824e-14     3.17620210839e-16     6.48133349975e-15     2.37477255085e-17     
15.8916890031         1.59008450662e-14     3.32515670034e-16     1.59008450662e-14     3.32515670034e-16     6.7146468679e-15      2.39630945707e-17     
16.0703112203         1.65521097115e-14     3.47792687762e-16     1.65521097115e-14     3.47792687762e-16     6.95123104378e-15     2.41753450388e-17     
16.2489334376         1.72170854739e-14     3.63452808092e-16     1.72170854739e-14     3.63452808092e-16     7.19105066454e-15     2.43856147687e-17     
16.4275556549         1.7895790872e-14      3.79497530923e-16     1.7895790872e-14      3.79497530923e-16     7.43407273254e-15     2.45950549847e-17     
16.6061778721         1.85882438174e-14     3.95928313814e-16     1.85882438174e-14     3.95928313814e-16     7.68026962998e-15     2.48048286316e-17     
16.7848000894         1.92944616427e-14     4.1274657372e-16      1.92944616427e-14     4.1274657372e-16      7.92965015353e-15     2.50331445877e-17     
16.9634223066         2.00144611282e-14     4.2995368863e-16      2.00144611282e-14     4.2995368863e-16      8.18208643998e-15     2.53711419751e-17     
17.1420445239         2.07482585266e-14     4.47550999125e-16     2.07482585266e-14     4.47550999125e-16     8.43753162916e-15     2.57220523486e-17     
17.3206667411         2.14958695866e-14     4.65539809851e-16     2.14958695866e-14     4.65539809851e-16     8.69597065286e-15     2.60872871875e-17     
17.4992889584         2.22573095751e-14     4.83921390918e-16     2.22573095751e-14     4.83921390918e-16     8.95737463002e-15     2.64682602086e-17     
17.6779111757         2.30325932978e-14     5.02696979228e-16     2.30325932978e-14     5.02696979228e-16     9.22171246774e-15     2.68663863114e-17     
17.8565333929         2.38217351196e-14     5.2186777974e-16      2.38217351196e-14     5.2186777974e-16      9.48895258124e-15     2.72830806039e-17     
18.0351556102         2.46247489823e-14     5.41434966665e-16     2.46247489823e-14     5.41434966665e-16     9.75906342718e-15     2.77197575032e-17     
18.2137778274         2.54416484234e-14     5.61399684611e-16     2.54416484234e-14     5.61399684611e-16     1.00320137198e-14     2.8177829906e-17      
18.3924000447         2.62724465918e-14     5.81763049666e-16     2.62724465918e-14     5.81763049666e-16     1.03077725322e-14     2.86587084232e-17     
18.5710222619         2.71171562642e-14     6.02526150436e-16     2.71171562642e-14     6.02526150436e-16     1.05863093479e-14     2.91638006752e-17     
18.7496444792         2.79757898601e-14     6.23690049026e-16     2.79757898601e-14     6.23690049026e-16     1.08675940881e-14     2.9694510643e-17      
18.9282666965         2.88483594558e-14     6.45255781985e-16     2.88483594558e-14     6.45255781985e-16     1.11515971274e-14     3.02522380713e-17     
19.1068889137         2.97348767979e-14     6.67224361196e-16     2.97348767979e-14     6.67224361196e-16     1.1438289301e-14      3.0838377921e-17      
19.285511131          3.06353533165e-14     6.89596774736e-16     3.06353533165e-14     6.89596774736e-16     1.17276419102e-14     3.1454319865e-17      
19.4641333482         3.15498001371e-14     7.12373987692e-16     3.15498001371e-14     7.12373987692e-16     1.20196267252e-14     3.21014478284e-17     
19.6427555655         3.2478228092e-14      7.35556942939e-16     3.2478228092e-14      7.35556942939e-16     1.23142159875e-14     3.27811395657e-17     
19.8213777827         3.34206477317e-14     7.5914656189e-16      3.34206477317e-14     7.5914656189e-16      1.26113824144e-14     3.34947662759e-17     
20                    0                     0                     0                     0                     0                     0                     
