0.0779191396          0                     0                     0                     0                     0                     0                     
0.087577837391        0.0111506251943       -0.00115407158451     0.0111506251943       -0.00115407158451     0.0172666472071       -0.00173451745364     
0.0972365351819       0.0672896884157       -0.00813848941507     0.0672896884157       -0.00813848941507     0.103280427687        -0.0117532950205      
0.106895232973        0.175458261311        -0.0251188397307      0.175458261311        -0.0251188397307      0.267209436901        -0.0350071785378      
0.116553930764        0.327978328853        -0.055293910521       0.327978328853        -0.055293910521       0.495990724764        -0.0748867691942      
0.126212628555        0.513797867831        -0.101787259118       0.513797867831        -0.101787259118       0.772145706197        -0.134694273958       
0.135871326346        0.720810193998        -0.167929470512       0.720810193998        -0.167929470512       1.07770096349         -0.218070990921       
0.145530024137        0.935000744911        -0.255387756545       0.935000744911        -0.255387756545       1.39332478942         -0.32677741721        
0.155188721928        1.14345590418         -0.360345436338       1.14345590418         -0.360345436338       1.70180398339         -0.456142884682       
0.164847419719        1.33864086672         -0.475723969203       1.33864086672         -0.475723969203       1.99291391566         -0.597689291972       
0.17450611751         1.51801964679         -0.595190018685       1.51801964679         -0.595190018685       2.26277680332         -0.743848450043       
0.184164815301        1.68160955662         -0.714628963498       1.68160955662         -0.714628963498       2.51091547641         -0.889712865091       
0.193823513091        1.83025961323         -0.831273941032       1.83025961323         -0.831273941032       2.7380305954          -1.03197157216        
0.203482210882        1.96521596486         -0.944006460453       1.96521596486         -0.944006460453       2.94549664591         -1.16931818732        
0.213140908673        2.0875855873          -1.05177539991        2.0875855873          -1.05177539991        3.13459137426         -1.30049591511        
0.222799606464        2.19871529807         -1.1544348907         2.19871529807         -1.1544348907         3.3069783504          -1.42537843368        
0.232458304255        2.29942563995         -1.25208249954        2.29942563995         -1.25208249954        3.46371404124         -1.54406232188        
0.242117002046        2.38960890545         -1.32946604702        2.38960890545         -1.32946604702        3.60436212677         -1.63811830612        
0.251775699837        2.47181654163         -1.43226779094        2.47181654163         -1.43226779094        3.73344434844         -1.76280758661        
0.261434397628        2.54496544506         -1.51444143056        2.54496544506         -1.51444143056        3.84849403548         -1.86246113501        
0.271093095419        2.61058548238         -1.5912979922         2.61058548238         -1.5912979922         3.95192763263         -1.95561018162        
0.28075179321         2.66971306222         -1.66319694036        2.66971306222         -1.66319694036        4.04516764362         -2.04269610068        
0.290410491001        2.72277446559         -1.73039973049        2.72277446559         -1.73039973049        4.12882543353         -2.1240356704         
0.300069188792        2.77037857847         -1.79302662045        2.77037857847         -1.79302662045        4.20379888598         -2.19976333489        
0.309727886583        2.81334663148         -1.85215179013        2.81334663148         -1.85215179013        4.27124024435         -2.27119857762        
0.319386584374        2.8515812876          -1.90787867715        2.8515812876          -1.90787867715        4.33113697207         -2.33846236167        
0.329045282165        2.88538315695         -1.96047100813        2.88538315695         -1.96047100813        4.38400808833         -2.40187672784        
0.338703979956        2.91480070062         -2.00999737548        2.91480070062         -2.00999737548        4.43000013896         -2.46153119144        
0.348362677747        2.94010863554         -2.05654182385        2.94010863554         -2.05654182385        4.46957316213         -2.51753416705        
0.358021375538        2.96148297666         -2.100075787          2.96148297666         -2.100075787          4.50302674974         -2.56985989117        
0.367680073329        2.9792532457          -2.14071213173        2.9792532457          -2.14071213173        4.53086849403         -2.61865047172        
0.37733877112         2.99378657384         -2.17841278282        2.99378657384         -2.17841278282        4.55362455377         -2.66386283052        
0.386997468911        3.00527796372         -2.21329009558        3.00527796372         -2.21329009558        4.57160738837         -2.70564008525        
0.396656166702        3.0141037337          -2.24542997954        3.0141037337          -2.24542997954        4.58534426163         -2.74408679965        
0.406314864492        3.02054911056         -2.27499000375        3.02054911056         -2.27499000375        4.5952646463          -2.77940111257        
0.415973562283        3.02511237811         -2.30218793979        3.02511237811         -2.30218793979        4.60204350257         -2.81184261153        
0.425632260074        3.02728541106         -2.32698633477        3.02728541106         -2.32698633477        4.60506390614         -2.84136704229        
0.435290957865        3.02805405069         -2.34969111736        3.02805405069         -2.34969111736        4.60564355293         -2.86834945254        
0.444949655656        3.02706837134         -2.37058050144        3.02706837134         -2.37058050144        4.60337973879         -2.89311948128        
0.454608353447        3.0249901577          -2.38945630568        3.0249901577          -2.38945630568        4.59913390075         -2.91544269732        
0.464267051238        3.02124896867         -2.40684177959        3.02124896867         -2.40684177959        4.59221787083         -2.93594398813        
0.473925749029        3.01674006097         -2.42285288671        3.01674006097         -2.42285288671        4.58391316014         -2.95478031396        
0.48358444682         3.01098468261         -2.43752449421        3.01098468261         -2.43752449421        4.57356426348         -2.97198341525        
0.493243144611        3.00376794511         -2.45068518424        3.00376794511         -2.45068518424        4.56084880634         -2.98733137556        
0.502901842402        2.99579132238         -2.462959174          2.99579132238         -2.462959174          4.54680792425         -3.0016344643         
0.512560540193        2.98680927925         -2.47429457696        2.98680927925         -2.47429457696        4.53113721962         -3.01478159039        
0.522219237984        2.97658091087         -2.48458054199        2.97658091087         -2.48458054199        4.51352231064         -3.02664667802        
0.531877935775        2.9655976274          -2.49419884972        2.9655976274          -2.49419884972        4.49471846089         -3.03769511169        
0.541536633566        2.95339507195         -2.50279383198        2.95339507195         -2.50279383198        4.47406408492         -3.04749867272        
0.551195331357        2.93994994237         -2.51018592061        2.93994994237         -2.51018592061        4.45157929041         -3.05581918444        
0.560854029148        2.92576936702         -2.51681762964        2.92576936702         -2.51681762964        4.42794469452         -3.06321450356        
0.570512726939        2.91064478431         -2.52257760541        2.91064478431         -2.52257760541        4.40287920918         -3.06955159867        
0.58017142473         2.89468571513         -2.52767543495        2.89468571513         -2.52767543495        4.37661267151         -3.07508999049        
0.589830122521        2.87814918423         -2.5319930286         2.87814918423         -2.5319930286         4.34943039292         -3.0796767815         
0.599488820312        2.86035113274         -2.53531447484        2.86035113274         -2.53531447484        4.32050399282         -3.08306336603        
0.609147518103        2.84212328753         -2.53801938276        2.84212328753         -2.53801938276        4.29091603577         -3.08570030197        
0.618806215893        2.82295018109         -2.53969316731        2.82295018109         -2.53969316731        4.25995071948         -3.08708807841        
0.628464913684        2.80324242152         -2.5406675605         2.80324242152         -2.5406675605         4.22823468189         -3.08763381716        
0.638123611475        2.78288569627         -2.54082564267        2.78288569627         -2.54082564267        4.19558827556         -3.08719306514        
0.647782309266        2.76194396116         -2.5402015884         2.76194396116         -2.5402015884         4.16210629995         -3.08581055125        
0.657441007057        2.74048629459         -2.53881816196        2.74048629459         -2.53881816196        4.12789424619         -3.0835136094         
0.667099704848        2.71860710436         -2.53668168486        2.71860710436         -2.53668168486        4.09308378742         -3.08031329057        
0.676758402639        2.69626211212         -2.53372087594        2.69626211212         -2.53372087594        4.05760469361         -3.076119294          
0.68641710043         2.67350106577         -2.53004662326        2.67350106577         -2.53004662326        4.02153288738         -3.07106602763        
0.696075798221        2.65047615402         -2.52564537365        2.65047615402         -2.52564537365        3.98507893594         -3.06514278885        
0.705734496012        2.62719694102         -2.52058290747        2.62719694102         -2.52058290747        3.94826888345         -3.05842337774        
0.715393193803        2.60365921817         -2.51483663356        2.60365921817         -2.51483663356        3.91107864249         -3.05088478464        
0.725051891594        2.57984612814         -2.50841581771        2.57984612814         -2.50841581771        3.87350403576         -3.04254285348        
0.734710589385        2.55595890924         -2.5013654878         2.55595890924         -2.5013654878         3.83580479095         -3.03344064923        
0.744369287176        2.53195643299         -2.49368824543        2.53195643299         -2.49368824543        3.79792470843         -3.02360117613        
0.754027984967        2.50798881316         -2.48561156303        2.50798881316         -2.48561156303        3.76005431482         -3.01329470263        
0.763686682758        2.48393448419         -2.47710012824        2.48393448419         -2.47710012824        3.72205057524         -3.00246732361        
0.773345380549        2.45965807327         -2.46815390044        2.45965807327         -2.46815390044        3.68373993778         -2.99111668849        
0.78300407834         2.43543318973         -2.4586795591         2.43543318973         -2.4586795591         3.64547946984         -2.97913421061        
0.792662776131        2.41098968496         -2.44888819998        2.41098968496         -2.44888819998        3.606926211           -2.9667682674         
0.802321473922        2.38663918784         -2.43885290293        2.38663918784         -2.43885290293        3.5685202081          -2.95411254436        
0.811980171713        2.36214682137         -2.42840243258        2.36214682137         -2.42840243258        3.52991860585         -2.94095855784        
0.821638869504        2.33759612165         -2.41760094722        2.33759612165         -2.41760094722        3.49124620729         -2.92738305032        
0.831297567294        2.31288323029         -2.40637077167        2.31288323029         -2.40637077167        3.45237333954         -2.9132956162         
0.840956265085        2.28833227114         -2.39519796905        2.28833227114         -2.39519796905        3.413728018           -2.89927424428        
0.850614962876        2.26345451108         -2.3834865322         2.26345451108         -2.3834865322         3.37466032581         -2.88460879951        
0.860273660667        2.23849107253         -2.37154972056        2.23849107253         -2.37154972056        3.33552285932         -2.86967456918        
0.869932358458        2.21349102276         -2.35937176053        2.21349102276         -2.35937176053        3.29635238297         -2.85445667246        
0.879591056249        2.188074687           -2.34669318404        2.188074687           -2.34669318404        3.25667464953         -2.83862920711        
0.88924975404         2.16267498529         -2.33366532441        2.16267498529         -2.33366532441        3.21703980373         -2.82237655253        
0.898908451831        2.1371566484          -2.32042840363        2.1371566484          -2.32042840363        3.17729139624         -2.80588170729        
0.908567149622        2.11149922845         -2.30685179484        2.11149922845         -2.30685179484        3.13738075299         -2.7889838448         
0.918225847413        2.08577400372         -2.29302315072        2.08577400372         -2.29302315072        3.09742218163         -2.77178784591        
0.927884545204        2.05970034589         -2.27876639044        2.05970034589         -2.27876639044        3.05703553764         -2.75407963252        
0.937543242995        2.03338127419         -2.26407029629        2.03338127419         -2.26407029629        3.01635378804         -2.73584940888        
0.947201940786        2.00690734077         -2.2489118922         2.00690734077         -2.2489118922         2.97550334193         -2.71706676126        
0.956860638577        1.98013720948         -2.23324750461        1.98013720948         -2.23324750461        2.93424506465         -2.6977000291         
0.966519336368        1.95284067186         -2.21696610097        1.95284067186         -2.21696610097        2.89228986037         -2.67759142041        
0.976178034159        1.92448267833         -2.19935734606        1.92448267833         -2.19935734606        2.84885000228         -2.65588727988        
0.98583673195         1.89181367868         -2.1766001602         1.89181367868         -2.1766001602         2.79910897718         -2.62797512036        
0.995495429741        1.85691057591         -2.1510077793         1.85691057591         -2.1510077793         2.746148926           -2.59664982462        
1.00515412753         1.82265680908         -2.12594072058        1.82265680908         -2.12594072058        2.6942505413          -2.56597120649        
1.01481282532         1.78912190003         -2.1012883734         1.78912190003         -2.1012883734         2.64348666544         -2.53580483487        
1.02447152311         1.75604436012         -2.0769780972         1.75604436012         -2.0769780972         2.59349465316         -2.50606280857        
1.0341302209          1.72354396424         -2.05289820785        1.72354396424         -2.05289820785        2.54442350271         -2.47661080169        
1.0437889187          1.69164716391         -2.02916186488        1.69164716391         -2.02916186488        2.49631614607         -2.44758556815        
1.05344761649         1.65997648491         -2.00542312741        1.65997648491         -2.00542312741        2.44861514824         -2.41856623672        
1.06310631428         1.62886153705         -1.981949507          1.62886153705         -1.981949507          2.40179852074         -2.38987900798        
1.07276501207         1.59817299536         -1.95854695638        1.59817299536         -1.95854695638        2.35567081387         -2.36128925152        
1.08242370986         1.56793365727         -1.93532756601        1.56793365727         -1.93532756601        2.31026529718         -2.33293120216        
1.09208240765         1.53820301382         -1.91229994566        1.53820301382         -1.91229994566        2.26565884473         -2.30481647069        
1.10174110544         1.50881425419         -1.88926675121        1.50881425419         -1.88926675121        2.22161339989         -2.27670653393        
1.11139980323         1.47994587991         -1.86643060341        1.47994587991         -1.86643060341        2.17837684139         -2.24884747139        
1.12105850102         1.4515890717          -1.84370337364        1.4515890717          -1.84370337364        2.13591887126         -2.2211336841         
1.13071719881         1.4237784762          -1.82119520252        1.4237784762          -1.82119520252        2.09427612865         -2.19370294663        
1.14037589661         1.39636238446         -1.79884499149        1.39636238446         -1.79884499149        2.05325683419         -2.16647212495        
1.1500345944          1.36941711872         -1.77671379545        1.36941711872         -1.77671379545        2.01296043088         -2.13951460122        
1.15969329219         1.3427235709          -1.75463053036        1.3427235709          -1.75463053036        1.97311539616         -2.11263023743        
1.16935198998         1.31687295615         -1.73304375344        1.31687295615         -1.73304375344        1.93444446569         -2.08633988234        
1.17901068777         1.29110670707         -1.71132650652        1.29110670707         -1.71132650652        1.89599857793         -2.05990138671        
1.18866938556         1.26607174408         -1.68956629207        1.26607174408         -1.68956629207        1.85854343816         -2.03341064227        
1.19832808335         1.24116784896         -1.6685610722         1.24116784896         -1.6685610722         1.82148378627         -2.00785252558        
1.20798678114         1.21683242423         -1.64744433676        1.21683242423         -1.64744433676        1.78518610287         -1.98216496685        
1.21764547893         1.19305788601         -1.62672251853        1.19305788601         -1.62672251853        1.74972165707         -1.95695872361        
1.22730417672         1.16960851023         -1.60611066881        1.16960851023         -1.60611066881        1.71477207863         -1.93189315052        
1.23696287451         1.14665353742         -1.58587105243        1.14665353742         -1.58587105243        1.68057817531         -1.90728172115        
1.24662157231         1.12400508095         -1.56568967878        1.12400508095         -1.56568967878        1.64684486479         -1.88274875843        
1.2562802701          1.10176711731         -1.54581177701        1.10176711731         -1.54581177701        1.61375242767         -1.85858871971        
1.26593896789         1.07990650534         -1.52613857009        1.07990650534         -1.52613857009        1.58123520607         -1.83468512327        
1.27559766568         1.05847686387         -1.50679702522        1.05847686387         -1.50679702522        1.54936418343         -1.81119219934        
1.28525636347         1.03743350799         -1.48779834653        1.03743350799         -1.48779834653        1.51809214061         -1.78811789968        
1.29491506126         1.01661424887         -1.46894887884        1.01661424887         -1.46894887884        1.4871885595          -1.7652297251         
1.30457375905         0.996129482724        -1.45030761573        0.996129482724        -1.45030761573        1.45680157872         -1.74259762054        
1.31423245684         0.975952263993        -1.43196179976        0.975952263993        -1.43196179976        1.42690931748         -1.72032614012        
1.32389115463         0.956063606496        -1.41384818572        0.956063606496        -1.41384818572        1.39747749946         -1.69833966671        
1.33354985242         0.936478357798        -1.39591305412        0.936478357798        -1.39591305412        1.36852228765         -1.67656828337        
1.34320855022         0.917138139449        -1.37817398752        0.917138139449        -1.37817398752        1.33997139319         -1.65505748852        
1.35286724801         0.898021749087        -1.36069251972        0.898021749087        -1.36069251972        1.31178728718         -1.63384269977        
1.3625259458          0.879233874733        -1.34341139596        0.879233874733        -1.34341139596        1.28412004404         -1.61288164492        
1.37218464359         0.86075283837         -1.32637931065        0.86075283837         -1.32637931065        1.2569226457          -1.59222273478        
1.38184334138         0.842425854899        -1.30929718655        0.842425854899        -1.30929718655        1.23000751466         -1.57151591525        
1.39150203917         0.824419188425        -1.29246756623        0.824419188425        -1.29246756623        1.20358063492         -1.55112550732        
1.40116073696         0.806659777724        -1.27585237783        0.806659777724        -1.27585237783        1.17754679629         -1.53099660423        
1.41081943475         0.789172635834        -1.25940744946        0.789172635834        -1.25940744946        1.15193747737         -1.51107820567        
1.42047813254         0.771917412312        -1.24309537073        0.771917412312        -1.24309537073        1.12669760579         -1.49132692086        
1.43013683033         0.754798897322        -1.22679007164        0.754798897322        -1.22679007164        1.10170434478         -1.47158091002        
1.43979552812         0.738042839181        -1.21068337629        0.738042839181        -1.21068337629        1.07724885515         -1.45208125627        
1.44945422592         0.721561714968        -1.19471131984        0.721561714968        -1.19471131984        1.05320904344         -1.43275203181        
1.45911292371         0.705365084249        -1.17888848351        0.705365084249        -1.17888848351        1.02960179514         -1.4136082642         
1.4687716215          0.689453365663        -1.16321391806        0.689453365663        -1.16321391806        1.00642456493         -1.39464821632        
1.47843031929         0.673801589101        -1.14764891177        0.673801589101        -1.14764891177        0.98364102203         -1.37582551119        
1.48808901708         0.658441587691        -1.13218990804        0.658441587691        -1.13218990804        0.961286379024        -1.35713750611        
1.49774771487         0.643390072506        -1.11693840849        0.643390072506        -1.11693840849        0.93938679757         -1.33870561479        
1.50740641266         0.628603255951        -1.10183857251        0.628603255951        -1.10183857251        0.917883307824        -1.32046107781        
1.51706511045         0.614058475373        -1.08687619483        0.614058475373        -1.08687619483        0.896741909155        -1.30238593888        
1.52672380824         0.599798850589        -1.07209503929        0.599798850589        -1.07209503929        0.876023909103        -1.2845327655         
1.53638250603         0.585610601462        -1.05762167355        0.585610601462        -1.05762167355        0.855468225673        -1.26705830921        
1.54604120383         0.572136565404        -1.04298721906        0.572136565404        -1.04298721906        0.835837994836        -1.24938473654        
1.55569990162         0.558623796176        -1.0287904027         0.558623796176        -1.0287904027         0.816241670689        -1.23224413381        
1.56535859941         0.545381099917        -1.01462085779        0.545381099917        -1.01462085779        0.797032002913        -1.21514248827        
1.5750172972          0.53238647231         -1.0006288577         0.53238647231         -1.0006288577         0.778185743358        -1.19826012249        
1.58467599499         0.519644158909        -0.986872697239       0.519644158909        -0.986872697239       0.759716182449        -1.18166382036        
1.59433469278         0.507099891946        -0.973262866969       0.507099891946        -0.973262866969       0.74154623026         -1.16524706443        
1.60399339057         0.494841570563        -0.959942799427       0.494841570563        -0.959942799427       0.723801120699        -1.14918071989        
1.61365208836         0.482713122455        -0.946716288348       0.482713122455        -0.946716288348       0.70626314482         -1.13323029428        
1.62331078615         0.470860574458        -0.933736321371       0.470860574458        -0.933736321371       0.689131917071        -1.11757991943        
1.63296948394         0.459094670005        -0.920789232902       0.459094670005        -0.920789232902       0.672154682498        -1.10196680287        
1.64262818173         0.447591742785        -0.908054088816       0.447591742785        -0.908054088816       0.655562653358        -1.08661370264        
1.65228687953         0.436358223414        -0.895588673535       0.436358223414        -0.895588673535       0.639365184338        -1.07158896624        
1.66194557732         0.425603831972        -0.88320645773        0.425603831972        -0.88320645773        0.623806618699        -1.05665844886        
1.67160427511         0.414521746019        -0.871323590254       0.414521746019        -0.871323590254       0.607924957794        -1.04234735087        
1.6812629729          0.403932839746        -0.859600540642       0.403932839746        -0.859600540642       0.592706902117        -1.02822181641        
1.69092167069         0.394037909596        -0.849096459938       0.394037909596        -0.849096459938       0.578511774625        -1.01555723086        
1.70058036848         0.387222998491        -0.845127611659       0.387222998491        -0.845127611659       0.568851718827        -1.01071268977        
1.71023906627         0.380086474869        -0.840417604916       0.380086474869        -0.840417604916       0.558732471217        -1.00498346423        
1.71989776406         0.372734563608        -0.835189490359       0.372734563608        -0.835189490359       0.548312640186        -0.998636788614       
1.72955646185         0.36525107783         -0.82954456893        0.36525107783         -0.82954456893        0.537707995952        -0.991793541321       
1.73921515964         0.357628801749        -0.823521454059       0.357628801749        -0.823521454059       0.526912022013        -0.984499824915       
1.74887385744         0.349922851458        -0.817177263756       0.349922851458        -0.817177263756       0.516002617152        -0.976825817846       
1.75853255523         0.342132824553        -0.810516844605       0.342132824553        -0.810516844605       0.504977630082        -0.968775907799       
1.76819125302         0.334287919274        -0.803564724121       0.334287919274        -0.803564724121       0.493877747041        -0.960379395796       
1.77784995081         0.326401547049        -0.796340521294       0.326401547049        -0.796340521294       0.482721705278        -0.951659906582       
1.7875086486          0.318482122478        -0.788869955595       0.318482122478        -0.788869955595       0.471522053989        -0.942649155563       
1.79716734639         0.310487997793        -0.781096252324       0.310487997793        -0.781096252324       0.460223299117        -0.933274993843       
1.80682604418         0.302523718864        -0.773087300793       0.302523718864        -0.773087300793       0.448963957505        -0.923622031195       
1.81648474197         0.294593205577        -0.764890856491       0.294593205577        -0.764890856491       0.437747741714        -0.913748929774       
1.82614343976         0.286644134922        -0.75653129918        0.286644134922        -0.75653129918        0.4265128118          -0.903683712189       
1.83580213755         0.27878408445         -0.747927137771       0.27878408445         -0.747927137771       0.415385192911        -0.89332819252        
1.84546083534         0.2709498261          -0.73920788984        0.2709498261          -0.73920788984        0.404299833839        -0.882837900019       
1.85511953314         0.263114948782        -0.73032230695        0.263114948782        -0.73032230695        0.393217094556        -0.872150902092       
1.86477823093         0.255320353607        -0.721294238677       0.255320353607        -0.721294238677       0.382191923851        -0.861296203352       
1.87443692872         0.24757278589         -0.712136571669       0.24757278589         -0.712136571669       0.371232758987        -0.850288875601       
1.88409562651         0.239870459279        -0.70286271039        0.239870459279        -0.70286271039        0.360339334574        -0.839145330752       
1.8937543243          0.232199409978        -0.693462690996       0.232199409978        -0.693462690996       0.349494221746        -0.827853255111       
1.90341302209         0.224583675388        -0.683961177887       0.224583675388        -0.683961177887       0.338729215925        -0.816442476227       
1.91307171988         0.217007353144        -0.674351741501       0.217007353144        -0.674351741501       0.328024957841        -0.80490547549        
1.92273041767         0.20949973072         -0.664659423883       0.20949973072         -0.664659423883       0.317418212342        -0.793271805078       
1.93238911546         0.201995801731        -0.654817642184       0.201995801731        -0.654817642184       0.306826698358        -0.781460739834       
1.94204781325         0.194590322695        -0.64488848335        0.194590322695        -0.64488848335        0.296372934304        -0.769546629169       
1.95170651105         0.187270534151        -0.63488870635        0.187270534151        -0.63488870635        0.286039109887        -0.757551880149       
1.96136520884         0.180045242268        -0.624816500818       0.180045242268        -0.624816500818       0.275837023869        -0.745473691384       
1.97102390663         0.172900174024        -0.614686027216       0.172900174024        -0.614686027216       0.265749177221        -0.733328112012       
1.98068260442         0.165849398254        -0.604488008044       0.165849398254        -0.604488008044       0.255793313384        -0.721104627861       
1.99034130221         0.158894187029        -0.594239869883       0.158894187029        -0.594239869883       0.245971445207        -0.708823909801       
2                     0.15206874937         -0.583962026784       0.15206874937         -0.583962026784       0.236326636096        -0.696510089497       
2.001                 0.151344351762        -0.582884811329       0.151344351762        -0.582884811329       0.235306065564        -0.695219553145       
2.24302414622         0.0202030550835       -0.330330107395       0.0202030550835       -0.330330107395       0.0487175566794       -0.393292360056       
2.48504829245         -0.0300125316179      -0.135350658136       -0.0300125316179      -0.135350658136       -0.0273662791718      -0.160927446582       
2.72707243867         -0.0226730150506      -0.0273025383931      -0.0226730150506      -0.0273025383931      -0.0251856284467      -0.0324398566043      
2.9690965849          -0.00101392832008     -0.000191742859516    -0.00101392832008     -0.000191742859516    -0.00113805604512     -0.000228519994488    
2.9700965849          -0.000982929356024    -0.000183837450967    -0.000982929356024    -0.000183837450967    -0.00110313599303     -0.000219098738828    
2.9870965849          -0.000533847055415    -7.82360055581e-05    -0.000533847055415    -7.82360055581e-05    -0.000597887625011    -9.3190392628e-05     
3.0040965849          -0.000220471335567    -1.45490217347e-05    -0.000220471335567    -1.45490217347e-05    -0.000246241145884    -1.71701582712e-05    
3.0210965849          -3.34543584691e-05    2.15194990018e-05     -3.34543584691e-05    2.15194990018e-05     -3.69187566732e-05    2.59556850317e-05     
3.0380965849          6.78110512814e-06     7.9508139358e-05      6.78110512814e-06     7.9508139358e-05      8.38242125862e-06     9.21230098039e-05     
3.0550965849          1.28164968839e-05     0.000217839585055     1.28164968839e-05     0.000217839585055     1.56940609657e-05     0.000246058630434     
3.0720965849          1.80354937529e-05     0.000372378457729     1.80354937529e-05     0.000372378457729     2.19993644523e-05     0.000416505369104     
3.0890965849          2.21189827798e-05     0.000524894871829     2.21189827798e-05     0.000524894871829     2.69215110731e-05     0.000583490339594     
3.0900965849          2.23233296927e-05     0.000533606125525     2.23233296927e-05     0.000533606125525     2.71674920884e-05     0.000592992131789     
3.26998917442         1.98422670484e-05     0.00126707263648      1.98422670484e-05     0.00126707263648      2.39811409219e-05     0.00136324610427      
3.44988176394         2.77508444458e-06     0.000913934552395     2.77508444458e-06     0.000913934552395     3.32689104235e-06     0.000962053417042     
3.62977435347         -2.4995893952e-06     0.000422172465461     -2.4995893952e-06     0.000422172465461     -3.03017960246e-06    0.000436231161791     
3.80966694299         -1.62439093345e-06    0.000125357770474     -1.62439093345e-06    0.000125357770474     -1.96365367931e-06    0.000127430359338     
3.98955953251         -2.52187313259e-07    1.34334286652e-05     -2.52187313259e-07    1.34334286652e-05     -3.04544731072e-07    1.3460324357e-05      
4.16945212203         6.98025222858e-06     1.65634712174e-07     6.98025222858e-06     1.65634712174e-07     6.91492832527e-06     2.87364398839e-07     
4.34934471156         1.65277496376e-05     4.63490295167e-07     1.65277496376e-05     4.63490295167e-07     1.61917387081e-05     6.32572785119e-07     
4.52923730108         1.49796177567e-05     4.7721232413e-07      1.49796177567e-05     4.7721232413e-07      1.44946879447e-05     5.45973188337e-07     
4.7091298906          9.64946151386e-06     3.40341597781e-07     9.64946151386e-06     3.40341597781e-07     9.21827059395e-06     3.38290612224e-07     
4.88902248012         5.06448582605e-06     1.94243499621e-07     5.06448582605e-06     1.94243499621e-07     4.77564123731e-06     1.71814355651e-07     
5.06891506965         2.28602240807e-06     9.40968549388e-08     2.28602240807e-06     9.40968549388e-08     2.12767471927e-06     7.54958485719e-08     
5.24880765917         9.12003994914e-07     3.98869167211e-08     9.12003994914e-07     3.98869167211e-08     8.37907394313e-07     2.94320838999e-08     
5.42870024869         3.26714841586e-07     1.50640995479e-08     3.26714841586e-07     1.50640995479e-08     2.96322451853e-07     1.03373354696e-08     
5.60859283821         1.06163731936e-07     5.12826246162e-09     1.06163731936e-07     5.12826246162e-09     9.50723525645e-08     3.30504737974e-09     
5.78848542774         3.15057723671e-08     1.58629442222e-09     3.15057723671e-08     1.58629442222e-09     2.78608683081e-08     9.68319117196e-10     
5.96837801726         8.58076923137e-09     4.48413583878e-10     8.58076923137e-09     4.48413583878e-10     7.49433011207e-09     2.60780348885e-10     
6.14827060678         2.15252385104e-09     1.16335538892e-10     2.15252385104e-09     1.16335538892e-10     1.85717761145e-09     6.48913658164e-11     
6.3281631963          4.98708442725e-10     2.77912243634e-11     4.98708442725e-10     2.77912243634e-11     4.25117555118e-10     1.49536346401e-11     
6.50805578582         1.06943698974e-10     6.12890410209e-12     1.06943698974e-10     6.12890410209e-12     9.00841301314e-11     3.19403067804e-12     
6.68794837535         2.1263792869e-11      1.25041968555e-12     2.1263792869e-11      1.25041968555e-12     1.77029094483e-11     6.33408230798e-13     
6.86784096487         3.92634631409e-12     2.36448037152e-13     3.92634631409e-12     2.36448037152e-13     3.23143011004e-12     1.16817767408e-13     
7.04773355439         6.73974924689e-13     4.14925719364e-14     6.73974924689e-13     4.14925719364e-14     5.48431652026e-13     2.00827867663e-14     
7.22762614391         1.05693343862e-13     6.64182632767e-15     1.05693343862e-13     6.64182632767e-15     8.50481609535e-14     3.15743880202e-15     
7.40751873344         2.02165946651e-14     1.29499444118e-15     2.02165946651e-14     1.29499444118e-15     1.60891824411e-14     6.06043704577e-16     
7.58741132296         1.90404797312e-15     1.24172901406e-16     1.90404797312e-15     1.24172901406e-16     1.49893585647e-15     5.73246729127e-17     
7.76730391248         2.11861867024e-15     1.40511951028e-16     2.11861867024e-15     1.40511951028e-16     1.6500889519e-15      6.41067932821e-17     
7.947196502           2.3457200357e-15      1.58058141469e-16     2.3457200357e-15      1.58058141469e-16     1.80779955895e-15     7.1383617786e-17      
8.12708909153         2.58544643782e-15     1.76833826879e-16     2.58544643782e-15     1.76833826879e-16     1.97198317882e-15     7.91739410181e-17     
8.30698168105         2.83788609123e-15     1.96860181548e-16     2.83788609123e-15     1.96860181548e-16     2.14249805602e-15     8.75849403489e-17     
8.48687427057         3.10312161541e-15     2.18157286839e-16     3.10312161541e-15     2.18157286839e-16     2.31919508862e-15     9.65632227675e-17     
8.66676686009         3.38123052945e-15     2.40744210079e-16     3.38123052945e-15     2.40744210079e-16     2.50198406101e-15     1.0612810017e-16      
8.84665944961         3.67228569174e-15     2.64639076308e-16     3.67228569174e-15     2.64639076308e-16     2.69076155533e-15     1.16298713372e-16     
9.02655203914         3.97635569187e-15     2.89859133636e-16     3.97635569187e-15     2.89859133636e-16     2.8854242438e-15      1.27094007298e-16     
9.20644462866         4.29350520101e-15     3.16420812885e-16     4.29350520101e-15     3.16420812885e-16     3.08587031231e-15     1.3853271029e-16      
9.38633721818         4.62379528587e-15     3.44339782113e-16     4.62379528587e-15     3.44339782113e-16     3.29199997206e-15     1.50633317017e-16     
9.5662298077          4.96728369105e-15     3.73630996537e-16     4.96728369105e-15     3.73630996537e-16     3.50371578676e-15     1.63414074536e-16     
9.74612239723         5.32402509323e-15     4.04308744323e-16     5.32402509323e-15     4.04308744323e-16     3.72092303333e-15     1.76892971095e-16     
9.92601498675         5.69407133091e-15     4.36386688644e-16     5.69407133091e-15     4.36386688644e-16     3.94353033647e-15     1.91087727323e-16     
10.1059075763         6.07747161224e-15     4.69877906377e-16     6.07747161224e-15     4.69877906377e-16     4.17145133548e-15     2.06015789488e-16     
10.2858001658         6.47427270365e-15     5.04794923752e-16     6.47427270365e-15     5.04794923752e-16     4.4046129239e-15      2.21694324564e-16     
10.4656927553         6.88451910122e-15     5.41149749253e-16     6.88451910122e-15     5.41149749253e-16     4.64294777399e-15     2.38221396362e-16     
10.6455853448         7.30825318688e-15     5.78953904004e-16     7.30825318688e-15     5.78953904004e-16     4.88625998855e-15     2.55579021771e-16     
10.8254779344         7.7455153709e-15      6.18218449895e-16     7.7455153709e-15      6.18218449895e-16     5.13449922347e-15     2.73753061964e-16     
11.0053705239         8.19634422215e-15     6.5895401563e-16      8.19634422215e-15     6.5895401563e-16      5.38758881221e-15     2.92760337039e-16     
11.1852631134         8.66077658748e-15     7.01170820894e-16     8.66077658748e-15     7.01170820894e-16     5.64544975298e-15     3.12617378963e-16     
11.3651557029         9.13884770116e-15     7.44878698797e-16     9.13884770116e-15     7.44878698797e-16     5.90800362973e-15     3.33340432668e-16     
11.5450482924         9.6305912855e-15      7.90087116738e-16     9.6305912855e-15      7.90087116738e-16     6.17517331251e-15     3.5494545782e-16      
11.724940882          1.01360396435e-14     8.36805195838e-16     1.01360396435e-14     8.36805195838e-16     6.44688319147e-15     3.77448131148e-16     
11.9048334715         1.06552237441e-14     8.85041729045e-16     1.06552237441e-14     8.85041729045e-16     6.72305926188e-15     4.00863849252e-16     
12.084726061          1.11881733012e-14     9.34805198025e-16     1.11881733012e-14     9.34805198025e-16     7.00362915011e-15     4.25207731815e-16     
12.2646186505         1.17349168462e-14     9.86103788944e-16     1.17349168462e-14     9.86103788944e-16     7.28852211343e-15     4.5049462515e-16      
12.4445112401         1.22954817958e-14     1.03894540722e-15     1.22954817958e-14     1.03894540722e-15     7.57766902769e-15     4.76739106026e-16     
12.6244038296         1.28698945142e-14     1.09333769132e-15     1.28698945142e-14     1.09333769132e-15     7.87100237005e-15     5.0395548572e-16      
12.8042964191         1.34581803713e-14     1.14928802571e-15     1.34581803713e-14     1.14928802571e-15     8.16845620126e-15     5.32157814258e-16     
12.9841890086         1.40603637967e-14     1.20680355298e-15     1.40603637967e-14     1.20680355298e-15     8.4699661508e-15      5.61359884793e-16     
13.1640815982         1.46764683298e-14     1.26589118524e-15     1.46764683298e-14     1.26589118524e-15     8.77546940858e-15     5.91575238095e-16     
13.3439741877         1.53065166663e-14     1.32655761476e-15     1.53065166663e-14     1.32655761476e-15     9.08490472824e-15     6.22817167132e-16     
13.5238667772         1.59505307022e-14     1.38880932412e-15     1.59505307022e-14     1.38880932412e-15     9.39821245005e-15     6.55098721698e-16     
13.7037593667         1.66085315742e-14     1.45265259558e-15     1.66085315742e-14     1.45265259558e-15     9.71533455834e-15     6.88432713076e-16     
13.8836519562         1.7280539698e-14      1.51809352006e-15     1.7280539698e-14      1.51809352006e-15     1.00362148041e-14     7.22831718724e-16     
14.0635445458         1.79665748034e-14     1.58513800552e-15     1.79665748034e-14     1.58513800552e-15     1.03607989638e-14     7.5830808695e-16      
14.2434371353         1.86666559682e-14     1.65379178486e-15     1.86666559682e-14     1.65379178486e-15     1.06890354317e-14     7.94873941582e-16     
14.4233297248         1.9380801649e-14      1.72406042345e-15     1.9380801649e-14      1.72406042345e-15     1.10208768503e-14     8.32541186601e-16     
14.6032223143         2.01090297108e-14     1.79594932617e-15     2.01090297108e-14     1.79594932617e-15     1.13562870562e-14     8.71321510742e-16     
14.7831149039         2.08513574543e-14     1.8694637441e-15      2.08513574543e-14     1.8694637441e-15      1.16952646208e-14     9.11302058757e-16     
14.9630074934         2.16078016419e-14     1.94460878086e-15     2.16078016419e-14     1.94460878086e-15     1.20375992617e-14     9.52507289664e-16     
15.1429000829         2.23783785218e-14     2.02138939856e-15     2.23783785218e-14     2.02138939856e-15     1.23832793119e-14     9.94872343711e-16     
15.3227926724         2.31631038515e-14     2.09981042352e-15     2.31631038515e-14     2.09981042352e-15     1.27322691688e-14     1.03840848876e-15     
15.5026852619         2.39619929185e-14     2.17987655162e-15     2.39619929185e-14     2.17987655162e-15     1.30845253281e-14     1.08312679859e-15     
15.6825778515         2.47750605617e-14     2.26159235344e-15     2.47750605617e-14     2.26159235344e-15     1.34400028288e-14     1.129038157e-15       
15.862470441          2.56023211896e-14     2.34496227904e-15     2.56023211896e-14     2.34496227904e-15     1.37986566426e-14     1.17615326183e-15     
16.0423630305         2.64437887993e-14     2.42999066263e-15     2.64437887993e-14     2.42999066263e-15     1.41604421467e-14     1.224482629e-15       
16.22225562           2.72994769932e-14     2.51668172692e-15     2.72994769932e-14     2.51668172692e-15     1.4525315319e-14      1.27403659634e-15     
16.4021482096         2.81693989953e-14     2.60503958725e-15     2.81693989953e-14     2.60503958725e-15     1.48932328262e-14     1.32482532745e-15     
16.5820407991         2.90535676667e-14     2.69506825561e-15     2.90535676667e-14     2.69506825561e-15     1.52641520624e-14     1.37685881543e-15     
16.7619333886         2.99519955199e-14     2.78677164437e-15     2.99519955199e-14     2.78677164437e-15     1.56380311645e-14     1.43014688658e-15     
16.9418259781         3.08646947331e-14     2.88015356986e-15     3.08646947331e-14     2.88015356986e-15     1.6014829014e-14      1.48469920395e-15     
17.1217185676         3.17916771628e-14     2.97521775585e-15     3.17916771628e-14     2.97521775585e-15     1.6394505232e-14      1.5405252709e-15      
17.3016111572         3.27329543563e-14     3.07196783675e-15     3.27329543563e-14     3.07196783675e-15     1.6777020169e-14      1.59763443448e-15     
17.4815037467         3.36885375638e-14     3.17040736077e-15     3.36885375638e-14     3.17040736077e-15     1.71623348935e-14     1.65603588886e-15     
17.6613963362         3.46584377493e-14     3.27053979287e-15     3.46584377493e-14     3.27053979287e-15     1.75504111782e-14     1.71573867857e-15     
17.8412889257         3.56426656014e-14     3.37236851762e-15     3.56426656014e-14     3.37236851762e-15     1.79412114857e-14     1.77675170172e-15     
18.0211815153         3.66412315436e-14     3.47589684191e-15     3.66412315436e-14     3.47589684191e-15     1.83346989536e-14     1.83908371315e-15     
18.2010741048         3.76541457435e-14     3.58112799753e-15     3.76541457435e-14     3.58112799753e-15     1.87308373803e-14     1.90274332749e-15     
18.3809666943         3.86814181225e-14     3.68806514367e-15     3.86814181225e-14     3.68806514367e-15     1.91295912092e-14     1.96773902213e-15     
18.5608592838         3.97230583645e-14     3.79671136931e-15     3.97230583645e-14     3.79671136931e-15     1.95309255153e-14     2.03407914018e-15     
18.7407518733         4.07790759238e-14     3.90706969544e-15     4.07790759238e-14     3.90706969544e-15     1.99348059897e-14     2.10177189327e-15     
18.9206444629         4.18494800336e-14     4.01914307731e-15     4.18494800336e-14     4.01914307731e-15     2.03411989261e-14     2.17082536438e-15     
19.1005370524         4.29342797135e-14     4.13293440647e-15     4.29342797135e-14     4.13293440647e-15     2.07500712072e-14     2.24124751055e-15     
19.2804296419         4.40334837767e-14     4.24844651279e-15     4.40334837767e-14     4.24844651279e-15     2.11613902909e-14     2.31304616551e-15     
19.4603222314         4.51471008368e-14     4.36568216638e-15     4.51471008368e-14     4.36568216638e-15     2.15751241976e-14     2.38622904226e-15     
19.640214821          4.62751393149e-14     4.48464407943e-15     4.62751393149e-14     4.48464407943e-15     2.19912414974e-14     2.46080373564e-15     
19.8201074105         4.74176074453e-14     4.60533490797e-15     4.74176074453e-14     4.60533490797e-15     2.24097112981e-14     2.53677772473e-15     
20                    0                     0                     0                     0                     0                     0                     
