0.0779191396          0                     0                     0                     0                     0                     0                     
0.087577837391        0.0090052855183       -0.00156515599044     0.0090052855183       -0.00156515599044     0.014159658651        -0.00228813615448     
0.0972365351819       0.0545829013406       -0.011240339049       0.0545829013406       -0.011240339049       0.0850784127666       -0.0160575490481      
0.106895232973        0.14265367083         -0.0343204323565      0.14265367083         -0.0343204323565      0.220764725608        -0.0481445927453      
0.116553930764        0.266554518201        -0.075036639782       0.266554518201        -0.075036639782       0.410067234827        -0.103679088912       
0.126212628555        0.414545258988        -0.137390534896       0.414545258988        -0.137390534896       0.635101611612        -0.187481718107       
0.135871326346        0.57105626656         -0.22160791891        0.57105626656         -0.22160791891        0.873558977307        -0.299567698394       
0.145530024137        0.723585203708        -0.321479670099       0.723585203708        -0.321479670099       1.10771818045         -0.431786298217       
0.155188721928        0.86624167126         -0.429236903605       0.86624167126         -0.429236903605       1.32882146209         -0.574043460106       
0.164847419719        0.997327616571        -0.539343967507       0.997327616571        -0.539343967507       1.5338921482          -0.719160422943       
0.17450611751         1.11672317899         -0.648159314713       1.11672317899         -0.648159314713       1.72225255425         -0.862402731285       
0.184164815301        1.22520178278         -0.753991905608       1.22520178278         -0.753991905608       1.89461062058         -1.0015956487         
0.193823513091        1.32325606697         -0.855689507552       1.32325606697         -0.855689507552       2.05142130127         -1.13524517215        
0.203482210882        1.41163291586         -0.952504071682       1.41163291586         -0.952504071682       2.19358008518         -1.26238904514        
0.213140908673        1.49117804944         -1.04402008463        1.49117804944         -1.04402008463        2.32216679098         -1.38249837264        
0.222799606464        1.56282229438         -1.13030189272        1.56282229438         -1.13030189272        2.43843696105         -1.49566641483        
0.232458304255        1.62706952143         -1.21152523361        1.62706952143         -1.21152523361        2.54308987199         -1.60212519928        
0.242117002046        1.68428123105         -1.28773589142        1.68428123105         -1.28773589142        2.63668097518         -1.70194131491        
0.251775699837        1.7355678228          -1.35941575426        1.7355678228          -1.35941575426        2.72080420904         -1.79576054723        
0.261434397628        1.78055665451         -1.42616064394        1.78055665451         -1.42616064394        2.79499569539         -1.88306782204        
0.271093095419        1.82008255936         -1.48797831731        1.82008255936         -1.48797831731        2.86045583928         -1.96386345205        
0.28075179321         1.85527060295         -1.54550912637        1.85527060295         -1.54550912637        2.91881556081         -2.03901328165        
0.290410491001        1.88614466609         -1.59879741715        1.88614466609         -1.59879741715        2.97012863694         -2.10857085689        
0.300069188792        1.91339198791         -1.64823781049        1.91339198791         -1.64823781049        3.01541245804         -2.17305261257        
0.309727886583        1.93715943214         -1.69418665597        1.93715943214         -1.69418665597        3.05494455091         -2.23292960486        
0.319386584374        1.9577529175          -1.73692372133        1.9577529175          -1.73692372133        3.08919004862         -2.2885646995         
0.329045282165        1.97539471886         -1.77670945592        1.97539471886         -1.77670945592        3.1185405694          -2.34030355723        
0.338703979956        1.99026497876         -1.81376207212        1.99026497876         -1.81376207212        3.14329603501         -2.38843065908        
0.348362677747        2.00247163712         -1.84826680763        2.00247163712         -1.84826680763        3.16367724805         -2.43319302021        
0.358021375538        2.01204057626         -1.880285252          2.01204057626         -1.880285252          3.17976613208         -2.47467359108        
0.367680073329        2.01933587785         -1.91000745911        2.01933587785         -1.91000745911        3.19213597822         -2.51312790592        
0.37733877112         2.02432392991         -1.93738434853        2.02432392991         -1.93738434853        3.20075631368         -2.54849248893        
0.386997468911        2.02724411143         -1.96259950536        2.02724411143         -1.96259950536        3.20602530799         -2.5810121103         
0.396656166702        2.02815194092         -1.98565096743        2.02815194092         -1.98565096743        3.20804147178         -2.61068755337        
0.406314864492        2.02740129917         -2.00666217508        2.02740129917         -2.00666217508        3.20733403614         -2.63768211894        
0.415973562283        2.02502842196         -2.02569426217        2.02502842196         -2.02569426217        3.20398035344         -2.66207985776        
0.425632260074        2.02120929832         -2.04283132805        2.02120929832         -2.04283132805        3.1982438193          -2.68399127358        
0.435290957865        2.0161099198          -2.05820779355        2.0161099198          -2.05820779355        3.19039036612         -2.70359593596        
0.444949655656        2.00990808939         -2.07186017935        2.00990808939         -2.07186017935        3.18069707796         -2.72094392444        
0.454608353447        2.00249560176         -2.08392052406        2.00249560176         -2.08392052406        3.16898642801         -2.73619919477        
0.464267051238        1.99423152925         -2.09451787267        1.99423152925         -2.09451787267        3.15583290692         -2.74954210277        
0.473925749029        1.98508657208         -2.10376093265        1.98508657208         -2.10376093265        3.1412038678          -2.76111434896        
0.48358444682         1.97507897711         -2.11136071319        1.97507897711         -2.11136071319        3.12512024894         -2.77052386384        
0.493243144611        1.9644999549          -2.1177571334         1.9644999549          -2.1177571334         3.10800596297         -2.77837655729        
0.502901842402        1.95338977522         -2.12331599164        1.95338977522         -2.12331599164        3.08993603876         -2.7851308774         
0.512560540193        1.94174142944         -2.12788168631        1.94174142944         -2.12788168631        3.07093679626         -2.79058917249        
0.522219237984        1.9293393245          -2.1314101853         1.9293393245          -2.1314101853         3.05069340487         -2.7946884789         
0.531877935775        1.91671270196         -2.13437199859        1.91671270196         -2.13437199859        3.03000711468         -2.79804089715        
0.541536633566        1.90338113223         -2.13639965115        1.90338113223         -2.13639965115        3.00818611444         -2.80016902434        
0.551195331357        1.8898463688          -2.13789321991        1.8898463688          -2.13789321991        2.98595483222         -2.80159451876        
0.560854029148        1.87529326195         -2.13832402309        1.87529326195         -2.13832402309        2.96220860793         -2.80163094293        
0.570512726939        1.8604382979          -2.13820173874        1.8604382979          -2.13820173874        2.93792680544         -2.80094250548        
0.58017142473         1.84515534575         -2.1375244755         1.84515534575         -2.1375244755         2.91297900902         -2.79952924751        
0.589830122521        1.82946528364         -2.13621846933        1.82946528364         -2.13621846933        2.88738960353         -2.79729320733        
0.599488820312        1.81323040719         -2.13426801299        1.81323040719         -2.13426801299        2.86097328565         -2.79421353352        
0.609147518103        1.79664379443         -2.13181407645        1.79664379443         -2.13181407645        2.8340319843          -2.79047936371        
0.618806215893        1.77970494957         -2.12878189399        1.77970494957         -2.12878189399        2.80651675068         -2.78598243413        
0.628464913684        1.76211558619         -2.12491310892        1.76211558619         -2.12491310892        2.77810159455         -2.78041425294        
0.638123611475        1.7443123485          -2.12060160883        1.7443123485          -2.12060160883        2.74933504086         -2.77426158749        
0.647782309266        1.72613813255         -2.11567625825        1.72613813255         -2.11567625825        2.72004022892         -2.76731630773        
0.657441007057        1.70767711309         -2.11019983504        1.70767711309         -2.11019983504        2.69032161206         -2.75965621021        
0.667099704848        1.68903490773         -2.10409499304        1.68903490773         -2.10409499304        2.66033168972         -2.75118187344        
0.676758402639        1.67019045228         -2.09754027211        1.67019045228         -2.09754027211        2.63002876112         -2.74214367066        
0.68641710043         1.65119109267         -2.09055788864        1.65119109267         -2.09055788864        2.59950154311         -2.73255140647        
0.696075798221        1.63185417721         -2.0830123328         1.63185417721         -2.0830123328         2.56848898463         -2.72222935039        
0.705734496012        1.61242335666         -2.07506289307        1.61242335666         -2.07506289307        2.53735089356         -2.71138672505        
0.715393193803        1.59283352769         -2.06660516505        1.59283352769         -2.06660516505        2.50598252844         -2.69988708579        
0.725051891594        1.57309391716         -2.05767096259        1.57309391716         -2.05767096259        2.47440697953         -2.68777254771        
0.734710589385        1.55327367689         -2.04831006827        1.55327367689         -2.04831006827        2.44272024798         -2.67510888301        
0.744369287176        1.53336705901         -2.03855765591        1.53336705901         -2.03855765591        2.41092389998         -2.66194345114        
0.754027984967        1.51317610748         -2.02809496384        1.51317610748         -2.02809496384        2.37873039975         -2.6478468184         
0.763686682758        1.49313136209         -2.01726266593        1.49313136209         -2.01726266593        2.34674189299         -2.63327551068        
0.773345380549        1.47314230378         -2.00614149853        1.47314230378         -2.00614149853        2.31484217733         -2.61833837878        
0.78300407834         1.45324209538         -1.99470431989        1.45324209538         -1.99470431989        2.28307505997         -2.60299795032        
0.792662776131        1.43313320535         -1.9827970517         1.43313320535         -1.9827970517         2.25102807796         -2.58705380285        
0.802321473922        1.41337307258         -1.97075355519        1.41337307258         -1.97075355519        2.21947719285         -2.57093507012        
0.811980171713        1.39359769512         -1.95833134248        1.39359769512         -1.95833134248        2.18792214871         -2.55433131504        
0.821638869504        1.37384291791         -1.94569634747        1.37384291791         -1.94569634747        2.1564055228          -2.53747124022        
0.831297567294        1.3542435137          -1.9328419385         1.3542435137          -1.9328419385         2.12510756796         -2.52032941779        
0.840956265085        1.33460558035         -1.91984099883        1.33460558035         -1.91984099883        2.09378613826         -2.50300410881        
0.850614962876        1.31489862668         -1.90651148689        1.31489862668         -1.90651148689        2.06237500376         -2.48525504577        
0.860273660667        1.29532116708         -1.89311531123        1.29532116708         -1.89311531123        2.03117950343         -2.46742529401        
0.869932358458        1.2756904297          -1.87944437796        1.2756904297          -1.87944437796        1.99993232126         -2.44924276878        
0.879591056249        1.25601767484         -1.86558405369        1.25601767484         -1.86558405369        1.96865236894         -2.43081860498        
0.88924975404         1.23633559014         -1.85152332799        1.23633559014         -1.85152332799        1.93739114062         -2.41213932275        
0.898908451831        1.21665447904         -1.83726164116        1.21665447904         -1.83726164116        1.90616421959         -2.39320367266        
0.908567149622        1.19688613393         -1.82272166951        1.19688613393         -1.82272166951        1.87484491062         -2.37391372405        
0.918225847413        1.17708388245         -1.80796044055        1.17708388245         -1.80796044055        1.84351105063         -2.35434054357        
0.927884545204        1.15720338791         -1.79289251899        1.15720338791         -1.79289251899        1.8120994274          -2.33437700993        
0.937543242995        1.13724729186         -1.77744004052        1.13724729186         -1.77744004052        1.78060736146         -2.31391918393        
0.947201940786        1.11733612427         -1.76177660616        1.11733612427         -1.76177660616        1.74920936689         -2.2932075125         
0.956860638577        1.09715975768         -1.74565975109        1.09715975768         -1.74565975109        1.71744008579         -2.27190949882        
0.966519336368        1.07687682335         -1.72902448983        1.07687682335         -1.72902448983        1.68552882721         -2.24994374436        
0.976178034159        1.05600634896         -1.71139069605        1.05600634896         -1.71139069605        1.65276851853         -2.22668757           
0.98583673195         1.03289021234         -1.68977754183        1.03289021234         -1.68977754183        1.61652534265         -2.19826466448        
0.995495429741        1.00849264005         -1.66575414817        1.00849264005         -1.66575414817        1.57834487644         -2.1667040971         
1.00515412753         0.984752601187        -1.64224686522        0.984752601187        -1.64224686522        1.54120607349         -2.13582870386        
1.01481282532         0.961571693683        -1.61917881886        0.961571693683        -1.61917881886        1.5049668033          -2.10553902295        
1.02447152311         0.938844902712        -1.59639232037        0.938844902712        -1.59639232037        1.46946023089         -2.07562620928        
1.0341302209          0.916541274404        -1.57383922978        0.916541274404        -1.57383922978        1.43463959165         -2.04602820064        
1.0437889187          0.89476738609         -1.5515907265         0.89476738609         -1.5515907265         1.40065119179         -2.01683829446        
1.05344761649         0.873355525724        -1.52949888581        0.873355525724        -1.52949888581        1.36723674396         -1.98786617513        
1.06310631428         0.852373437914        -1.50769020237        0.852373437914        -1.50769020237        1.33451215351         -1.95927182369        
1.07276501207         0.831718139635        -1.48604608144        0.831718139635        -1.48604608144        1.30231020318         -1.93089923244        
1.08242370986         0.811499081501        -1.46465870442        0.811499081501        -1.46465870442        1.27079978741         -1.90286929203        
1.09208240765         0.791677968992        -1.44351076546        0.791677968992        -1.44351076546        1.23992171064         -1.87515908643        
1.10174110544         0.772192367349        -1.42249245079        0.772192367349        -1.42249245079        1.20957491706         -1.84762592019        
1.11139980323         0.753109462899        -1.40177726596        0.753109462899        -1.40177726596        1.17986661038         -1.82049428055        
1.12105850102         0.734394522239        -1.38123392303        0.734394522239        -1.38123392303        1.15074023203         -1.79359429269        
1.13071719881         0.716035789236        -1.36089590054        0.716035789236        -1.36089590054        1.12217700097         -1.76697163955        
1.14037589661         0.69803820153         -1.34083449361        0.69803820153         -1.34083449361        1.09417592385         -1.74071652778        
1.1500345944          0.680392907484        -1.32104331029        0.680392907484        -1.32104331029        1.06673882976         -1.71481965718        
1.15969329219         0.663071052701        -1.30149160923        0.663071052701        -1.30149160923        1.0398165126          -1.68924036405        
1.16935198998         0.646051803847        -1.28217250919        0.646051803847        -1.28217250919        1.0133796099          -1.66396970243        
1.17901068777         0.629332749481        -1.26311463724        0.629332749481        -1.26311463724        0.987429075668        -1.63904466404        
1.18866938556         0.612811057555        -1.24416103795        0.612811057555        -1.24416103795        0.961808945885        -1.61426230871        
1.19832808335         0.596640156607        -1.22552713379        0.596640156607        -1.22552713379        0.936756991646        -1.58989266657        
1.20798678114         0.58077006927         -1.20702823027        0.58077006927         -1.20702823027        0.912171561118        -1.56571055647        
1.21764547893         0.565204863675        -1.1888245223         0.565204863675        -1.1888245223         0.8880774765          -1.54191943671        
1.22730417672         0.549914941325        -1.17086698472        0.549914941325        -1.17086698472        0.864420991992        -1.51845369554        
1.23696287451         0.534885480331        -1.15311866642        0.534885480331        -1.15311866642        0.841196893897        -1.49526521847        
1.24662157231         0.520065287622        -1.13547788164        0.520065287622        -1.13547788164        0.818309259035        -1.47222260761        
1.2562802701          0.505556752642        -1.11804935977        0.505556752642        -1.11804935977        0.795915365962        -1.4494620402         
1.26593896789         0.4912723582          -1.10087603834        0.4912723582          -1.10087603834        0.773890099682        -1.42703952005        
1.27559766568         0.477311564574        -1.08398337208        0.477311564574        -1.08398337208        0.752370272431        -1.40498571218        
1.28525636347         0.463476321144        -1.0671457399         0.463476321144        -1.0671457399         0.731080425233        -1.38301014849        
1.29491506126         0.449946675132        -1.05051176835        0.449946675132        -1.05051176835        0.710265985541        -1.36130440231        
1.30457375905         0.436616873548        -1.03400867753        0.436616873548        -1.03400867753        0.689776229745        -1.33977412659        
1.31423245684         0.423580214248        -1.01774768309        0.423580214248        -1.01774768309        0.669744041147        -1.3185632565         
1.32389115463         0.410770302307        -1.00166042927        0.410770302307        -1.00166042927        0.650077390609        -1.29758375737        
1.33354985242         0.398206446599        -0.985732379268       0.398206446599        -0.985732379268       0.630797182853        -1.27681552326        
1.34320855022         0.385890791955        -0.969989718467       0.385890791955        -0.969989718467       0.611907952359        -1.25629339664        
1.35286724801         0.373777349861        -0.954368344057       0.373777349861        -0.954368344057       0.59333984393         -1.23593429487        
1.3625259458          0.361864029797        -0.938878895991       0.361864029797        -0.938878895991       0.575095478292        -1.21574470423        
1.37218464359         0.350237165648        -0.923561089271       0.350237165648        -0.923561089271       0.55728864296         -1.19578449766        
1.38184334138         0.338870961301        -0.908420678056       0.338870961301        -0.908420678056       0.539882308255        -1.17606024982        
1.39150203917         0.327816453675        -0.893403655937       0.327816453675        -0.893403655937       0.522939728402        -1.15650051236        
1.40116073696         0.316884099308        -0.878694415372       0.316884099308        -0.878694415372       0.506221023664        -1.13734419155        
1.41081943475         0.306227871945        -0.864102457609       0.306227871945        -0.864102457609       0.489914497562        -1.11834386574        
1.42047813254         0.295792350219        -0.849684371317       0.295792350219        -0.849684371317       0.473951274527        -1.09957302684        
1.43013683033         0.285569671891        -0.835453541336       0.285569671891        -0.835453541336       0.45832124051         -1.08104928874        
1.43979552812         0.275576861465        -0.821433514382       0.275576861465        -0.821433514382       0.443045518374        -1.06280149947        
1.44945422592         0.265759758132        -0.807554675609       0.265759758132        -0.807554675609       0.428048673067        -1.0447414462         
1.45911292371         0.256145336102        -0.793864450723       0.256145336102        -0.793864450723       0.413368437265        -1.02692867026        
1.4687716215          0.246720587521        -0.780350562793       0.246720587521        -0.780350562793       0.398987256268        -1.00934808569        
1.47843031929         0.237466425891        -0.767011941879       0.237466425891        -0.767011941879       0.38487667267         -0.991998166655       
1.48808901708         0.228394806403        -0.753783348687       0.228394806403        -0.753783348687       0.371050903877        -0.974795413075       
1.49774771487         0.219440940286        -0.740698885592       0.219440940286        -0.740698885592       0.35742344844         -0.957779563045       
1.50740641266         0.210706701296        -0.727755873793       0.210706701296        -0.727755873793       0.344131576355        -0.940950060177       
1.51706511045         0.202152719982        -0.714964637211       0.202152719982        -0.714964637211       0.331120075453        -0.924321953938       
1.52672380824         0.193789305605        -0.702333924905       0.193789305605        -0.702333924905       0.318404373308        -0.907905459223       
1.53638250603         0.185600333375        -0.68983276821        0.185600333375        -0.68983276821        0.305956930581        -0.891660045356       
1.54604120383         0.177590746613        -0.67749892439        0.177590746613        -0.67749892439        0.293788990698        -0.875634805754       
1.55569990162         0.169749820204        -0.665290826855       0.169749820204        -0.665290826855       0.281881364838        -0.859775816531       
1.56535859941         0.162090448194        -0.653222740975       0.162090448194        -0.653222740975       0.270250191989        -0.84410100387        
1.5750172972          0.154592894291        -0.641263835072       0.154592894291        -0.641263835072       0.258867536998        -0.828570791417       
1.58467599499         0.147274304434        -0.629473272783       0.147274304434        -0.629473272783       0.247759479363        -0.813261320962       
1.59433469278         0.140113276693        -0.617811259875       0.140113276693        -0.617811259875       0.236894058891        -0.798121454285       
1.60399339057         0.133134826942        -0.606363795729       0.133134826942        -0.606363795729       0.226310480664        -0.783262509167       
1.61365208836         0.126271111003        -0.594940869485       0.126271111003        -0.594940869485       0.215903715365        -0.768434930657       
1.62331078615         0.119604680979        -0.583718152169       0.119604680979        -0.583718152169       0.2057969694          -0.753870435907       
1.63296948394         0.113101422959        -0.572625760931       0.113101422959        -0.572625760931       0.195936654871        -0.739477873179       
1.64262818173         0.106758996953        -0.561695206973       0.106758996953        -0.561695206973       0.186321955236        -0.725297184373       
1.65228687953         0.100577210725        -0.550947696429       0.100577210725        -0.550947696429       0.176953922553        -0.71135575586        
1.66194557732         0.0945342665298       -0.540373667123       0.0945342665298       -0.540373667123       0.167802329625        -0.697641894512       
1.67160427511         0.0886644459673       -0.529973795438       0.0886644459673       -0.529973795438       0.158911891163        -0.684154481981       
1.6812629729          0.0829365057932       -0.51979356867        0.0829365057932       -0.51979356867        0.150245050371        -0.670954073134       
1.69092167069         0.0774387106881       -0.510397438523       0.0774387106881       -0.510397438523       0.141961076408        -0.658768294597       
1.70058036848         0.0725933832104       -0.504928376338       0.0725933832104       -0.504928376338       0.134858615628        -0.651653252638       
1.71023906627         0.0677129443739       -0.498959583349       0.0677129443739       -0.498959583349       0.12768594022         -0.643892633298       
1.71989776406         0.0628703073715       -0.49269668727        0.0628703073715       -0.49269668727        0.120553970387        -0.635755497812       
1.72955646185         0.0580601535038       -0.486177927648       0.0580601535038       -0.486177927648       0.113458802719        -0.627290105389       
1.73921515964         0.0532861491908       -0.479452800908       0.0532861491908       -0.479452800908       0.106408804658        -0.61856036313        
1.74887385744         0.0485653241719       -0.472532373171       0.0485653241719       -0.472532373171       0.0994276199087       -0.609580676842       
1.75853255523         0.0439013785094       -0.465441310865       0.0439013785094       -0.465441310865       0.0925215967985       -0.600382766731       
1.76819125302         0.0392970868744       -0.458196163382       0.0392970868744       -0.458196163382       0.0856960470053       -0.590988072321       
1.77784995081         0.034774634452        -0.45079069957        0.034774634452        -0.45079069957        0.0789799568811       -0.581388798273       
1.7875086486          0.0302782644619       -0.443262543108       0.0302782644619       -0.443262543108       0.0723016423472       -0.571631159763       
1.79716734639         0.0258889304913       -0.435615311769       0.0258889304913       -0.435615311769       0.0657695213629       -0.561723074777       
1.80682604418         0.0215848354456       -0.427862045771       0.0215848354456       -0.427862045771       0.0593543764109       -0.551680275087       
1.81648474197         0.0173698708918       -0.420006195905       0.0173698708918       -0.420006195905       0.0530619981049       -0.541507081947       
1.82614343976         0.013237774309        -0.412067119664       0.013237774309        -0.412067119664       0.0468853049944       -0.531228770587       
1.83580213755         0.00921488363722      -0.404056033704       0.00921488363722      -0.404056033704       0.0408600969244       -0.520859413056       
1.84546083534         0.00525213286672      -0.39596995161        0.00525213286672      -0.39596995161        0.0349188975028       -0.510395299609       
1.85511953314         0.00139033755222      -0.387790659445       0.00139033755222      -0.387790659445       0.0291188658299       -0.499812170832       
1.86477823093         -0.00235745231839     -0.379569089796       -0.00235745231839     -0.379569089796       0.0234775983028       -0.489177175663       
1.87443692872         -0.00599584174072     -0.371300808614       -0.00599584174072     -0.371300808614       0.0179886536727       -0.478483779779       
1.88409562651         -0.00952040897217     -0.362991265222       -0.00952040897217     -0.362991265222       0.0126581094084       -0.467739191272       
1.8937543243          -0.0129361192829      -0.354656410863       -0.0129361192829      -0.354656410863       0.00748013097281      -0.456964168539       
1.90341302209         -0.0162526361049      -0.346281618382       -0.0162526361049      -0.346281618382       0.00244103076423      -0.446139087999       
1.91307171988         -0.0194401928079      -0.337889531392       -0.0194401928079      -0.337889531392       -0.00241850309109     -0.435293540922       
1.92273041767         -0.0225101523037      -0.329491147012       -0.0225101523037      -0.329491147012       -0.00711335118862     -0.42444212271        
1.93238911546         -0.0254549611865      -0.321094287124       -0.0254549611865      -0.321094287124       -0.0116337280154      -0.413594496022       
1.94204781325         -0.02828651983        -0.3126961606         -0.02828651983        -0.3126961606         -0.015994990208       -0.402747446813       
1.95170651105         -0.0310019043586      -0.304304168347       -0.0310019043586      -0.304304168347       -0.0201936756766      -0.391909337336       
1.96136520884         -0.0335809544018      -0.295932577878       -0.0335809544018      -0.295932577878       -0.0242022759498      -0.38109959522        
1.97102390663         -0.0360396942571      -0.287582291204       -0.0360396942571      -0.287582291204       -0.028042090161       -0.370319197298       
1.98068260442         -0.0383736718028      -0.279271194324       -0.0383736718028      -0.279271194324       -0.0317069721041      -0.359590951617       
1.99034130221         -0.0405834181979      -0.270973240995       -0.0405834181979      -0.270973240995       -0.0351985611858      -0.348881413282       
2                     -0.0426654878237      -0.262728565771       -0.0426654878237      -0.262728565771       -0.0385108190701      -0.338242209276       
2.001                 -0.0428411507963      -0.261902382711       -0.0428411507963      -0.261902382711       -0.0388017548647      -0.337174900048       
2.28339669245         -0.0490326948922      -0.062048756001       -0.0490326948922      -0.062048756001       -0.0591919519421      -0.079740641456       
2.5657933849          -0.00195853005463     -0.00029885150115     -0.00195853005463     -0.00029885150115     -0.00238572197066     -0.000384427942328    
2.5667933849          -0.00189998455959     -0.000286704748719    -0.00189998455959     -0.000286704748719    -0.00231415794902     -0.00036879894351     
2.5837933849          -0.00104443253555     -0.000123255595273    -0.00104443253555     -0.000123255595273    -0.00126963769713     -0.000158425590935    
2.6007933849          -0.000436257175907    -2.31059612445e-05    -0.000436257175907    -2.31059612445e-05    -0.00052895644382     -2.94075148973e-05    
2.6177933849          -6.5855373978e-05     3.50294190292e-05     -6.5855373978e-05     3.50294190292e-05     -7.88785916244e-05    4.56028519095e-05     
2.6347933849          1.69725567352e-05     0.00014699573819      1.69725567352e-05     0.00014699573819      4.16909400779e-05     0.000184304437883     
2.6517933849          3.24980308668e-05     0.000430536236282     3.24980308668e-05     0.000430536236282     6.03173388535e-05     0.000526042643718     
2.6687933849          4.62428671515e-05     0.000757373977961     4.62428671515e-05     0.000757373977961     7.68962397609e-05     0.000917438592081     
2.6857933849          5.73014757518e-05     0.00108984126817      5.73014757518e-05     0.00108984126817      9.01091801147e-05     0.0013133320345       
2.6867933849          5.78649093194e-05     0.00110914452349      5.78649093194e-05     0.00110914452349      9.07761471107e-05     0.00133625136054      
2.86713928714         5.51630700813e-05     0.00305996525916      5.51630700813e-05     0.00305996525916      7.86791684405e-05     0.00358933610427      
3.04748518938         4.9474790243e-06      0.00248156925119      4.9474790243e-06      0.00248156925119      9.10806393301e-06     0.00286068244375      
3.22783109162         -1.14356476051e-05    0.00124048379919      -1.14356476051e-05    0.00124048379919      -1.40487016448e-05    0.00141047723738      
3.40817699386         -6.33265854814e-06    0.000353337360568     -6.33265854814e-06    0.000353337360568     -8.07253623534e-06    0.000397606841505     
3.5885228961          -1.80704231442e-07    7.21672335957e-06     -1.80704231442e-07    7.21672335957e-06     -2.32516155328e-07    8.09096798672e-06     
3.76886879834         9.74909770909e-05     3.02701996593e-06     9.74909770909e-05     3.02701996593e-06     0.000108576610929     2.46988569444e-06     
3.94921470058         0.000161039150009     5.83557098807e-06     0.000161039150009     5.83557098807e-06     0.000177180460142     3.42537185015e-06     
4.12956060283         0.000148911211744     6.0739318468e-06      0.000148911211744     6.0739318468e-06      0.000161721879126     2.61124739567e-06     
4.30990650507         0.000104745680817     4.6961585132e-06      0.000104745680817     4.6961585132e-06      0.000112239557688     1.49494243243e-06     
4.49025240731         6.14748777358e-05     2.97937774282e-06     6.14748777358e-05     2.97937774282e-06     6.4986056296e-05      7.01928613042e-07     
4.67059830955         3.13670862486e-05     1.62330269294e-06     3.13670862486e-05     1.62330269294e-06     3.27095249497e-05     2.81060172572e-07     
4.85094421179         1.42263269969e-05     7.78862200025e-07     1.42263269969e-05     7.78862200025e-07     1.46352532732e-05     9.67697271813e-08     
5.03129011403         5.81275803223e-06     3.34207825832e-07     5.81275803223e-06     3.34207825832e-07     5.89998730055e-06     2.90553211551e-08     
5.21163601627         2.15853926138e-06     1.29573596897e-07     2.15853926138e-06     1.29573596897e-07     2.16191238153e-06     7.43592903937e-09     
5.39198191851         7.32946223537e-07     4.57166309707e-08     7.32946223537e-07     4.57166309707e-08     7.24489216349e-07     1.54579898222e-09     
5.57232782075         2.28577633125e-07     1.47556967097e-08     2.28577633125e-07     1.47556967097e-08     2.23029267023e-07     2.20981059154e-10     
5.75267372299         6.56868254231e-08     4.37402856712e-09     6.56868254231e-08     4.37402856712e-09     6.32797592362e-08     2.91923016367e-12     
5.93301962523         1.7438471626e-08      1.19442717163e-09     1.7438471626e-08      1.19442717163e-09     1.65892996631e-08     -1.24866770286e-11    
6.11336552747         4.28540041566e-09     3.01186221071e-10     4.28540041566e-09     3.01186221071e-10     4.02650352465e-09     -5.73240692041e-12    
6.29371142971         9.76389742948e-10     7.02659886907e-11     9.76389742948e-10     7.02659886907e-11     9.06280800369e-10     -1.79205320644e-12    
6.47405733195         2.06519888213e-10     1.51902201724e-11     2.06519888213e-10     1.51902201724e-11     1.8940470538e-10      -4.58980345767e-13    
6.65440323419         4.06033700094e-11     3.04749476601e-12     4.06033700094e-11     3.04749476601e-12     3.68016146242e-11     -1.01936821024e-13    
6.83474913643         7.42592217861e-12     5.67922890091e-13     7.42592217861e-12     5.67922890091e-13     6.6530283284e-12      -2.01246403908e-14    
7.01509503867         1.26420778493e-12     9.83928129478e-14     1.26420778493e-12     9.83928129478e-14     1.11979122241e-12     -3.54619704407e-15    
7.19544094092         1.95427169371e-13     1.5461157051e-14      1.95427169371e-13     1.5461157051e-14      1.71169608722e-13     -5.52087622927e-16    
7.37578684316         2.61010544973e-14     2.0969280368e-15      2.61010544973e-14     2.0969280368e-15      2.26099224282e-14     -7.25671085995e-17    
7.5561327454          2.4316768449e-15      1.98198025617e-16     2.4316768449e-15      1.98198025617e-16     2.08363331447e-15     -6.5102622886e-18     
7.73647864764         2.67911144449e-15     2.2135504165e-16      2.67911144449e-15     2.2135504165e-16      2.27119380526e-15     -6.75677406159e-18    
7.91682454988         2.9396809597e-15      2.4602206654e-16      2.9396809597e-15      2.4602206654e-16      2.46594544319e-15     -6.81931954868e-18    
8.09717045212         3.21347446867e-15     2.7222177166e-16      3.21347446867e-15     2.7222177166e-16      2.66776812566e-15     -6.66854481102e-18    
8.27751635436         3.50057560833e-15     2.99975639445e-16     3.50057560833e-15     2.99975639445e-16     2.87654386462e-15     -6.27502415642e-18    
8.4578622566          3.80106304301e-15     3.29304050381e-16     3.80106304301e-15     3.29304050381e-16     3.09215704411e-15     -5.60934724455e-18    
8.63820815884         4.115010882e-15       3.60226362017e-16     4.115010882e-15       3.60226362017e-16     3.31449467221e-15     -4.64219317697e-18    
8.81855406108         4.44248905267e-15     3.92760980839e-16     4.44248905267e-15     3.92760980839e-16     3.54344671223e-15     -3.34439331356e-18    
8.99889996332         4.78356363491e-15     4.26925427806e-16     4.78356363491e-15     4.26925427806e-16     3.77890672083e-15     -1.68698432541e-18    
9.17924586556         5.13829716164e-15     4.62736398176e-16     5.13829716164e-15     4.62736398176e-16     4.02077384565e-15     3.5874720694e-19      
9.3595917678          5.50674888946e-15     5.00209816238e-16     5.50674888946e-15     5.00209816238e-16     4.26897111644e-15     2.83394236267e-18     
9.53993767004         5.88897504306e-15     5.3936088545e-16      5.88897504306e-15     5.3936088545e-16      4.5233423951e-15      5.81505079957e-18     
9.72028357228         6.28502903651e-15     5.80204134453e-16     6.28502903651e-15     5.80204134453e-16     4.78378359086e-15     9.28028616162e-18     
9.90062947453         6.69496167385e-15     6.22753459363e-16     6.69496167385e-15     6.22753459363e-16     5.05020601094e-15     1.32578038872e-17     
10.0809753768         7.1188213315e-15      6.67022162695e-16     7.1188213315e-15      6.67022162695e-16     5.32251656372e-15     1.77753855805e-17     
10.261321279          7.55665412443e-15     7.13022989247e-16     7.55665412443e-15     7.13022989247e-16     5.60062313058e-15     2.28604251696e-17     
10.4416671812         8.0085040577e-15      7.60768159228e-16     8.0085040577e-15      7.60768159228e-16     5.88443535726e-15     2.85399181694e-17     
10.6220130835         8.47441316515e-15     8.10269398879e-16     8.47441316515e-15     8.10269398879e-16     6.17386486614e-15     3.48404536265e-17     
10.8023589857         8.95442163629e-15     8.61537968813e-16     8.95442163629e-15     8.61537968813e-16     6.46882531273e-15     4.17882083793e-17     
10.982704888          9.44856793284e-15     9.14584690292e-16     9.44856793284e-15     9.14584690292e-16     6.76923238569e-15     4.94089433136e-17     
11.1630507902         9.95688889578e-15     9.69419969605e-16     9.95688889578e-15     9.69419969605e-16     7.07500378222e-15     5.77280013355e-17     
11.3433966924         1.04794198438e-14     1.02605382072e-15     1.04794198438e-14     1.02605382072e-15     7.38605917169e-15     6.67703068196e-17     
11.5237425947         1.10161946645e-14     1.08449588634e-15     1.10161946645e-14     1.08449588634e-15     7.70232015322e-15     7.65603663209e-17     
11.7040884969         1.15672458976e-14     1.14475545757e-15     1.15672458976e-14     1.14475545757e-15     8.02371021033e-15     8.71222703672e-17     
11.8844343992         1.21326048133e-14     1.20684149216e-15     1.21326048133e-14     1.20684149216e-15     8.35015466422e-15     9.84796961709e-17     
12.0647803014         1.27123014835e-14     1.27076263163e-15     1.27123014835e-14     1.27076263163e-15     8.68158062675e-15     1.10655911121e-16     
12.2451262037         1.33063648488e-14     1.33652721717e-15     1.33063648488e-14     1.33652721717e-15     9.01791695387e-15     1.23673776934e-16     
12.4254721059         1.39148227798e-14     1.40414330464e-15     1.39148227798e-14     1.40414330464e-15     9.35909419993e-15     1.37555754352e-16     
12.6058180081         1.45377021353e-14     1.47361867848e-15     1.45377021353e-14     1.47361867848e-15     9.70504457336e-15     1.52323908307e-16     
12.7861639104         1.51750288151e-14     1.54496086482e-15     1.51750288151e-14     1.54496086482e-15     1.00557018941e-14     1.67999913461e-16     
12.9665098126         1.58268278101e-14     1.61817714378e-15     1.58268278101e-14     1.61817714378e-15     1.04110015529e-14     1.84605060048e-16     
13.1468557149         1.64931232488e-14     1.69327456097e-15     1.64931232488e-14     1.69327456097e-15     1.07708804739e-14     2.02160259971e-16     
13.3272016171         1.71739384408e-14     1.77025993837e-15     1.71739384408e-14     1.77025993837e-15     1.11352770796e-14     2.20686053088e-16     
13.5075475193         1.78692959171e-14     1.84913988449e-15     1.78692959171e-14     1.84913988449e-15     1.15041312607e-14     2.40202613649e-16     
13.6878934216         1.85792174684e-14     1.92992080396e-15     1.85792174684e-14     1.92992080396e-15     1.18773843517e-14     2.60729756833e-16     
13.8682393238         1.93037241802e-14     2.01260890661e-15     1.93037241802e-14     2.01260890661e-15     1.22549791145e-14     2.82286945365e-16     
14.0485852261         2.00428364668e-14     2.09721021594e-15     2.00428364668e-14     2.09721021594e-15     1.26368597345e-14     3.0489329617e-16      
14.2289311283         2.07965741022e-14     2.18373057721e-15     2.07965741022e-14     2.18373057721e-15     1.30229718372e-14     3.28567587043e-16     
14.4092770305         2.15649562495e-14     2.27217566499e-15     2.15649562495e-14     2.27217566499e-15     1.34132625419e-14     3.53328263317e-16     
14.5896229328         2.23480014887e-14     2.36255099038e-15     2.23480014887e-14     2.36255099038e-15     1.3807680588e-14      3.79193444498e-16     
14.769968835          2.31457278427e-14     2.45486190777e-15     2.31457278427e-14     2.45486190777e-15     1.42061766297e-14     4.06180930866e-16     
14.9503147373         2.39581528017e-14     2.54911362128e-15     2.39581528017e-14     2.54911362128e-15     1.46087040089e-14     4.34308210013e-16     
15.1306606395         2.47852933467e-14     2.64531119082e-15     2.47852933467e-14     2.64531119082e-15     1.50152215191e-14     4.63592463315e-16     
15.3110065417         2.56271659708e-14     2.74345953788e-15     2.56271659708e-14     2.74345953788e-15     1.54257206441e-14     4.94069310274e-16     
15.491352444          2.64837867e-14        2.84356345101e-15     2.64837867e-14        2.84356345101e-15     1.5840068233e-14      5.25826261503e-16     
15.6716983462         2.73551711129e-14     2.94562759094e-15     2.73551711129e-14     2.94562759094e-15     1.62582133879e-14     5.58798497154e-16     
15.8520442485         2.82413343587e-14     3.0496564956e-15      2.82413343587e-14     3.0496564956e-15      1.66801259204e-14     5.93002323337e-16     
16.0323901507         2.9142291175e-14      3.15565458474e-15     2.9142291175e-14      3.15565458474e-15     1.71057652907e-14     6.28453772379e-16     
16.2127360529         3.0058055904e-14      3.26362616438e-15     3.0058055904e-14      3.26362616438e-15     1.75350895667e-14     6.65168608644e-16     
16.3930819552         3.09886425082e-14     3.37357543108e-15     3.09886425082e-14     3.37357543108e-15     1.79680568171e-14     7.03162334248e-16     
16.5734278574         3.19340645854e-14     3.48550647593e-15     3.19340645854e-14     3.48550647593e-15     1.84046255381e-14     7.42450194659e-16     
16.7537737597         3.28943353825e-14     3.59942328841e-15     3.28943353825e-14     3.59942328841e-15     1.88447548175e-14     7.83047184197e-16     
16.9341196619         3.38694678092e-14     3.71532976003e-15     3.38694678092e-14     3.71532976003e-15     1.92884044046e-14     8.24968051405e-16     
17.1144655642         3.48594744503e-14     3.83322968785e-15     3.48594744503e-14     3.83322968785e-15     1.97355347379e-14     8.68227304322e-16     
17.2948114664         3.5864367578e-14      3.95312677775e-15     3.5864367578e-14      3.95312677775e-15     2.01861069534e-14     9.12839215633e-16     
17.4751573686         3.68841591635e-14     4.07502464764e-15     3.68841591635e-14     4.07502464764e-15     2.06400828827e-14     9.58817827711e-16     
17.6555032709         3.79188608875e-14     4.19892683049e-15     3.79188608875e-14     4.19892683049e-15     2.1097425045e-14      1.00617695754e-15     
17.8358491731         3.89684841512e-14     4.32483677721e-15     3.89684841512e-14     4.32483677721e-15     2.15580966363e-14     1.05493020155e-15     
18.0161950754         4.00330400857e-14     4.45275785942e-15     4.00330400857e-14     4.45275785942e-15     2.20220615162e-14     1.10509094029e-15     
18.1965409776         4.11125395618e-14     4.58269337209e-15     4.11125395618e-14     4.58269337209e-15     2.24892841944e-14     1.15667234306e-15     
18.3768868798         4.22069931988e-14     4.7146465361e-15      4.22069931988e-14     4.7146465361e-15      2.29597298163e-14     1.2096873724e-15      
18.5572327821         4.33164113731e-14     4.84862050061e-15     4.33164113731e-14     4.84862050061e-15     2.34333641484e-14     1.26414878845e-15     
18.7375786843         4.44408042269e-14     4.98461834543e-15     4.44408042269e-14     4.98461834543e-15     2.39101535642e-14     1.32006915325e-15     
18.9179245866         4.55801816755e-14     5.12264308321e-15     4.55801816755e-14     5.12264308321e-15     2.43900650293e-14     1.37746083491e-15     
19.0982704888         4.67345534148e-14     5.26269766157e-15     4.67345534148e-14     5.26269766157e-15     2.48730660875e-14     1.43633601171e-15     
19.278616391          4.79039289291e-14     5.40478496517e-15     4.79039289291e-14     5.40478496517e-15     2.53591248471e-14     1.49670667607e-15     
19.4589622933         4.90883174974e-14     5.54890781763e-15     4.90883174974e-14     5.54890781763e-15     2.58482099669e-14     1.55858463841e-15     
19.6393081955         5.02877282001e-14     5.69506898344e-15     5.02877282001e-14     5.69506898344e-15     2.63402906437e-14     1.62198153098e-15     
19.8196540978         5.15021699255e-14     5.84327116973e-15     5.15021699255e-14     5.84327116973e-15     2.68353365985e-14     1.68690881154e-15     
20                    0                     0                     0                     0                     0                     0                     
