0.0779191396          0                     0                     0                     0                     0                     0                     
0.087577837391        0.010393293108        -0.00132890272179     0.010393293108        -0.00132890272179     0.015267884064        -0.00185492683881     
0.0972365351819       0.0628714204337       -0.0093734690351      0.0628714204337       -0.0093734690351      0.0915875586145       -0.0127195662933      
0.106895232973        0.164138764873        -0.0286247519205      0.164138764873        -0.0286247519205      0.237408579487        -0.0379099778612      
0.116553930764        0.307038988339        -0.0624786033253      0.307038988339        -0.0624786033253      0.441317154335        -0.0811124423056      
0.126212628555        0.480674420416        -0.114328731447       0.480674420416        -0.114328731447       0.687200767305        -0.146001188149       
0.135871326346        0.671933772982        -0.187431115349       0.671933772982        -0.187431115349       0.956915951092        -0.236161142904       
0.145530024137        0.866236840526        -0.281196424712       0.866236840526        -0.281196424712       1.23128977335         -0.350717395206       
0.155188721928        1.05213373188         -0.389505374144       1.05213373188         -0.389505374144       1.49542084365         -0.482340101338       
0.164847419719        1.22445963767         -0.504793729795       1.22445963767         -0.504793729795       1.74226766581         -0.622033574586       
0.17450611751         1.38249142164         -0.62178732273        1.38249142164         -0.62178732273        1.97038365695         -0.763539697772       
0.184164815301        1.52645872681         -0.737422237426       1.52645872681         -0.737422237426       2.17965815939         -0.903228035223       
0.193823513091        1.65720939924         -0.849770016946       1.65720939924         -0.849770016946       2.37088911993         -1.03881367661        
0.203482210882        1.77571093707         -0.957712345874       1.77571093707         -0.957712345874       2.54512533399         -1.16897910632        
0.213140908673        1.88302086694         -1.06078228808        1.88302086694         -1.06078228808        2.70360191318         -1.29317696166        
0.222799606464        1.97989834146         -1.15888773523        1.97989834146         -1.15888773523        2.84727389498         -1.4113059396         
0.232458304255        2.06699188803         -1.25172804315        2.06699188803         -1.25172804315        2.97697322673         -1.52302023069        
0.242117002046        2.14481050372         -1.33857881056        2.14481050372         -1.33857881056        3.09337354534         -1.62746133922        
0.251775699837        2.21505741413         -1.42003281724        2.21505741413         -1.42003281724        3.19865758039         -1.72536036841        
0.261434397628        2.27848977766         -1.49632363745        2.27848977766         -1.49632363745        3.29382366671         -1.81700119383        
0.271093095419        2.33559824455         -1.5678641528         2.33559824455         -1.5678641528         3.37954867151         -1.90287855733        
0.28075179321         2.38693037479         -1.6351634912         2.38693037479         -1.6351634912         3.45662383649         -1.9836059716         
0.290410491001        2.43274299785         -1.69847760326        2.43274299785         -1.69847760326        3.52545426236         -2.05949001026        
0.300069188792        2.4732924945          -1.75802983756        2.4732924945          -1.75802983756        3.5864626679          -2.13080624426        
0.309727886583        2.50879025736         -1.81392375755        2.50879025736         -1.81392375755        3.64001151909         -2.19768929022        
0.319386584374        2.53966231763         -1.86607853598        2.53966231763         -1.86607853598        3.6866916397          -2.26004844069        
0.329045282165        2.56635753374         -1.91461548538        2.56635753374         -1.91461548538        3.72715950821         -2.31803288467        
0.338703979956        2.58909432328         -1.95962164651        2.58909432328         -1.95962164651        3.76171021852         -2.37176889519        
0.348362677747        2.60854019306         -2.00137520039        2.60854019306         -2.00137520039        3.79126143802         -2.42158394477        
0.358021375538        2.62482876747         -2.03995886667        2.62482876747         -2.03995886667        3.81602544295         -2.46757835134        
0.367680073329        2.63834714989         -2.07558616321        2.63834714989         -2.07558616321        3.8365441258          -2.51000890472        
0.37733877112         2.64939866359         -2.10843447345        2.64939866359         -2.10843447345        3.85323304616         -2.54908708942        
0.386997468911        2.65813744403         -2.13881260132        2.65813744403         -2.13881260132        3.86635310281         -2.5851841227         
0.396656166702        2.6650274706          -2.16676429709        2.6650274706          -2.16676429709        3.87649446176         -2.61835169792        
0.406314864492        2.66981800234         -2.1925688088         2.66981800234         -2.1925688088         3.88342884287         -2.64892903483        
0.415973562283        2.67315201958         -2.21674111338        2.67315201958         -2.21674111338        3.88797962831         -2.67752223628        
0.425632260074        2.67461323            -2.2390608024         2.67461323            -2.2390608024         3.88967882463         -2.70388225396        
0.435290957865        2.67424757399         -2.25959081932        2.67424757399         -2.25959081932        3.88862308722         -2.72807053793        
0.444949655656        2.67235303534         -2.27844540376        2.67235303534         -2.27844540376        3.88521162533         -2.75022840314        
0.454608353447        2.66911012791         -2.29601856744        2.66911012791         -2.29601856744        3.87972624256         -2.77083947361        
0.464267051238        2.66446077328         -2.31224753232        2.66446077328         -2.31224753232        3.87211313786         -2.78982747452        
0.473925749029        2.65843609863         -2.32726389417        2.65843609863         -2.32726389417        3.86244931737         -2.80734784117        
0.48358444682         2.65112255581         -2.34097298778        2.65112255581         -2.34097298778        3.85086884194         -2.82329163958        
0.493243144611        2.64246136258         -2.35341927623        2.64246136258         -2.35341927623        3.83730540574         -2.8377093942         
0.502901842402        2.63251405634         -2.36474148052        2.63251405634         -2.36474148052        3.82189206202         -2.85077368175        
0.512560540193        2.62145150427         -2.37490498065        2.62145150427         -2.37490498065        3.80484715945         -2.86244288291        
0.522219237984        2.60934624541         -2.38395523186        2.60934624541         -2.38395523186        3.78625275062         -2.87276622108        
0.531877935775        2.59608783233         -2.39169401194        2.59608783233         -2.39169401194        3.76607492584         -2.88152955195        
0.541536633566        2.58195464087         -2.39838517096        2.58195464087         -2.39838517096        3.74459077541         -2.88902868427        
0.551195331357        2.56694031802         -2.40397799212        2.56694031802         -2.40397799212        3.72184144936         -2.89520854857        
0.560854029148        2.55113819796         -2.40851711244        2.55113819796         -2.40851711244        3.69795181292         -2.9001261868         
0.570512726939        2.53448077896         -2.4118317331         2.53448077896         -2.4118317331         3.67283443429         -2.90358038596        
0.58017142473         2.5173059813          -2.4141727889         2.5173059813          -2.4141727889         3.64695419031         -2.90586937398        
0.589830122521        2.49966625058         -2.41551207629        2.49966625058         -2.41551207629        3.62035611305         -2.90697464648        
0.599488820312        2.48159819926         -2.41603832494        2.48159819926         -2.41603832494        3.59310124594         -2.90711576289        
0.609147518103        2.46306157799         -2.41579467362        2.46306157799         -2.41579467362        3.56516399793         -2.90633646814        
0.618806215893        2.44403248608         -2.41456847301        2.44403248608         -2.41456847301        3.53647461526         -2.90437962617        
0.628464913684        2.42466354406         -2.41263086745        2.42466354406         -2.41263086745        3.50728835552         -2.90157492564        
0.638123611475        2.40498510861         -2.40999189296        2.40498510861         -2.40999189296        3.47763108948         -2.89792965492        
0.647782309266        2.38503136029         -2.4066281417         2.38503136029         -2.4066281417         3.44754978923         -2.89341919332        
0.657441007057        2.36480611641         -2.40268129543        2.36480611641         -2.40268129543        3.41706578486         -2.88821143719        
0.667099704848        2.34433520008         -2.39806852624        2.34433520008         -2.39806852624        3.38622624242         -2.88221224276        
0.676758402639        2.32385392944         -2.39289258931        2.32385392944         -2.39289258931        3.35529005828         -2.87553333342        
0.68641710043         2.30311101879         -2.38722179278        2.30311101879         -2.38722179278        3.32399322737         -2.86826628472        
0.696075798221        2.28212005002         -2.38107083065        2.28212005002         -2.38107083065        3.29233575085         -2.860424903          
0.705734496012        2.261032333           -2.37452586342        2.261032333           -2.37452586342        3.26053960731         -2.85211367618        
0.715393193803        2.23981681937         -2.36758287537        2.23981681937         -2.36758287537        3.22854486301         -2.84332578165        
0.725051891594        2.21835453362         -2.36021719709        2.21835453362         -2.36021719709        3.19622118101         -2.8340348814         
0.734710589385        2.1967417832          -2.35251302095        2.1967417832          -2.35251302095        3.16369522693         -2.82434348444        
0.744369287176        2.1747037632          -2.34410807137        2.1747037632          -2.34410807137        3.1306179593          -2.8137984689         
0.754027984967        2.15273165736         -2.33546855947        2.15273165736         -2.33546855947        3.09762512623         -2.80297947412        
0.763686682758        2.13063308003         -2.32654251073        2.13063308003         -2.32654251073        3.06445982921         -2.79182123685        
0.773345380549        2.1083871881          -2.3173308943         2.1083871881          -2.3173308943         3.03112256506         -2.7803262614         
0.78300407834         2.08604164194         -2.30780649225        2.08604164194         -2.30780649225        2.99767213582         -2.76846379746        
0.792662776131        2.06348000086         -2.29778453845        2.06348000086         -2.29778453845        2.96393944298         -2.75600296014        
0.802321473922        2.04096601998         -2.28773532418        2.04096601998         -2.28773532418        2.93029802671         -2.74353752837        
0.811980171713        2.01831469977         -2.27746196026        2.01831469977         -2.27746196026        2.89648435341         -2.73079990157        
0.821638869504        1.99539447905         -2.26688293553        1.99539447905         -2.26688293553        2.86235148119         -2.71770202389        
0.831297567294        1.97227922455         -2.25599578008        1.97227922455         -2.25599578008        2.82799413777         -2.70423797719        
0.840956265085        1.94904105161         -2.24485663898        1.94904105161         -2.24485663898        2.79351274369         -2.69047620711        
0.850614962876        1.92552992712         -2.2333035369         1.92552992712         -2.2333035369         2.75869574987         -2.67622204715        
0.860273660667        1.90181785155         -2.22148384038        1.90181785155         -2.22148384038        2.72366923381         -2.66165492294        
0.869932358458        1.87791640988         -2.20929497265        1.87791640988         -2.20929497265        2.68842456923         -2.64665106466        
0.879591056249        1.85393067211         -2.19675994916        1.85393067211         -2.19675994916        2.65310791239         -2.6312392518         
0.88924975404         1.82969603506         -2.18380949909        1.82969603506         -2.18380949909        2.61750359367         -2.61533715958        
0.898908451831        1.80535059478         -2.17052709947        1.80535059478         -2.17052709947        2.58179172426         -2.59904381411        
0.908567149622        1.78077502269         -2.15675512605        1.78077502269         -2.15675512605        2.545811551           -2.58217128411        
0.918225847413        1.75613255517         -2.14257145333        1.75613255517         -2.14257145333        2.50977754782         -2.56481285156        
0.927884545204        1.73130778198         -2.12792392393        1.73130778198         -2.12792392393        2.47353093715         -2.54690673432        
0.937543242995        1.70628673753         -2.11274113164        1.70628673753         -2.11274113164        2.43705254777         -2.52836795093        
0.947201940786        1.681137642           -2.09706975995        1.681137642           -2.09706975995        2.40044287266         -2.50925455081        
0.956860638577        1.6557700292          -2.08071172053        1.6557700292          -2.08071172053        2.36354811716         -2.48932732257        
0.966519336368        1.63010526023         -2.06352135842        1.63010526023         -2.06352135842        2.32626058083         -2.46841363207        
0.976178034159        1.60381969481         -2.04511114672        1.60381969481         -2.04511114672        2.28809255562         -2.44606449141        
0.98583673195         1.57405819155         -2.02192216779        1.57405819155         -2.02192216779        2.24500111949         -2.4180072635         
0.995495429741        1.54256609454         -1.99604896038        1.54256609454         -1.99604896038        2.19947288554         -2.38674933516        
1.00515412753         1.51183755829         -1.97066649688        1.51183755829         -1.97066649688        2.15506183161         -2.35608789357        
1.01481282532         1.48183111059         -1.94576659974        1.48183111059         -1.94576659974        2.1117096676          -2.32601362856        
1.02447152311         1.45236874985         -1.92120047783        1.45236874985         -1.92120047783        2.06917295335         -2.29634972362        
1.0341302209          1.42334100326         -1.89666982313        1.42334100326         -1.89666982313        2.02729062068         -2.26672692386        
1.0437889187          1.39508494944         -1.87255941953        1.39508494944         -1.87255941953        1.98651460045         -2.23761687481        
1.05344761649         1.36727567457         -1.84860653311        1.36727567457         -1.84860653311        1.94638697835         -2.20870520797        
1.06310631428         1.34002392955         -1.82495727757        1.34002392955         -1.82495727757        1.90707558705         -2.18016757664        
1.07276501207         1.31316903704         -1.80154121961        1.31316903704         -1.80154121961        1.86836702315         -2.15191749971        
1.08242370986         1.28703127519         -1.77841334027        1.28703127519         -1.77841334027        1.83065267575         -2.12401525913        
1.09208240765         1.26127370646         -1.75558932772        1.26127370646         -1.75558932772        1.79352876438         -2.09648586316        
1.10174110544         1.2359122631          -1.73291694056        1.2359122631          -1.73291694056        1.75698900482         -2.06914715532        
1.11139980323         1.21105715654         -1.71048856929        1.21105715654         -1.71048856929        1.72118804601         -2.04210634621        
1.12105850102         1.18664730467         -1.68838503969        1.18664730467         -1.68838503969        1.68603164763         -2.01546998549        
1.13071719881         1.16268364666         -1.66661225937        1.16268364666         -1.66661225937        1.65153231465         -1.98923530207        
1.14037589661         1.13904977818         -1.64509137116        1.13904977818         -1.64509137116        1.61753576311         -1.96330793897        
1.1500345944          1.11575353721         -1.62384754786        1.11575353721         -1.62384754786        1.58405558998         -1.93771691393        
1.15969329219         1.09289317412         -1.60288951184        1.09289317412         -1.60288951184        1.55121705776         -1.91247333188        
1.16935198998         1.07032384337         -1.58216214116        1.07032384337         -1.58216214116        1.51883093222         -1.88751046504        
1.17901068777         1.04807725768         -1.5616878124         1.04807725768         -1.5616878124         1.48693952054         -1.86285627263        
1.18866938556         1.02607694171         -1.54133366461        1.02607694171         -1.54133366461        1.45543349362         -1.83835279183        
1.19832808335         1.00459716634         -1.52149679287        1.00459716634         -1.52149679287        1.4247003626          -1.81447222079        
1.20798678114         0.983228901316        -1.50165060085        0.983228901316        -1.50165060085        1.39416544428         -1.79058658527        
1.21764547893         0.962226975039        -1.4821113507         0.962226975039        -1.4821113507         1.36418911798         -1.76707368328        
1.22730417672         0.94148267949         -1.46271526771        0.94148267949         -1.46271526771        1.3346176129          -1.74373980179        
1.23696287451         0.921227415704        -1.44362240561        0.921227415704        -1.44362240561        1.30574019646         -1.72077550496        
1.24662157231         0.901048901042        -1.42448831914        0.901048901042        -1.42448831914        1.27702041997         -1.69777363657        
1.2562802701          0.881258879725        -1.40571145303        0.881258879725        -1.40571145303        1.2488748653          -1.67520245735        
1.26593896789         0.861696818868        -1.38709928978        0.861696818868        -1.38709928978        1.2210914471          -1.65283485999        
1.27559766568         0.84240844161         -1.36861391795        0.84240844161         -1.36861391795        1.19372617872         -1.6306228786         
1.28525636347         0.823424438165        -1.35025075529        0.823424438165        -1.35025075529        1.16681937521         -1.60855703798        
1.29491506126         0.804745211371        -1.33202329998        0.804745211371        -1.33202329998        1.14035787285         -1.58666214211        
1.30457375905         0.786357737311        -1.31391626891        0.786357737311        -1.31391626891        1.11432700953         -1.56491914086        
1.31423245684         0.768322676158        -1.29602122118        0.768322676158        -1.29602122118        1.08880963283         -1.54343411019        
1.32389115463         0.750610720944        -1.27829316395        0.750610720944        -1.27829316395        1.0637636251          -1.52215454194        
1.33354985242         0.733218422307        -1.2606810377         0.733218422307        -1.2606810377         1.03917930213         -1.50101867216        
1.34320855022         0.716167507143        -1.24326957872        0.716167507143        -1.24326957872        1.01508163918         -1.48013271672        
1.35286724801         0.699389228721        -1.22597857134        0.699389228721        -1.22597857134        0.991378204694        -1.4593950894         
1.3625259458          0.682966494049        -1.20894874221        0.682966494049        -1.20894874221        0.968187224545        -1.43897413869        
1.37218464359         0.666830999448        -1.19204914796        0.666830999448        -1.19204914796        0.945408016544        -1.41871257654        
1.38184334138         0.651369684309        -1.17482499194        0.651369684309        -1.17482499194        0.923498737486        -1.39805089497        
1.39150203917         0.635449947436        -1.15881644084        0.635449947436        -1.15881644084        0.901129572923        -1.37887831485        
1.40116073696         0.620197669795        -1.14245442237        0.620197669795        -1.14245442237        0.879621262209        -1.35927142072        
1.41081943475         0.605215674238        -1.12628911563        0.605215674238        -1.12628911563        0.858505554594        -1.33990329453        
1.42047813254         0.590538934832        -1.11028208797        0.590538934832        -1.11028208797        0.837820512901        -1.32072931622        
1.43013683033         0.576136533272        -1.09451809298        0.576136533272        -1.09451809298        0.817528751876        -1.30185023572        
1.43979552812         0.562013501049        -1.07897307705        0.562013501049        -1.07897307705        0.797638791027        -1.2832363447         
1.44945422592         0.548119596026        -1.06360447231        0.548119596026        -1.06360447231        0.778085153119        -1.26483552853        
1.45911292371         0.534471099774        -1.04843966244        0.534471099774        -1.04843966244        0.75888733466         -1.24668095727        
1.4687716215          0.521050729325        -1.03348059125        0.521050729325        -1.03348059125        0.740024847679        -1.22877541689        
1.47843031929         0.507773990215        -1.01864985173        0.507773990215        -1.01864985173        0.721388895401        -1.21102603226        
1.48808901708         0.494746900667        -1.00391227455        0.494746900667        -1.00391227455        0.703108388226        -1.19338656093        
1.49774771487         0.48200671689         -0.989427949461       0.48200671689         -0.989427949461       0.685236125443        -1.17605607669        
1.50740641266         0.469465300072        -0.975120550764       0.469465300072        -0.975120550764       0.667656699401        -1.15894071137        
1.51706511045         0.457135540137        -0.960979888622       0.457135540137        -0.960979888622       0.650385209234        -1.14202712764        
1.52672380824         0.44501072253         -0.947032373155       0.44501072253         -0.947032373155       0.633415435862        -1.12534645089        
1.53638250603         0.433100242145        -0.933210509417       0.433100242145        -0.933210509417       0.616755958772        -1.10881911195        
1.54604120383         0.421383923325        -0.919593603161       0.421383923325        -0.919593603161       0.600384814112        -1.09253929136        
1.55569990162         0.409849225453        -0.906121869804       0.409849225453        -0.906121869804       0.584280065661        -1.07643656924        
1.56535859941         0.398521516733        -0.892782814795       0.398521516733        -0.892782814795       0.56847275223         -1.06049454386        
1.5750172972          0.387355652002        -0.879550868245       0.387355652002        -0.879550868245       0.552905258207        -1.04468357313        
1.58467599499         0.376395592174        -0.866495132907       0.376395592174        -0.866495132907       0.537635226329        -1.02908510966        
1.59433469278         0.365619551039        -0.853554304027       0.365619551039        -0.853554304027       0.522631982224        -1.01362696286        
1.60399339057         0.355068522704        -0.840847899931       0.355068522704        -0.840847899931       0.507953252367        -0.998451146168       
1.61365208836         0.344663422598        -0.828234741653       0.344663422598        -0.828234741653       0.493489032106        -0.983390492448       
1.62331078615         0.33451340718         -0.815752535878       0.33451340718         -0.815752535878       0.479377870527        -0.968485885402       
1.63296948394         0.324511349534        -0.803409539957       0.324511349534        -0.803409539957       0.465486291753        -0.953751207557       
1.64262818173         0.314723799422        -0.791253686736       0.314723799422        -0.791253686736       0.451898635373        -0.939242853033       
1.65228687953         0.305088103118        -0.779193501879       0.305088103118        -0.779193501879       0.438533550629        -0.924845958832       
1.66194557732         0.295665396468        -0.767312408266       0.295665396468        -0.767312408266       0.425470070506        -0.910665939996       
1.67160427511         0.286556719749        -0.755728486732       0.286556719749        -0.755728486732       0.412836067478        -0.896843558157       
1.6812629729          0.277652752529        -0.744341285772       0.277652752529        -0.744341285772       0.400492567944        -0.883256997857       
1.69092167069         0.2692528398          -0.734083923689       0.2692528398          -0.734083923689       0.388877716916        -0.871013755882       
1.70058036848         0.263005617923        -0.729463473754       0.263005617923        -0.729463473754       0.380369497798        -0.865460465733       
1.71023906627         0.256576214358        -0.724204109222       0.256576214358        -0.724204109222       0.37159967467         -0.859150552655       
1.71989776406         0.250038385567        -0.718521029535       0.250038385567        -0.718521029535       0.362675621094        -0.852339407432       
1.72955646185         0.243405323684        -0.712486979354       0.243405323684        -0.712486979354       0.353622744202        -0.845113778289       
1.73921515964         0.236741832789        -0.706172241          0.236741832789        -0.706172241          0.344522144759        -0.837556332542       
1.74887385744         0.230021722599        -0.699578822077       0.230021722599        -0.699578822077       0.335346111902        -0.829669956841       
1.75853255523         0.223286214867        -0.692750942989       0.223286214867        -0.692750942989       0.326147771756        -0.821507466971       
1.76819125302         0.216489772002        -0.685684568486       0.216489772002        -0.685684568486       0.316872262245        -0.813063711645       
1.77784995081         0.209689785027        -0.678389388768       0.209689785027        -0.678389388768       0.307591401286        -0.804351158702       
1.7875086486          0.202829936532        -0.670832720143       0.202829936532        -0.670832720143       0.298234965747        -0.795326796468       
1.79716734639         0.196014036388        -0.663093108132       0.196014036388        -0.663093108132       0.288936102173        -0.786088554743       
1.80682604418         0.189225007319        -0.655181636457       0.189225007319        -0.655181636457       0.279672402229        -0.776649044481       
1.81648474197         0.182457966333        -0.64710416472        0.182457966333        -0.64710416472        0.270440530848        -0.76701492496        
1.82614343976         0.175746442346        -0.63883860752        0.175746442346        -0.63883860752        0.261277698077        -0.757159540354       
1.83580213755         0.169061812408        -0.630424471922       0.169061812408        -0.630424471922       0.252153838159        -0.747130448824       
1.84546083534         0.162434774486        -0.621867971994       0.162434774486        -0.621867971994       0.243105266698        -0.736934397135       
1.85511953314         0.155838463886        -0.613165645648       0.155838463886        -0.613165645648       0.234100434971        -0.726567605737       
1.86477823093         0.149321990133        -0.604351655324       0.149321990133        -0.604351655324       0.225199758403        -0.716070535316       
1.87443692872         0.142868047592        -0.595418198968       0.142868047592        -0.595418198968       0.216382652902        -0.705433791272       
1.88409562651         0.13647553538         -0.586372182985       0.13647553538         -0.586372182985       0.207647519251        -0.694665669025       
1.8937543243          0.130142696413        -0.577272354671       0.130142696413        -0.577272354671       0.198995853557        -0.683835765844       
1.90341302209         0.123922674211        -0.567974590209       0.123922674211        -0.567974590209       0.190485470288        -0.672771091613       
1.91307171988         0.117772366654        -0.558630209856       0.117772366654        -0.558630209856       0.182072358981        -0.661654627686       
1.92273041767         0.111723938234        -0.549236351776       0.111723938234        -0.549236351776       0.173793065054        -0.650481485235       
1.93238911546         0.105733935246        -0.539769053671       0.105733935246        -0.539769053671       0.165594207249        -0.639223768551       
1.94204781325         0.0999187243564       -0.530284724403       0.0999187243564       -0.530284724403       0.157621382349        -0.627947090012       
1.95170651105         0.0941575740425       -0.52076385633        0.0941575740425       -0.52076385633        0.149724344264        -0.616628885186       
1.96136520884         0.0884934559718       -0.511160116935       0.0884934559718       -0.511160116935       0.141956258273        -0.605215570942       
1.97102390663         0.0829276565899       -0.501547933863       0.0829276565899       -0.501547933863       0.134320237392        -0.593793696725       
1.98068260442         0.0774610765849       -0.491911550696       0.0774610765849       -0.491911550696       0.126817021417        -0.58234513502        
1.99034130221         0.0720709213016       -0.482227289419       0.0720709213016       -0.482227289419       0.119417987456        -0.570840836519       
2                     0.0668145959457       -0.472523978593       0.0668145959457       -0.472523978593       0.112195451123        -0.55931550503        
2.001                 0.0662790168435       -0.471518802241       0.0662790168435       -0.471518802241       0.11145900748         -0.558121777001       
2.2778207283          -0.0302815252331      -0.212029187072       -0.0302815252331      -0.212029187072       -0.0241706002646      -0.250536035674       
2.5546414566          -0.0331941512799      -0.0455825890837      -0.0331941512799      -0.0455825890837      -0.0367728467135      -0.0537989142299      
2.8314621849          -0.00131882337834     -0.000232951567535    -0.00131882337834     -0.000232951567535    -0.0014816607568      -0.000275503245471    
2.8324621849          -0.0012788111132      -0.0002234011119      -0.0012788111132      -0.0002234011119      -0.00143656662616     -0.00026420749568     
2.8494621849          -0.000697444100052    -9.54810391793e-05    -0.000697444100052    -9.54810391793e-05    -0.000782082610878    -0.000112853650173    
2.8664621849          -0.000289169009655    -1.78470046246e-05    -0.000289169009655    -1.78470046246e-05    -0.000323493795144    -2.09097789735e-05    
2.8834621849          -4.37973141355e-05    2.65180378497e-05     -4.37973141355e-05    2.65180378497e-05     -4.84747124865e-05    3.17118680814e-05     
2.9004621849          9.6906082888e-06      0.000102032946051     9.6906082888e-06      0.000102032946051     1.87936097223e-05     0.000120140393219     
2.9174621849          1.83922402125e-05     0.000285801509453     1.83922402125e-05     0.000285801509453     2.85856111334e-05     0.000324595951951     
2.9344621849          2.59851406599e-05     0.00049334613112      2.59851406599e-05     0.00049334613112      3.71480545035e-05     0.000554015355276     
2.9514621849          3.19899726933e-05     0.000700361317821     3.19899726933e-05     0.000700361317821     4.38602104957e-05     0.000781548450369     
2.9524621849          3.22925647056e-05     0.000712254114919     3.22925647056e-05     0.000712254114919     4.41956893142e-05     0.000794581406897     
3.13190995137         2.96150598352e-05     0.00178166818846      2.96150598352e-05     0.00178166818846      3.76937939597e-05     0.00193258141794      
3.31135771785         3.85394431726e-06     0.00134443146445      3.85394431726e-06     0.00134443146445      5.4256179464e-06      0.00143314039576      
3.49080548432         -4.41530763919e-06    0.000643607800714     -4.41530763919e-06    0.000643607800714     -5.03480537839e-06    0.000676535091883     
3.6702532508          -2.78926205908e-06    0.000192627502719     -2.78926205908e-06    0.000192627502719     -3.28237186187e-06    0.000200220379045     
3.84970101727         -3.47596298431e-07    1.67432453913e-05     -3.47596298431e-07    1.67432453913e-05     -4.11991633576e-07    1.72762468644e-05     
4.02914878375         1.80996750871e-05     4.72408807806e-07     1.80996750871e-05     4.72408807806e-07     1.8601831381e-05      4.23563567714e-07     
4.20859655022         3.7392380889e-05      1.14940544381e-06     3.7392380889e-05      1.14940544381e-06     3.80081570629e-05     7.52188622653e-07     
4.3880443167          3.43369860943e-05     1.1960347894e-06      3.43369860943e-05     1.1960347894e-06      3.44883514827e-05     5.82567353231e-07     
4.56749208317         2.29426819874e-05     8.83026505497e-07     2.29426819874e-05     8.83026505497e-07     2.27602854537e-05     3.24068954071e-07     
4.74693984965         1.25915440943e-05     5.26149565599e-07     1.25915440943e-05     5.26149565599e-07     1.23346083279e-05     1.46319565304e-07     
4.92638761612         5.96614347616e-06     2.67187638781e-07     5.96614347616e-06     2.67187638781e-07     5.7708430861e-06      5.6117702066e-08      
5.1058353826          2.50397283671e-06     1.19008826443e-07     2.50397283671e-06     1.19008826443e-07     2.39144058716e-06     1.87211983875e-08     
5.28528314907         9.45013120218e-07     4.73016236791e-08     9.45013120218e-07     4.73016236791e-08     8.91214470964e-07     5.44028158249e-09     
5.46473091555         3.238338783e-07       1.6965860916e-08      3.238338783e-07       1.6965860916e-08      3.01606509879e-07     1.38480290618e-09     
5.64417868202         1.01427057281e-07     5.534026901e-09       1.01427057281e-07     5.534026901e-09       9.33008890768e-08     3.03777043229e-10     
5.8236264485          2.91733637275e-08     1.65081705809e-09     2.91733637275e-08     1.65081705809e-09     2.65088911404e-08     5.4612361664e-11      
6.00307421497         7.73293171732e-09     4.52232223832e-10     7.73293171732e-09     4.52232223832e-10     6.94210874455e-09     6.89271135106e-12     
6.18252198145         1.89404607416e-09     1.14135391827e-10     1.89404607416e-09     1.14135391827e-10     1.68020196697e-09     8.94191555222e-14     
6.36196974792         4.29571071095e-10     2.66052452701e-11     4.29571071095e-10     2.66052452701e-11     3.76613439146e-10     -2.77322492063e-13    
6.54141751439         9.03673538494e-11     5.73963623618e-12     9.03673538494e-11     5.73963623618e-12     7.83121527303e-11     -1.11377323323e-13    
6.72086528087         1.76567916073e-11     1.14784974523e-12     1.76567916073e-11     1.14784974523e-12     1.51271394023e-11     -3.04381814624e-14    
6.90031304734         3.21008594143e-12     2.13231523411e-13     3.21008594143e-12     2.13231523411e-13     2.71932170417e-12     -6.83420420136e-15    
7.07976081382         5.40447239565e-13     3.66265037724e-14     5.40447239565e-13     3.66265037724e-14     4.52759677502e-13     -1.32737319176e-15    
7.25920858029         8.83461077196e-14     6.1003493012e-15      8.83461077196e-14     6.1003493012e-15      7.32055193469e-14     -2.3964300854e-16     
7.43865634677         8.83155039193e-15     6.20595016511e-16     8.83155039193e-15     6.20595016511e-16     7.23947522971e-15     -2.56563251091e-17    
7.61810411324         2.12387368729e-15     1.51717460996e-16     2.12387368729e-15     1.51717460996e-16     1.72261062045e-15     -6.43317303289e-18    
7.79755187972         1.08777492789e-14     7.89147910021e-16     1.08777492789e-14     7.89147910021e-16     8.73064830775e-15     -3.35873950335e-17    
7.97699964619         2.59138818685e-15     1.90757122827e-16     2.59138818685e-15     1.90757122827e-16     2.05850208403e-15     -8.02826847655e-18    
8.15644741267         2.84421803158e-15     2.12271196119e-16     2.84421803158e-15     2.12271196119e-16     2.23642953181e-15     -8.71589631e-18       
8.33589517914         3.10987720826e-15     2.35143309187e-16     3.10987720826e-15     2.35143309187e-16     2.42086265856e-15     -9.30107757539e-18    
8.51534294562         3.38844481583e-15     2.5939350258e-16      3.38844481583e-15     2.5939350258e-16      2.61169073229e-15     -9.76159886479e-18    
8.69479071209         3.67999521785e-15     2.85040816203e-16     3.67999521785e-15     2.85040816203e-16     2.80880466175e-15     -1.00750784889e-17    
8.87423847857         3.98459844035e-15     3.12103359321e-16     3.98459844035e-15     3.12103359321e-16     3.01209726168e-15     -1.02190386468e-17    
9.05368624504         4.30232052732e-15     3.40598374403e-16     4.30232052732e-15     3.40598374403e-16     3.22146342391e-15     -1.01709678659e-17    
9.23313401152         4.63322385955e-15     3.70542295435e-16     4.63322385955e-15     3.70542295435e-16     3.43680025084e-15     -9.90837491569e-18    
9.41258177799         4.97736744099e-15     4.01950801291e-16     4.97736744099e-15     4.01950801291e-16     3.65800718398e-15     -9.40883525271e-18    
9.59202954447         5.3348071569e-15      4.34838864641e-16     5.3348071569e-15      4.34838864641e-16     3.88498616684e-15     -8.65003092306e-18    
9.77147731094         5.70559600694e-15     4.6922079685e-16      5.70559600694e-15     4.6922079685e-16      4.11764192555e-15     -7.60978473339e-18    
9.95092507741         6.08978431614e-15     5.0511028926e-16      6.08978431614e-15     5.0511028926e-16      4.35588262979e-15     -6.26608940172e-18    
10.1303728439         6.4874199263e-15      5.42520451201e-16     6.4874199263e-15      5.42520451201e-16     4.59962228877e-15     -4.59713231089e-18    
10.3098206104         6.89854837001e-15     5.81463845039e-16     6.89854837001e-15     5.81463845039e-16     4.84879796749e-15     -2.55960621976e-18    
10.4892683768         7.32321302915e-15     6.21952518547e-16     7.32321302915e-15     6.21952518547e-16     5.10325628183e-15     -9.98379483183e-20    
10.6687161433         7.76145527951e-15     6.63998034826e-16     7.76145527951e-15     6.63998034826e-16     5.36291671712e-15     2.75972549471e-18     
10.8481639098         8.21331462306e-15     7.07611500022e-16     8.21331462306e-15     7.07611500022e-16     5.62770166693e-15     6.04054704915e-18     
11.0276116763         8.6788288091e-15      7.52803589009e-16     8.6788288091e-15      7.52803589009e-16     5.89753025623e-15     9.76382468641e-18     
11.2070594427         9.15803394539e-15     7.99584569242e-16     9.15803394539e-15     7.99584569242e-16     6.17232233245e-15     1.39504831521e-17     
11.3865072092         9.65096460029e-15     8.47964322913e-16     9.65096460029e-15     8.47964322913e-16     6.45199915642e-15     1.86211674634e-17     
11.5659549757         1.01576538968e-14     8.97952367578e-16     1.01576538968e-14     8.97952367578e-16     6.73648359836e-15     2.37962379403e-17     
11.7454027422         1.06781335993e-14     9.49557875361e-16     1.06781335993e-14     9.49557875361e-16     7.0257001945e-15      2.94957665775e-17     
11.9248505086         1.12124341935e-14     1.00278969087e-15     1.12124341935e-14     1.00278969087e-15     7.31957515207e-15     3.57395345866e-17     
12.1042982751         1.17605849602e-14     1.05765634792e-15     1.17605849602e-14     1.05765634792e-15     7.61803633186e-15     4.25470309568e-17     
12.2837460416         1.23226140445e-14     1.11416608517e-15     1.23226140445e-14     1.11416608517e-15     7.92101322001e-15     4.99374519037e-17     
12.4631938081         1.28985485183e-14     1.17232686071e-15     1.28985485183e-14     1.17232686071e-15     8.22843689438e-15     5.79297010882e-17     
12.6426415745         1.34884144403e-14     1.23214636581e-15     1.34884144403e-14     1.23214636581e-15     8.5402399882e-15      6.65423905042e-17     
12.822089341          1.40922369099e-14     1.29363203771e-15     1.40922369099e-14     1.29363203771e-15     8.85635665257e-15     7.57938419417e-17     
13.0015371075         1.47100401187e-14     1.35679107165e-15     1.47100401187e-14     1.35679107165e-15     9.17672251849e-15     8.57020889493e-17     
13.180984874          1.53418473979e-14     1.42163043223e-15     1.53418473979e-14     1.42163043223e-15     9.50127465923e-15     9.62848792218e-17     
13.3604326404         1.59876812625e-14     1.48815686397e-15     1.59876812625e-14     1.48815686397e-15     9.82995155319e-15     1.07559677353e-16     
13.5398804069         1.66475634526e-14     1.55637690137e-15     1.66475634526e-14     1.55637690137e-15     1.01626930477e-14     1.195436679e-16       
13.7193281734         1.73215149723e-14     1.62629687828e-15     1.73215149723e-14     1.62629687828e-15     1.04994403237e-14     1.32253758703e-16     
13.8987759399         1.80095561257e-14     1.69792293677e-15     1.80095561257e-14     1.69792293677e-15     1.0840135862e-14      1.45706584435e-16     
14.0782237063         1.87117065508e-14     1.77126103552e-15     1.87117065508e-14     1.77126103552e-15     1.11847234105e-14     1.5991851032e-16      
14.2576714728         1.94279852513e-14     1.84631695768e-15     1.94279852513e-14     1.84631695768e-15     1.15331479535e-14     1.74905636007e-16     
14.4371192393         2.01584106264e-14     1.92309631836e-15     2.01584106264e-14     1.92309631836e-15     1.18853556828e-14     1.90683799563e-16     
14.6165670058         2.09030004987e-14     2.00160457163e-15     2.09030004987e-14     2.00160457163e-15     1.22412939709e-14     2.07268581557e-16     
14.7960147722         2.16617721406e-14     2.08184701725e-15     2.16617721406e-14     2.08184701725e-15     1.26009113468e-14     2.24675309214e-16     
14.9754625387         2.24347422991e-14     2.16382880689e-15     2.24347422991e-14     2.16382880689e-15     1.29641574764e-14     2.42919060626e-16     
15.1549103052         2.32219272191e-14     2.2475549502e-15      2.32219272191e-14     2.2475549502e-15      1.33309831458e-14     2.62014668987e-16     
15.3343580717         2.40233426653e-14     2.3330303204e-15      2.40233426653e-14     2.3330303204e-15      1.37013402534e-14     2.81976726856e-16     
15.5138058381         2.4839003943e-14      2.42025965968e-15     2.4839003943e-14      2.42025965968e-15     1.40751818104e-14     3.02819590423e-16     
15.6932536046         2.56689259176e-14     2.50924758431e-15     2.56689259176e-14     2.50924758431e-15     1.44524619584e-14     3.24557383764e-16     
15.8727013711         2.65131230331e-14     2.59999858946e-15     2.65131230331e-14     2.59999858946e-15     1.48331360151e-14     3.47204003083e-16     
16.0521491376         2.73716093299e-14     2.6925170538e-15      2.73716093299e-14     2.6925170538e-15      1.52171605743e-14     3.70773120934e-16     
16.231596904          2.82443984607e-14     2.78680724389e-15     2.82443984607e-14     2.78680724389e-15     1.5604493724e-14      3.95278190401e-16     
16.4110446705         2.91315037067e-14     2.88287331833e-15     2.91315037067e-14     2.88287331833e-15     1.59950955692e-14     4.20732449247e-16     
16.590492437          3.00329379924e-14     2.98071933171e-15     3.00329379924e-14     2.98071933171e-15     1.63889298157e-14     4.47148924014e-16     
16.7699402035         3.09487138991e-14     3.08034923842e-15     3.09487138991e-14     3.08034923842e-15     1.67859727777e-14     4.74540434076e-16     
16.9493879699         3.1878843679e-14      3.1817668962e-15      3.1878843679e-14      3.1817668962e-15      1.71861920201e-14     5.03003306688e-16     
17.1288357364         3.28233392675e-14     3.28497606958e-15     3.28233392675e-14     3.28497606958e-15     1.75894518343e-14     5.32496212491e-16     
17.3082835029         3.37822122951e-14     3.38998043319e-15     3.37822122951e-14     3.38998043319e-15     1.79957488844e-14     5.63009241477e-16     
17.4877312694         3.47554740992e-14     3.4967835748e-15      3.47554740992e-14     3.4967835748e-15      1.84050512641e-14     5.94554653996e-16     
17.6671790358         3.57431357346e-14     3.6053889984e-15      3.57431357346e-14     3.6053889984e-15      1.88173238985e-14     6.27144523485e-16     
17.8466268023         3.67452079841e-14     3.71580012695e-15     3.67452079841e-14     3.71580012695e-15     1.92325311407e-14     6.6079074011e-16      
18.0260745688         3.77617013683e-14     3.82802030519e-15     3.77617013683e-14     3.82802030519e-15     1.96506374503e-14     6.95505014344e-16     
18.2055223353         3.87926261549e-14     3.94205280215e-15     3.87926261549e-14     3.94205280215e-15     2.00716076428e-14     7.31298880478e-16     
18.3849701017         3.98379923679e-14     4.05790081375e-15     3.98379923679e-14     4.05790081375e-15     2.04954069969e-14     7.68183700073e-16     
18.5644178682         4.08978097957e-14     4.17556746507e-15     4.08978097957e-14     4.17556746507e-15     2.09220013027e-14     8.06170665333e-16     
18.7438656347         4.19720879997e-14     4.29505581272e-15     4.19720879997e-14     4.29505581272e-15     2.13513568837e-14     8.45270802428e-16     
18.9233134012         4.30608363219e-14     4.41636884698e-15     4.30608363219e-14     4.41636884698e-15     2.17834406039e-14     8.85494974739e-16     
19.1027611676         4.41640638922e-14     4.53950949393e-15     4.41640638922e-14     4.53950949393e-15     2.22182198683e-14     9.2685388604e-16      
19.2822089341         4.52817796357e-14     4.66448061741e-15     4.52817796357e-14     4.66448061741e-15     2.26556626178e-14     9.69358083623e-16     
19.4616567006         4.64139922794e-14     4.791285021e-15       4.64139922794e-14     4.791285021e-15       2.30957373224e-14     1.01301796134e-15     
19.6411044671         4.75607103587e-14     4.91992544985e-15     4.75607103587e-14     4.91992544985e-15     2.35384129726e-14     1.05784376262e-15     
19.8205522335         4.87219422235e-14     5.05040459244e-15     4.87219422235e-14     5.05040459244e-15     2.398365907e-14       1.10384558334e-15     
20                    0                     0                     0                     0                     0                     0                     
