0.0779191396          0                     0                     0                     0                     0                     0                     
0.087577837391        0.0119348251135       -0.000936513921818    0.0119348251135       -0.000936513921818    0.0123968604823       -0.00099072891164     
0.0972365351819       0.0717962240857       -0.0067149290141      0.0717962240857       -0.0067149290141      0.0742350667732       -0.00689609966957     
0.106895232973        0.186922303005        -0.0212307925644      0.186922303005        -0.0212307925644      0.192472641375        -0.021262273396       
0.116553930764        0.349106787783        -0.0476390114528      0.349106787783        -0.0476390114528      0.358136364997        -0.0468214587922      
0.126212628555        0.546873558519        -0.0887934158458      0.546873558519        -0.0887934158458      0.559141009022        -0.0860411929392      
0.135871326346        0.76846575456         -0.147820319963       0.76846575456         -0.147820319963       0.783434978395        -0.141679049632       
0.145530024137        1.00148533737         -0.227485406216       1.00148533737         -0.227485406216       1.01871910384         -0.216203657943       
0.155188721928        1.23233553559         -0.327087521645       1.23233553559         -0.327087521645       1.25187708209         -0.308936287859       
0.164847419719        1.45077366228         -0.440314455355       1.45077366228         -0.440314455355       1.4730791542          -0.414078353123       
0.17450611751         1.65287702173         -0.560510801376       1.65287702173         -0.560510801376       1.67843842642         -0.52552490854        
0.184164815301        1.83779046784         -0.682556254337       1.83779046784         -0.682556254337       1.86699192874         -0.638582644644       
0.193823513091        2.00619229313         -0.803243155919       2.00619229313         -0.803243155919       2.03925836688         -0.75031199889        
0.203482210882        2.15931060082         -0.92084170745        2.15931060082         -0.92084170745        2.19632709987         -0.859128709722       
0.213140908673        2.29778544853         -1.03403383371        2.29778544853         -1.03403383371        2.33876485761         -0.963827828189       
0.222799606464        2.42335860645         -1.1418323553         2.42335860645         -1.1418323553         2.46820735114         -1.06350369245        
0.232458304255        2.53730347526         -1.24415986881        2.53730347526         -1.24415986881        2.58584533151         -1.15809607428        
0.242117002046        2.64089691029         -1.34120689691        2.64089691029         -1.34120689691        2.69290010419         -1.24778264868        
0.251775699837        2.73489952132         -1.43339467301        2.73489952132         -1.43339467301        2.79012864966         -1.33295149623        
0.261434397628        2.8196952339          -1.52082517445        2.8196952339          -1.52082517445        2.87793034908         -1.41369988686        
0.271093095419        2.89580324552         -1.60346566563        2.89580324552         -1.60346566563        2.9568386825          -1.48999577812        
0.28075179321         2.96383795094         -1.68105769989        2.96383795094         -1.68105769989        3.02748150208         -1.56162254364        
0.290410491001        3.02469651898         -1.75366749522        3.02469651898         -1.75366749522        3.09072795803         -1.62863520232        
0.300069188792        3.07919296794         -1.82137849234        3.07919296794         -1.82137849234        3.14737595221         -1.69111209466        
0.309727886583        3.12815366464         -1.88452195328        3.12815366464         -1.88452195328        3.19823774808         -1.74936375759        
0.319386584374        3.1722040027          -1.94350499591        3.1722040027          -1.94350499591        3.2439298713          -1.80376337386        
0.329045282165        3.21179863252         -1.99884636871        3.21179863252         -1.99884636871        3.28491930233         -1.85478770623        
0.338703979956        3.24721007525         -2.05089942039        3.24721007525         -2.05089942039        3.32149361984         -1.90276342409        
0.348362677747        3.27867389949         -2.10006616815        3.27867389949         -2.10006616815        3.35391238335         -1.94806150946        
0.358021375538        3.30614067099         -2.14642848874        3.30614067099         -2.14642848874        3.38215919854         -1.99076114846        
0.367680073329        3.32969366589         -2.18967547459        3.32969366589         -2.18967547459        3.40634308906         -2.03056877675        
0.37733877112         3.35004006463         -2.23074683972        3.35004006463         -2.23074683972        3.42715419305         -2.06836528361        
0.386997468911        3.36717354962         -2.26963444327        3.36717354962         -2.26963444327        3.44462212934         -2.10413976536        
0.396656166702        3.38089503496         -2.30611156831        3.38089503496         -2.30611156831        3.45857999084         -2.13768360161        
0.406314864492        3.39167023321         -2.34022738555        3.39167023321         -2.34022738555        3.4694834421          -2.16904073094        
0.415973562283        3.39951689698         -2.372146363          3.39951689698         -2.372146363          3.47737787589         -2.19836553199        
0.425632260074        3.40466835875         -2.40165711279        3.40466835875         -2.40165711279        3.48248754421         -2.22546258037        
0.435290957865        3.40749033866         -2.42897237058        3.40749033866         -2.42897237058        3.48518247051         -2.25053132177        
0.444949655656        3.4080368261          -2.45398794718        3.4080368261          -2.45398794718        3.48551630638         -2.27347400491        
0.454608353447        3.40671365981         -2.47691942959        3.40671365981         -2.47691942959        3.48389517457         -2.29449149301        
0.464267051238        3.40361582441         -2.49780672683        3.40361582441         -2.49780672683        3.48041346016         -2.31362057873        
0.473925749029        3.39898377391         -2.51676496132        3.39898377391         -2.51676496132        3.47531069916         -2.33096155883        
0.48358444682         3.39297071904         -2.53394537223        3.39297071904         -2.53394537223        3.468744025           -2.34666536371        
0.493243144611        3.38563033712         -2.54937670747        3.38563033712         -2.54937670747        3.46076476429         -2.36075314338        
0.502901842402        3.37732617327         -2.56331020344        3.37732617327         -2.56331020344        3.45173513177         -2.37345304861        
0.512560540193        3.36778183894         -2.57596695973        3.36778183894         -2.57596695973        3.44140678548         -2.38497347265        
0.522219237984        3.35733820938         -2.58684462098        3.35733820938         -2.58684462098        3.43008074154         -2.39485092966        
0.531877935775        3.34635680292         -2.59700342569        3.34635680292         -2.59700342569        3.41816216992         -2.40406193815        
0.541536633566        3.3343059501          -2.60592566836        3.3343059501          -2.60592566836        3.40511353822         -2.41212812162        
0.551195331357        3.3215494762          -2.6138970126         3.3215494762          -2.6138970126         3.39130166985         -2.41931304471        
0.560854029148        3.30804162108         -2.6209319403         3.30804162108         -2.6209319403         3.37668561064         -2.42561930136        
0.570512726939        3.29368598627         -2.62704850313        3.29368598627         -2.62704850313        3.36117987823         -2.43108489408        
0.58017142473         3.27881943654         -2.63256723751        3.27881943654         -2.63256723751        3.34512725219         -2.43599617332        
0.589830122521        3.26316936441         -2.63729677364        3.26316936441         -2.63729677364        3.32826272115         -2.4401750938         
0.599488820312        3.24679827401         -2.6413957867         3.24679827401         -2.6413957867         3.3106556635          -2.44377055399        
0.609147518103        3.22967560271         -2.64490238851        3.22967560271         -2.64490238851        3.29228195008         -2.44681555449        
0.618806215893        3.21200183532         -2.6476603112         3.21200183532         -2.6476603112         3.27333922609         -2.44916516776        
0.628464913684        3.19354837994         -2.64987706686        3.19354837994         -2.64987706686        3.2536206237          -2.45101612525        
0.638123611475        3.17443163938         -2.65153136574        3.17443163938         -2.65153136574        3.23323402407         -2.45234722931        
0.647782309266        3.15461970961         -2.65245726135        3.15461970961         -2.65245726135        3.21215502969         -2.45300342199        
0.657441007057        3.13440411025         -2.65307845758        3.13440411025         -2.65307845758        3.19066264573         -2.45338405275        
0.667099704848        3.1134291636          -2.65293778238        3.1134291636          -2.65293778238        3.16842810002         -2.45306849127        
0.676758402639        3.09151608876         -2.65200541737        3.09151608876         -2.65200541737        3.14527521533         -2.45201507151        
0.68641710043         3.06918087171         -2.65056222258        3.06918087171         -2.65056222258        3.12170477781         -2.45048953791        
0.696075798221        3.04634514891         -2.64857512154        3.04634514891         -2.64857512154        3.09764026195         -2.44846337921        
0.705734496012        3.02310124783         -2.64613910123        3.02310124783         -2.64613910123        3.07318190752         -2.44602432871        
0.715393193803        2.9992229027          -2.64302171589        2.9992229027          -2.64302171589        3.04810650123         -2.44295756256        
0.725051891594        2.97491512083         -2.63938359257        2.97491512083         -2.63938359257        3.02260976541         -2.43940745301        
0.734710589385        2.95013902869         -2.63505368901        2.95013902869         -2.63505368901        2.99666452724         -2.43522342343        
0.744369287176        2.92504843804         -2.63023870933        2.92504843804         -2.63023870933        2.97041825983         -2.4305923741         
0.754027984967        2.89942111172         -2.62474336113        2.89942111172         -2.62474336113        2.94365585279         -2.42533519572        
0.763686682758        2.87342795794         -2.61861732381        2.87342795794         -2.61861732381        2.91654010331         -2.41949786588        
0.773345380549        2.84717503287         -2.61191438364        2.84717503287         -2.61191438364        2.88917743937         -2.41312962489        
0.78300407834         2.82063535042         -2.60463746806        2.82063535042         -2.60463746806        2.86154096768         -2.4062335645         
0.792662776131        2.79410912178         -2.59686183773        2.79410912178         -2.59686183773        2.83390689311         -2.39887789033        
0.802321473922        2.76679984763         -2.58822382496        2.76679984763         -2.58822382496        2.80554400854         -2.39072104136        
0.811980171713        2.73958651156         -2.57918893623        2.73958651156         -2.57918893623        2.77726814609         -2.38220885395        
0.821638869504        2.71222112741         -2.56959048269        2.71222112741         -2.56959048269        2.74884739856         -2.37317855188        
0.831297567294        2.68469971846         -2.55941469234        2.68469971846         -2.55941469234        2.72028010737         -2.36361763287        
0.840956265085        2.65713164604         -2.54879200722        2.65713164604         -2.54879200722        2.69167224515         -2.35364571562        
0.850614962876        2.62930017089         -2.53750416631        2.62930017089         -2.53750416631        2.6628084765          -2.34306229786        
0.860273660667        2.6015012792          -2.52581865025        2.6015012792          -2.52581865025        2.63398436203         -2.33211358043        
0.869932358458        2.5735756306          -2.51360544155        2.5735756306          -2.51360544155        2.60503784475         -2.32067989237        
0.879591056249        2.54566871559         -2.50097425664        2.54566871559         -2.50097425664        2.57611570256         -2.30886361175        
0.88924975404         2.5176289143          -2.48778295657        2.5176289143          -2.48778295657        2.54706955273         -2.29653191814        
0.898908451831        2.48957022655         -2.47429070105        2.48957022655         -2.47429070105        2.5180129076          -2.2839260313         
0.908567149622        2.46168446851         -2.46012142819        2.46168446851         -2.46012142819        2.48910074933         -2.27070296713        
0.918225847413        2.43364176268         -2.44583779699        2.43364176268         -2.44583779699        2.46005210619         -2.25737530716        
0.927884545204        2.40538608667         -2.43108366445        2.40538608667         -2.43108366445        2.43079789037         -2.24361477157        
0.937543242995        2.37659276905         -2.4157117853         2.37659276905         -2.4157117853         2.40103549433         -2.22928667225        
0.947201940786        2.34842213866         -2.40027278372        2.34842213866         -2.40027278372        2.37185951979         -2.21489457754        
0.956860638577        2.31945614071         -2.38401603201        2.31945614071         -2.38401603201        2.34192048049         -2.19975035023        
0.966519336368        2.29006368935         -2.36701877062        2.29006368935         -2.36701877062        2.31156037241         -2.18392430593        
0.976178034159        2.25956415412         -2.3488198744         2.25956415412         -2.3488198744         2.28010297463         -2.16699053644        
0.98583673195         2.22403104005         -2.32508185166        2.22403104005         -2.32508185166        2.24358450828         -2.14494829564        
0.995495429741        2.18595398308         -2.29837854201        2.18595398308         -2.29837854201        2.20451963073         -2.12016692089        
1.00515412753         2.14863959501         -2.2723248282         2.14863959501         -2.2723248282         2.16625771618         -2.09599419613        
1.01481282532         2.11229268377         -2.24692917223        2.11229268377         -2.24692917223        2.12898747051         -2.07243069696        
1.02447152311         2.07629997063         -2.22175897363        2.07629997063         -2.22175897363        2.0921171932          -2.04907717731        
1.0341302209          2.04092487699         -2.19686953668        2.04092487699         -2.19686953668        2.05589119682         -2.0259830975         
1.0437889187          2.00633008641         -2.17252675637        2.00633008641         -2.17252675637        2.02046947813         -2.00339681254        
1.05344761649         1.9720830645          -2.14836324559        1.9720830645          -2.14836324559        1.98542497638         -1.98097955731        
1.06310631428         1.9383642961          -2.12454569036        1.9383642961          -2.12454569036        1.95093929144         -1.9588845777         
1.07276501207         1.90511971029         -2.10097044045        1.90511971029         -2.10097044045        1.91695387956         -1.93701563656        
1.08242370986         1.8724284901          -2.07772469077        1.8724284901          -2.07772469077        1.88355188244         -1.915454519          
1.09208240765         1.83990937871         -2.05461173196        1.83990937871         -2.05461173196        1.85035913495         -1.89401754371        
1.10174110544         1.80788361577         -2.03162513685        1.80788361577         -2.03162513685        1.81768054279         -1.87270052755        
1.11139980323         1.77636327439         -2.00902022025        1.77636327439         -2.00902022025        1.78553213108         -1.85174484687        
1.12105850102         1.74525412808         -1.98664970628        1.74525412808         -1.98664970628        1.75382050484         -1.83100738853        
1.13071719881         1.71444698418         -1.96446527355        1.71444698418         -1.96446527355        1.72244112158         -1.81044418174        
1.14037589661         1.68408961866         -1.94249112559        1.68408961866         -1.94249112559        1.69153254138         -1.79007723227        
1.1500345944          1.65400377768         -1.92061966023        1.65400377768         -1.92061966023        1.66092919326         -1.76980830907        
1.15969329219         1.62433066563         -1.89895476808        1.62433066563         -1.89895476808        1.63076085652         -1.74972861928        
1.16935198998         1.59501063364         -1.8774454604         1.59501063364         -1.8774454604         1.60097142645         -1.7297993523         
1.17901068777         1.56609659608         -1.85609699172        1.56609659608         -1.85609699172        1.57161052858         -1.71002141001        
1.18866938556         1.53740560269         -1.83472632079        1.53740560269         -1.83472632079        1.54249509702         -1.69022575929        
1.19832808335         1.50938456678         -1.81383274055        1.50938456678         -1.81383274055        1.51407179349         -1.67087324866        
1.20798678114         1.48154100871         -1.79281718126        1.48154100871         -1.79281718126        1.48584437553         -1.65141085054        
1.21764547893         1.45416156234         -1.7720226531         1.45416156234         -1.7720226531         1.45810106604         -1.63215520975        
1.22730417672         1.42712722881         -1.7513030869         1.42712722881         -1.7513030869         1.43071970339         -1.61297141959        
1.23696287451         1.40048422072         -1.73071743753        1.40048422072         -1.73071743753        1.40375633411         -1.59391445478        
1.24662157231         1.37435852207         -1.71030947857        1.37435852207         -1.71030947857        1.37730347944         -1.5750231847         
1.2562802701          1.3485612383          -1.69000403701        1.3485612383          -1.69000403701        1.35120576487         -1.55622994217        
1.26593896789         1.32316572334         -1.66979781562        1.32316572334         -1.66979781562        1.3255230113          -1.53753116857        
1.27559766568         1.29813033331         -1.64964975187        1.29813033331         -1.64964975187        1.300214822           -1.51888964116        
1.28525636347         1.27384637149         -1.62994304954        1.27384637149         -1.62994304954        1.27565118805         -1.50066003607        
1.29491506126         1.24976929118         -1.61026360344        1.24976929118         -1.61026360344        1.25131146855         -1.48245489612        
1.30457375905         1.2260569001          -1.59071195487        1.2260569001          -1.59071195487        1.22734627951         -1.46437237138        
1.31423245684         1.20280237104         -1.57142973773        1.20280237104         -1.57142973773        1.20384922783         -1.44654026268        
1.32389115463         1.17991590489         -1.55234747675        1.17991590489         -1.55234747675        1.18073191444         -1.42889497828        
1.33354985242         1.15733454294         -1.53308800731        1.15733454294         -1.53308800731        1.15792712282         -1.41108562609        
1.34320855022         1.13518687368         -1.51435109281        1.13518687368         -1.51435109281        1.13557000691         -1.39376009086        
1.35286724801         1.11338078401         -1.49561561933        1.11338078401         -1.49561561933        1.11355883015         -1.37643913817        
1.3625259458          1.0921697489          -1.47732703644        1.0921697489          -1.47732703644        1.09214088793         -1.35953077123        
1.37218464359         1.07116210625         -1.45904209816        1.07116210625         -1.45904209816        1.07094350254         -1.34262894294        
1.38184334138         1.05054779425         -1.44101221179        1.05054779425         -1.44101221179        1.05014448449         -1.32596306252        
1.39150203917         1.03034046663         -1.42324279985        1.03034046663         -1.42324279985        1.02975850849         -1.30953840206        
1.40116073696         1.01045674921         -1.40568515904        1.01045674921         -1.40568515904        1.00970634272         -1.29330944968        
1.41081943475         0.991027518312        -1.38842902308        0.991027518312        -1.38842902308        0.990110270721        -1.27736155701        
1.42047813254         0.971643463961        -1.37115575287        0.971643463961        -1.37115575287        0.970583090508        -1.26140101289        
1.43013683033         0.952731822919        -1.35426030672        0.952731822919        -1.35426030672        0.951527234156        -1.24579093557        
1.43979552812         0.934155255721        -1.33764004194        0.934155255721        -1.33764004194        0.932814969288        -1.23043581684        
1.44945422592         0.915785550603        -1.321187692          0.915785550603        -1.321187692          0.914322072264        -1.21523668611        
1.45911292371         0.897746642053        -1.30497493017        0.897746642053        -1.30497493017        0.896167935573        -1.2002597207         
1.4687716215          0.879956653461        -1.28897309819        0.879956653461        -1.28897309819        0.878275886418        -1.18547855976        
1.47843031929         0.862350717755        -1.27314574163        0.862350717755        -1.27314574163        0.860578689331        -1.17085916188        
1.48808901708         0.844987389928        -1.25747848226        0.844987389928        -1.25747848226        0.843135554949        -1.15638897288        
1.49774771487         0.827896661481        -1.24203453861        0.827896661481        -1.24203453861        0.825975808312        -1.14212493737        
1.50740641266         0.811021053782        -1.22674608405        0.811021053782        -1.22674608405        0.809042605262        -1.12800663854        
1.51706511045         0.794372104456        -1.21159762826        0.794372104456        -1.21159762826        0.792346197602        -1.11401892254        
1.52672380824         0.77795336361         -1.19666846412        0.77795336361         -1.19666846412        0.7758918218          -1.10023466376        
1.53638250603         0.761777068713        -1.18180430519        0.761777068713        -1.18180430519        0.759687119736        -1.08651198196        
1.54604120383         0.74584320645         -1.16714856639        0.74584320645         -1.16714856639        0.743734153544        -1.07298480187        
1.55569990162         0.730144268556        -1.15266251978        0.730144268556        -1.15266251978        0.728023577566        -1.05961509455        
1.56535859941         0.7146201212          -1.13828835046        0.7146201212          -1.13828835046        0.71249857514         -1.04635020911        
1.5750172972          0.69928343632         -1.12398941905        0.69928343632         -1.12398941905        0.697169237495        -1.03315555153        
1.58467599499         0.684122632424        -1.1097380468         0.684122632424        -1.1097380468         0.682026102137        -1.02000497742        
1.59433469278         0.669256586856        -1.09563760891        0.669256586856        -1.09563760891        0.667179919107        -1.00699558878        
1.60399339057         0.654722584619        -1.08179370932        0.654722584619        -1.08179370932        0.652669787838        -0.994224299428       
1.61365208836         0.640385603385        -1.06799038875        0.640385603385        -1.06799038875        0.638360567484        -0.981491722967       
1.62331078615         0.626327713603        -1.05437248951        0.626327713603        -1.05437248951        0.624334378005        -0.968931126481       
1.63296948394         0.612503976022        -1.04085379778        0.612503976022        -1.04085379778        0.610545852049        -0.956463294528       
1.64262818173         0.598971138326        -1.02750633594        0.598971138326        -1.02750633594        0.597048820256        -0.944154860328       
1.65228687953         0.585727888845        -1.01439443997        0.585727888845        -1.01439443997        0.583843423198        -0.932065035033       
1.66194557732         0.572754131069        -1.00147970579        0.572754131069        -1.00147970579        0.57090992653         -0.920157838921       
1.67160427511         0.560057154192        -0.98880558654        0.560057154192        -0.98880558654        0.558255526957        -0.90847276635        
1.6812629729          0.547705419626        -0.976434419599       0.547705419626        -0.976434419599       0.545946426942        -0.897067167029       
1.69092167069         0.536253329561        -0.965483085408       0.536253329561        -0.965483085408       0.534538058855        -0.886967078644       
1.70058036848         0.5290174831          -0.961917127844       0.5290174831          -0.961917127844       0.527334135517        -0.883652768817       
1.71023906627         0.521361525339        -0.95752555187        0.521361525339        -0.95752555187        0.519715169892        -0.879580604812       
1.71989776406         0.513454761378        -0.952566882249       0.513454761378        -0.952566882249       0.511848428634        -0.874987938525       
1.72955646185         0.50535633091         -0.947171507643       0.50535633091         -0.947171507643       0.503793059967        -0.869995804776       
1.73921515964         0.497103326413        -0.941398838372       0.497103326413        -0.941398838372       0.49558680001         -0.864657666519       
1.74887385744         0.488703545515        -0.93527724482        0.488703545515        -0.93527724482        0.487238093602        -0.858999483497       
1.75853255523         0.480190751115        -0.92883960061        0.480190751115        -0.92883960061        0.478780248239        -0.853051588258       
1.76819125302         0.47155566786         -0.922108816786       0.47155566786         -0.922108816786       0.47020553623         -0.84683542048        
1.77784995081         0.462797316611        -0.915084587884       0.462797316611        -0.915084587884       0.461513885395        -0.840350631641       
1.7875086486          0.453903182141        -0.907690054083       0.453903182141        -0.907690054083       0.452693088925        -0.833524746874       
1.79716734639         0.445008453595        -0.900086797417       0.445008453595        -0.900086797417       0.443871965284        -0.826509322561       
1.80682604418         0.436044448846        -0.892261508441       0.436044448846        -0.892261508441       0.434986043277        -0.819291367152       
1.81648474197         0.427039412084        -0.884206929878       0.427039412084        -0.884206929878       0.426062567417        -0.811863586906       
1.82614343976         0.417970328542        -0.875924381307       0.417970328542        -0.875924381307       0.417080161231        -0.804227193475       
1.83580213755         0.40888896562         -0.867442628751       0.40888896562         -0.867442628751       0.408088024492        -0.796408584342       
1.84546083534         0.399742925294        -0.858729478171       0.399742925294        -0.858729478171       0.399038028371        -0.788378687448       
1.85511953314         0.390585306405        -0.849835241025       0.390585306405        -0.849835241025       0.389979367494        -0.780183735776       
1.86477823093         0.381463348602        -0.840762725478       0.381463348602        -0.840762725478       0.380956893285        -0.771825946983       
1.87443692872         0.372239772191        -0.831469905877       0.372239772191        -0.831469905877       0.371841859511        -0.763266845808       
1.88409562651         0.363071698776        -0.822016523752       0.363071698776        -0.822016523752       0.362782652772        -0.754561187412       
1.8937543243          0.353919265141        -0.812391307625       0.353919265141        -0.812391307625       0.35374174091         -0.745698789184       
1.90341302209         0.344785030908        -0.802609471364       0.344785030908        -0.802609471364       0.344721370382        -0.736693772085       
1.91307171988         0.335695573846        -0.792684268338       0.335695573846        -0.792684268338       0.335746762109        -0.727558071179       
1.92273041767         0.326630653785        -0.782600847798       0.326630653785        -0.782600847798       0.32679957365         -0.718278057104       
1.93238911546         0.317639817244        -0.772395635084       0.317639817244        -0.772395635084       0.317926224496        -0.708887214519       
1.94204781325         0.308677571835        -0.762069709126       0.308677571835        -0.762069709126       0.309083981482        -0.69938674975        
1.95170651105         0.299740829266        -0.751545679395       0.299740829266        -0.751545679395       0.300269245613        -0.689703867153       
1.96136520884         0.290921913839        -0.740943083962       0.290921913839        -0.740943083962       0.29157029775         -0.679950389971       
1.97102390663         0.282225360517        -0.730263134114       0.282225360517        -0.730263134114       0.282990784679        -0.67012706888        
1.98068260442         0.273624614105        -0.71950569277        0.273624614105        -0.71950569277        0.274505579052        -0.660233459503       
1.99034130221         0.265108986411        -0.708694701723       0.265108986411        -0.708694701723       0.266106048431        -0.650291699574       
2                     0.256690671608        -0.697823188427       0.256690671608        -0.697823188427       0.257802183046        -0.640295061212       
2.001                 0.255816924941        -0.696691656828       0.255816924941        -0.696691656828       0.256940747833        -0.639254653816       
2.22278619698         0.0936785820337       -0.445727875345       0.0936785820337       -0.445727875345       0.097170543704        -0.408706279065       
2.44457239396         0.00359940009893      -0.232658784146       0.00359940009893      -0.232658784146       0.00797343025898      -0.213231524412       
2.66635859094         -0.0238619033302      -0.0896881534682      -0.0238619033302      -0.0896881534682      -0.0203734981427      -0.0821829683821      
2.88814478792         -0.0152891804104      -0.0173640145261      -0.0152891804104      -0.0173640145261      -0.0137061063521      -0.0159189029474      
3.1099309849          -0.000743142598311    -0.000149988983671    -0.000743142598311    -0.000149988983671    -0.000669457028741    -0.000138136389328    
3.1109309849          -0.000720243701524    -0.000143763875967    -0.000720243701524    -0.000143763875967    -0.00064881306075     -0.000132405041337    
3.1279309849          -0.000389496559918    -6.08844575784e-05    -0.000389496559918    -6.08844575784e-05    -0.000350709481048    -5.60583853328e-05    
3.1449309849          -0.000160200794073    -1.1238586228e-05     -0.000160200794073    -1.1238586228e-05     -0.000144151637589    -1.02680290742e-05    
3.1619309849          -2.43493596412e-05    1.66020842878e-05     -2.43493596412e-05    1.66020842878e-05     -2.18313828106e-05    1.54534511056e-05     
3.1789309849          4.49800701561e-06     5.89973272528e-05     4.49800701561e-06     5.89973272528e-05     5.12859993429e-05     -2.88815225785e-05    
3.1959309849          8.46672359652e-06     0.000158129547852     8.46672359652e-06     0.000158129547852     5.02175694347e-05     6.4991880106e-05      
3.2129309849          1.18634446543e-05     0.000267630546479     1.18634446543e-05     0.000267630546479     4.94870516629e-05     0.000167895177488     
3.2299309849          1.44890382697e-05     0.000374499480234     1.44890382697e-05     0.000374499480234     4.85245521677e-05     0.000268091734797     
3.2309309849          1.46193858555e-05     0.000380566139924     1.46193858555e-05     0.000380566139924     4.84574628017e-05     0.000273777969525     
3.41124355495         1.25432308558e-05     0.000855911120134     1.25432308558e-05     0.000855911120134     2.49515028311e-05     0.000731565363125     
3.59155612501         1.84467279186e-06     0.000588921598714     1.84467279186e-06     0.000588921598714     6.34803312267e-06     0.000510837929691     
3.77186869506         -1.32561528371e-06    0.000261810305673     -1.32561528371e-06    0.000261810305673     1.34571941278e-07     0.00022845711545      
3.95218126512         -8.82620633131e-07    7.6646375811e-05      -8.82620633131e-07    7.6646375811e-05      -5.19874215752e-07    6.72974289804e-05     
4.13249383517         -1.59253010341e-07    9.44715520838e-06     -1.59253010341e-07    9.44715520838e-06     -1.18154596103e-07    8.38971872001e-06     
4.31280640523         2.36083663544e-06     5.05638233689e-08     2.36083663544e-06     5.05638233689e-08     2.14615512447e-06     -5.13983031371e-08    
4.49311897528         6.84119080903e-06     1.73726012564e-07     6.84119080903e-06     1.73726012564e-07     6.17136024304e-06     -2.16107453423e-07    
4.67343154534         6.14613444817e-06     1.77716150526e-07     6.14613444817e-06     1.77716150526e-07     5.49543084001e-06     -2.47946406152e-07    
4.85374411539         3.81877205025e-06     1.22468814523e-07     3.81877205025e-06     1.22468814523e-07     3.38173856642e-06     -1.83907816159e-07    
5.03405668545         1.91589317351e-06     6.69114759019e-08     1.91589317351e-06     6.69114759019e-08     1.67949894409e-06     -1.0568963198e-07     
5.2143692555          8.23249894824e-07     3.08938230877e-08     8.23249894824e-07     3.08938230877e-08     7.14133090534e-07     -5.05940643189e-08    
5.39468182556         3.11929210994e-07     1.24505606475e-08     3.11929210994e-07     1.24505606475e-08     2.67695868336e-07     -2.09356167168e-08    
5.57499439561         1.05972397096e-07     4.46338643679e-09     1.05972397096e-07     4.46338643679e-09     8.99609346077e-08     -7.6528940762e-09     
5.75530696567         3.2621997596e-08      1.44064473398e-09     3.2621997596e-08      1.44064473398e-09     2.73913435468e-08     -2.50589573004e-09    
5.93561953572         9.16407780779e-09     4.22138221567e-10     9.16407780779e-09     4.22138221567e-10     7.61064188155e-09     -7.42021515402e-10    
6.11593210578         2.36106916994e-09     1.12960027391e-10     2.36106916994e-09     1.12960027391e-10     1.93943140443e-09     -2.00028808771e-10    
6.29624467583         5.59983694452e-10     2.7724943715e-11      5.59983694452e-10     2.7724943715e-11      4.54975251455e-10     -4.93395364621e-11    
6.47655724589         1.22607029329e-10     6.2625922177e-12      1.22607029329e-10     6.2625922177e-12      9.85367034181e-11     -1.11786442661e-11    
6.65686981594         2.48358715365e-11     1.3053117555e-12      2.48358715365e-11     1.3053117555e-12      1.97452710407e-11     -2.33328608487e-12    
6.837182386           4.66447611051e-12     2.51674563205e-13     4.66447611051e-12     2.51674563205e-13     3.6687978746e-12      -4.49924536361e-13    
7.01749495605         8.16737093784e-13     4.51493531185e-14     8.16737093784e-13     4.51493531185e-14     6.35595284119e-13     -8.06345011774e-14    
7.19780752611         1.31623953286e-13     7.44170718021e-15     1.31623953286e-13     7.44170718021e-15     1.01357077892e-13     -1.32650548734e-14    
7.37812009616         2.33856946793e-14     1.35014208847e-15     2.33856946793e-14     1.35014208847e-15     1.78211492552e-14     -2.40017257832e-15    
7.55843266622         7.8552266464e-15      4.62462711344e-16     7.8552266464e-15      4.62462711344e-16     5.92457954958e-15     -8.19362141557e-16    
7.73874523627         1.89997407934e-15     1.13923914442e-16     1.89997407934e-15     1.13923914442e-16     1.41843047798e-15     -2.01048786616e-16    
7.91905780633         2.11440134452e-15     1.28978864432e-16     2.11440134452e-15     1.28978864432e-16     1.56263744959e-15     -2.26609622308e-16    
8.09937037638         2.34134476832e-15     1.45151647103e-16     2.34134476832e-15     1.45151647103e-16     1.71315168918e-15     -2.53787354676e-16    
8.27968294644         2.58089714532e-15     1.62463247764e-16     2.58089714532e-15     1.62463247764e-16     1.86986450013e-15     -2.82573193191e-16    
8.45999551649         2.83314520059e-15     1.80933554776e-16     2.83314520059e-15     1.80933554776e-16     2.03266841436e-15     -3.12956038711e-16    
8.64030808655         3.09817014076e-15     2.00581439763e-16     3.09817014076e-15     2.00581439763e-16     2.20145766249e-15     -3.44922780613e-16    
8.8206206566          3.3760481421e-15      2.21424830454e-16     3.3760481421e-15      2.21424830454e-16     2.37612959953e-15     -3.78458559783e-16    
9.00093322665         3.6668507844e-15      2.43480776961e-16     3.6668507844e-15      2.43480776961e-16     2.55658112797e-15     -4.13537381591e-16    
9.18124579671         3.97064543765e-15     2.66765512193e-16     3.97064543765e-15     2.66765512193e-16     2.74270221518e-15     -4.50147521497e-16    
9.36155836676         4.28749560777e-15     2.91294507018e-16     4.28749560777e-15     2.91294507018e-16     2.93439624061e-15     -4.88271213795e-16    
9.54187093682         4.61746124653e-15     3.17082520715e-16     4.61746124653e-15     3.17082520715e-16     3.13156593554e-15     -5.27888442586e-16    
9.72218350687         4.96059903007e-15     3.44143647205e-16     4.96059903007e-15     3.44143647205e-16     3.33411574619e-15     -5.68978364051e-16    
9.90249607693         5.31696260991e-15     3.72491357467e-16     5.31696260991e-15     3.72491357467e-16     3.5419520503e-15      -6.11519434111e-16    
10.082808647          5.68660283959e-15     4.02138538528e-16     5.68660283959e-15     4.02138538528e-16     3.75498321696e-15     -6.55489521694e-16    
10.263121217          6.06956797985e-15     4.33097529348e-16     6.06956797985e-15     4.33097529348e-16     3.97311962262e-15     -7.00866009256e-16    
10.4434337871         6.46590388479e-15     4.65380153905e-16     6.46590388479e-15     4.65380153905e-16     4.19627364712e-15     -7.47625881987e-16    
10.6237463571         6.87565417106e-15     4.98997751737e-16     6.87565417106e-15     4.98997751737e-16     4.42435965788e-15     -7.95745806973e-16    
10.8040589272         7.298860372e-15       5.33961206171e-16     7.298860372e-15       5.33961206171e-16     4.65729398617e-15     -8.45202203442e-16    
10.9843714973         7.73556207827e-15     5.70280970459e-16     7.73556207827e-15     5.70280970459e-16     4.89499489745e-15     -8.95971305074e-16    
11.1646840673         8.18579706648e-15     6.07967092002e-16     8.18579706648e-15     6.07967092002e-16     5.1373825576e-15      -9.48029215259e-16    
11.3449966374         8.64960141696e-15     6.47029234828e-16     8.64960141696e-15     6.47029234828e-16     5.3843789959e-15      -1.00135195606e-15    
11.5253092074         9.12700962185e-15     6.87476700482e-16     9.12700962185e-15     6.87476700482e-16     5.63590806573e-15     -1.05591551159e-15    
11.7056217775         9.61805468434e-15     7.29318447458e-16     9.61805468434e-15     7.29318447458e-16     5.89189540363e-15     -1.11169586639e-15    
11.8859343475         1.01227682101e-14     7.72563109295e-16     1.01227682101e-14     7.72563109295e-16     6.15226838725e-15     -1.16866903934e-15    
12.0662469176         1.06411804917e-14     8.17219011456e-16     1.06411804917e-14     8.17219011456e-16     6.41695609269e-15     -1.2268111136e-15     
12.2465594876         1.1173320586e-14      8.63294187072e-16     1.1173320586e-14      8.63294187072e-16     6.68588925147e-15     -1.28609826304e-15    
12.4268720577         1.17192163863e-14     9.10796391666e-16     1.17192163863e-14     9.10796391666e-16     6.95900020753e-15     -1.34650677539e-15    
12.6071846278         1.22788946891e-14     9.59733116918e-16     1.22788946891e-14     9.59733116918e-16     7.23622287449e-15     -1.40801307267e-15    
12.7874971978         1.28523812552e-14     1.01011160355e-15     1.28523812552e-14     1.01011160355e-15     7.51749269321e-15     -1.47059372903e-15    
12.9678097679         1.34397008676e-14     1.06193885342e-15     1.34397008676e-14     1.06193885342e-15     7.80274659001e-15     -1.53422548626e-15    
13.1481223379         1.40408773844e-14     1.11522164082e-15     1.40408773844e-14     1.11522164082e-15     8.09192293558e-15     -1.59888526738e-15    
13.328434908          1.46559337881e-14     1.16996652318e-15     1.46559337881e-14     1.16996652318e-15     8.38496150461e-15     -1.66455018835e-15    
13.508747478          1.52848922322e-14     1.22617985098e-15     1.52848922322e-14     1.22617985098e-15     8.68180343632e-15     -1.73119756809e-15    
13.6890600481         1.59277740838e-14     1.28386777724e-15     1.59277740838e-14     1.28386777724e-15     8.98239119587e-15     -1.7988049372e-15     
13.8693726181         1.65845999637e-14     1.34303626633e-15     1.65845999637e-14     1.34303626633e-15     9.28666853684e-15     -1.86735004517e-15    
14.0496851882         1.72553897844e-14     1.40369110231e-15     1.72553897844e-14     1.40369110231e-15     9.5945804645e-15      -1.93681086663e-15    
14.2299977582         1.79401627846e-14     1.46583789682e-15     1.79401627846e-14     1.46583789682e-15     9.90607320031e-15     -2.00716560638e-15    
14.4103103283         1.86389375624e-14     1.52948209648e-15     1.86389375624e-14     1.52948209648e-15     1.02210941473e-14     -2.07839270356e-15    
14.5906228984         1.93517321059e-14     1.59462898991e-15     1.93517321059e-14     1.59462898991e-15     1.05395918565e-14     -2.15047083501e-15    
14.7709354684         2.00785638224e-14     1.66128371439e-15     2.00785638224e-14     1.66128371439e-15     1.08615159945e-14     -2.22337891783e-15    
14.9512480385         2.0819449565e-14      1.72945126206e-15     2.0819449565e-14      1.72945126206e-15     1.1186817312e-14      -2.29709611125e-15    
15.1315606085         2.15744056587e-14     1.79913648589e-15     2.15744056587e-14     1.79913648589e-15     1.15154476133e-14     -2.37160181797e-15    
15.3118731786         2.23434479239e-14     1.87034410532e-15     2.23434479239e-14     1.87034410532e-15     1.18473597271e-14     -2.44687568495e-15    
15.4921857486         2.31265916993e-14     1.94307871153e-15     2.31265916993e-14     1.94307871153e-15     1.21825074779e-14     -2.52289760365e-15    
15.6724983187         2.3923851863e-14      2.01734477254e-15     2.3923851863e-14      2.01734477254e-15     1.25208456591e-14     -2.59964770997e-15    
15.8528108887         2.47352428526e-14     2.09314663797e-15     2.47352428526e-14     2.09314663797e-15     1.28623300068e-14     -2.67710638368e-15    
16.0331234588         2.5560778684e-14      2.17048854361e-15     2.5560778684e-14      2.17048854361e-15     1.32069171746e-14     -2.75525424765e-15    
16.2134360288         2.64004729698e-14     2.24937461571e-15     2.64004729698e-14     2.24937461571e-15     1.35545647104e-14     -2.83407216667e-15    
16.3937485989         2.72543389355e-14     2.32980887516e-15     2.72543389355e-14     2.32980887516e-15     1.39052310335e-14     -2.91354124605e-15    
16.574061169          2.8122389436e-14      2.41179524131e-15     2.8122389436e-14      2.41179524131e-15     1.42588754142e-14     -2.99364283004e-15    
16.754373739          2.90046369704e-14     2.49533753577e-15     2.90046369704e-14     2.49533753577e-15     1.46154579553e-14     -3.07435849998e-15    
16.9346863091         2.99010936966e-14     2.58043948592e-15     2.99010936966e-14     2.58043948592e-15     1.49749395762e-14     -3.15567007227e-15    
17.1149988791         3.08117714449e-14     2.66710472829e-15     3.08117714449e-14     2.66710472829e-15     1.53372820014e-14     -3.23755959625e-15    
17.2953114492         3.17366817304e-14     2.75533681178e-15     3.17366817304e-14     2.75533681178e-15     1.57024477553e-14     -3.32000935189e-15    
17.4756240192         3.26758357658e-14     2.84513920074e-15     3.26758357658e-14     2.84513920074e-15     1.60704001709e-14     -3.40300184738e-15    
17.6559365893         3.36292444729e-14     2.93651527791e-15     3.36292444729e-14     2.93651527791e-15     1.64411034255e-14     -3.48651981662e-15    
17.8362491593         3.45969184933e-14     3.0294683472e-15      3.45969184933e-14     3.0294683472e-15      1.68145226486e-14     -3.57054621663e-15    
18.0165617294         3.55788681993e-14     3.12400163638e-15     3.55788681993e-14     3.12400163638e-15     1.71906242912e-14     -3.65506422491e-15    
18.1968742995         3.65751037035e-14     3.22011829963e-15     3.65751037035e-14     3.22011829963e-15     1.75693786333e-14     -3.74005723668e-15    
18.3771868695         3.75856348686e-14     3.31782141999e-15     3.75856348686e-14     3.31782141999e-15     1.79507504444e-14     -3.82548884052e-15    
18.5574994396         3.86104713165e-14     3.41711401172e-15     3.86104713165e-14     3.41711401172e-15     1.83346892794e-14     -3.91135863229e-15    
18.7378120096         3.96496224366e-14     3.51799902248e-15     3.96496224366e-14     3.51799902248e-15     1.87211700488e-14     -3.99765320557e-15    
18.9181245797         4.0703097394e-14      3.62047933555e-15     4.0703097394e-14      3.62047933555e-15     1.91101621672e-14     -4.08435674365e-15    
19.0984371497         4.17709051379e-14     3.72455777183e-15     4.17709051379e-14     3.72455777183e-15     1.95016349013e-14     -4.17145363287e-15    
19.2787497198         4.28530544086e-14     3.83023709183e-15     4.28530544086e-14     3.83023709183e-15     1.98955578296e-14     -4.25892845974e-15    
19.4590622898         4.39495537445e-14     3.93751999757e-15     4.39495537445e-14     3.93751999757e-15     2.02919009607e-14     -4.34676600807e-15    
19.6393748599         4.50604114895e-14     4.04640913437e-15     4.50604114895e-14     4.04640913437e-15     2.06906347722e-14     -4.43495125609e-15    
19.8196874299         4.61856357992e-14     4.1569070926e-15      4.61856357992e-14     4.1569070926e-15      2.10917302216e-14     -4.52346937364e-15    
20                    0                     0                     0                     0                     0                     0                     
