0.0779191396          0                     0                     0                     0                     0                     0                     
0.087577837391        0.0119348251135       -0.000936513921818    0.0119348251135       -0.000936513921818    0.0178565428436       -0.0014322844364      
0.0972365351819       0.0717962240857       -0.0067149290141      0.0717962240857       -0.0067149290141      0.106543747648        -0.0097201013734      
0.106895232973        0.186922303005        -0.0212307925644      0.186922303005        -0.0212307925644      0.275293634267        -0.0292758020285      
0.116553930764        0.349106787783        -0.0476390114528      0.349106787783        -0.0476390114528      0.510594196747        -0.0632757847751      
0.126212628555        0.546873558519        -0.0887934158458      0.546873558519        -0.0887934158458      0.794770075185        -0.11456584438        
0.135871326346        0.76846575456         -0.147820319963       0.76846575456         -0.147820319963       1.11062056001         -0.186399086127       
0.145530024137        1.00148533737         -0.227485406216       1.00148533737         -0.227485406216       1.44119451387         -0.281724225749       
0.155188721928        1.23233553559         -0.327087521645       1.23233553559         -0.327087521645       1.76900291273         -0.399609171729       
0.164847419719        1.45077366228         -0.440314455355       1.45077366228         -0.440314455355       2.08102226874         -0.53278633624        
0.17450611751         1.65287702173         -0.560510801376       1.65287702173         -0.560510801376       2.37190242589         -0.673661635628       
0.184164815301        1.83779046784         -0.682556254337       1.83779046784         -0.682556254337       2.64011012965         -0.816388639128       
0.193823513091        2.00619229313         -0.803243155919       2.00619229313         -0.803243155919       2.88608922405         -0.957310245987       
0.203482210882        2.15931060082         -0.92084170745        2.15931060082         -0.92084170745        3.11111327521         -1.09446326056        
0.213140908673        2.29778544853         -1.03403383371        2.29778544853         -1.03403383371        3.31583352637         -1.22634399191        
0.222799606464        2.42335860645         -1.1418323553         2.42335860645         -1.1418323553         3.50234423582         -1.35183474431        
0.232458304255        2.53730347526         -1.24415986881        2.53730347526         -1.24415986881        3.67215594996         -1.47087662672        
0.242117002046        2.64089691029         -1.34120689691        2.64089691029         -1.34120689691        3.82686919792         -1.58369239756        
0.251775699837        2.73489952132         -1.43339467301        2.73489952132         -1.43339467301        3.96752675828         -1.69077459513        
0.261434397628        2.8196952339          -1.52082517445        2.8196952339          -1.52082517445        4.09470226795         -1.79224684223        
0.271093095419        2.89580324552         -1.60346566563        2.89580324552         -1.60346566563        4.2091653618          -1.88808791726        
0.28075179321         2.96383795094         -1.68105769989        2.96383795094         -1.68105769989        4.31179569657         -1.97801919018        
0.290410491001        3.02469651898         -1.75366749522        3.02469651898         -1.75366749522        4.4037641463          -2.06212232118        
0.300069188792        3.07919296794         -1.82137849234        3.07919296794         -1.82137849234        4.48615759234         -2.14050639609        
0.309727886583        3.12815366464         -1.88452195328        3.12815366464         -1.88452195328        4.5600759803          -2.21355764705        
0.319386584374        3.1722040027          -1.94350499591        3.1722040027          -1.94350499591        4.6263657919          -2.28174826744        
0.329045282165        3.21179863252         -1.99884636871        3.21179863252         -1.99884636871        4.68569679344         -2.34567393418        
0.338703979956        3.24721007525         -2.05089942039        3.24721007525         -2.05089942039        4.7384938322          -2.40574646508        
0.348362677747        3.27867389949         -2.10006616815        3.27867389949         -2.10006616815        4.78515964794         -2.46243630868        
0.358021375538        3.30614067099         -2.14642848874        3.30614067099         -2.14642848874        4.82572018711         -2.51583939139        
0.367680073329        3.32969366589         -2.18967547459        3.32969366589         -2.18967547459        4.86037256092         -2.56557689388        
0.37733877112         3.35004006463         -2.23074683972        3.35004006463         -2.23074683972        4.89005986943         -2.61279103467        
0.386997468911        3.36717354962         -2.26963444327        3.36717354962         -2.26963444327        4.91486550673         -2.65744463712        
0.396656166702        3.38089503496         -2.30611156831        3.38089503496         -2.30611156831        4.93462037934         -2.69928457743        
0.406314864492        3.39167023321         -2.34022738555        3.39167023321         -2.34022738555        4.94994548732         -2.73836581426        
0.415973562283        3.39951689698         -2.372146363          3.39951689698         -2.372146363          4.96094963019         -2.77488704828        
0.425632260074        3.40466835875         -2.40165711279        3.40466835875         -2.40165711279        4.96793144996         -2.80860265487        
0.435290957865        3.40749033866         -2.42897237058        3.40749033866         -2.42897237058        4.97141440083         -2.83977045939        
0.444949655656        3.4080368261          -2.45398794718        3.4080368261          -2.45398794718        4.97147287716         -2.86826630541        
0.454608353447        3.40671365981         -2.47691942959        3.40671365981         -2.47691942959        4.96867137163         -2.89433973231        
0.464267051238        3.40361582441         -2.49780672683        3.40361582441         -2.49780672683        4.96314303965         -2.91804148711        
0.473925749029        3.39898377391         -2.51676496132        3.39898377391         -2.51676496132        4.95522879237         -2.93950506861        
0.48358444682         3.39297071904         -2.53394537223        3.39297071904         -2.53394537223        4.94513729908         -2.95890485527        
0.493243144611        3.38563033712         -2.54937670747        3.38563033712         -2.54937670747        4.93294467988         -2.97627508623        
0.502901842402        3.37732617327         -2.56331020344        3.37732617327         -2.56331020344        4.91915689485         -2.99190268948        
0.512560540193        3.36778183894         -2.57596695973        3.36778183894         -2.57596695973        4.90346788004         -3.00604556576        
0.522219237984        3.35733820938         -2.58684462098        3.35733820938         -2.58684462098        4.88623433202         -3.0181263512         
0.531877935775        3.34635680292         -2.59700342569        3.34635680292         -2.59700342569        4.86809099754         -3.02936812055        
0.541536633566        3.3343059501          -2.60592566836        3.3343059501          -2.60592566836        4.84828095289         -3.03916948918        
0.551195331357        3.3215494762          -2.6138970126         3.3215494762          -2.6138970126         4.82731986281         -3.04786153796        
0.560854029148        3.30804162108         -2.6209319403         3.30804162108         -2.6209319403         4.80517014975         -3.05546174776        
0.570512726939        3.29368598627         -2.62704850313        3.29368598627         -2.62704850313        4.78170674119         -3.06198766275        
0.58017142473         3.27881943654         -2.63256723751        3.27881943654         -2.63256723751        4.75742809536         -3.06781602853        
0.589830122521        3.26316936441         -2.63729677364        3.26316936441         -2.63729677364        4.7319792939          -3.07272307576        
0.599488820312        3.24679827401         -2.6413957867         3.24679827401         -2.6413957867         4.70546529471         -3.07689417677        
0.609147518103        3.22967560271         -2.64490238851        3.22967560271         -2.64490238851        4.67786540399         -3.08036997974        
0.618806215893        3.21200183532         -2.6476603112         3.21200183532         -2.6476603112         4.64945325991         -3.08297823954        
0.628464913684        3.19354837994         -2.64987706686        3.19354837994         -2.64987706686        4.61996700726         -3.0849519534         
0.638123611475        3.17443163938         -2.65153136574        3.17443163938         -2.65153136574        4.58954866397         -3.08627471376        
0.647782309266        3.15461970961         -2.65245726135        3.15461970961         -2.65245726135        4.55817458442         -3.08674544509        
0.657441007057        3.13440411025         -2.65307845758        3.13440411025         -2.65307845758        4.52621413045         -3.08687882164        
0.667099704848        3.1134291636          -2.65293778238        3.1134291636          -2.65293778238        4.49325518212         -3.08615155531        
0.676758402639        3.09151608876         -2.65200541737        3.09151608876         -2.65200541737        4.45905527537         -3.0844849631         
0.68641710043         3.06918087171         -2.65056222258        3.06918087171         -2.65056222258        4.42428776841         -3.08222555696        
0.696075798221        3.04634514891         -2.64857512154        3.04634514891         -2.64857512154        4.38884898028         -3.07934137146        
0.705734496012        3.02310124783         -2.64613910123        3.02310124783         -2.64613910123        4.35289065403         -3.07594246208        
0.715393193803        2.9992229027          -2.64302171589        2.9992229027          -2.64302171589        4.31610724884         -3.07175830507        
0.725051891594        2.97491512083         -2.63938359257        2.97491512083         -2.63938359257        4.27875959649         -3.0669708836         
0.734710589385        2.95013902869         -2.63505368901        2.95013902869         -2.63505368901        4.2408216014          -3.06138923802        
0.744369287176        2.92504843804         -2.63023870933        2.92504843804         -2.63023870933        4.20249151738         -3.05524869694        
0.754027984967        2.89942111172         -2.62474336113        2.89942111172         -2.62474336113        4.16348123882         -3.04832617372        
0.763686682758        2.87342795794         -2.61861732381        2.87342795794         -2.61861732381        4.12400452402         -3.04067968806        
0.773345380549        2.84717503287         -2.61191438364        2.84717503287         -2.61191438364        4.08420961015         -3.03237037519        
0.78300407834         2.82063535042         -2.60463746806        2.82063535042         -2.60463746806        4.04405921608         -3.02340281003        
0.792662776131        2.79410912178         -2.59686183773        2.79410912178         -2.59686183773        4.00389965458         -3.0138612895         
0.802321473922        2.76679984763         -2.58822382496        2.76679984763         -2.58822382496        3.96282700959         -3.00333408503        
0.811980171713        2.73958651156         -2.57918893623        2.73958651156         -2.57918893623        3.92185471126         -2.99235169943        
0.821638869504        2.71222112741         -2.56959048269        2.71222112741         -2.56959048269        3.88069611913         -2.98072367742        
0.831297567294        2.68469971846         -2.55941469234        2.68469971846         -2.55941469234        3.83935232237         -2.96843448278        
0.840956265085        2.65713164604         -2.54879200722        2.65713164604         -2.54879200722        3.79796519007         -2.95563314353        
0.850614962876        2.62930017089         -2.53750416631        2.62930017089         -2.53750416631        3.75623728374         -2.94206941718        
0.860273660667        2.6015012792          -2.52581865025        2.6015012792          -2.52581865025        3.71457943541         -2.92805293979        
0.869932358458        2.5735756306          -2.51360544155        2.5735756306          -2.51360544155        3.67276023091         -2.91343063666        
0.879591056249        2.54566871559         -2.50097425664        2.54566871559         -2.50097425664        3.63098648892         -2.89833485195        
0.88924975404         2.5176289143          -2.48778295657        2.5176289143          -2.48778295657        3.58905606834         -2.88259592923        
0.898908451831        2.48957022655         -2.47429070105        2.48957022655         -2.47429070105        3.54712608011         -2.86651893817        
0.908567149622        2.46168446851         -2.46012142819        2.46168446851         -2.46012142819        3.50535399451         -2.84968129           
0.918225847413        2.43364176268         -2.44583779699        2.43364176268         -2.44583779699        3.46342716504         -2.83271430074        
0.927884545204        2.40538608667         -2.43108366445        2.40538608667         -2.43108366445        3.42122829906         -2.81520761301        
0.937543242995        2.37659276905         -2.4157117853         2.37659276905         -2.4157117853         3.37837040625         -2.79699351868        
0.947201940786        2.34842213866         -2.40027278372        2.34842213866         -2.40027278372        3.33627312391         -2.77869793571        
0.956860638577        2.31945614071         -2.38401603201        2.31945614071         -2.38401603201        3.29316630596         -2.75946308318        
0.966519336368        2.29006368935         -2.36701877062        2.29006368935         -2.36701877062        3.24948328411         -2.73937614949        
0.976178034159        2.25956415412         -2.3488198744         2.25956415412         -2.3488198744         3.20429027941         -2.7179025588         
0.98583673195         2.22403104005         -2.32508185166        2.22403104005         -2.32508185166        3.15201393138         -2.69002541066        
0.995495429741        2.18595398308         -2.29837854201        2.18595398308         -2.29837854201        3.09619738491         -2.65872556446        
1.00515412753         2.14863959501         -2.2723248282         2.14863959501         -2.2723248282         3.04155473202         -2.62818700237        
1.01481282532         2.11229268377         -2.24692917223        2.11229268377         -2.24692917223        2.9883297908          -2.59841647574        
1.02447152311         2.07629997063         -2.22175897363        2.07629997063         -2.22175897363        2.9357330996          -2.5689119398         
1.0341302209          2.04092487699         -2.19686953668        2.04092487699         -2.19686953668        2.88407473294         -2.53973320458        
1.0437889187          2.00633008641         -2.17252675637        2.00633008641         -2.17252675637        2.83357273783         -2.51119779112        
1.05344761649         1.9720830645          -2.14836324559        1.9720830645          -2.14836324559        2.78364187774         -2.48288086842        
1.06310631428         1.9383642961          -2.12454569036        1.9383642961          -2.12454569036        2.73453615212         -2.45497353995        
1.07276501207         1.90511971029         -2.10097044045        1.90511971029         -2.10097044045        2.68616698556         -2.4273539519         
1.08242370986         1.8724284901          -2.07772469077        1.8724284901          -2.07772469077        2.63865602515         -2.40012694272        
1.09208240765         1.83990937871         -2.05461173196        1.83990937871         -2.05461173196        2.59149473984         -2.37305846047        
1.10174110544         1.80788361577         -2.03162513685        1.80788361577         -2.03162513685        2.54507982964         -2.34614540288        
1.11139980323         1.77636327439         -2.00902022025        1.77636327439         -2.00902022025        2.49944157835         -2.31970018435        
1.12105850102         1.74525412808         -1.98664970628        1.74525412808         -1.98664970628        2.45445115489         -2.2935318869         
1.13071719881         1.71444698418         -1.96446527355        1.71444698418         -1.96446527355        2.40997046927         -2.2675864028         
1.14037589661         1.68408961866         -1.94249112559        1.68408961866         -1.94249112559        2.36617753563         -2.24189095813        
1.1500345944          1.65400377768         -1.92061966023        1.65400377768         -1.92061966023        2.32286162064         -2.21632355621        
1.15969329219         1.62433066563         -1.89895476808        1.62433066563         -1.89895476808        2.28018976482         -2.19100279241        
1.16935198998         1.59501063364         -1.8774454604         1.59501063364         -1.8774454604         2.23808085356         -2.16587053807        
1.17901068777         1.56609659608         -1.85609699172        1.56609659608         -1.85609699172        2.19660285512         -2.14093299445        
1.18866938556         1.53740560269         -1.83472632079        1.53740560269         -1.83472632079        2.15550070775         -2.11597780513        
1.19832808335         1.50938456678         -1.81383274055        1.50938456678         -1.81383274055        2.11539576033         -2.09158343533        
1.20798678114         1.48154100871         -1.79281718126        1.48154100871         -1.79281718126        2.07559114806         -2.06705548695        
1.21764547893         1.45416156234         -1.7720226531         1.45416156234         -1.7720226531         2.03649064186         -2.04279159687        
1.22730417672         1.42712722881         -1.7513030869         1.42712722881         -1.7513030869         1.99791905142         -2.01862229698        
1.23696287451         1.40048422072         -1.73071743753        1.40048422072         -1.73071743753        1.95996973987         -1.99461687588        
1.24662157231         1.37435852207         -1.71030947857        1.37435852207         -1.71030947857        1.92271857388         -1.97082346086        
1.2562802701          1.3485612383          -1.69000403701        1.3485612383          -1.69000403701        1.88600235194         -1.94715824302        
1.26593896789         1.32316572334         -1.66979781562        1.32316572334         -1.66979781562        1.8498825133          -1.92361649075        
1.27559766568         1.29813033331         -1.64964975187        1.29813033331         -1.64964975187        1.81430472778         -1.90015180209        
1.28525636347         1.27384637149         -1.62994304954        1.27384637149         -1.62994304954        1.7797509587          -1.87721213509        
1.29491506126         1.24976929118         -1.61026360344        1.24976929118         -1.61026360344        1.74553668267         -1.85430908068        
1.30457375905         1.2260569001          -1.59071195487        1.2260569001          -1.59071195487        1.71185465063         -1.83156039654        
1.31423245684         1.20280237104         -1.57142973773        1.20280237104         -1.57142973773        1.67883864201         -1.80912904166        
1.32389115463         1.17991590489         -1.55234747675        1.17991590489         -1.55234747675        1.64636790773         -1.78693598472        
1.33354985242         1.15733454294         -1.53308800731        1.15733454294         -1.53308800731        1.61434135924         -1.7645351706         
1.34320855022         1.13518687368         -1.51435109281        1.13518687368         -1.51435109281        1.58295901087         -1.74274455388        
1.35286724801         1.11338078401         -1.49561561933        1.11338078401         -1.49561561933        1.55206256378         -1.72096523468        
1.3625259458          1.0921697489          -1.47732703644        1.0921697489          -1.47732703644        1.52198694612         -1.69970423161        
1.37218464359         1.07116210625         -1.45904209816        1.07116210625         -1.45904209816        1.49224364923         -1.67845661158        
1.38184334138         1.05054779425         -1.44101221179        1.05054779425         -1.44101221179        1.46306062499         -1.65750614162        
1.39150203917         1.03034046663         -1.42324279985        1.03034046663         -1.42324279985        1.43445994013         -1.63685975098        
1.40116073696         1.01045674921         -1.40568515904        1.01045674921         -1.40568515904        1.40633974767         -1.61646403347        
1.41081943475         0.991027518312        -1.38842902308        0.991027518312        -1.38842902308        1.37885307138         -1.59642133071        
1.42047813254         0.971643463961        -1.37115575287        0.971643463961        -1.37115575287        1.35149749715         -1.57636670893        
1.43013683033         0.952731822919        -1.35426030672        0.952731822919        -1.35426030672        1.32479463757         -1.55675498358        
1.43979552812         0.934155255721        -1.33764004194        0.934155255721        -1.33764004194        1.29858184874         -1.5374648431         
1.44945422592         0.915785550603        -1.321187692          0.915785550603        -1.321187692          1.27269243264         -1.51837188926        
1.45911292371         0.897746642053        -1.30497493017        0.897746642053        -1.30497493017        1.24728552938         -1.49955940915        
1.4687716215          0.879956653461        -1.28897309819        0.879956653461        -1.28897309819        1.22226240172         -1.48099428326        
1.47843031929         0.862350717755        -1.27314574163        0.862350717755        -1.27314574163        1.19752635877         -1.46263329411        
1.48808901708         0.844987389928        -1.25747848226        0.844987389928        -1.25747848226        1.17316022902         -1.44446168218        
1.49774771487         0.827896661481        -1.24203453861        0.827896661481        -1.24203453861        1.14920515684         -1.42655146945        
1.50740641266         0.811021053782        -1.22674608405        0.811021053782        -1.22674608405        1.12558093771         -1.40882476213        
1.51706511045         0.794372104456        -1.21159762826        0.794372104456        -1.21159762826        1.10230059947         -1.39126397408        
1.52672380824         0.77795336361         -1.19666846412        0.77795336361         -1.19666846412        1.07937448352         -1.37396004089        
1.53638250603         0.761777068713        -1.18180430519        0.761777068713        -1.18180430519        1.05680554257         -1.35673558735        
1.54604120383         0.74584320645         -1.16714856639        0.74584320645         -1.16714856639        1.03460057789         -1.33976116269        
1.55569990162         0.730144268556        -1.15266251978        0.730144268556        -1.15266251978        1.01274360619         -1.32298559585        
1.56535859941         0.7146201212          -1.13828835046        0.7146201212          -1.13828835046        0.991160698745        -1.30634391012        
1.5750172972          0.69928343632         -1.12398941905        0.69928343632         -1.12398941905        0.96986238179         -1.28979305518        
1.58467599499         0.684122632424        -1.1097380468         0.684122632424        -1.1097380468         0.948837832958        -1.27329527722        
1.59433469278         0.669256586856        -1.09563760891        0.669256586856        -1.09563760891        0.928228881982        -1.25697791183        
1.60399339057         0.654722584619        -1.08179370932        0.654722584619        -1.08179370932        0.908093023415        -1.24096157528        
1.61365208836         0.640385603385        -1.06799038875        0.640385603385        -1.06799038875        0.88824146057         -1.22499578826        
1.62331078615         0.626327713603        -1.05437248951        0.626327713603        -1.05437248951        0.868788931219        -1.20924718573        
1.63296948394         0.612503976022        -1.04085379778        0.612503976022        -1.04085379778        0.849671300857        -1.19361689174        
1.64262818173         0.598971138326        -1.02750633594        0.598971138326        -1.02750633594        0.83095942949         -1.17818953543        
1.65228687953         0.585727888845        -1.01439443997        0.585727888845        -1.01439443997        0.812655516833        -1.16303745763        
1.66194557732         0.572754131069        -1.00147970579        0.572754131069        -1.00147970579        0.794732866957        -1.14811568909        
1.67160427511         0.560057154192        -0.98880558654        0.560057154192        -0.98880558654        0.777201514903        -1.13347274987        
1.6812629729          0.547705419626        -0.976434419599       0.547705419626        -0.976434419599       0.760150117165        -1.11918035607        
1.69092167069         0.536253329561        -0.965483085408       0.536253329561        -0.965483085408       0.744357067327        -1.10651901313        
1.70058036848         0.5290174831          -0.961917127844       0.5290174831          -0.961917127844       0.734419533573        -1.10232422011        
1.71023906627         0.521361525339        -0.95752555187        0.521361525339        -0.95752555187        0.723908794186        -1.09718497138        
1.71989776406         0.513454761378        -0.952566882249       0.513454761378        -0.952566882249       0.713055091289        -1.09139710092        
1.72955646185         0.50535633091         -0.947171507643       0.50535633091         -0.947171507643       0.70194134915         -1.08511379897        
1.73921515964         0.497103326413        -0.941398838372       0.497103326413        -0.941398838372       0.690621095033        -1.07839950595        
1.74887385744         0.488703545515        -0.93527724482        0.488703545515        -0.93527724482        0.679107239622        -1.0712867523         
1.75853255523         0.480190751115        -0.92883960061        0.480190751115        -0.92883960061        0.667445358488        -1.06381363886        
1.76819125302         0.47155566786         -0.922108816786       0.47155566786         -0.922108816786       0.65562722034         -1.05600735261        
1.77784995081         0.462797316611        -0.915084587884       0.462797316611        -0.915084587884       0.643654220919        -1.04786737713        
1.7875086486          0.453903182141        -0.907690054083       0.453903182141        -0.907690054083       0.631509799784        -1.03929965991        
1.79716734639         0.445008453595        -0.900086797417       0.445008453595        -0.900086797417       0.619363317079        -1.03049902319        
1.80682604418         0.436044448846        -0.892261508441       0.436044448846        -0.892261508441       0.60713189301         -1.02144800607        
1.81648474197         0.427039412084        -0.884206929878       0.427039412084        -0.884206929878       0.594851792515        -1.01213642131        
1.82614343976         0.417970328542        -0.875924381307       0.417970328542        -0.875924381307       0.58249591752         -1.00256578923        
1.83580213755         0.40888896562         -0.867442628751       0.40888896562         -0.867442628751       0.570128556935        -0.992768980134       
1.84546083534         0.399742925294        -0.858729478171       0.399742925294        -0.858729478171       0.557689669774        -0.982710566333       
1.85511953314         0.390585306405        -0.849835241025       0.390585306405        -0.849835241025       0.545241486139        -0.972448168271       
1.86477823093         0.381463348602        -0.840762725478       0.381463348602        -0.840762725478       0.532842685536        -0.961984068212       
1.87443692872         0.372239772191        -0.831469905877       0.372239772191        -0.831469905877       0.520327676624        -0.951270335251       
1.88409562651         0.363071698776        -0.822016523752       0.363071698776        -0.822016523752       0.507889125874        -0.940375248711       
1.8937543243          0.353919265141        -0.812391307625       0.353919265141        -0.812391307625       0.495478428204        -0.929286296159       
1.90341302209         0.344785030908        -0.802609471364       0.344785030908        -0.802609471364       0.483098405948        -0.918021414904       
1.91307171988         0.335695573846        -0.792684268338       0.335695573846        -0.792684268338       0.470781943489        -0.906595107408       
1.92273041767         0.326630653785        -0.782600847798       0.326630653785        -0.782600847798       0.458506516009        -0.894990361006       
1.93238911546         0.317639817244        -0.772395635084       0.317639817244        -0.772395635084       0.446331731941        -0.88324896573        
1.94204781325         0.308677571835        -0.762069709126       0.308677571835        -0.762069709126       0.434202648101        -0.871372784506       
1.95170651105         0.299740829266        -0.751545679395       0.299740829266        -0.751545679395       0.422113395432        -0.859267794593       
1.96136520884         0.290921913839        -0.740943083962       0.290921913839        -0.740943083962       0.410180534815        -0.84707742953        
1.97102390663         0.282225360517        -0.730263134114       0.282225360517        -0.730263134114       0.398407725524        -0.834802010167       
1.98068260442         0.273624614105        -0.71950569277        0.273624614105        -0.71950569277        0.386762133018        -0.822440331675       
1.99034130221         0.265108986411        -0.708694701723       0.265108986411        -0.708694701723       0.37523520491         -0.810020192829       
2                     0.256690671608        -0.697823188427       0.256690671608        -0.697823188427       0.363837387159        -0.797532672922       
2.001                 0.255816924941        -0.696691656828       0.255816924941        -0.696691656828       0.362655614561        -0.796233117972       
2.22278619698         0.0936785820337       -0.445727875345       0.0936785820337       -0.445727875345       0.143247053112        -0.508579657211       
2.44457239396         0.00359940009893      -0.232658784146       0.00359940009893      -0.232658784146       0.0195156362373       -0.265108273312       
2.66635859094         -0.0238619033302      -0.0896881534682      -0.0238619033302      -0.0896881534682      -0.022130479068       -0.102096903086       
2.88814478792         -0.0152891804104      -0.0173640145261      -0.0152891804104      -0.0173640145261      -0.01634066264        -0.0197608796773      
3.1099309849          -0.000743142598311    -0.000149988983671    -0.000743142598311    -0.000149988983671    -0.000800964785063    -0.000171262210074    
3.1109309849          -0.000720243701524    -0.000143763875967    -0.000720243701524    -0.000143763875967    -0.00077620047849     -0.000164154916062    
3.1279309849          -0.000389496559918    -6.08844575784e-05    -0.000389496559918    -6.08844575784e-05    -0.000418931647669    -6.94837412159e-05    
3.1449309849          -0.000160200794073    -1.1238586228e-05     -0.000160200794073    -1.1238586228e-05     -0.000171860650413    -1.27095221115e-05    
3.1619309849          -2.43493596412e-05    1.66020842878e-05     -2.43493596412e-05    1.66020842878e-05     -2.58352367716e-05    1.91817794593e-05     
3.1789309849          4.49800701561e-06     5.89973272528e-05     4.49800701561e-06     5.89973272528e-05     5.33159596073e-06     6.56439890467e-05     
3.1959309849          8.46672359652e-06     0.000158129547852     8.46672359652e-06     0.000158129547852     9.93545712111e-06     0.000171638433207     
3.2129309849          1.18634446543e-05     0.000267630546479     1.18634446543e-05     0.000267630546479     1.38647447941e-05     0.000287694551137     
3.2299309849          1.44890382697e-05     0.000374499480234     1.44890382697e-05     0.000374499480234     1.68947165801e-05     0.000400137784417     
3.2309309849          1.46193858555e-05     0.000380566139924     1.46193858555e-05     0.000380566139924     1.70449211439e-05     0.000406496883908     
3.41124355495         1.25432308558e-05     0.000855911120134     1.25432308558e-05     0.000855911120134     1.45205839009e-05     0.000885611356264     
3.59155612501         1.84467279186e-06     0.000588921598714     1.84467279186e-06     0.000588921598714     2.11967736726e-06     0.000596438823439     
3.77186869506         -1.32561528371e-06    0.000261810305673     -1.32561528371e-06    0.000261810305673     -1.53988466274e-06    0.000260359193603     
3.95218126512         -8.82620633131e-07    7.6646375811e-05      -8.82620633131e-07    7.6646375811e-05      -1.02207896185e-06    7.49994979894e-05     
4.13249383517         -1.59253010341e-07    9.44715520838e-06     -1.59253010341e-07    9.44715520838e-06     -1.84216405207e-07    9.11232777559e-06     
4.31280640523         2.36083663544e-06     5.05638233689e-08     2.36083663544e-06     5.05638233689e-08     2.25025188517e-06     9.06174436914e-08     
4.49311897528         6.84119080903e-06     1.73726012564e-07     6.84119080903e-06     1.73726012564e-07     6.45127905034e-06     2.40828461955e-07     
4.67343154534         6.14613444817e-06     1.77716150526e-07     6.14613444817e-06     1.77716150526e-07     5.72690038918e-06     2.04629407649e-07     
4.85374411539         3.81877205025e-06     1.22468814523e-07     3.81877205025e-06     1.22468814523e-07     3.51422874576e-06     1.21540350515e-07     
5.03405668545         1.91589317351e-06     6.69114759019e-08     1.91589317351e-06     6.69114759019e-08     1.74097054759e-06     5.87208226297e-08     
5.2143692555          8.23249894824e-07     3.08938230877e-08     8.23249894824e-07     3.08938230877e-08     7.38676263023e-07     2.44310409218e-08     
5.39468182556         3.11929210994e-07     1.24505606475e-08     3.11929210994e-07     1.24505606475e-08     2.76374306042e-07     8.99266008757e-09     
5.57499439561         1.05972397096e-07     4.46338643679e-09     1.05972397096e-07     4.46338643679e-09     9.27215625594e-08     2.98416262755e-09     
5.75530696567         3.2621997596e-08      1.44064473398e-09     3.2621997596e-08      1.44064473398e-09     2.81908369343e-08     8.98525541671e-10     
5.93561953572         9.16407780779e-09     4.22138221567e-10     9.16407780779e-09     4.22138221567e-10     7.82274983413e-09     2.4824277918e-10      
6.11593210578         2.36106916994e-09     1.12960027391e-10     2.36106916994e-09     1.12960027391e-10     1.99115846311e-09     6.30047664006e-11     
6.29624467583         5.59983694452e-10     2.7724943715e-11      5.59983694452e-10     2.7724943715e-11      4.66638036259e-10     1.47437966218e-11     
6.47655724589         1.22607029329e-10     6.2625922177e-12      1.22607029329e-10     6.2625922177e-12      1.00973892119e-10     3.19843833141e-12     
6.65686981594         2.48358715365e-11     1.3053117555e-12      2.48358715365e-11     1.3053117555e-12      2.02170623669e-11     6.43098881376e-13     
6.837182386           4.66447611051e-12     2.51674563205e-13     4.66447611051e-12     2.51674563205e-13     3.75368082202e-12     1.20063637543e-13     
7.01749495605         8.16737093784e-13     4.51493531185e-14     8.16737093784e-13     4.51493531185e-14     6.49872303563e-13     2.09263073785e-14     
7.19780752611         1.31623953286e-13     7.44170718021e-15     1.31623953286e-13     7.44170718021e-15     1.03575733095e-13     3.36283249143e-15     
7.37812009616         2.33856946793e-14     1.35014208847e-15     2.33856946793e-14     1.35014208847e-15     1.82016884435e-14     5.97322089046e-16     
7.55843266622         7.8552266464e-15      4.62462711344e-16     7.8552266464e-15      4.62462711344e-16     6.04812360667e-15     2.00807923795e-16     
7.73874523627         1.89997407934e-15     1.13923914442e-16     1.89997407934e-15     1.13923914442e-16     1.4473551946e-15      4.8659328061e-17      
7.91905780633         2.11440134452e-15     1.28978864432e-16     2.11440134452e-15     1.28978864432e-16     1.5938428739e-15      5.42992466795e-17     
8.09937037638         2.34134476832e-15     1.45151647103e-16     2.34134476832e-15     1.45151647103e-16     1.74670213104e-15     6.03410812547e-17     
8.27968294644         2.58089714532e-15     1.62463247764e-16     2.58089714532e-15     1.62463247764e-16     1.90583002945e-15     6.68001611297e-17     
8.45999551649         2.83314520059e-15     1.80933554776e-16     2.83314520059e-15     1.80933554776e-16     2.07113632254e-15     7.36918441427e-17     
8.64030808655         3.09817014076e-15     2.00581439763e-16     3.09817014076e-15     2.00581439763e-16     2.24251888362e-15     8.11060960307e-17     
8.8206206566          3.3760481421e-15      2.21424830454e-16     3.3760481421e-15      2.21424830454e-16     2.4198001588e-15      8.90132427839e-17     
9.00093322665         3.6668507844e-15      2.43480776961e-16     3.6668507844e-15      2.43480776961e-16     2.6029014822e-15      9.74170534123e-17     
9.18124579671         3.97064543765e-15     2.66765512193e-16     3.97064543765e-15     2.66765512193e-16     2.79172442675e-15     1.06333871477e-16     
9.36155836676         4.28749560777e-15     2.91294507018e-16     4.28749560777e-15     2.91294507018e-16     2.9861700699e-15      1.15779908908e-16     
9.54187093682         4.61746124653e-15     3.17082520715e-16     4.61746124653e-15     3.17082520715e-16     3.18614077954e-15     1.25771226231e-16     
9.72218350687         4.96059903007e-15     3.44143647205e-16     4.96059903007e-15     3.44143647205e-16     3.39154076235e-15     1.36323715907e-16     
9.90249607693         5.31696260991e-15     3.72491357467e-16     5.31696260991e-15     3.72491357467e-16     3.60227635566e-15     1.47453088417e-16     
10.082808647          5.68660283959e-15     4.02138538528e-16     5.68660283959e-15     4.02138538528e-16     3.81825628794e-15     1.5917486075e-16      
10.263121217          6.06956797985e-15     4.33097529348e-16     6.06956797985e-15     4.33097529348e-16     4.03939205496e-15     1.71504347e-16        
10.4434337871         6.46590388479e-15     4.65380153905e-16     6.46590388479e-15     4.65380153905e-16     4.26559871221e-15     1.84456650813e-16     
10.6237463571         6.87565417106e-15     4.98997751737e-16     6.87565417106e-15     4.98997751737e-16     4.49679732428e-15     1.98046659441e-16     
10.8040589272         7.298860372e-15       5.33961206171e-16     7.298860372e-15       5.33961206171e-16     4.73293865913e-15     2.12290866161e-16     
10.9843714973         7.73556207827e-15     5.70280970459e-16     7.73556207827e-15     5.70280970459e-16     4.97388898449e-15     2.27316913727e-16     
11.1646840673         8.18579706648e-15     6.07967092002e-16     8.18579706648e-15     6.07967092002e-16     5.21952094787e-15     2.43038828011e-16     
11.3449966374         8.64960141696e-15     6.47029234828e-16     8.64960141696e-15     6.47029234828e-16     5.4697790886e-15      2.59471314008e-16     
11.5253092074         9.12700962185e-15     6.87476700482e-16     9.12700962185e-15     6.87476700482e-16     5.72458985504e-15     2.76628845313e-16     
11.7056217775         9.61805468434e-15     7.29318447458e-16     9.61805468434e-15     7.29318447458e-16     5.98387866272e-15     2.94525663815e-16     
11.8859343475         1.01227682101e-14     7.72563109295e-16     1.01227682101e-14     7.72563109295e-16     6.24757167661e-15     3.1317578002e-16      
12.0662469176         1.06411804917e-14     8.17219011456e-16     1.06411804917e-14     8.17219011456e-16     6.51559630636e-15     3.32592973946e-16     
12.2465594876         1.1173320586e-14      8.63294187072e-16     1.1173320586e-14      8.63294187072e-16     6.78788138127e-15     3.5279079647e-16      
12.4268720577         1.17192163863e-14     9.10796391666e-16     1.17192163863e-14     9.10796391666e-16     7.06435721425e-15     3.73782571104e-16     
12.6071846278         1.22788946891e-14     9.59733116918e-16     1.22788946891e-14     9.59733116918e-16     7.34495561975e-15     3.95581396109e-16     
12.7874971978         1.28523812552e-14     1.01011160355e-15     1.28523812552e-14     1.01011160355e-15     7.62960991049e-15     4.18200146903e-16     
12.9678097679         1.34397008676e-14     1.06193885342e-15     1.34397008676e-14     1.06193885342e-15     7.91825488427e-15     4.41651478725e-16     
13.1481223379         1.40408773844e-14     1.11522164082e-15     1.40408773844e-14     1.11522164082e-15     8.21082680653e-15     4.65947829502e-16     
13.328434908          1.46559337881e-14     1.16996652318e-15     1.46559337881e-14     1.16996652318e-15     8.50726339225e-15     4.91101422895e-16     
13.508747478          1.52848922322e-14     1.22617985098e-15     1.52848922322e-14     1.22617985098e-15     8.80750378989e-15     5.17124271478e-16     
13.6890600481         1.59277740838e-14     1.28386777724e-15     1.59277740838e-14     1.28386777724e-15     9.1114885701e-15      5.4402818004e-16      
13.8693726181         1.65845999637e-14     1.34303626633e-15     1.65845999637e-14     1.34303626633e-15     9.4191597225e-15      5.7182474897e-16      
14.0496851882         1.72553897844e-14     1.40369110231e-15     1.72553897844e-14     1.40369110231e-15     9.73046066614e-15     6.00525377712e-16     
14.2299977582         1.79401627846e-14     1.46583789682e-15     1.79401627846e-14     1.46583789682e-15     1.00453362825e-14     6.30141268271e-16     
14.4103103283         1.86389375624e-14     1.52948209648e-15     1.86389375624e-14     1.52948209648e-15     1.0363732989e-14      6.6068342875e-16      
14.5906228984         1.93517321059e-14     1.59462898991e-15     1.93517321059e-14     1.59462898991e-15     1.06855988901e-14     6.92162676911e-16     
14.7709354684         2.00785638224e-14     1.66128371439e-15     2.00785638224e-14     1.66128371439e-15     1.10108840976e-14     7.24589643735e-16     
14.9512480385         2.0819449565e-14      1.72945126206e-15     2.0819449565e-14      1.72945126206e-15     1.13395414864e-14     7.57974776987e-16     
15.1315606085         2.15744056587e-14     1.79913648589e-15     2.15744056587e-14     1.79913648589e-15     1.16715289428e-14     7.92328344759e-16     
15.3118731786         2.23434479239e-14     1.87034410532e-15     2.23434479239e-14     1.87034410532e-15     1.20068216484e-14     8.27660438999e-16     
15.4921857486         2.31265916993e-14     1.94307871153e-15     2.31265916993e-14     1.94307871153e-15     1.23453888327e-14     8.6409898439e-16      
15.6724983187         2.3923851863e-14      2.01734477254e-15     2.3923851863e-14      2.01734477254e-15     1.26870381911e-14     9.01584730989e-16     
15.8528108887         2.47352428526e-14     2.09314663797e-15     2.47352428526e-14     2.09314663797e-15     1.30317748273e-14     9.40090635697e-16     
16.0331234588         2.5560778684e-14      2.17048854361e-15     2.5560778684e-14      2.17048854361e-15     1.33795625467e-14     9.79626477105e-16     
16.2134360288         2.64004729698e-14     2.24937461571e-15     2.64004729698e-14     2.24937461571e-15     1.37303601837e-14     1.02020187374e-15     
16.3937485989         2.72543389355e-14     2.32980887516e-15     2.72543389355e-14     2.32980887516e-15     1.40841255679e-14     1.06182628724e-15     
16.574061169          2.8122389436e-14      2.41179524131e-15     2.8122389436e-14      2.41179524131e-15     1.44408165443e-14     1.10450902553e-15     
16.754373739          2.90046369704e-14     2.49533753577e-15     2.90046369704e-14     2.49533753577e-15     1.48003913465e-14     1.14825924589e-15     
16.9346863091         2.99010936966e-14     2.58043948592e-15     2.99010936966e-14     2.58043948592e-15     1.51628087575e-14     1.19308595801e-15     
17.1149988791         3.08117714449e-14     2.66710472829e-15     3.08117714449e-14     2.66710472829e-15     1.55280281842e-14     1.23899802698e-15     
17.2953114492         3.17366817304e-14     2.75533681178e-15     3.17366817304e-14     2.75533681178e-15     1.58960096918e-14     1.28600417621e-15     
17.4756240192         3.26758357658e-14     2.84513920074e-15     3.26758357658e-14     2.84513920074e-15     1.6266714017e-14      1.33411299036e-15     
17.6559365893         3.36292444729e-14     2.93651527791e-15     3.36292444729e-14     2.93651527791e-15     1.66401025703e-14     1.38333291808e-15     
17.8362491593         3.45969184933e-14     3.0294683472e-15      3.45969184933e-14     3.0294683472e-15      1.70161374317e-14     1.43367227488e-15     
18.0165617294         3.55788681993e-14     3.12400163638e-15     3.55788681993e-14     3.12400163638e-15     1.73947813429e-14     1.48513924576e-15     
18.1968742995         3.65751037035e-14     3.22011829963e-15     3.65751037035e-14     3.22011829963e-15     1.77759976968e-14     1.53774188792e-15     
18.3771868695         3.75856348686e-14     3.31782141999e-15     3.75856348686e-14     3.31782141999e-15     1.81597505259e-14     1.59148813336e-15     
18.5574994396         3.86104713165e-14     3.41711401172e-15     3.86104713165e-14     3.41711401172e-15     1.85460044898e-14     1.64638579139e-15     
18.7378120096         3.96496224366e-14     3.51799902248e-15     3.96496224366e-14     3.51799902248e-15     1.89347248624e-14     1.70244255118e-15     
18.9181245797         4.0703097394e-14      3.62047933555e-15     4.0703097394e-14      3.62047933555e-15     1.93258775191e-14     1.75966598416e-15     
19.0984371497         4.17709051379e-14     3.72455777183e-15     4.17709051379e-14     3.72455777183e-15     1.97194289232e-14     1.81806354643e-15     
19.2787497198         4.28530544086e-14     3.83023709183e-15     4.28530544086e-14     3.83023709183e-15     2.01153461139e-14     1.87764258105e-15     
19.4590622898         4.39495537445e-14     3.93751999757e-15     4.39495537445e-14     3.93751999757e-15     2.05135966927e-14     1.93841032041e-15     
19.6393748599         4.50604114895e-14     4.04640913437e-15     4.50604114895e-14     4.04640913437e-15     2.09141488118e-14     2.00037388836e-15     
19.8196874299         4.61856357992e-14     4.1569070926e-15      4.61856357992e-14     4.1569070926e-15      2.1316971161e-14      2.06354030248e-15     
20                    0                     0                     0                     0                     0                     0                     
