0.0779191396          0                     0                     0                     0                     0                     0                     
0.087577837391        0.0213854845841       0.00181653704833      0.0213854845841       0.00181653704833      0.0232807272684       0.00112670348508      
0.0972365351819       0.128689827428        0.00804225922044      0.128689827428        0.00804225922044      0.138439616488        0.00477133462628      
0.106895232973        0.3348175104          0.015276634136        0.3348175104          0.015276634136        0.356632949552        0.00852053942161      
0.116553930764        0.625302623599        0.0194876160457       0.625302623599        0.0194876160457       0.660123371267        0.00967571514601      
0.126212628555        0.980122284633        0.0173801900989       0.980122284633        0.0173801900989       1.02626069767         0.00605431447745      
0.135871326346        1.38091049213         0.00675374519         1.38091049213         0.00675374519         1.43493996896         -0.00378470442623     
0.145530024137        1.81210540023         -0.0142101203149      1.81210540023         -0.0142101203149      1.86974393274         -0.0210500769318      
0.155188721928        2.2616002377          -0.0461965380029      2.2616002377          -0.0461965380029      2.31822281978         -0.0461630731181      
0.164847419719        2.72081727247         -0.0899522098678      2.72081727247         -0.0899522098678      2.7716376095          -0.0796401159472      
0.17450611751         3.18225382376         -0.146749491061       3.18225382376         -0.146749491061       3.22282973124         -0.122376506381       
0.184164815301        3.64095364123         -0.217370537046       3.64095364123         -0.217370537046       3.66714854036         -0.174913768367       
0.193823513091        4.09164798198         -0.303323910144       4.09164798198         -0.303323910144       4.10012309185         -0.238337409914       
0.203482210882        4.52920734159         -0.404708445609       4.52920734159         -0.404708445609       4.51772736575         -0.312722280727       
0.213140908673        4.94960370575         -0.522404127446       4.94960370575         -0.522404127446       4.91692753272         -0.398718683516       
0.222799606464        5.34713280709         -0.654757741646       5.34713280709         -0.654757741646       5.29366307375         -0.495151792979       
0.232458304255        5.71795930383         -0.798040054453       5.71795930383         -0.798040054453       5.64526187516         -0.599350747394       
0.242117002046        6.06032056323         -0.94755006042        6.06032056323         -0.94755006042        5.97061361592         -0.707949476625       
0.251775699837        6.37490674096         -1.09963298246        6.37490674096         -1.09963298246        6.27049429302         -0.818357235106       
0.261434397628        6.66338857712         -1.25041173268        6.66338857712         -1.25041173268        6.54627722101         -0.927757213805       
0.271093095419        6.92792807148         -1.39900761025        6.92792807148         -1.39900761025        6.79980484156         -1.0355277612         
0.28075179321         7.17005347867         -1.54342691206        7.17005347867         -1.54342691206        7.03247121385         -1.14024128851        
0.290410491001        7.39237848172         -1.6824609247         7.39237848172         -1.6824609247         7.24638762072         -1.24102217648        
0.300069188792        7.59708332213         -1.81603241917        7.59708332213         -1.81603241917        7.44337120272         -1.337820028          
0.309727886583        7.78607379587         -1.94489459881        7.78607379587         -1.94489459881        7.62506648982         -1.43118071837        
0.319386584374        7.9599152653          -2.06966377971        7.9599152653          -2.06966377971        7.79209602173         -1.5215480051         
0.329045282165        8.11897415307         -2.19048482335        8.11897415307         -2.19048482335        7.94498944909         -1.60903406512        
0.338703979956        8.26340144227         -2.3066548347         8.26340144227         -2.3066548347         8.08402958257         -1.6931334715         
0.348362677747        8.3941221965          -2.4173314028         8.3941221965          -2.4173314028         8.21011288415         -1.77324862452        
0.358021375538        8.5121581065          -2.52166831659        8.5121581065          -2.52166831659        8.32411387705         -1.84876808735        
0.367680073329        8.6195738385          -2.61936321975        8.6195738385          -2.61936321975        8.42776950749         -1.9194786563         
0.37733877112         8.71778851322         -2.71049074667        8.71778851322         -2.71049074667        8.52220794563         -1.98543427824        
0.386997468911        8.80830646148         -2.79567000165        8.80830646148         -2.79567000165        8.60871126543         -2.0470859386         
0.396656166702        8.89169766171         -2.87426342287        8.89169766171         -2.87426342287        8.68775450414         -2.10394151654        
0.406314864492        8.97035029589         -2.94936148073        8.97035029589         -2.94936148073        8.76130880542         -2.15827040637        
0.415973562283        9.04399612507         -3.02137885667        9.04399612507         -3.02137885667        8.82927523396         -2.21035640928        
0.425632260074        9.11213504872         -3.09091597691        9.11213504872         -3.09091597691        8.89136542006         -2.26062777322        
0.435290957865        9.17634140829         -3.15865874628        9.17634140829         -3.15865874628        8.94890628492         -2.309570719          
0.444949655656        9.23252088691         -3.22469519403        9.23252088691         -3.22469519403        8.99895539243         -2.35729171368        
0.454608353447        9.28481661433         -3.28952206777        9.28481661433         -3.28952206777        9.04472217919         -2.40410870632        
0.464267051238        9.33003701077         -3.35212228434        9.33003701077         -3.35212228434        9.08387062804         -2.44930258308        
0.473925749029        9.36999976175         -3.4132528033         9.36999976175         -3.4132528033         9.11789852412         -2.49342467007        
0.48358444682         9.40415689616         -3.47235815462        9.40415689616         -3.47235815462        9.14646836339         -2.53607393733        
0.493243144611        9.43234134223         -3.52908429976        9.43234134223         -3.52908429976        9.16945455197         -2.57699870837        
0.502901842402        9.45499611987         -3.58325768538        9.45499611987         -3.58325768538        9.18732982363         -2.6160739225         
0.512560540193        9.47294067843         -3.63470440446        9.47294067843         -3.63470440446        9.20078011439         -2.65317725439        
0.522219237984        9.48541379878         -3.68299216108        9.48541379878         -3.68299216108        9.20913261515         -2.68800033642        
0.531877935775        9.49420771591         -3.72828621549        9.49420771591         -3.72828621549        9.21408023379         -2.72066665714        
0.541536633566        9.49857282711         -3.77019056269        9.49857282711         -3.77019056269        9.21481554536         -2.75086271008        
0.551195331357        9.49971582565         -3.80891014876        9.49971582565         -3.80891014876        9.21239737337         -2.77877942359        
0.560854029148        9.4976734261          -3.84463710819        9.4976734261          -3.84463710819        9.20687182106         -2.80453548181        
0.570512726939        9.49255079789         -3.87716697137        9.49255079789         -3.87716697137        9.19829203713         -2.82798070924        
0.58017142473         9.48550057427         -3.90687380635        9.48550057427         -3.90687380635        9.1877111147          -2.84938985814        
0.589830122521        9.47590442023         -3.93364627419        9.47590442023         -3.93364627419        9.17454631476         -2.86867468788        
0.599488820312        9.46470896702         -3.95779080193        9.46470896702         -3.95779080193        9.15960600229         -2.88605891434        
0.609147518103        9.45229722279         -3.97960661213        9.45229722279         -3.97960661213        9.14326166088         -2.90175842818        
0.618806215893        9.43775433005         -3.99888753001        9.43775433005         -3.99888753001        9.12462176397         -2.91562239179        
0.628464913684        9.42239466819         -4.01633150659        9.42239466819         -4.01633150659        9.10496774399         -2.92816020473        
0.638123611475        9.40665781417         -4.03183470539        9.40665781417         -4.03183470539        9.08452636272         -2.93928582277        
0.647782309266        9.3893453818          -4.04593798417        9.3893453818          -4.04593798417        9.06243605949         -2.94939749909        
0.657441007057        9.37127938503         -4.05851020686        9.37127938503         -4.05851020686        9.03936283444         -2.95839566035        
0.667099704848        9.35272113142         -4.06996714751        9.35272113142         -4.06996714751        9.01553541929         -2.96658608296        
0.676758402639        9.33320734443         -4.08027788448        9.33320734443         -4.08027788448        8.99057516703         -2.97394011969        
0.68641710043         9.31289379465         -4.08968962573        9.31289379465         -4.08968962573        8.964653182           -2.98063895048        
0.696075798221        9.2915798965          -4.09817309607        9.2915798965          -4.09817309607        8.93761069197         -2.98666176991        
0.705734496012        9.26993224395         -4.10624465706        9.26993224395         -4.10624465706        8.91005697229         -2.99238123585        
0.715393193803        9.24721578605         -4.11365662119        9.24721578605         -4.11365662119        8.88135952118         -2.99761972944        
0.725051891594        9.22361477558         -4.12055333833        9.22361477558         -4.12055333833        8.85170955905         -3.00247986662        
0.734710589385        9.1990831246          -4.1270392095         9.1990831246          -4.1270392095         8.82109408428         -3.00703835714        
0.744369287176        9.17370686223         -4.13321847613        9.17370686223         -4.13321847613        8.78961933917         -3.01136899044        
0.754027984967        9.14718798553         -4.13899387931        9.14718798553         -4.13899387931        8.75702806862         -3.0154021807         
0.763686682758        9.11957625165         -4.14444779727        9.11957625165         -4.14444779727        8.72337508753         -3.01919806711        
0.773345380549        9.0912199373          -4.14967543874        9.0912199373          -4.14967543874        8.68899897713         -3.02282713932        
0.78300407834         9.06119977656         -4.15457550686        9.06119977656         -4.15457550686        8.65314359465         -3.02621574529        
0.792662776131        9.03000268298         -4.15901336952        9.03000268298         -4.15901336952        8.61616220915         -3.02926673346        
0.802321473922        8.99730493803         -4.16296739751        8.99730493803         -4.16296739751        8.57800170345         -3.03196125016        
0.811980171713        8.96359549101         -4.16631671155        8.96359549101         -4.16631671155        8.53886008575         -3.03420601655        
0.821638869504        8.92861641332         -4.16924581646        8.92861641332         -4.16924581646        8.49860576502         -3.03615012115        
0.831297567294        8.89254939588         -4.17188402397        8.89254939588         -4.17188402397        8.4573754939          -3.0378827907         
0.840956265085        8.85540338769         -4.17431897014        8.85540338769         -4.17431897014        8.41522738629         -3.03946862446        
0.850614962876        8.81642576549         -4.17613084723        8.81642576549         -4.17613084723        8.37146828521         -3.04060291892        
0.860273660667        8.77650883604         -4.17763987872        8.77650883604         -4.17763987872        8.32694383192         -3.04151649663        
0.869932358458        8.7349770627          -4.17851210385        8.7349770627          -4.17851210385        8.28102430116         -3.04196385491        
0.879591056249        8.69208731699         -4.17883703617        8.69208731699         -4.17883703617        8.23397546892         -3.04201475651        
0.88924975404         8.64762904921         -4.17850211348        8.64762904921         -4.17850211348        8.18561235458         -3.0415866038         
0.898908451831        8.60182275015         -4.17753094187        8.60182275015         -4.17753094187        8.13611866558         -3.04069660379        
0.908567149622        8.55424600968         -4.17570424783        8.55424600968         -4.17570424783        8.08511256736         -3.03918712318        
0.918225847413        8.50510278693         -4.17305502052        8.50510278693         -4.17305502052        8.03281236671         -3.03708100845        
0.927884545204        8.45425608775         -4.16948344624        8.45425608775         -4.16948344624        7.97904313847         -3.03430761789        
0.937543242995        8.40140515949         -4.16478157374        8.40140515949         -4.16478157374        7.92356150675         -3.03071431703        
0.947201940786        8.34686748066         -4.15907180751        8.34686748066         -4.15907180751        7.86666095156         -3.02639074197        
0.956860638577        8.28972262957         -4.1518324192         8.28972262957         -4.1518324192         7.80746789617         -3.02095814544        
0.966519336368        8.22979687646         -4.14292792701        8.22979687646         -4.14292792701        7.74580305244         -3.01431768539        
0.976178034159        8.1648005056          -4.1311293252         8.1648005056          -4.1311293252         7.67953944031         -3.00557538843        
0.98583673195         8.08046382241         -4.10913852912        8.08046382241         -4.10913852912        7.59526209674         -2.98942367021        
0.995495429741        7.98550231704         -4.08116579911        7.98550231704         -4.08116579911        7.50117404205         -2.96892546183        
1.00515412753         7.89231963574         -4.0537020022         7.89231963574         -4.0537020022         7.40896648174         -2.94880172573        
1.01481282532         7.80117261259         -4.02656241501        7.80117261259         -4.02656241501        7.31881694986         -2.92892249136        
1.02447152311         7.71125650929         -3.99928011583        7.71125650929         -3.99928011583        7.22997838238         -2.90894307429        
1.0341302209          7.62230594671         -3.97211114986        7.62230594671         -3.97211114986        7.14223465078         -2.88905335088        
1.0437889187          7.53489609223         -3.94501966613        7.53489609223         -3.94501966613        7.05606872644         -2.86922508061        
1.05344761649         7.44785853826         -3.9174697034         7.44785853826         -3.9174697034         6.97039675165         -2.84906899275        
1.06310631428         7.36202902059         -3.88991033748        7.36202902059         -3.88991033748        6.88598426248         -2.82891010075        
1.07276501207         7.27683722879         -3.86207887129        7.27683722879         -3.86207887129        6.80231144167         -2.80856210798        
1.08242370986         7.19303480419         -3.83423263443        7.19303480419         -3.83423263443        6.72000192045         -2.78821068091        
1.09208240765         7.11010515834         -3.80614391112        7.11010515834         -3.80614391112        6.6386461611          -2.76768622837        
1.10174110544         7.02762470255         -3.77757671961        7.02762470255         -3.77757671961        6.55781475292         -2.74680792475        
1.11139980323         6.9464915358          -3.74920592103        6.9464915358          -3.74920592103        6.47831902077         -2.72609357133        
1.12105850102         6.86626863019         -3.7207373726         6.86626863019         -3.7207373726         6.39976762698         -2.70531309678        
1.13071719881         6.78705846286         -3.692126663          6.78705846286         -3.692126663          6.32223573809         -2.68443062526        
1.14037589661         6.70850696499         -3.66333730123        6.70850696499         -3.66333730123        6.24542185938         -2.6634237042         
1.1500345944          6.63109190105         -3.63455263215        6.63109190105         -3.63455263215        6.16973996389         -2.64242520075        
1.15969329219         6.55465566342         -3.60566408234        6.55465566342         -3.60566408234        6.09504401891         -2.62135317791        
1.16935198998         6.47925406003         -3.5767455126         6.47925406003         -3.5767455126         6.02136060167         -2.60026239922        
1.17901068777         6.40476613664         -3.54775815854        6.40476613664         -3.54775815854        5.94860718573         -2.57912463082        
1.18866938556         6.33075233502         -3.518459361          6.33075233502         -3.518459361          5.87635135629         -2.55776352869        
1.19832808335         6.25893050034         -3.48982284794        6.25893050034         -3.48982284794        5.80618956993         -2.53688549092        
1.20798678114         6.18722466896         -3.46071722023        6.18722466896         -3.46071722023        5.73618765467         -2.5156688688         
1.21764547893         6.11687892921         -3.43187478239        6.11687892921         -3.43187478239        5.66749768136         -2.49464484496        
1.22730417672         6.04732962367         -3.40297211042        6.04732962367         -3.40297211042        5.59959963704         -2.47357945473        
1.23696287451         5.97931570135         -3.37448153228        5.97931570135         -3.37448153228        5.53317458363         -2.45281593426        
1.24662157231         5.91138586233         -3.3455769997         5.91138586233         -3.3455769997         5.46686413719         -2.43175239427        
1.2562802701          5.84491511587         -3.31703515248        5.84491511587         -3.31703515248        5.40195125748         -2.41095431781        
1.26593896789         5.77921573958         -3.28864085098        5.77921573958         -3.28864085098        5.33781687302         -2.39026339846        
1.27559766568         5.71461572572         -3.26058067776        5.71461572572         -3.26058067776        5.27475218155         -2.36981827803        
1.28525636347         5.65174876563         -3.23253390528        5.65174876563         -3.23253390528        5.21321806202         -2.34938211583        
1.29491506126         5.58907395028         -3.2046498233         5.58907395028         -3.2046498233         5.15198939168         -2.32906618739        
1.30457375905         5.52715785847         -3.1769137934         5.52715785847         -3.1769137934         5.09150140943         -2.30885767602        
1.31423245684         5.46645846673         -3.14955431891        5.46645846673         -3.14955431891        5.03217399798         -2.28892282295        
1.32389115463         5.40680587273         -3.12250908096        5.40680587273         -3.12250908096        4.97383685871         -2.2692156478         
1.33354985242         5.34785967143         -3.09563580736        5.34785967143         -3.09563580736        4.91621965454         -2.24963596698        
1.34320855022         5.28991140481         -3.06908180842        5.28991140481         -3.06908180842        4.85955240638         -2.23028638624        
1.35286724801         5.23247615612         -3.04264299855        5.23247615612         -3.04264299855        4.80341237696         -2.21102166908        
1.3625259458          5.17640075129         -3.01673252088        5.17640075129         -3.01673252088        4.7485506674          -2.19214067513        
1.37218464359         5.12090336531         -2.99103514295        5.12090336531         -2.99103514295        4.6942750485          -2.17341386857        
1.38184334138         5.06616735049         -2.9656272817         5.06616735049         -2.9656272817         4.64074775161         -2.15489755959        
1.39150203917         5.01213603299         -2.94045310325        5.01213603299         -2.94045310325        4.58794705506         -2.13655189864        
1.40116073696         4.95919527222         -2.91583951181        4.95919527222         -2.91583951181        4.53614513416         -2.11861161931        
1.41081943475         4.9067625805          -2.8914274968         4.9067625805          -2.8914274968         4.48489641488         -2.10081710306        
1.42047813254         4.85522429112         -2.86738929238        4.85522429112         -2.86738929238        4.43449378763         -2.08329497921        
1.43013683033         4.80438741324         -2.84370537737        4.80438741324         -2.84370537737        4.38479745253         -2.06602894887        
1.43979552812         4.75430731096         -2.82041001777        4.75430731096         -2.82041001777        4.33585429275         -2.04904499998        
1.44945422592         4.70479968888         -2.79740038747        4.70479968888         -2.79740038747        4.28749175302         -2.03226859677        
1.45911292371         4.65598647059         -2.77475971739        4.65598647059         -2.77475971739        4.23982501324         -2.01576008337        
1.4687716215          4.60788348967         -2.75251562805        4.60788348967         -2.75251562805        4.19286465561         -1.99953906918        
1.47843031929         4.56000947021         -2.73101365692        4.56000947021         -2.73101365692        4.14623567709         -1.98387518318        
1.48808901708         4.51331264186         -2.70895575106        4.51331264186         -2.70895575106        4.1006268391          -1.96777259519        
1.49774771487         4.46699411105         -2.68773938975        4.46699411105         -2.68773938975        4.05548785793         -1.95229955695        
1.50740641266         4.42088953847         -2.66651146698        4.42088953847         -2.66651146698        4.01065445241         -1.9368140844         
1.51706511045         4.37542329696         -2.64557303641        4.37542329696         -2.64557303641        3.96644861898         -1.92153765107        
1.52672380824         4.33076669292         -2.6250950406         4.33076669292         -2.6250950406         3.92302271295         -1.90659582878        
1.53638250603         4.28666251431         -2.6049559479         4.28666251431         -2.6049559479         3.88015357216         -1.89190148421        
1.54604120383         4.24326517913         -2.58527664564        4.24326517913         -2.58527664564        3.83798928286         -1.87754234372        
1.55569990162         4.20032734317         -2.56594633269        4.20032734317         -2.56594633269        3.79630744257         -1.86343834657        
1.56535859941         4.15787773956         -2.54691365851        4.15787773956         -2.54691365851        3.75513487447         -1.84954773038        
1.5750172972          4.11582157234         -2.52806083177        4.11582157234         -2.52806083177        3.71437231972         -1.83578985556        
1.58467599499         4.07418295893         -2.50938420612        4.07418295893         -2.50938420612        3.67409958551         -1.82216168922        
1.59433469278         4.03337101645         -2.49152357044        4.03337101645         -2.49152357044        3.63457008772         -1.80911880932        
1.60399339057         3.9932197031          -2.47393170875        3.9932197031          -2.47393170875        3.5957480862          -1.79627637855        
1.61365208836         3.95323820591         -2.4564941224         3.95323820591         -2.4564941224         3.55714660432         -1.7835477878         
1.62331078615         3.91391138211         -2.43946053831        3.91391138211         -2.43946053831        3.5192031015          -1.77111279226        
1.63296948394         3.87502030421         -2.42262298295        3.87502030421         -2.42262298295        3.48171348469         -1.75881349719        
1.64262818173         3.83667141574         -2.40624932657        3.83667141574         -2.40624932657        3.44478538561         -1.74686048917        
1.65228687953         3.79905722795         -2.39038263317        3.79905722795         -2.39038263317        3.4085854239          -1.73527600457        
1.66194557732         3.76208164774         -2.37496350344        3.76208164774         -2.37496350344        3.37303034283         -1.72401655024        
1.67160427511         3.72589044924         -2.3600456238         3.72589044924         -2.3600456238         3.33825011294         -1.7131220594         
1.6812629729          3.69062932361         -2.34575661145        3.69062932361         -2.34575661145        3.30437759614         -1.70268506061        
1.69092167069         3.66056995136         -2.33477550946        3.66056995136         -2.33477550946        3.27521934291         -1.69464865615        
1.70058036848         3.65848046754         -2.34175995872        3.65848046754         -2.34175995872        3.27114414888         -1.6996519237         
1.71023906627         3.65330664481         -2.34686995812        3.65330664481         -2.34686995812        3.26433279833         -1.70329393607        
1.71989776406         3.64591032031         -2.35068481115        3.64591032031         -2.35068481115        3.2555750932          -1.70599558387        
1.72955646185         3.6367343636          -2.35345986972        3.6367343636          -2.35345986972        3.24526436176         -1.70794260686        
1.73921515964         3.62597924388         -2.35530117275        3.62597924388         -2.35530117275        3.23358340083         -1.70921118011        
1.74887385744         3.61376828082         -2.35627525805        3.61376828082         -2.35627525805        3.22064634037         -1.70985027162        
1.75853255523         3.60019889898         -2.35642706677        3.60019889898         -2.35642706677        3.20654075469         -1.70989250377        
1.76819125302         3.58536183326         -2.35579362151        3.58536183326         -2.35579362151        3.19134952758         -1.70936516439        
1.77784995081         3.56932687863         -2.35440562685        3.56932687863         -2.35440562685        3.1751323236          -1.7082902342         
1.7875086486          3.55212599398         -2.35227119595        3.55212599398         -2.35227119595        3.15792506035         -1.7066746083         
1.79716734639         3.53380649783         -2.34940785769        3.53380649783         -2.34940785769        3.13976910779         -1.70453028609        
1.80682604418         3.5144154233          -2.34581374098        3.5144154233          -2.34581374098        3.12070758293         -1.70185578261        
1.81648474197         3.49401934141         -2.34153684153        3.49401934141         -2.34153684153        3.10079734477         -1.69868637126        
1.82614343976         3.47262021408         -2.33654063274        3.47262021408         -2.33654063274        3.08004593909         -1.69499587214        
1.83580213755         3.45032445936         -2.33086534439        3.45032445936         -2.33086534439        3.058540127           -1.69081402554        
1.84546083534         3.42708738003         -2.32453396457        3.42708738003         -2.32453396457        3.03625063052         -1.68615514065        
1.85511953314         3.4029294613          -2.31749644113        3.4029294613          -2.31749644113        3.01319653874         -1.68098663287        
1.86477823093         3.37872501735         -2.31036025087        3.37872501735         -2.31036025087        2.9900296613          -1.6757361756         
1.87443692872         3.35244845725         -2.30145601556        3.35244845725         -2.30145601556        2.96527143649         -1.66922614485        
1.88409562651         3.32591758843         -2.29247530414        3.32591758843         -2.29247530414        2.9402539145          -1.66265208807        
1.8937543243          3.29877881255         -2.28291347503        3.29877881255         -2.28291347503        2.91472366719         -1.6556545119         
1.90341302209         3.2709888064          -2.27268477492        3.2709888064          -2.27268477492        2.88865669611         -1.64817530457        
1.91307171988         3.24250488706         -2.26187160066        3.24250488706         -2.26187160066        2.86202561823         -1.64027402722        
1.92273041767         3.21341034029         -2.25046229493        3.21341034029         -2.25046229493        2.83489611983         -1.63194126738        
1.93238911546         3.18375381583         -2.23844400133        3.18375381583         -2.23844400133        2.80730744743         -1.62316767456        
1.94204781325         3.15356267743         -2.22588632085        3.15356267743         -2.22588632085        2.77928603966         -1.61400386705        
1.95170651105         3.12292105156         -2.21276562197        3.12292105156         -2.21276562197        2.75089779589         -1.60443331715        
1.96136520884         3.09170425332         -2.19906404626        3.09170425332         -2.19906404626        2.72204951988         -1.59444271624        
1.97102390663         3.06009529192         -2.18486022928        3.06009529192         -2.18486022928        2.69288597485         -1.58408894648        
1.98068260442         3.0281023837          -2.17014168884        3.0281023837          -2.17014168884        2.66341658962         -1.57336323161        
1.99034130221         2.99574040135         -2.15492549975        2.99574040135         -2.15492549975        2.63365467132         -1.56227795435        
2                     2.96301548972         -2.13923733618        2.96301548972         -2.13923733618        2.60360777689         -1.55085180029        
2.001                 2.95962668382         -2.13758166549        2.95962668382         -2.13758166549        2.60049596509         -1.54964551485        
2.20423625233         2.23884928738         -1.72868070023        2.23884928738         -1.72868070023        1.94609170721         -1.25235520569        
2.40747250465         1.5600115469          -1.28166074644        1.5600115469          -1.28166074644        1.33966744445         -0.927732546349       
2.61070875698         0.986729958256        -0.883400181814       0.986729958256        -0.883400181814       0.838430531118        -0.638832824192       
2.81394500931         0.560216324455        -0.55231600744        0.560216324455        -0.55231600744        0.472270167063        -0.399035526298       
3.01718126163         0.289822956131        -0.31261690654        0.289822956131        -0.31261690654        0.24232323743         -0.225644229813       
3.22041751396         0.134287972088        -0.162043892863       0.134287972088        -0.162043892863       0.111521917117        -0.116849418475       
3.42365376629         0.0548447392979       -0.0753724568374      0.0548447392979       -0.0753724568374      0.0453614655158       -0.0543047015848      
3.62689001861         0.0197703536249       -0.0315790583504      0.0197703536249       -0.0315790583504      0.0163116401833       -0.0227352659362      
3.83012627094         0.00608380267883      -0.0117840964291      0.00608380267883      -0.0117840964291      0.00503168815763      -0.00847902360104     
4.03336252327         0.00154258463464      -0.00389403775948     0.00154258463464      -0.00389403775948     0.0012899625737       -0.00280070267378     
4.23659877559         0.000291141611138     -0.00111812750042     0.000291141611138     -0.00111812750042     0.00025225937586      -0.000803977741996    
4.43983502792         2.58903979798e-05     -0.00026979932418     2.58903979798e-05     -0.00026979932418     2.71517393161e-05     -0.00019398169023     
4.64307128025         -6.43612862117e-06    -5.06213969755e-05    -6.43612862117e-06    -5.06213969755e-05    -3.29231654395e-06    -3.6403512009e-05     
4.84630753257         -3.01542119931e-06    -5.71455153384e-06    -3.01542119931e-06    -5.71455153384e-06    -2.03087347158e-06    -4.11272324991e-06    
5.0495437849          -1.37277516026e-07    -5.35128014476e-08    -1.37277516026e-07    -5.35128014476e-08    -9.56181443394e-08    -3.86363232374e-08    
5.0505437849          -1.32683488936e-07    -5.10575738482e-08    -1.32683488936e-07    -5.10575738482e-08    -9.24162414503e-08    -3.68638070737e-08    
5.0675437849          -6.81822201666e-08    -1.97934067471e-08    -6.81822201666e-08    -1.97934067471e-08    -4.74622390512e-08    -1.42831592977e-08    
5.0845437849          -2.65305624153e-08    -3.02886934042e-09    -2.65305624153e-08    -3.02886934042e-09    -1.84490901946e-08    -2.16234144771e-09    
5.1015437849          -3.9496357914e-09     5.04585489382e-09     -3.9496357914e-09     5.04585489382e-09     -2.73683415942e-09    3.68358961153e-09     
5.1185437849          2.60559517374e-10     1.2263509919e-08      2.60559517374e-10     1.2263509919e-08      1.93915759455e-10     8.79167656036e-09     
5.1355437849          4.46308542025e-10     2.53687937488e-08     4.46308542025e-10     2.53687937488e-08     3.2887563482e-10      1.78871450976e-08     
5.1525437849          5.74684943738e-10     3.75898937397e-08     5.74684943738e-10     3.75898937397e-08     4.21888100744e-10     2.63013893193e-08     
5.1695437849          6.49776818392e-10     4.75681173085e-08     6.49776818392e-10     4.75681173085e-08     4.76065200536e-10     3.31190630822e-08     
5.1705437849          6.52767173195e-10     4.80778288151e-08     6.52767173195e-10     4.80778288151e-08     4.7821342459e-10      3.34657193508e-08     
5.34921193207         3.03543736046e-10     5.0768243952e-08      3.03543736046e-10     5.0768243952e-08      2.21197705923e-10     3.4475523724e-08      
5.52788007924         4.26140238058e-11     1.85260710457e-08     4.26140238058e-11     1.85260710457e-08     3.09720831035e-11     1.23800825669e-08     
5.70654822641         -1.23531563282e-12    4.73911221053e-09     -1.23531563282e-12    4.73911221053e-09     -9.19773225369e-13    3.1236684475e-09      
5.88521637358         -2.10351805728e-12    9.36032821617e-10     -2.10351805728e-12    9.36032821617e-10     -1.53535818097e-12    6.09333568895e-10     
6.06388452075         -5.40453305484e-13    1.39467980809e-10     -5.40453305484e-13    1.39467980809e-10     -3.93950484357e-13    8.97508286666e-11     
6.24255266792         -6.86207576199e-14    1.30592680748e-11     -6.86207576199e-14    1.30592680748e-11     -4.99902653344e-14    8.31399883597e-12     
6.42122081509         -9.22857730525e-16    1.43063397862e-13     -9.22857730525e-16    1.43063397862e-13     -6.72062566792e-16    9.01663614689e-14     
6.59988896226         3.53418840196e-13     2.65254552422e-15     3.53418840196e-13     2.65254552422e-15     2.20683891345e-13     4.99175751324e-15     
6.77855710943         2.11785328791e-13     1.78905283991e-15     2.11785328791e-13     1.78905283991e-15     1.31130337266e-13     2.58168333569e-15     
6.9572252566          6.97907765829e-14     6.48888789053e-16     6.97907765829e-14     6.48888789053e-16     4.28468959919e-14     7.50938253059e-16     
7.13589340377         1.76992770204e-14     1.78253604247e-16     1.76992770204e-14     1.78253604247e-16     1.07737283562e-14     1.69538972544e-16     
7.31456155094         3.60768438516e-15     3.88912415024e-17     3.60768438516e-15     3.88912415024e-17     2.17726083514e-15     3.08646148827e-17     
7.49322969811         1.93531552546e-16     2.21274676627e-18     1.93531552546e-16     2.21274676627e-18     1.15801084694e-16     1.47809533882e-18     
7.67189784528         2.60565233022e-16     3.13691022736e-18     2.60565233022e-16     3.13691022736e-18     1.54583693812e-16     1.77154462463e-18     
7.85056599245         3.38082115666e-16     4.26057066673e-18     3.38082115666e-16     4.26057066673e-18     1.98878277131e-16     2.04521672628e-18     
8.02923413962         4.26306347328e-16     5.59672570427e-18     4.26306347328e-16     5.59672570427e-18     2.48676136816e-16     2.27375584336e-18     
8.20790228679         5.25443827479e-16     7.15744657529e-18     5.25443827479e-16     7.15744657529e-18     3.03957005278e-16     2.46653083095e-18     
8.38657043396         6.35683472783e-16     8.95396958612e-18     6.35683472783e-16     8.95396958612e-18     3.64695250822e-16     2.59262127164e-18     
8.56523858113         7.5719875309e-16      1.0996777307e-17      7.5719875309e-16      1.0996777307e-17      4.30876877869e-16     2.65899774936e-18     
8.7439067283          8.90149224398e-16     1.32956702301e-17     8.90149224398e-16     1.32956702301e-17     5.02436848057e-16     2.65747448787e-18     
8.92257487547         1.03468195453e-15     1.58598299549e-17     1.03468195453e-15     1.58598299549e-17     5.79344477459e-16     2.56686229074e-18     
9.10124302264         1.19093280852e-15     1.8697874977e-17      1.19093280852e-15     1.8697874977e-17      6.61572841176e-16     2.38271301252e-18     
9.27991116981         1.35902759084e-15     2.18179100632e-17     1.35902759084e-15     2.18179100632e-17     7.49050234922e-16     2.13206994938e-18     
9.45857931698         1.5390830539e-15      2.52275700734e-17     1.5390830539e-15      2.52275700734e-17     8.41718522332e-16     1.77894124042e-18     
9.63724746415         1.73120778641e-15     2.8934058972e-17      1.73120778641e-15     2.8934058972e-17      9.39532023782e-16     1.31719698244e-18     
9.81591561132         1.93550299594e-15     3.29441846621e-17     1.93550299594e-15     3.29441846621e-17     1.04244155165e-15     7.41220241545e-19     
9.99458375849         2.15206319916e-15     3.72643901822e-17     2.15206319916e-15     3.72643901822e-17     1.15041165189e-15     5.24058814741e-20     
10.1732519057         2.38097683196e-15     4.19007817274e-17     2.38097683196e-15     4.19007817274e-17     1.26335216684e-15     -7.12774101782e-19    
10.3519200528         2.62232679007e-15     4.6859153887e-17      2.62232679007e-15     4.6859153887e-17      1.38119801855e-15     -1.59522026123e-18    
10.5305882            2.87619090926e-15     5.21450124362e-17     2.87619090926e-15     5.21450124362e-17     1.50389879277e-15     -2.59802109322e-18    
10.7092563472         3.14264239321e-15     5.77635949715e-17     3.14264239321e-15     5.77635949715e-17     1.63139897539e-15     -3.72391308493e-18    
10.8879244943         3.42175019568e-15     6.37198896389e-17     3.42175019568e-15     6.37198896389e-17     1.76364289636e-15     -4.97530624655e-18    
11.0665926415         3.71357936282e-15     7.00186521692e-17     3.71357936282e-15     7.00186521692e-17     1.90057636647e-15     -6.35430792566e-18    
11.2452607887         4.0181913406e-15      7.66644214098e-17     4.0181913406e-15      7.66644214098e-17     2.04215106152e-15     -7.86274498433e-18    
11.4239289358         4.33564425157e-15     8.36615335128e-17     4.33564425157e-15     8.36615335128e-17     2.18832543911e-15     -9.46079931872e-18    
11.602597083          4.66599314469e-15     9.10141349235e-17     4.66599314469e-15     9.10141349235e-17     2.33898069731e-15     -1.11608703319e-17    
11.7812652302         5.00929022131e-15     9.87261942922e-17     5.00929022131e-15     9.87261942922e-17     2.49407838839e-15     -1.29838825566e-17    
11.9599333774         5.36558504011e-15     1.06801513419e-16     5.36558504011e-15     1.06801513419e-16     2.65356647147e-15     -1.49301798675e-17    
12.1386015245         5.73492470327e-15     1.15243737327e-16     5.73492470327e-15     1.15243737327e-16     2.81739115776e-15     -1.69999223787e-17    
12.3172696717         6.11735402608e-15     1.24056363551e-16     6.11735402608e-15     1.24056363551e-16     2.98549875616e-15     -1.91931010074e-17    
12.4959378189         6.51291569162e-15     1.33242750711e-16     6.51291569162e-15     1.33242750711e-16     3.15783618669e-15     -2.1509550951e-17     
12.674605966          6.92165039217e-15     1.42806126445e-16     6.92165039217e-15     1.42806126445e-16     3.33435125803e-15     -2.39489641587e-17    
12.8532741132         7.34359695873e-15     1.52749594755e-16     7.34359695873e-15     1.52749594755e-16     3.51499294387e-15     -2.65109008717e-17    
13.0319422604         7.77879247987e-15     1.63076142819e-16     7.77879247987e-15     1.63076142819e-16     3.69971184869e-15     -2.91948003007e-17    
13.2106104075         8.22727241085e-15     1.73788647319e-16     8.22727241085e-15     1.73788647319e-16     3.88846142521e-15     -3.19999905069e-17    
13.3892785547         8.6890706742e-15      1.84889880324e-16     8.6890706742e-15      1.84889880324e-16     4.08120424391e-15     -3.49256975453e-17    
13.5679467019         9.16421975229e-15     1.96382514775e-16     9.16421975229e-15     1.96382514775e-16     4.27790192297e-15     -3.79111390137e-17    
13.7466148491         9.65275077292e-15     2.08269129583e-16     9.65275077292e-15     2.08269129583e-16     4.4784310804e-15      -4.09869553111e-17    
13.9252829962         1.01546935884e-14     2.20552214407e-16     1.01546935884e-14     2.20552214407e-16     4.68276902466e-15     -4.41711015693e-17    
14.1039511434         1.06700768486e-14     2.332341741e-16       1.06700768486e-14     2.332341741e-16       4.89087301126e-15     -4.74621142624e-17    
14.2826192906         1.11989280692e-14     2.46317332884e-16     1.11989280692e-14     2.46317332884e-16     5.10269818389e-15     -5.08584677245e-17    
14.4612874377         1.17412736943e-14     2.59803938245e-16     1.17412736943e-14     2.59803938245e-16     5.31819956586e-15     -5.43585800364e-17    
14.6399555849         1.22971391552e-14     2.73696164595e-16     1.22971391552e-14     2.73696164595e-16     5.53733256918e-15     -5.79608184725e-17    
14.8186237321         1.28665489248e-14     2.87996116706e-16     1.28665489248e-14     2.87996116706e-16     5.76005318328e-15     -6.16635045418e-17    
14.9972918792         1.34495265685e-14     3.02705832926e-16     1.34495265685e-14     3.02705832926e-16     5.98631806012e-15     -6.54649186534e-17    
15.1759600264         1.40460947912e-14     3.17827288218e-16     1.40460947912e-14     3.17827288218e-16     6.21608455833e-15     -6.93633044341e-17    
15.3546281736         1.46562754821e-14     3.33362397004e-16     1.46562754821e-14     3.33362397004e-16     6.44931077008e-15     -7.33568727249e-17    
15.5332963208         1.52800897553e-14     3.49313015854e-16     1.52800897553e-14     3.49313015854e-16     6.68595554166e-15     -7.74438052792e-17    
15.7119644679         1.59175579889e-14     3.65680946018e-16     1.59175579889e-14     3.65680946018e-16     6.92597849467e-15     -8.16222581868e-17    
15.8906326151         1.65686998613e-14     3.82467935807e-16     1.65686998613e-14     3.82467935807e-16     7.16934005435e-15     -8.58903650409e-17    
16.0693007623         1.72335343847e-14     3.99675682854e-16     1.72335343847e-14     3.99675682854e-16     7.41600149385e-15     -9.02462398705e-17    
16.2479689094         1.79120799371e-14     4.1730583624e-16      1.79120799371e-14     4.1730583624e-16      7.66592501057e-15     -9.46879798525e-17    
16.4266370566         1.86043542924e-14     4.35359998506e-16     1.86043542924e-14     4.35359998506e-16     7.91907386909e-15     -9.92136678217e-17    
16.6053052038         1.93103746484e-14     4.53839727561e-16     1.93103746484e-14     4.53839727561e-16     8.17541269937e-15     -1.03821374592e-16    
16.7839733509         2.00301576529e-14     4.72746538484e-16     2.00301576529e-14     4.72746538484e-16     8.43490823493e-15     -1.08509161103e-16    
16.9626414981         2.07637194293e-14     4.92081905234e-16     2.07637194293e-14     4.92081905234e-16     8.69753184599e-15     -1.13275080407e-16    
17.1413096453         2.15110755991e-14     5.11847262273e-16     2.15110755991e-14     5.11847262273e-16     8.96328589052e-15     -1.18103596798e-16    
17.3199777925         2.22722413049e-14     5.32044006096e-16     2.22722413049e-14     5.32044006096e-16     9.23205806237e-15     -1.22914146872e-16    
17.4986459396         2.30472312308e-14     5.52673496703e-16     2.30472312308e-14     5.52673496703e-16     9.50380197655e-15     -1.27789125099e-16    
17.6773140868         2.38360596221e-14     5.73737058976e-16     2.38360596221e-14     5.73737058976e-16     9.77850041218e-15     -1.32726358659e-16    
17.855982234          2.46387403042e-14     5.95235984002e-16     2.46387403042e-14     5.95235984002e-16     1.00561241296e-14     -1.37723676029e-16    
18.0346503811         2.54552866998e-14     6.17171530327e-16     2.54552866998e-14     6.17171530327e-16     1.03366420462e-14     -1.42778908251e-16    
18.2133185283         2.62857118461e-14     6.39544925151e-16     2.62857118461e-14     6.39544925151e-16     1.06200227187e-14     -1.47889890108e-16    
18.3919866755         2.713002841e-14       6.62357365462e-16     2.713002841e-14       6.62357365462e-16     1.0906234799e-14      -1.53054461198e-16    
18.5706548226         2.79882487036e-14     6.85610019122e-16     2.79882487036e-14     6.85610019122e-16     1.11952472166e-14     -1.5827046693e-16     
18.7493229698         2.8860384698e-14      7.09304025898e-16     2.8860384698e-14      7.09304025898e-16     1.14870292631e-14     -1.63535759435e-16    
18.927991117          2.97464480369e-14     7.33440498448e-16     2.97464480369e-14     7.33440498448e-16     1.17815506331e-14     -1.6884819841e-16     
19.1066592642         3.06464500495e-14     7.58020523261e-16     3.06464500495e-14     7.58020523261e-16     1.20787814443e-14     -1.74205651884e-16    
19.2853274113         3.15604017624e-14     7.83045161556e-16     3.15604017624e-14     7.83045161556e-16     1.23786922474e-14     -1.79605996928e-16    
19.4639955585         3.24883139115e-14     8.08515450136e-16     3.24883139115e-14     8.08515450136e-16     1.26812540286e-14     -1.85047120297e-16    
19.6426637057         3.34301969523e-14     8.34432402213e-16     3.34301969523e-14     8.34432402213e-16     1.29864382094e-14     -1.90526919024e-16    
19.8213318528         3.43860610713e-14     8.60797008187e-16     3.43860610713e-14     8.60797008187e-16     1.32942166433e-14     -1.9604330096e-16     
20                    0                     0                     0                     0                     0                     0                     
