0.0779191396          0                     0                     0                     0                     0                     0                     
0.087577837391        0.0187873247502       0.00152339861694      0.0187873247502       0.00152339861694      0.0219490546788       0.000962481903187     
0.0972365351819       0.112320815616        0.00649091741465      0.112320815616        0.00649091741465      0.130008912364        0.00381917038089      
0.106895232973        0.291527963104        0.0114594164587       0.291527963104        0.0114594164587       0.334483639315        0.00589603069989      
0.116553930764        0.543864919159        0.012330028574        0.543864919159        0.012330028574        0.618839989387        0.00418294032848      
0.126212628555        0.852033137908        0.00587581432296      0.852033137908        0.00587581432296      0.961975654948        -0.00365666750492     
0.135871326346        1.20000372803         -0.0105108594137      1.20000372803         -0.0105108594137      1.34500892129         -0.0195424851257      
0.145530024137        1.57427143279         -0.0382050443409      1.57427143279         -0.0382050443409      1.75257130709         -0.0444389407697      
0.155188721928        1.96452793171         -0.0782807789686      1.96452793171         -0.0782807789686      2.17316784825         -0.0791292614282      
0.164847419719        2.363167064           -0.132551647018       2.363167064           -0.132551647018       2.59847010171         -0.12505098573        
0.17450611751         2.76258747632         -0.202254878895       2.76258747632         -0.202254878895       3.02088077762         -0.183142711462       
0.184164815301        3.15714538257         -0.289077454404       3.15714538257         -0.289077454404       3.43496687153         -0.254745756638       
0.193823513091        3.53959239861         -0.393911073914       3.53959239861         -0.393911073914       3.83435396185         -0.340576560918       
0.203482210882        3.90288122853         -0.51510189764        3.90288122853         -0.51510189764        4.21314522703         -0.439327751061       
0.213140908673        4.24218265128         -0.647705565008       4.24218265128         -0.647705565008       4.56734636425         -0.547054641319       
0.222799606464        4.55572250551         -0.787686667175       4.55572250551         -0.787686667175       4.89559704588         -0.660560287829       
0.232458304255        4.84336083644         -0.930520424561       4.84336083644         -0.930520424561       5.19787201712         -0.776232451258       
0.242117002046        5.10627344316         -1.07284639181        5.10627344316         -1.07284639181        5.47526921532         -0.89139255257        
0.251775699837        5.34671226159         -1.21238620051        5.34671226159         -1.21238620051        5.72985128035         -1.00423571221        
0.261434397628        5.5668810719          -1.34775022905        5.5668810719          -1.34775022905        5.96352734433         -1.1136468199         
0.271093095419        5.76866003974         -1.47921818824        5.76866003974         -1.47921818824        6.17806638815         -1.2198774771         
0.28075179321         5.95254771437         -1.60607722701        5.95254771437         -1.60607722701        6.37411916184         -1.32234418357        
0.290410491001        6.12015996708         -1.72727851993        6.12015996708         -1.72727851993        6.5532013379          -1.4202051201         
0.300069188792        6.27285988683         -1.84289511525        6.27285988683         -1.84289511525        6.71662709701         -1.51354139291        
0.309727886583        6.4122703559          -1.95201653817        6.4122703559          -1.95201653817        6.86593353229         -1.60162069697        
0.319386584374        6.5402875575          -2.05480382873        6.5402875575          -2.05480382873        7.00282495637         -1.68457214039        
0.329045282165        6.65874287129         -2.15200084957        6.65874287129         -2.15200084957        7.12901456708         -1.76299367574        
0.338703979956        6.76832194515         -2.24454250467        6.76832194515         -2.24454250467        7.24518659028         -1.83763640299        
0.348362677747        6.86982386555         -2.33346193212        6.86982386555         -2.33346193212        7.35221007172         -1.90932704975        
0.358021375538        6.96295234127         -2.41925969262        6.96295234127         -2.41925969262        7.44996655758         -1.97847108504        
0.367680073329        7.04794906073         -2.50232895746        7.04794906073         -2.50232895746        7.53887073248         -2.04539089027        
0.37733877112         7.12440779741         -2.58249076063        7.12440779741         -2.58249076063        7.61868613641         -2.10993987949        
0.386997468911        7.19296099265         -2.65961322506        7.19296099265         -2.65961322506        7.69012820298         -2.17202254295        
0.396656166702        7.25344442764         -2.73318116139        7.25344442764         -2.73318116139        7.75313252886         -2.23122995978        
0.406314864492        7.30647046181         -2.80276560263        7.30647046181         -2.80276560263        7.80834034153         -2.28721753089        
0.415973562283        7.35276708868         -2.86817499146        7.35276708868         -2.86817499146        7.85645163561         -2.33983805347        
0.425632260074        7.39296535199         -2.92920471226        7.39296535199         -2.92920471226        7.89805126101         -2.38892909561        
0.435290957865        7.42787025075         -2.98585545281        7.42787025075         -2.98585545281        7.93391341083         -2.43448960494        
0.444949655656        7.45818206818         -3.03822944253        7.45818206818         -3.03822944253        7.96464426795         -2.47660498778        
0.454608353447        7.48448996459         -3.08660125944        7.48448996459         -3.08660125944        7.99084548285         -2.51549531565        
0.464267051238        7.50771479639         -3.1312802529         7.50771479639         -3.1312802529         8.01334600506         -2.55140995645        
0.473925749029        7.52794866684         -3.17270116435        7.52794866684         -3.17270116435        8.03226934788         -2.5846933167         
0.48358444682         7.54571554324         -3.21112002726        7.54571554324         -3.21112002726        8.04812499423         -2.6155571434         
0.493243144611        7.56079799603         -3.246833963          7.56079799603         -3.246833963          8.06073040626         -2.64423572643        
0.502901842402        7.57351596613         -3.2795825765         7.57351596613         -3.2795825765         8.07046011127         -2.67049993443        
0.512560540193        7.58494854443         -3.31085531105        7.58494854443         -3.31085531105        8.07828734905         -2.69557187049        
0.522219237984        7.59424762558         -3.34052373363        7.59424762558         -3.34052373363        8.08344113239         -2.71934527697        
0.531877935775        7.60240039623         -3.36927588851        7.60240039623         -3.36927588851        8.08705168659         -2.7423734288         
0.541536633566        7.60830665759         -3.39676850886        7.60830665759         -3.39676850886        8.08800836361         -2.76437181074        
0.551195331357        7.61239162145         -3.42339097554        7.61239162145         -3.42339097554        8.08680884936         -2.78565816297        
0.560854029148        7.61439234751         -3.44909658072        7.61439234751         -3.44909658072        8.08325945975         -2.80619518718        
0.570512726939        7.61446404563         -3.47425082927        7.61446404563         -3.47425082927        8.07748431499         -2.82627408985        
0.58017142473         7.61227761166         -3.49846805772        7.61227761166         -3.49846805772        8.06937091486         -2.84560069828        
0.589830122521        7.60805800082         -3.52204336062        7.60805800082         -3.52204336062        8.05904848274         -2.8643968088         
0.599488820312        7.60173232124         -3.54464627217        7.60173232124         -3.54464627217        8.04650970846         -2.88238416518        
0.609147518103        7.59366697166         -3.56695425031        7.59366697166         -3.56695425031        8.03215141828         -2.90016349034        
0.618806215893        7.58283771677         -3.58821568848        7.58283771677         -3.58821568848        8.01495949435         -2.91708728176        
0.628464913684        7.57033405183         -3.60886929946        7.57033405183         -3.60886929946        7.99609874976         -2.93351774469        
0.638123611475        7.55567427298         -3.62861979631        7.55567427298         -3.62861979631        7.97508987314         -2.94921997965        
0.647782309266        7.53859913332         -3.64734859447        7.53859913332         -3.64734859447        7.95169901929         -2.96409263503        
0.657441007057        7.51972649597         -3.66509799231        7.51972649597         -3.66509799231        7.92654517583         -2.97817545007        
0.667099704848        7.49908636432         -3.68184237686        7.49908636432         -3.68184237686        7.89964779801         -2.99144573636        
0.676758402639        7.4764077958          -3.69740578822        7.4764077958          -3.69740578822        7.87076336098         -3.00376574696        
0.68641710043         7.45195379677         -3.7117850996         7.45195379677         -3.7117850996         7.8401550884          -3.01513005008        
0.696075798221        7.4257177735          -3.72494898992        7.4257177735          -3.72494898992        7.80780286581         -3.02551644976        
0.705734496012        7.3980638066          -3.73702267365        7.3980638066          -3.73702267365        7.77410035372         -3.03502415851        
0.715393193803        7.36925092            -3.74711395442        7.36925092            -3.74711395442        7.73917267153         -3.04292880775        
0.725051891594        7.33819121916         -3.7568839158         7.33819121916         -3.7568839158         7.70220327687         -3.0505934009         
0.734710589385        7.3063041924          -3.76495585104        7.3063041924          -3.76495585104        7.66434731284         -3.0568827509         
0.744369287176        7.27315900544         -3.77173777951        7.27315900544         -3.77173777951        7.62528247542         -3.0621345768         
0.754027984967        7.23899935212         -3.77722898112        7.23899935212         -3.77722898112        7.58518891084         -3.0663482115         
0.763686682758        7.20365066384         -3.78134126633        7.20365066384         -3.78134126633        7.54392536264         -3.06945272657        
0.773345380549        7.16736357243         -3.78421805703        7.16736357243         -3.78421805703        7.50173760498         -3.07156473802        
0.78300407834         7.13030819249         -3.7858525119         7.13030819249         -3.7858525119         7.45876638244         -3.07267753409        
0.792662776131        7.092211712           -3.78614550008        7.092211712           -3.78614550008        7.41473549174         -3.07270924966        
0.802321473922        7.05388049291         -3.78547544697        7.05388049291         -3.78547544697        7.37046864385         -3.07196861869        
0.811980171713        7.01451826362         -3.78353641407        7.01451826362         -3.78353641407        7.32517229271         -3.07020888432        
0.821638869504        6.97497859605         -3.78055289151        6.97497859605         -3.78055289151        7.27959991312         -3.06760568791        
0.831297567294        6.93468451185         -3.77640895915        6.93468451185         -3.77640895915        7.23327389021         -3.06406839388        
0.840956265085        6.89400413765         -3.77132930761        6.89400413765         -3.77132930761        7.18653235328         -3.05977830651        
0.850614962876        6.85249264476         -3.76501526288        6.85249264476         -3.76501526288        7.13890618648         -3.05449122653        
0.860273660667        6.81083648751         -3.75793894658        6.81083648751         -3.75793894658        7.09111011695         -3.0485915579         
0.869932358458        6.76862675923         -3.7498592439         6.76862675923         -3.7498592439         7.04270361669         -3.04188215147        
0.879591056249        6.72601760518         -3.74094746599        6.72601760518         -3.74094746599        6.99386743126         -3.03450442711        
0.88924975404         6.68311799516         -3.73125722778        6.68311799516         -3.73125722778        6.94468236971         -3.02649538294        
0.898908451831        6.64003259946         -3.7202954112         6.64003259946         -3.7202954112         6.89521281661         -3.01746196311        
0.908567149622        6.59568107296         -3.70916415796        6.59568107296         -3.70916415796        6.84457406676         -3.00828769164        
0.918225847413        6.55136176381         -3.69706166841        6.55136176381         -3.69706166841        6.79385487865         -2.99833037958        
0.927884545204        6.50627497373         -3.68416793536        6.50627497373         -3.68416793536        6.74233786796         -2.98773182289        
0.937543242995        6.46029823616         -3.67019206382        6.46029823616         -3.67019206382        6.68990619595         -2.97626001447        
0.947201940786        6.41385404954         -3.65569959652        6.41385404954         -3.65569959652        6.6369644645          -2.96436798961        
0.956860638577        6.36603094227         -3.64005643679        6.36603094227         -3.64005643679        6.5826087796          -2.95154400863        
0.966519336368        6.31665014964         -3.6232108597         6.31665014964         -3.6232108597         6.52664751372         -2.93774387674        
0.976178034159        6.26402705989         -3.60424375678        6.26402705989         -3.60424375678        6.46735599425         -2.9222245545         
0.98583673195         6.19688296927         -3.57668364668        6.19688296927         -3.57668364668        6.39316015146         -2.89974015122        
0.995495429741        6.1225343935          -3.54466515361        6.1225343935          -3.54466515361        6.31151518196         -2.87364172146        
1.00515412753         6.049853056           -3.51337544253        6.049853056           -3.51337544253        6.2317167664          -2.84813731512        
1.01481282532         5.97852210055         -3.48230428039        5.97852210055         -3.48230428039        6.15347029228         -2.82280090988        
1.02447152311         5.90868940762         -3.45194413639        5.90868940762         -3.45194413639        6.07680898149         -2.79804208137        
1.0341302209          5.84057527132         -3.42228958078        5.84057527132         -3.42228958078        6.00191954969         -2.77385905944        
1.0437889187          5.7738327695          -3.39334173476        5.7738327695          -3.39334173476        5.92853260648         -2.75024917609        
1.05344761649         5.70761506277         -3.36463277776        5.70761506277         -3.36463277776        5.85577541009         -2.72683559877        
1.06310631428         5.64249728363         -3.33648790975        5.64249728363         -3.33648790975        5.78424402199         -2.70388314215        
1.07276501207         5.57807014292         -3.30864897202        5.57807014292         -3.30864897202        5.71352111516         -2.68117889248        
1.08242370986         5.51468891548         -3.28124084863        5.51468891548         -3.28124084863        5.64394939622         -2.65881324085        
1.09208240765         5.4522374701          -3.25442014452        5.4522374701          -3.25442014452        5.57542756512         -2.63693756819        
1.10174110544         5.39019693134         -3.22791056543        5.39019693134         -3.22791056543        5.50742932775         -2.61531723655        
1.11139980323         5.3290149463          -3.20188130626        5.3290149463          -3.20188130626        5.44044024919         -2.59408518089        
1.12105850102         5.26865290176         -3.17640474883        5.26865290176         -3.17640474883        5.37437213712         -2.57329893341        
1.13071719881         5.20852958329         -3.15116875831        5.20852958329         -3.15116875831        5.30874487197         -2.55271282489        
1.14037589661         5.14935524255         -3.12631912095        5.14935524255         -3.12631912095        5.24411531648         -2.53243364512        
1.1500345944          5.09057501103         -3.10176953959        5.09057501103         -3.10176953959        5.18007303718         -2.51240225389        
1.15969329219         5.03245445819         -3.07764250721        5.03245445819         -3.07764250721        5.11681934739         -2.49271275345        
1.16935198998         4.97475039812         -3.05378844311        4.97475039812         -3.05378844311        5.05412803451         -2.47324489451        
1.17901068777         4.91777413594         -3.0303072982         4.91777413594         -3.0303072982         4.99227548473         -2.45407877595        
1.18866938556         4.86075592365         -3.00681426302        4.86075592365         -3.00681426302        4.93053720608         -2.43490505307        
1.19832808335         4.80519545912         -2.98420019725        4.80519545912         -2.98420019725        4.87040290999         -2.41644428915        
1.20798678114         4.74945973237         -2.96140130089        4.74945973237         -2.96140130089        4.81021763791         -2.39783424758        
1.21764547893         4.69450905414         -2.93903315081        4.69450905414         -2.93903315081        4.7509564657          -2.37957454169        
1.22730417672         4.6398389355          -2.91681199956        4.6398389355          -2.91681199956        4.69211186539         -2.3614358869         
1.23696287451         4.58609420763         -2.89508332648        4.58609420763         -2.89508332648        4.63432820288         -2.3436978211         
1.24662157231         4.53208941287         -2.87310677732        4.53208941287         -2.87310677732        4.57640663136         -2.32576133288        
1.2562802701          4.47888506825         -2.85152922292        4.47888506825         -2.85152922292        4.51941829022         -2.30814941301        
1.26593896789         4.42612259729         -2.83012894203        4.42612259729         -2.83012894203        4.46300131106         -2.29068334024        
1.27559766568         4.37386943716         -2.80890799837        4.37386943716         -2.80890799837        4.40721493071         -2.27336379675        
1.28525636347         4.32230546863         -2.78798665978        4.32230546863         -2.78798665978        4.35223934356         -2.25628996909        
1.29491506126         4.27087135476         -2.7670301878         4.27087135476         -2.7670301878         4.29751880644         -2.23918950479        
1.30457375905         4.21979704939         -2.74612055493        4.21979704939         -2.74612055493        4.24326609755         -2.22213055011        
1.31423245684         4.16965669            -2.72548033851        4.16965669            -2.72548033851        4.19004413983         -2.20529396162        
1.32389115463         4.11946695057         -2.70491328842        4.11946695057         -2.70491328842        4.13692087002         -2.18851673267        
1.33354985242         4.06994335117         -2.68444587987        4.06994335117         -2.68444587987        4.08455253955         -2.17182378476        
1.34320855022         4.02090837015         -2.66406524298        4.02090837015         -2.66406524298        4.03277836869         -2.15520557809        
1.35286724801         3.97211245791         -2.64361684064        3.97211245791         -2.64361684064        3.98134457629         -2.1385345396         
1.3625259458          3.92412193196         -2.62349554502        3.92412193196         -2.62349554502        3.93080388803         -2.12213077188        
1.37218464359         3.87654745932         -2.60326884265        3.87654745932         -2.60326884265        3.88075575619         -2.1056439202         
1.38184334138         3.82933812041         -2.58304495681        3.82933812041         -2.58304495681        3.83117622643         -2.08916480381        
1.39150203917         3.78262419153         -2.56296054236        3.78262419153         -2.56296054236        3.7821865967          -2.07280072376        
1.40116073696         3.73641017067         -2.54297076326        3.73641017067         -2.54297076326        3.73378041559         -2.05651675222        
1.41081943475         3.69077601093         -2.52298452501        3.69077601093         -2.52298452501        3.6860082857          -2.04023694063        
1.42047813254         3.64557511226         -2.50299594203        3.64557511226         -2.50299594203        3.63875239656         -2.02395953518        
1.43013683033         3.6009069843          -2.48308556591        3.6009069843          -2.48308556591        3.59210241272         -2.00774837688        
1.43979552812         3.55683335019         -2.46326114677        3.55683335019         -2.46326114677        3.54610916457         -1.99161032846        
1.44945422592         3.51317431133         -2.44341851002        3.51317431133         -2.44341851002        3.50059611694         -1.97546060467        
1.45911292371         3.47011008923         -2.42363256482        3.47011008923         -2.42363256482        3.45573117695         -1.95935846181        
1.4687716215          3.42755453868         -2.40390761565        3.42755453868         -2.40390761565        3.41143759912         -1.94330847588        
1.47843031929         3.38553942849         -2.38421414491        3.38553942849         -2.38421414491        3.36773134799         -1.92728555717        
1.48808901708         3.34398328362         -2.36451479468        3.34398328362         -2.36451479468        3.32453540293         -1.9112622302         
1.49774771487         3.30307499957         -2.34494987722        3.30307499957         -2.34494987722        3.28203361603         -1.8953518455         
1.50740641266         3.26266971841         -2.3254034858         3.26266971841         -2.3254034858         3.24007695804         -1.87945948572        
1.51706511045         3.22279412808         -2.30581945976        3.22279412808         -2.30581945976        3.19868394236         -1.86353065049        
1.52672380824         3.18363370514         -2.28651592212        3.18363370514         -2.28651592212        3.15803125351         -1.84784615735        
1.53638250603         3.14499460455         -2.26727611027        3.14499460455         -2.26727611027        3.11793354516         -1.83221189774        
1.54604120383         3.10696770781         -2.24824099305        3.10696770781         -2.24824099305        3.07848783659         -1.81674590601        
1.55569990162         3.069430615           -2.22928556165        3.069430615           -2.22928556165        3.03956500761         -1.80134575998        
1.56535859941         3.03244395749         -2.2104244833         3.03244395749         -2.2104244833         3.00122093191         -1.78602409126        
1.5750172972          2.99616442661         -2.19178267406        2.99616442661         -2.19178267406        2.96356675905         -1.7708783221         
1.58467599499         2.95990350386         -2.1729472292         2.95990350386         -2.1729472292         2.92606366946         -1.75558230657        
1.59433469278         2.92457554852         -2.15452935701        2.92457554852         -2.15452935701        2.88944757216         -1.74062225283        
1.60399339057         2.88996492271         -2.13637232252        2.88996492271         -2.13637232252        2.85359242337         -1.72587684311        
1.61365208836         2.85546805423         -2.11799755017        2.85546805423         -2.11799755017        2.81790388228         -1.71095217723        
1.62331078615         2.82177814535         -2.09992526632        2.82177814535         -2.09992526632        2.78302708573         -1.69627061397        
1.63296948394         2.78876255263         -2.0819681923         2.78876255263         -2.0819681923         2.74881057378         -1.68168443036        
1.64262818173         2.75636962528         -2.0643837645         2.75636962528         -2.0643837645         2.71524344715         -1.66740209638        
1.65228687953         2.72475485535         -2.04714977135        2.72475485535         -2.04714977135        2.68246029187         -1.65340458889        
1.66194557732         2.69383154135         -2.03027245819        2.69383154135         -2.03027245819        2.65038284911         -1.63969574386        
1.67160427511         2.6637780127          -2.01382946948        2.6637780127          -2.01382946948        2.61917689232         -1.62633852909        
1.6812629729          2.6345767065          -1.99791249504        2.6345767065          -1.99791249504        2.5888403257          -1.61340555406        
1.69092167069         2.60927365321         -1.98481749898        2.60927365321         -1.98481749898        2.5623555551          -1.60275205057        
1.70058036848         2.60416178177         -1.98698654292        2.60416178177         -1.98698654292        2.55570916435         -1.60442412742        
1.71023906627         2.59700642245         -1.9875743555         2.59700642245         -1.9875743555         2.54704311217         -1.60481673769        
1.71989776406         2.58841497183         -1.98706380539        2.58841497183         -1.98706380539        2.5369774942          -1.60432242513        
1.72955646185         2.57875491184         -1.98568977262        2.57875491184         -1.98568977262        2.5258653978          -1.60312957725        
1.73921515964         2.56812307316         -1.98357488255        2.56812307316         -1.98357488255        2.51380850002         -1.60133800664        
1.74887385744         2.5565816962          -1.98076786382        2.5565816962          -1.98076786382        2.50087232505         -1.59898593866        
1.75853255523         2.54425964035         -1.97734791652        2.54425964035         -1.97734791652        2.48718164778         -1.5961389508         
1.76819125302         2.53123246113         -1.97337223755        2.53123246113         -1.97337223755        2.47280712148         -1.59284174197        
1.77784995081         2.51743707932         -1.96880948546        2.51743707932         -1.96880948546        2.45770510367         -1.58906982746        
1.7875086486          2.50290125772         -1.96371058051        2.50290125772         -1.96371058051        2.44190347826         -1.58486458281        
1.79716734639         2.48777686593         -1.95814248589        2.48777686593         -1.95814248589        2.42553955228         -1.58027910134        
1.80682604418         2.47198308458         -1.95209832255        2.47198308458         -1.95209832255        2.40854898684         -1.5753102385         
1.81648474197         2.45557136741         -1.94556165696        2.45557136741         -1.94556165696        2.39097998451         -1.56994355131        
1.82614343976         2.4384584326          -1.9384735503         2.4384584326          -1.9384735503         2.37277456895         -1.56413263511        
1.83580213755         2.42108183997         -1.93130167765        2.42108183997         -1.93130167765        2.35429234426         -1.5582482019         
1.84546083534         2.4029658229          -1.92351594984        2.4029658229          -1.92351594984        2.33514889048         -1.55187080828        
1.85511953314         2.38432125552         -1.91533968078        2.38432125552         -1.91533968078        2.31552377672         -1.54517985477        
1.86477823093         2.36513693805         -1.90675285152        2.36513693805         -1.90675285152        2.29540853588         -1.53815873353        
1.87443692872         2.34546482842         -1.89774409756        2.34546482842         -1.89774409756        2.27485033868         -1.53079276597        
1.88409562651         2.32532613673         -1.88843723249        2.32532613673         -1.88843723249        2.25387247107         -1.52319296752        
1.8937543243          2.30472292772         -1.87879302359        2.30472292772         -1.87879302359        2.23248047821         -1.51532186241        
1.90341302209         2.28372343682         -1.86879784926        2.28372343682         -1.86879784926        2.21073373926         -1.50716713643        
1.91307171988         2.26213797901         -1.85851214843        2.26213797901         -1.85851214843        2.18848254224         -1.49878005699        
1.92273041767         2.24015471825         -1.84786060648        2.24015471825         -1.84786060648        2.16588107012         -1.49009841373        
1.93238911546         2.21773000306         -1.836861249          2.21773000306         -1.836861249          2.14289767251         -1.48113601266        
1.94204781325         2.19506655543         -1.82560105986        2.19506655543         -1.82560105986        2.11971078594         -1.47196399427        
1.95170651105         2.17151198681         -1.81381378983        2.17151198681         -1.81381378983        2.09576531065         -1.46236871971        
1.96136520884         2.14823735179         -1.80200826458        2.14823735179         -1.80200826458        2.0720557751          -1.45275661215        
1.97102390663         2.12430799506         -1.78973858376        2.12430799506         -1.78973858376        2.04779775256         -1.44277251726        
1.98068260442         2.10002519805         -1.77715519822        2.10002519805         -1.77715519822        2.0232474857          -1.43253670858        
1.99034130221         2.0754422795          -1.76426122702        2.0754422795          -1.76426122702        1.99845188365         -1.42205155562        
2                     2.05058005073         -1.75107439345        2.05058005073         -1.75107439345        1.97342839785         -1.41133091951        
2.001                 2.04799706668         -1.74970573875        2.04799706668         -1.74970573875        1.97083117197         -1.41021840246        
2.19488004499         1.51673120765         -1.42718587528        1.51673120765         -1.42718587528        1.44613526792         -1.14882159758        
2.38876008998         1.02635367419         -1.05597620168        1.02635367419         -1.05597620168        0.970071978337        -0.849002758488       
2.58264013498         0.63643968305         -0.723340279675       0.63643968305         -0.723340279675       0.596479520446        -0.580837305831       
2.77652017997         0.353724964001        -0.454640442277       0.353724964001        -0.454640442277       0.329735610153        -0.364648764804       
2.97040022496         0.177082204249        -0.259526448946       0.177082204249        -0.259526448946       0.164407261073        -0.207940179207       
3.16428026995         0.0778281163863       -0.134911585862       0.0778281163863       -0.134911585862       0.0722449106437       -0.107999169583       
3.35816031495         0.0294803502221       -0.0629681172748      0.0294803502221       -0.0629681172748      0.0275036258721       -0.0503714745701      
3.55204035994         0.00907831283661      -0.0261559192782      0.00907831283661      -0.0261559192782      0.0086234444576       -0.0209122177982      
3.74592040493         0.00197615137214      -0.00948830358646     0.00197615137214      -0.00948830358646     0.00199186630898      -0.00758320212103     
3.93980044992         0.000110664321267     -0.00289924556357     0.000110664321267     -0.00289924556357     0.000193428871907     -0.00231669711977     
4.13368049492         -0.000136189113244    -0.000686262907283    -0.000136189113244    -0.000686262907283    -8.76460780866e-05    -0.000548432327676    
4.32756053991         -6.15192758554e-05    -9.48848292958e-05    -6.15192758554e-05    -9.48848292958e-05    -4.63193205464e-05    -7.58840057436e-05    
4.5214405849          -3.13288945976e-06    -1.04383876908e-06    -3.13288945976e-06    -1.04383876908e-06    -2.41476201396e-06    -8.3769343399e-07     
4.5224405849          -3.02965462748e-06    -9.97096173549e-07    -3.02965462748e-06    -9.97096173549e-07    -2.33508312112e-06    -8.00185360715e-07    
4.5394405849          -1.57423105838e-06    -3.95589248232e-07    -1.57423105838e-06    -3.95589248232e-07    -1.21216331231e-06    -3.17302372488e-07    
4.5564405849          -6.21146839712e-07    -6.37957431243e-08    -6.21146839712e-07    -6.37957431243e-08    -4.77620701312e-07    -5.06495138884e-08    
4.5734405849          -9.35874826132e-08    1.02822229344e-07     -9.35874826132e-08    1.02822229344e-07     -7.16243121505e-08    8.34495622002e-08     
4.5904405849          7.54070248203e-09     2.71376390936e-07     7.54070248203e-09     2.71376390936e-07     6.27205854252e-09     2.15512097274e-07     
4.6074405849          1.33955800068e-08     5.98871589174e-07     1.33955800068e-08     5.98871589174e-07     1.10141172424e-08     4.66832841697e-07     
4.6244405849          1.77296384121e-08     9.19617040215e-07     1.77296384121e-08     9.19617040215e-07     1.45144321684e-08     7.10998215094e-07     
4.6414405849          2.05271841442e-08     1.19603884283e-06     2.05271841442e-08     1.19603884283e-06     1.67658321522e-08     9.19889380942e-07     
4.6424405849          2.06488812433e-08     1.21064214406e-06     2.06488812433e-08     1.21064214406e-06     1.68634789939e-08     9.3087909211e-07      
4.82311775449         1.13946840346e-08     1.56341097793e-06     1.13946840346e-08     1.56341097793e-06     9.24719649422e-09     1.17068875016e-06     
5.00379492408         1.70146126706e-09     6.71239043405e-07     1.70146126706e-09     6.71239043405e-07     1.37587958398e-09     4.93967773338e-07     
5.18447209367         -1.58907105895e-10    1.98387132905e-07     -1.58907105895e-10    1.98387132905e-07     -1.30271398378e-10    1.43836655907e-07     
5.36514926326         -1.49945973292e-10    4.4051518953e-08      -1.49945973292e-10    4.4051518953e-08      -1.21852346596e-10    3.15121731899e-08     
5.54582643285         -3.83886064076e-11    6.9216657156e-09      -3.83886064076e-11    6.9216657156e-09      -3.1155246878e-11     4.89044171437e-09     
5.72650360244         -3.84586781112e-12    5.21974246182e-10     -3.84586781112e-12    5.21974246182e-10     -3.11922334514e-12    3.64581808347e-10     
5.90718077203         3.58066177887e-11     3.20544441311e-13     3.58066177887e-11     3.20544441311e-13     2.47462025993e-11     6.76057908914e-13     
6.08785794162         7.87842943559e-11     8.15605551093e-13     7.87842943559e-11     8.15605551093e-13     5.39420088964e-11     1.26618274964e-12     
6.2685351112          4.06999810903e-11     4.72352656797e-13     4.06999810903e-11     4.72352656797e-13     2.7611099118e-11      5.77739534586e-13     
6.44921228079         1.41856458228e-11     1.8070745685e-13      1.41856458228e-11     1.8070745685e-13      9.53370270389e-12     1.80466430285e-13     
6.62988945038         3.96889512745e-12     5.46572328018e-14     3.96889512745e-12     5.46572328018e-14     2.64216103339e-12     4.55390076826e-14     
6.81056661997         9.48904464546e-13     1.39668814469e-14     9.48904464546e-13     1.39668814469e-14     6.25727215951e-13     9.84689710336e-15     
6.99124378956         2.00300912718e-13     3.12338379488e-15     2.00300912718e-13     3.12338379488e-15     1.30837277487e-13     1.88053833221e-15     
7.17192095915         3.79010206379e-14     6.21749267514e-16     3.79010206379e-14     6.21749267514e-16     2.45241301749e-14     3.21856459795e-16     
7.35259812874         7.07267690857e-15     1.21367795702e-16     7.07267690857e-15     1.21367795702e-16     4.533860836e-15       5.43341318208e-17     
7.53327529833         4.62173370676e-16     8.25745228173e-18     4.62173370676e-16     8.25745228173e-18     2.93527989008e-16     3.20101783154e-18     
7.71395246792         2.61745342431e-15     4.84998422894e-17     2.61745342431e-15     4.84998422894e-17     1.64718119821e-15     1.63091182555e-17     
7.89462963751         6.8070955262e-16      1.30377440038e-17     6.8070955262e-16      1.30377440038e-17     4.24488787545e-16     3.8091930089e-18      
8.0753068071          8.07136265384e-16     1.59343012351e-17     8.07136265384e-16     1.59343012351e-17     4.98810794105e-16     4.02797208202e-18     
8.25598397669         9.45224800203e-16     1.91867147054e-17     9.45224800203e-16     1.91867147054e-17     5.789857361e-16       4.18881341483e-18     
8.43666114628         1.09512536391e-15     2.28075968811e-17     1.09512536391e-15     2.28075968811e-17     6.64921984651e-16     4.29803487533e-18     
8.61733831587         1.25697642655e-15     2.68087924916e-17     1.25697642655e-15     2.68087924916e-17     7.56567078836e-16     4.32841568238e-18     
8.79801548546         1.43090596184e-15     3.12014447728e-17     1.43090596184e-15     3.12014447728e-17     8.53865304879e-16     4.27357220549e-18     
8.97869265505         1.61703253029e-15     3.59960544311e-17     1.61703253029e-15     3.59960544311e-17     9.56768299355e-16     4.12779064273e-18     
9.15936982464         1.81546622598e-15     4.12025322765e-17     1.81546622598e-15     4.12025322765e-17     1.06519570365e-15     3.94039578003e-18     
9.34004699422         2.02630950577e-15     4.68302463385e-17     2.02630950577e-15     4.68302463385e-17     1.17905224909e-15     3.66574236489e-18     
9.52072416381         2.24965791767e-15     5.28880641598e-17     2.24965791767e-15     5.28880641598e-17     1.29828088535e-15     3.30064240373e-18     
9.7014013334          2.48560074234e-15     5.93843908631e-17     2.48560074234e-15     5.93843908631e-17     1.42281495726e-15     2.84267433624e-18     
9.88207850299         2.73422155996e-15     6.63272035019e-17     2.73422155996e-15     6.63272035019e-17     1.55258779988e-15     2.28985495582e-18     
10.0627556726         2.99559875268e-15     7.37240821347e-17     2.99559875268e-15     7.37240821347e-17     1.68753612885e-15     1.64060316119e-18     
10.2434328422         3.2698059513e-15      8.15822380015e-17     3.2698059513e-15      8.15822380015e-17     1.82761612135e-15     9.15463765675e-19     
10.4241100118         3.55691243356e-15     8.99085391307e-17     3.55691243356e-15     8.99085391307e-17     1.97269815319e-15     1.4178825357e-19      
10.6047871814         3.85698348033e-15     9.87095336604e-17     3.85698348033e-15     9.87095336604e-17     2.12271934075e-15     -7.18687219052e-19    
10.7854643509         4.17008069496e-15     1.07991471123e-16     4.17008069496e-15     1.07991471123e-16     2.27761704996e-15     -1.66548645635e-18    
10.9661415205         4.49626229043e-15     1.17760321909e-16     4.49626229043e-15     1.17760321909e-16     2.43732513234e-15     -2.69788465855e-18    
11.1468186901         4.83558334816e-15     1.28021795095e-16     4.83558334816e-15     1.28021795095e-16     2.60177745354e-15     -3.81493142374e-18    
11.3274958597         5.1880960518e-15      1.38781354817e-16     5.1880960518e-15      1.38781354817e-16     2.77090868981e-15     -5.01547184531e-18    
11.5081730293         5.55384989902e-15     1.50044235307e-16     5.55384989902e-15     1.50044235307e-16     2.94465478517e-15     -6.29816585517e-18    
11.6888501989         5.93289189365e-15     1.61815454761e-16     5.93289189365e-15     1.61815454761e-16     3.12295352095e-15     -7.66150595297e-18    
11.8695273685         6.32526672048e-15     1.74099828113e-16     6.32526672048e-15     1.74099828113e-16     3.30574584842e-15     -9.10383345256e-18    
12.0502045381         6.73101690454e-15     1.86901978849e-16     6.73101690454e-15     1.86901978849e-16     3.49298256963e-15     -1.06233533673e-17    
12.2308817077         7.15018295649e-15     2.00226349928e-16     7.15018295649e-15     2.00226349928e-16     3.68461331377e-15     -1.21552833791e-17    
12.4115588772         7.58280350569e-15     2.14077213904e-16     7.58280350569e-15     2.14077213904e-16     3.88050026949e-15     -1.37303844416e-17    
12.5922360468         8.02891542211e-15     2.28458682318e-16     8.02891542211e-15     2.28458682318e-16     4.08060933856e-15     -1.53654638716e-17    
12.7729132164         8.48855392819e-15     2.43374714419e-16     8.48855392819e-15     2.43374714419e-16     4.28488605951e-15     -1.70578140008e-17    
12.953590386          8.96175270175e-15     2.5882912528e-16      8.96175270175e-15     2.5882912528e-16      4.49327410447e-15     -1.88046531635e-17    
13.1342675556         9.44854397076e-15     2.74825593354e-16     9.44854397076e-15     2.74825593354e-16     4.70571729077e-15     -2.06031347414e-17    
13.3149447252         9.94895860063e-15     2.91367667517e-16     9.94895860063e-15     2.91367667517e-16     4.92216009709e-15     -2.24503554392e-17    
13.4956218948         1.0463026175e-14      3.08458773648e-16     1.0463026175e-14      3.08458773648e-16     5.14254785699e-15     -2.43433628577e-17    
13.6762990644         1.09907750703e-14     3.26102220772e-16     1.09907750703e-14     3.26102220772e-16     5.36682684926e-15     -2.6279162422e-17     
13.856976234          1.1532232525e-14      3.4430120681e-16      1.1532232525e-14      3.4430120681e-16      5.59494434962e-15     -2.82547237181e-17    
14.0376534035         1.20874247034e-14     3.63058823963e-16     1.20874247034e-14     3.63058823963e-16     5.82684866979e-15     -3.02669862887e-17    
14.2183305731         1.26563767557e-14     3.8237806376e-16      1.26563767557e-14     3.8237806376e-16      6.06248919855e-15     -3.23128649305e-17    
14.3990077427         1.32391128726e-14     4.0226182179e-16      1.32391128726e-14     4.0226182179e-16      6.30181645942e-15     -3.43892545368e-17    
14.5796849123         1.38356563374e-14     4.22712902154e-16     1.38356563374e-14     4.22712902154e-16     6.54478220741e-15     -3.64930345216e-17    
14.7603620819         1.44460295737e-14     4.43734021639e-16     1.44460295737e-14     4.43734021639e-16     6.79133961271e-15     -3.86210728591e-17    
14.9410392515         1.50702541904e-14     4.65327813661e-16     1.50702541904e-14     4.65327813661e-16     7.04144365904e-15     -4.07702297719e-17    
15.1217164211         1.57083510229e-14     4.87496831961e-16     1.57083510229e-14     4.87496831961e-16     7.29505220159e-15     -4.29373610948e-17    
15.3023935907         1.6360340173e-14      5.102435541e-16       1.6360340173e-14      5.102435541e-16       7.55213024464e-15     -4.51193213423e-17    
15.4830707603         1.70262410446e-14     5.33570384752e-16     1.70262410446e-14     5.33570384752e-16     7.81267051785e-15     -4.7267686694e-17     
15.6637479299         1.77060723788e-14     5.57479658812e-16     1.77060723788e-14     5.57479658812e-16     8.07652067992e-15     -4.93567292743e-17    
15.8444250994         1.83998522851e-14     5.81973644335e-16     1.83998522851e-14     5.81973644335e-16     8.34365906499e-15     -5.14417815017e-17    
16.025102269          1.91075982723e-14     6.07054545309e-16     1.91075982723e-14     6.07054545309e-16     8.61405292653e-15     -5.35194292325e-17    
16.2057794386         1.98293272763e-14     6.32724504286e-16     1.98293272763e-14     6.32724504286e-16     8.88766346324e-15     -5.55862704545e-17    
16.3864566082         2.05650556869e-14     6.58985604868e-16     2.05650556869e-14     6.58985604868e-16     9.16445085647e-15     -5.76389170889e-17    
16.5671337778         2.13147993725e-14     6.85839874063e-16     2.13147993725e-14     6.85839874063e-16     9.44437530142e-15     -5.96739966228e-17    
16.7478109474         2.20785737043e-14     7.13289284522e-16     2.20785737043e-14     7.13289284522e-16     9.7273973527e-15      -6.16881535844e-17    
16.928488117          2.28563935778e-14     7.41335756657e-16     2.28563935778e-14     7.41335756657e-16     1.00134780666e-14     -6.36780508751e-17    
17.1091652866         2.36482734339e-14     7.69981160654e-16     2.36482734339e-14     7.69981160654e-16     1.03025790656e-14     -6.56403709675e-17    
17.2898424562         2.44542272792e-14     7.99227318385e-16     2.44542272792e-14     7.99227318385e-16     1.05946625681e-14     -6.75718169828e-17    
17.4705196257         2.52742687038e-14     8.29076005228e-16     2.52742687038e-14     8.29076005228e-16     1.08896914003e-14     -6.94691136545e-17    
17.6511967953         2.61084108994e-14     8.59528951793e-16     2.61084108994e-14     8.59528951793e-16     1.11876289995e-14     -7.13290081897e-17    
17.8318739649         2.69566666761e-14     8.90587845565e-16     2.69566666761e-14     8.90587845565e-16     1.14884394119e-14     -7.31482710336e-17    
18.0125511345         2.78190484779e-14     9.22254332478e-16     2.78190484779e-14     9.22254332478e-16     1.17920872872e-14     -7.4923696548e-17     
18.1932283041         2.86955683977e-14     9.54530018398e-16     2.86955683977e-14     9.54530018398e-16     1.20985378717e-14     -7.66521036078e-17    
18.3739054737         2.95862381916e-14     9.87416470553e-16     2.95862381916e-14     9.87416470553e-16     1.24077570008e-14     -7.83303361232e-17    
18.5545826433         3.0491069292e-14      1.02091521889e-15     3.0491069292e-14      1.02091521889e-15     1.27197110903e-14     -7.99552634942e-17    
18.7352598129         3.14100728208e-14     1.05502775736e-15     3.14100728208e-14     1.05502775736e-15     1.30343671286e-14     -8.15237810014e-17    
18.9159369825         3.23432596013e-14     1.08975554517e-15     3.23432596013e-14     1.08975554517e-15     1.33516926684e-14     -8.30328101392e-17    
19.0966141521         3.32906401695e-14     1.12510000795e-15     3.32906401695e-14     1.12510000795e-15     1.36716558196e-14     -8.44792988958e-17    
19.2772913216         3.42522247854e-14     1.16106253889e-15     3.42522247854e-14     1.16106253889e-15     1.39942252427e-14     -8.58602219835e-17    
19.4579684912         3.5228023443e-14      1.19764449983e-15     3.5228023443e-14      1.19764449983e-15     1.43193701435e-14     -8.71725810253e-17    
19.6386456608         3.62180458805e-14     1.23484722225e-15     3.62180458805e-14     1.23484722225e-15     1.46470602687e-14     -8.84134046988e-17    
19.8193228304         3.72223015897e-14     1.27267200832e-15     3.72223015897e-14     1.27267200832e-15     1.49772659052e-14     -8.95797488425e-17    
20                    0                     0                     0                     0                     0                     0                     
