0.0779191396          0                     0                     0                     0                     0                     0                     
0.087577837391        0.0165221347018       0.000852747619484     0.0165221347018       0.000852747619484     0.0216340369467       0.000420771699723     
0.0972365351819       0.0983574790487       0.0031820536835       0.0983574790487       0.0031820536835       0.127850504958        0.00100339162326      
0.106895232973        0.254820963319        0.00362903706873      0.254820963319        0.00362903706873      0.328620399684        -0.0011928278708      
0.116553930764        0.474872975075        -0.00170181992257     0.474872975075        -0.00170181992257     0.607641667821        -0.00933737802087     
0.126212628555        0.743388547197        -0.016129355307       0.743388547197        -0.016129355307       0.944150311716        -0.0261277042713      
0.135871326346        1.04617102012         -0.0417972023774      1.04617102012         -0.0417972023774      1.3194049385          -0.0532608628335      
0.145530024137        1.37185214516         -0.0805189192433      1.37185214516         -0.0805189192433      1.71869568592         -0.0922340020934      
0.155188721928        1.7109823115          -0.134340278138       1.7109823115          -0.134340278138       2.13027749993         -0.144830236566       
0.164847419719        2.05513766988         -0.205726946613       2.05513766988         -0.205726946613       2.54435063356         -0.213215269398       
0.17450611751         2.39539061299         -0.295681756224       2.39539061299         -0.295681756224       2.95135843131         -0.298269363012       
0.184164815301        2.72357672937         -0.403926169736       2.72357672937         -0.403926169736       3.3430078428          -0.39974242772        
0.193823513091        3.03204611052         -0.52659463193        3.03204611052         -0.52659463193        3.71178915725         -0.514128107315       
0.203482210882        3.31698800083         -0.657930339277       3.31698800083         -0.657930339277       4.05397941093         -0.636204856392       
0.213140908673        3.57744762805         -0.79233389119        3.57744762805         -0.79233389119        4.36858253465         -0.760883972208       
0.222799606464        3.81566232999         -0.926172984469       3.81566232999         -0.926172984469       4.65772010652         -0.884881118063       
0.232458304255        4.03327570849         -1.05773288281        4.03327570849         -1.05773288281        4.92296632351         -1.00664284736        
0.242117002046        4.23171197263         -1.18584017042        4.23171197263         -1.18584017042        5.16579962942         -1.12511460744        
0.251775699837        4.41247570055         -1.30923786023        4.41247570055         -1.30923786023        5.38782515158         -1.23914949459        
0.261434397628        4.57719374569         -1.42724630142        4.57719374569         -1.42724630142        5.59069405503         -1.3481868524         
0.271093095419        4.72822076194         -1.53970669631        4.72822076194         -1.53970669631        5.77684594996         -1.45205244429        
0.28075179321         4.86628950781         -1.64689671532        4.86628950781         -1.64689671532        5.9470902805          -1.55099983904        
0.290410491001        4.99311712181         -1.74966599415        4.99311712181         -1.74966599415        6.10331514266         -1.64581315683        
0.300069188792        5.10872173469         -1.84837474643        5.10872173469         -1.84837474643        6.24573401351         -1.73682913453        
0.309727886583        5.21337822547         -1.94297723245        5.21337822547         -1.94297723245        6.37483478547         -1.82401526976        
0.319386584374        5.30698729418         -2.03222858801        5.30698729418         -2.03222858801        6.49067564703         -1.9062272759         
0.329045282165        5.39181166447         -2.11660394632        5.39181166447         -2.11660394632        6.59564250406         -1.98393105095        
0.338703979956        5.46904791864         -2.19482750463        5.46904791864         -2.19482750463        6.69085601727         -2.05592338952        
0.348362677747        5.53649253245         -2.26938013156        5.53649253245         -2.26938013156        6.7745971005          -2.12458102164        
0.358021375538        5.59895089077         -2.3381063674         5.59895089077         -2.3381063674         6.85135411814         -2.18782975232        
0.367680073329        5.65604760609         -2.40237247914        5.65604760609         -2.40237247914        6.92098152286         -2.24695639196        
0.37733877112         5.70846571713         -2.46271098132        5.70846571713         -2.46271098132        6.98420991271         -2.30244650125        
0.386997468911        5.75641106907         -2.51969054836        5.75641106907         -2.51969054836        7.04138056189         -2.35482034505        
0.396656166702        5.80034962583         -2.57389019415        5.80034962583         -2.57389019415        7.09304100165         -2.4046080638         
0.406314864492        5.84040709965         -2.62570628944        5.84040709965         -2.62570628944        7.13943870022         -2.45217370158        
0.415973562283        5.87634748864         -2.67566609527        5.87634748864         -2.67566609527        7.18045709924         -2.49800372631        
0.425632260074        5.90835735364         -2.7236987898         5.90835735364         -2.7236987898         7.21636637567         -2.54203182662        
0.435290957865        5.93642830669         -2.77003277979        5.93642830669         -2.77003277979        7.24728495809         -2.58447243359        
0.444949655656        5.96044928583         -2.81459737534        5.96044928583         -2.81459737534        7.27314749849         -2.6252594142         
0.454608353447        5.98048524036         -2.85745406969        5.98048524036         -2.85745406969        7.29416707699         -2.66445952312        
0.464267051238        5.99671364923         -2.89846960185        5.99671364923         -2.89846960185        7.31054249601         -2.70195006002        
0.473925749029        6.00930085794         -2.93760358861        6.00930085794         -2.93760358861        7.32252205541         -2.73769601141        
0.48358444682         6.01819040558         -2.97467425394        6.01819040558         -2.97467425394        7.33010750834         -2.77153615623        
0.493243144611        6.02361222258         -3.0095542139         6.02361222258         -3.0095542139         7.3335340942          -2.80335474192        
0.502901842402        6.02597536743         -3.04224452367        6.02597536743         -3.04224452367        7.33329235            -2.8331530257         
0.512560540193        6.02551028698         -3.07277275942        6.02551028698         -3.07277275942        7.32965261354         -2.86096068701        
0.522219237984        6.02207790222         -3.10086614736        6.02207790222         -3.10086614736        7.32242252037         -2.88652558385        
0.531877935775        6.01678890326         -3.12702021234        6.01678890326         -3.12702021234        7.31292823931         -2.9103112943         
0.541536633566        6.00909944011         -3.15077666214        6.00909944011         -3.15077666214        7.30046900619         -2.93188798019        
0.551195331357        5.99961932496         -3.17244535604        5.99961932496         -3.17244535604        7.28574891209         -2.95154436251        
0.560854029148        5.98840381649         -3.19206869421        5.98840381649         -3.19206869421        7.26883297603         -2.96932541687        
0.570512726939        5.97549095803         -3.2096026666         5.97549095803         -3.2096026666         7.24974194891         -2.9851900444         
0.58017142473         5.96143050769         -3.2252340561         5.96143050769         -3.2252340561         7.22912081378         -2.99929251404        
0.589830122521        5.94630692741         -3.23921895935        5.94630692741         -3.23921895935        7.20702581668         -3.01189825961        
0.599488820312        5.93032401743         -3.25176029325        5.93032401743         -3.25176029325        7.18367165537         -3.02318903932        
0.609147518103        5.91323900229         -3.26265854866        5.91323900229         -3.26265854866        7.1589090686          -3.03296026502        
0.618806215893        5.8948754499          -3.27174337817        5.8948754499          -3.27174337817        7.13242627487         -3.04105045502        
0.628464913684        5.87643458399         -3.27978687992        5.87643458399         -3.27978687992        7.10557814206         -3.0481851705         
0.638123611475        5.85733080918         -3.28688730987        5.85733080918         -3.28688730987        7.07775797261         -3.05445234165        
0.647782309266        5.83765055899         -3.29303440904        5.83765055899         -3.29303440904        7.04906229937         -3.05983943939        
0.657441007057        5.81749229878         -3.29840277171        5.81749229878         -3.29840277171        7.01963451796         -3.0645046818         
0.667099704848        5.79688486488         -3.30299642571        5.79688486488         -3.30299642571        6.98951160767         -3.06844930447        
0.676758402639        5.77554398075         -3.30687804195        5.77554398075         -3.30687804195        6.95841129674         -3.07173325182        
0.68641710043         5.75375836763         -3.31020430772        5.75375836763         -3.31020430772        6.92665657532         -3.07449782375        
0.696075798221        5.73136805883         -3.31292799176        5.73136805883         -3.31292799176        6.89409090469         -3.07670154715        
0.705734496012        5.70859712429         -3.31529594189        5.70859712429         -3.31529594189        6.86100482933         -3.07857314548        
0.715393193803        5.68503460019         -3.3171465118         5.68503460019         -3.3171465118         6.8269448527          -3.07996066642        
0.725051891594        5.66091264147         -3.31859531555        5.66091264147         -3.31859531555        6.79218271454         -3.08097169233        
0.734710589385        5.63620176621         -3.31971749851        5.63620176621         -3.31971749851        6.75670142739         -3.08167339246        
0.744369287176        5.61085191867         -3.32047946095        5.61085191867         -3.32047946095        6.72048820344         -3.08203893346        
0.754027984967        5.58488924051         -3.32095531602        5.58488924051         -3.32095531602        6.68354304515         -3.08213269358        
0.763686682758        5.55807704041         -3.32100942089        5.55807704041         -3.32100942089        6.64565324059         -3.08183443586        
0.773345380549        5.53065423112         -3.32075515494        5.53065423112         -3.32075515494        6.60708941389         -3.08124725282        
0.78300407834         5.50247761836         -3.32019178853        5.50247761836         -3.32019178853        6.56771206733         -3.08037050765        
0.792662776131        5.47334653234         -3.31917775223        5.47334653234         -3.31917775223        6.52727874257         -3.07907263921        
0.802321473922        5.44383794429         -3.31800123229        5.44383794429         -3.31800123229        6.48649921159         -3.07762379077        
0.811980171713        5.41340065478         -3.31637995866        5.41340065478         -3.31637995866        6.4447236924          -3.07576052003        
0.821638869504        5.38200969192         -3.31432116622        5.38200969192         -3.31432116622        6.40195574777         -3.07349202909        
0.831297567294        5.35010732539         -3.31189435702        5.35010732539         -3.31189435702        6.35865410588         -3.07088394859        
0.840956265085        5.31735745393         -3.30904220135        5.31735745393         -3.30904220135        6.31450285276         -3.06787975046        
0.850614962876        5.2835308876          -3.3055570156         5.2835308876          -3.3055570156         6.26920784336         -3.06429188051        
0.860273660667        5.24912537889         -3.30171338092        5.24912537889         -3.30171338092        6.22336630149         -3.06037245261        
0.869932358458        5.21378324784         -3.2972195912         5.21378324784         -3.2972195912         6.17655168912         -3.05585270268        
0.879591056249        5.17765891073         -3.29219885846        5.17765891073         -3.29219885846        6.12896013499         -3.05084895969        
0.88924975404         5.14073000665         -3.28658470493        5.14073000665         -3.28658470493        6.08055602541         -3.04529879178        
0.898908451831        5.10303217145         -3.28032352176        5.10303217145         -3.28032352176        6.03138531573         -3.03915346763        
0.908567149622        5.06422987751         -3.27322645918        5.06422987751         -3.27322645918        5.98107921471         -3.03223856986        
0.918225847413        5.02481426564         -3.26557846842        5.02481426564         -3.26557846842        5.93015290455         -3.02481766855        
0.927884545204        4.98448963159         -3.25708045224        4.98448963159         -3.25708045224        5.87828148792         -3.01661670443        
0.937543242995        4.94302792705         -3.24768455212        4.94302792705         -3.24768455212        5.82523003185         -3.00758888542        
0.947201940786        4.90077604703         -3.2372715329         4.90077604703         -3.2372715329         5.7713626318          -2.99762756011        
0.956860638577        4.85716398977         -3.22570198535        4.85716398977         -3.22570198535        5.7160257813          -2.98660017085        
0.966519336368        4.81198574117         -3.21283031285        4.81198574117         -3.21283031285        5.65898133009         -2.97437652954        
0.976178034159        4.76406670918         -3.19768431498        4.76406670918         -3.19768431498        5.5988318538          -2.96005815744        
0.98583673195         4.70512493103         -3.17458092589        4.70512493103         -3.17458092589        5.52584591686         -2.93837324316        
0.995495429741        4.6403158956          -3.1469677244         4.6403158956          -3.1469677244         5.44608021605         -2.91253396478        
1.00515412753         4.57703967726         -3.11988608063        4.57703967726         -3.11988608063        5.3682156934          -2.88720593712        
1.01481282532         4.51508182856         -3.0932084883         4.51508182856         -3.0932084883         5.29202798709         -2.86225958939        
1.02447152311         4.45410195529         -3.06667692615        4.45410195529         -3.06667692615        5.21710363614         -2.83745837723        
1.0341302209          4.39399420425         -3.04023275797        4.39399420425         -3.04023275797        5.14330931953         -2.81274478784        
1.0437889187          4.33501337001         -3.01401896916        4.33501337001         -3.01401896916        5.07093885393         -2.7882518227         
1.05344761649         4.27655788734         -2.98761221166        4.27655788734         -2.98761221166        4.99927385448         -2.7635875993         
1.06310631428         4.21902869841         -2.96132057142        4.21902869841         -2.96132057142        4.92878450586         -2.73903598347        
1.07276501207         4.16219503336         -2.93497936346        4.16219503336         -2.93497936346        4.85919163582         -2.71444553124        
1.08242370986         4.10625648402         -2.90873999372        4.10625648402         -2.90873999372        4.79072058752         -2.6899562038         
1.09208240765         4.05107756825         -2.88252218674        4.05107756825         -2.88252218674        4.72323453379         -2.6654953887         
1.10174110544         3.99654968378         -2.85631141926        3.99654968378         -2.85631141926        4.65655300576         -2.64104783039        
1.11139980323         3.9426339132          -2.82989393535        3.9426339132          -2.82989393535        4.59071855767         -2.61640920198        
1.12105850102         3.88960499096         -2.80349336664        3.88960499096         -2.80349336664        4.52594771698         -2.5917853837         
1.13071719881         3.83749449168         -2.7772733123         3.83749449168         -2.7772733123         4.46228068367         -2.56733933626        
1.14037589661         3.78614796177         -2.75110902844        3.78614796177         -2.75110902844        4.39954859748         -2.54294999191        
1.1500345944          3.73559031774         -2.72516444208        3.73559031774         -2.72516444208        4.33779360477         -2.51877001081        
1.15969329219         3.68606860053         -2.69949369181        3.68606860053         -2.69949369181        4.27726198691         -2.49484822926        
1.16935198998         3.63731569216         -2.67364497388        3.63731569216         -2.67364497388        4.21764235347         -2.47076590104        
1.17901068777         3.58910010411         -2.64840832834        3.58910010411         -2.64840832834        4.15876645626         -2.44724907523        
1.18866938556         3.54143155723         -2.62299508069        3.54143155723         -2.62299508069        4.10054754821         -2.42357347748        
1.19832808335         3.49520768757         -2.59830094203        3.49520768757         -2.59830094203        4.04405107259         -2.40056459975        
1.20798678114         3.44919083125         -2.57345936533        3.44919083125         -2.57345936533        3.9878448643          -2.37742129991        
1.21764547893         3.40408923592         -2.5490253709         3.40408923592         -2.5490253709         3.93275235737         -2.35465717317        
1.22730417672         3.35957868689         -2.52477308944        3.35957868689         -2.52477308944        3.87839722545         -2.33206346521        
1.23696287451         3.31605151111         -2.50102243722        3.31605151111         -2.50102243722        3.82523581622         -2.30993501612        
1.24662157231         3.27267215025         -2.47714079571        3.27267215025         -2.47714079571        3.77229900292         -2.28768783439        
1.2562802701          3.23015615558         -2.453718604          3.23015615558         -2.453718604          3.7204231335          -2.26586398944        
1.26593896789         3.18834390277         -2.43061509648        3.18834390277         -2.43061509648        3.66940754252         -2.24433683844        
1.27559766568         3.14710579337         -2.4078227779         3.14710579337         -2.4078227779         3.61912718887         -2.22309965554        
1.28525636347         3.1066606928          -2.38545405215        3.1066606928          -2.38545405215        3.56981720545         -2.20225435647        
1.29491506126         3.06653238822         -2.36322519165        3.06653238822         -2.36322519165        3.52094715651         -2.18154060999        
1.30457375905         3.02691442432         -2.34124447066        3.02691442432         -2.34124447066        3.4727252098          -2.16105632484        
1.31423245684         2.98795851034         -2.31964719996        2.98795851034         -2.31964719996        3.42533959391         -2.14092690591        
1.32389115463         2.94951908138         -2.29840871179        2.94951908138         -2.29840871179        3.37862148591         -2.12113142556        
1.33354985242         2.91180971643         -2.2776301405         2.91180971643         -2.2776301405         3.33277057591         -2.10176005246        
1.34320855022         2.87426682338         -2.25669031835        2.87426682338         -2.25669031835        3.28724908215         -2.08224177266        
1.35286724801         2.83724064953         -2.23621842507        2.83724064953         -2.23621842507        3.2423534069          -2.06317105256        
1.3625259458          2.80089391251         -2.21622482498        2.80089391251         -2.21622482498        3.19830639681         -2.04454063627        
1.37218464359         2.76487387153         -2.19648830827        2.76487387153         -2.19648830827        3.15471517288         -2.02614908077        
1.38184334138         2.72923451092         -2.17701526705        2.72923451092         -2.17701526705        3.11164229481         -2.00800173322        
1.39150203917         2.69403204198         -2.1578652954         2.69403204198         -2.1578652954         3.06915042111         -1.99015400561        
1.40116073696         2.65923062239         -2.13897305889        2.65923062239         -2.13897305889        3.02719714621         -1.9725450128         
1.41081943475         2.62468443872         -2.12038833691        2.62468443872         -2.12038833691        2.98564357798         -1.95522171393        
1.42047813254         2.5907287081          -2.1019603528         2.5907287081          -2.1019603528         2.94478988665         -1.93804446321        
1.43013683033         2.55695956833         -2.08382402484        2.55695956833         -2.08382402484        2.90427288419         -1.9211379272         
1.43979552812         2.52363847267         -2.06595921057        2.52363847267         -2.06595921057        2.86433883849         -1.90448326088        
1.44945422592         2.4905509511          -2.04825704578        2.4905509511          -2.04825704578        2.82476122379         -1.88798154124        
1.45911292371         2.45784833113         -2.03078227969        2.45784833113         -2.03078227969        2.78569819718         -1.87169133566        
1.4687716215          2.42545488525         -2.01351554625        2.42545488525         -2.01351554625        2.74707487542         -1.85559607595        
1.47843031929         2.39335313093         -1.99640978636        2.39335313093         -1.99640978636        2.70886108211         -1.83965126379        
1.48808901708         2.36155218056         -1.9794534249         2.36155218056         -1.9794534249         2.67106288404         -1.82384694121        
1.49774771487         2.33008745078         -1.96269433286        2.33008745078         -1.96269433286        2.63373202409         -1.80822761728        
1.50740641266         2.29891790121         -1.94607903585        2.29891790121         -1.94607903585        2.59681061336         -1.79274308764        
1.51706511045         2.26800939554         -1.92957518131        2.26800939554         -1.92957518131        2.5602641102          -1.77736465088        
1.52672380824         2.23746558437         -1.91325843198        2.23746558437         -1.91325843198        2.52420153512         -1.76216162632        
1.53638250603         2.20721636843         -1.89703006329        2.20721636843         -1.89703006329        2.48854269103         -1.74704336322        
1.54604120383         2.17732075928         -1.8810170714         2.17732075928         -1.8810170714         2.45335524925         -1.73212596927        
1.55569990162         2.14772638881         -1.86507811417        2.14772638881         -1.86507811417        2.41857721389         -1.71728140234        
1.56535859941         2.11842350681         -1.84918332237        2.11842350681         -1.84918332237        2.38418462217         -1.70248000458        
1.5750172972          2.08923496902         -1.83331199262        2.08923496902         -1.83331199262        2.350002463           -1.6877056144         
1.58467599499         2.06060630789         -1.81765645617        2.06060630789         -1.81765645617        2.3164978477          -1.67313417219        
1.59433469278         2.03200634395         -1.80183729585        2.03200634395         -1.80183729585        2.28311445341         -1.65841192879        
1.60399339057         2.00403838058         -1.78625922857        2.00403838058         -1.78625922857        2.25048235622         -1.64391242669        
1.61365208836         1.97652107349         -1.77077562729        1.97652107349         -1.77077562729        2.2183679679          -1.62950447691        
1.62331078615         1.9491233101          -1.75527375254        1.9491233101          -1.75527375254        2.18648992217         -1.61508915301        
1.63296948394         1.9222549293          -1.73993104089        1.9222549293          -1.73993104089        2.15521610381         -1.60082292157        
1.64262818173         1.89587008965         -1.72473560427        1.89587008965         -1.72473560427        2.12451501562         -1.58669605417        
1.65228687953         1.870023588           -1.70980988639        1.870023588           -1.70980988639        2.09444888157         -1.57282675948        
1.66194557732         1.84464585947         -1.69511011064        1.84464585947         -1.69511011064        2.06494773365         -1.55916763578        
1.67160427511         1.81980520761         -1.68075130894        1.81980520761         -1.68075130894        2.03608693097         -1.54582416497        
1.6812629729          1.79565086675         -1.66668116095        1.79565086675         -1.66668116095        2.00801525724         -1.5327511102         
1.69092167069         1.77414958161         -1.6548585252         1.77414958161         -1.6548585252         1.98294429972         -1.52174611363        
1.70058036848         1.76631942603         -1.65570820773        1.76631942603         -1.65570820773        1.97317730196         -1.52239538018        
1.71023906627         1.75705545164         -1.65508097551        1.75705545164         -1.65508097551        1.96181691262         -1.5216870031         
1.71989776406         1.74684276291         -1.65346177802        1.74684276291         -1.65346177802        1.94940568909         -1.52006644231        
1.72955646185         1.73600015497         -1.65106337678        1.73600015497         -1.65106337678        1.93628414374         -1.51772966714        
1.73921515964         1.7242626788          -1.64782381986        1.7242626788          -1.64782381986        1.92221280487         -1.51462103709        
1.74887385744         1.71206573254         -1.64395216109        1.71206573254         -1.64395216109        1.90762259836         -1.51093114931        
1.75853255523         1.69938373723         -1.63948478572        1.69938373723         -1.63948478572        1.89249963845         -1.50669431964        
1.76819125302         1.68624021151         -1.63443451189        1.68624021151         -1.63443451189        1.87687290977         -1.50192245804        
1.77784995081         1.67264944489         -1.6288192152         1.67264944489         -1.6288192152         1.86076088002         -1.49663287921        
1.7875086486          1.6585840668          -1.62285831105        1.6585840668          -1.62285831105        1.84415006191         -1.49102430965        
1.79716734639         1.64431922246         -1.61608192848        1.64431922246         -1.61608192848        1.82728843516         -1.48466915095        
1.80682604418         1.62962806556         -1.60901062879        1.62962806556         -1.60901062879        1.80998633499         -1.47804286449        
1.81648474197         1.61461985996         -1.60148950609        1.61461985996         -1.60148950609        1.79234365994         -1.4710037159         
1.82614343976         1.59922768917         -1.59346957166        1.59922768917         -1.59346957166        1.77430046074         -1.46351175175        
1.83580213755         1.5836770168          -1.58522986822        1.5836770168          -1.58522986822        1.75607620586         -1.45581011421        
1.84546083534         1.56779518037         -1.5765179158         1.56779518037         -1.5765179158         1.73750936678         -1.4476802951         
1.85511953314         1.55164750342         -1.56744073067        1.55164750342         -1.56744073067        1.71866651911         -1.43921488045        
1.86477823093         1.53525846185         -1.55802946673        1.53525846185         -1.55802946673        1.69957537309         -1.43044488391        
1.87443692872         1.51863708067         -1.548286101          1.51863708067         -1.548286101          1.68024587159         -1.4213717345         
1.88409562651         1.50175287184         -1.53814406093        1.50175287184         -1.53814406093        1.66065184708         -1.41193111976        
1.8937543243          1.48483283069         -1.52791704948        1.48483283069         -1.52791704948        1.64101053898         -1.40242144216        
1.90341302209         1.46758985294         -1.51726733437        1.46758985294         -1.51726733437        1.62105476082         -1.39252460005        
1.91307171988         1.45016237319         -1.50642837817        1.45016237319         -1.50642837817        1.60091756051         -1.38245510173        
1.92273041767         1.43254715669         -1.49533123313        1.43254715669         -1.49533123313        1.58060032877         -1.37214970705        
1.93238911546         1.41473068112         -1.48400393281        1.41473068112         -1.48400393281        1.56009281877         -1.36163447718        
1.94204781325         1.39676608669         -1.47245485416        1.39676608669         -1.47245485416        1.53944589274         -1.35091649919        
1.95170651105         1.37861868789         -1.46066944604        1.37861868789         -1.46066944604        1.51863212497         -1.33998268226        
1.96136520884         1.36030642949         -1.44867612686        1.36030642949         -1.44867612686        1.4976710095          -1.3288605905         
1.97102390663         1.34180905686         -1.4364601834         1.34180905686         -1.4364601834         1.47654263636         -1.31753585459        
1.98068260442         1.3232174038          -1.42408277982        1.3232174038          -1.42408277982        1.4553400236          -1.30606559752        
1.99034130221         1.30433743117         -1.4113325538         1.30433743117         -1.4113325538         1.43387298645         -1.29425178796        
2                     1.28538616366         -1.3983740156         1.28538616366         -1.3983740156         1.4123544287          -1.28224808252        
2.001                 1.2834260435          -1.39701938088        1.2834260435          -1.39701938088        1.41012972599         -1.28099358212        
2.20311373849         0.882702574694        -1.09128417035        0.882702574694        -1.09128417035        0.962204293506        -0.998831028716       
2.40522747698         0.539722481563        -0.765271044217       0.539722481563        -0.765271044217       0.585106106385        -0.699316081356       
2.60734121547         0.289777573728        -0.487512725436       0.289777573728        -0.487512725436       0.313663575972        -0.444873692512       
2.80945495396         0.133413765805        -0.277915298027       0.133413765805        -0.277915298027       0.145122702891        -0.253322358865       
3.01156869245         0.0496654939011       -0.140557299701       0.0496654939011       -0.140557299701       0.0551130173544       -0.128004996492       
3.21368243094         0.0128502036769       -0.0616866649251      0.0128502036769       -0.0616866649251      0.0152781305768       -0.0561393136403      
3.41579616943         0.000675952449948     -0.022576531081       0.000675952449948     -0.022576531081       0.00170055063673      -0.0205373249003      
3.61790990792         -0.00139188932882     -0.00629320375748     -0.00139188932882     -0.00629320375748     -0.00100806313004     -0.00572435641007     
3.82002364641         -0.000703106989084    -0.000977890778517    -0.000703106989084    -0.000977890778517    -0.000599286172523    -0.000890125268031    
4.0221373849          -3.52461468268e-05    -1.00340567586e-05    -3.52461468268e-05    -1.00340567586e-05    -3.06676208715e-05    -9.17277132878e-06    
4.0231373849          -3.41080398598e-05    -9.59635523818e-06    -3.41080398598e-05    -9.59635523818e-06    -2.96751958252e-05    -8.77271935507e-06    
4.0401373849          -1.79518095804e-05    -3.90004942366e-06    -1.79518095804e-05    -3.90004942366e-06    -1.55968524839e-05    -3.56354021962e-06    
4.0571373849          -7.18569318196e-06    -6.63738760478e-07    -7.18569318196e-06    -6.63738760478e-07    -6.2312447843e-06     -6.00194712926e-07    
4.0741373849          -1.09160746657e-06    1.02774545162e-06     -1.09160746657e-06    1.02774545162e-06     -9.40225216006e-07    9.51260730057e-07     
4.0911373849          1.12324989564e-07     2.96899666347e-06     1.12324989564e-07     2.96899666347e-06     1.07050327942e-07     2.67156329366e-06     
4.1081373849          2.05076855118e-07     6.98934829258e-06     2.05076855118e-07     6.98934829258e-06     1.92891288542e-07     6.14986378512e-06     
4.1251373849          2.77862916884e-07     1.11039139295e-05     2.77862916884e-07     1.11039139295e-05     2.60042749785e-07     9.67801276941e-06     
4.1421373849          3.28542084089e-07     1.48194093041e-05     3.28542084089e-07     1.48194093041e-05     3.06642786901e-07     1.28392175358e-05     
4.1431373849          3.30881297922e-07     1.50212294702e-05     3.30881297922e-07     1.50212294702e-05     3.08788457578e-07     1.30101984809e-05     
4.32332900553         2.17188037796e-07     2.36417324184e-05     2.17188037796e-07     2.36417324184e-05     2.01146630949e-07     1.98598770399e-05     
4.50352062615         3.49132684355e-08     1.20655062363e-05     3.49132684355e-08     1.20655062363e-05     3.2174742552e-08      9.93142812363e-06     
4.68371224678         -6.51974088009e-09    4.17254242364e-06     -6.51974088009e-09    4.17254242364e-06     -6.08576214071e-09    3.37487299814e-06     
4.8639038674          -5.337086908e-09      1.05428760278e-06     -5.337086908e-09      1.05428760278e-06     -4.94856169722e-09    8.39289656841e-07     
5.04409548803         -1.38550860896e-09    1.74128096646e-07     -1.38550860896e-09    1.74128096646e-07     -1.28282080957e-09    1.36591991209e-07     
5.22428710866         -8.27368639544e-11    7.93418995944e-09     -8.27368639544e-11    7.93418995944e-09     -7.65477431935e-11    6.13868889106e-09     
5.40447872928         6.09699529249e-09     7.6721269378e-11      6.09699529249e-09     7.6721269378e-11      4.65673683238e-09     1.80441279193e-10     
5.58467034991         7.0848735036e-09      1.02686898878e-10     7.0848735036e-09      1.02686898878e-10     5.34724894366e-09     1.9076774042e-10      
5.76486197054         3.80939776865e-09     6.17409724219e-11     3.80939776865e-09     6.17409724219e-11     2.84311768234e-09     9.51331587485e-11     
5.94505359116         1.5053751065e-09      2.6735117212e-11      1.5053751065e-09      2.6735117212e-11      1.11116655242e-09     3.54320749957e-11     
6.12524521179         4.91067885135e-10     9.41714391409e-12     4.91067885135e-10     9.41714391409e-12     3.58507234654e-10     1.09952489612e-11     
6.30543683241         1.38717214683e-10     2.84081044439e-12     1.38717214683e-10     2.84081044439e-12     1.00171812037e-10     2.97634259657e-12     
6.48562845304         3.47783259843e-11     7.54085694344e-13     3.47783259843e-11     7.54085694344e-13     2.48433111314e-11     7.18707714544e-13     
6.66582007367         7.85215833651e-12     1.79030741603e-13     7.85215833651e-12     1.79030741603e-13     5.54920674838e-12     1.56973065398e-13     
6.84601169429         1.61122588486e-12     3.84153993085e-14     1.61122588486e-12     3.84153993085e-14     1.12666531842e-12     3.12276797167e-14     
7.02620331492         3.02530314643e-13     7.50812865756e-15     3.02530314643e-13     7.50812865756e-15     2.0933406007e-13      5.70402529486e-15     
7.20639493554         5.10584345683e-14     1.31392599985e-15     5.10584345683e-14     1.31392599985e-15     3.49660002529e-14     9.37948696808e-16     
7.38658655617         8.25852802311e-15     2.19647901692e-16     8.25852802311e-15     2.19647901692e-16     5.59794279889e-15     1.48308421481e-16     
7.5667781768          8.21828349677e-16     2.25273105272e-17     8.21828349677e-16     2.25273105272e-17     5.51455914375e-16     1.4434809053e-17      
7.74696979742         9.5995943408e-16      2.70540059423e-17     9.5995943408e-16      2.70540059423e-17     6.37766104911e-16     1.65337585479e-17     
7.92716141805         1.10977679891e-15     3.20882306352e-17     1.10977679891e-15     3.20882306352e-17     7.30063987894e-16     1.87821955814e-17     
8.10735303868         1.27141895948e-15     3.76463184096e-17     1.27141895948e-15     3.76463184096e-17     8.28293171982e-16     2.11580919092e-17     
8.2875446593          1.44501375088e-15     4.37436438664e-17     1.44501375088e-15     4.37436438664e-17     9.32394509198e-16     2.3660405159e-17      
8.46773627993         1.63067945043e-15     5.03947016119e-17     1.63067945043e-15     5.03947016119e-17     1.04229815672e-15     2.63478385046e-17     
8.64792790055         1.82852575473e-15     5.76131772041e-17     1.82852575473e-15     5.76131772041e-17     1.1578649163e-15      2.91890040978e-17     
8.82811952118         2.03865463275e-15     6.54120108556e-17     2.03865463275e-15     6.54120108556e-17     1.27903541535e-15     3.21736115333e-17     
9.00831114181         2.2611610732e-15      7.38034547728e-17     2.2611610732e-15      7.38034547728e-17     1.40573478844e-15     3.53031283012e-17     
9.18850276243         2.49613374149e-15     8.27991248899e-17     2.49613374149e-15     8.27991248899e-17     1.53789177215e-15     3.8579243494e-17      
9.36869438306         2.74365555922e-15     9.24100476538e-17     2.74365555922e-15     9.24100476538e-17     1.67545804559e-15     4.2039941591e-17      
9.54888600368         3.00380421702e-15     1.02646702428e-16     3.00380421702e-15     1.02646702428e-16     1.81826935523e-15     4.57114913934e-17     
9.72907762431         3.27665262982e-15     1.13519060005e-16     3.27665262982e-15     1.13519060005e-16     1.96625921302e-15     4.95524699407e-17     
9.90926924494         3.56226934226e-15     1.25036617668e-16     3.56226934226e-15     1.25036617668e-16     2.11935497574e-15     5.35662101494e-17     
10.0894608656         3.86071889083e-15     1.37208431152e-16     3.86071889083e-15     1.37208431152e-16     2.27748061816e-15     5.77561502209e-17     
10.2696524862         4.17206212814e-15     1.50043143864e-16     4.17206212814e-15     1.50043143864e-16     2.44056094662e-15     6.21258190411e-17     
10.4498441068         4.49635651422e-15     1.63549013621e-16     4.49635651422e-15     1.63549013621e-16     2.60852343997e-15     6.6678822912e-17      
10.6300357274         4.83365637866e-15     1.77733937173e-16     4.83365637866e-15     1.77733937173e-16     2.7813023066e-15      7.14188335173e-17     
10.8102273481         5.18401315731e-15     1.9260547273e-16      5.18401315731e-15     1.9260547273e-16      2.9588641214e-15      7.63843531233e-17     
10.9904189687         5.54747560633e-15     2.08170860687e-16     5.54747560633e-15     2.08170860687e-16     3.1410352915e-15      8.16242959454e-17     
11.1706105893         5.92408999631e-15     2.24437042724e-16     5.92408999631e-15     2.24437042724e-16     3.32775433488e-15     8.70777699684e-17     
11.3508022099         6.31390028855e-15     2.41410679437e-16     6.31390028855e-15     2.41410679437e-16     3.51896038337e-15     9.27492874999e-17     
11.5309938306         6.71694829565e-15     2.59098166629e-16     6.71694829565e-15     2.59098166629e-16     3.71458633992e-15     9.86433674508e-17     
11.7111854512         7.13327382788e-15     2.77505650394e-16     7.13327382788e-15     2.77505650394e-16     3.91456479361e-15     1.04764528636e-16     
11.8913770718         7.56291482705e-15     2.96639041093e-16     7.56291482705e-15     2.96639041093e-16     4.11882916234e-15     1.11117283798e-16     
12.0715686925         8.00590748899e-15     3.16504026327e-16     8.00590748899e-15     3.16504026327e-16     4.32731412878e-15     1.17706134281e-16     
12.2517603131         8.4622863759e-15      3.37106082996e-16     8.4622863759e-15      3.37106082996e-16     4.53995592131e-15     1.24535565309e-16     
12.4319519337         8.93208451952e-15     3.58450488511e-16     8.93208451952e-15     3.58450488511e-16     4.75669263156e-15     1.31610041786e-16     
12.6121435543         9.41533351611e-15     3.80542331244e-16     9.41533351611e-15     3.80542331244e-16     4.97746477861e-15     1.38934004599e-16     
12.792335175          9.91206361393e-15     4.03386520272e-16     9.91206361393e-15     4.03386520272e-16     5.20221672753e-15     1.46511867352e-16     
12.9725267956         1.04223037939e-14     4.26987794475e-16     1.04223037939e-14     4.26987794475e-16     5.4309024567e-15      1.54348013499e-16     
13.1527184162         1.09460818443e-14     4.51350731032e-16     1.09460818443e-14     4.51350731032e-16     5.6635084022e-15      1.6250831314e-16      
13.3329100368         1.14834244297e-14     4.76479753385e-16     1.14834244297e-14     4.76479753385e-16     5.89984103858e-15     1.71016696009e-16     
13.5131016575         1.20343571551e-14     5.02379138683e-16     1.20343571551e-14     5.02379138683e-16     6.13987305412e-15     1.79809920751e-16     
13.6932932781         1.25989046247e-14     5.29053024767e-16     1.25989046247e-14     5.29053024767e-16     6.38355995681e-15     1.88892669846e-16     
13.8734848987         1.31770904981e-14     5.56505416725e-16     1.31770904981e-14     5.56505416725e-16     6.63085058e-15        1.98269579447e-16     
14.0536765193         1.37689375402e-14     5.84740193047e-16     1.37689375402e-14     5.84740193047e-16     6.88169280074e-15     2.07945238126e-16     
14.23386814           1.43744676702e-14     6.13761111414e-16     1.43744676702e-14     6.13761111414e-16     7.13603474195e-15     2.17924185834e-16     
14.4140597606         1.49937020052e-14     6.43571814141e-16     1.49937020052e-14     6.43571814141e-16     7.39382517878e-15     2.28210913041e-16     
14.5942513812         1.56266609021e-14     6.74175833305e-16     1.56266609021e-14     6.74175833305e-16     7.65501370769e-15     2.38809860057e-16     
14.7744430018         1.62733639961e-14     7.05576595579e-16     1.62733639961e-14     7.05576595579e-16     7.91955082531e-15     2.49725416493e-16     
14.9546346225         1.69338302376e-14     7.37777426791e-16     1.69338302376e-14     7.37777426791e-16     8.18738796843e-15     2.60961920873e-16     
15.1348262431         1.76080779251e-14     7.70781556227e-16     1.76080779251e-14     7.70781556227e-16     8.45847753662e-15     2.72523660356e-16     
15.3150178637         1.8296124738e-14      8.04592120697e-16     1.8296124738e-14      8.04592120697e-16     8.73277290855e-15     2.84414870577e-16     
15.4952094843         1.89979877658e-14     8.39212168382e-16     1.89979877658e-14     8.39212168382e-16     9.01022845925e-15     2.96639735587e-16     
15.675401105          1.97136835363e-14     8.74644662464e-16     1.97136835363e-14     8.74644662464e-16     9.29079958463e-15     3.09202387878e-16     
15.8555927256         2.04432280418e-14     9.10892484577e-16     2.04432280418e-14     9.10892484577e-16     9.57444274194e-15     3.22106908486e-16     
16.0357843462         2.11866367639e-14     9.47958438068e-16     2.11866367639e-14     9.47958438068e-16     9.8611155197e-15      3.35357327173e-16     
16.2159759669         2.19439246966e-14     9.85845251085e-16     2.19439246966e-14     9.85845251085e-16     1.0150776764e-14      3.48957622662e-16     
16.3961675875         2.27151063686e-14     1.02455557952e-15     2.27151063686e-14     1.02455557952e-15     1.04433868205e-14     3.62911722936e-16     
16.5763592081         2.35001958633e-14     1.06409200978e-15     2.35001958633e-14     1.06409200978e-15     1.07389080471e-14     3.77223505579e-16     
16.7565508287         2.4299206839e-14      1.10445706147e-15     2.4299206839e-14      1.10445706147e-15     1.10373061044e-14     3.91896798168e-16     
16.9367424494         2.51121525465e-14     1.14565318986e-15     2.51121525465e-14     1.14565318986e-15     1.13385545169e-14     4.06935378695e-16     
17.11693407           2.59390458473e-14     1.1876827883e-15      2.59390458473e-14     1.1876827883e-15      1.16426791877e-14     4.22374711243e-16     
17.2971256906         2.67798992294e-14     1.2305481905e-15      2.67798992294e-14     1.2305481905e-15      1.19494987133e-14     4.38331656696e-16     
17.4773173112         2.7634724823e-14      1.27425167272e-15     2.7634724823e-14      1.27425167272e-15     1.22589704296e-14     4.54676510671e-16     
17.6575089319         2.85035344153e-14     1.31879545578e-15     2.85035344153e-14     1.31879545578e-15     1.25710825921e-14     4.71413116859e-16     
17.8377005525         2.93863394643e-14     1.36418170707e-15     2.93863394643e-14     1.36418170707e-15     1.28858056775e-14     4.8854526932e-16      
18.0178921731         3.02831511121e-14     1.41041254243e-15     3.02831511121e-14     1.41041254243e-15     1.32031070062e-14     5.06076713022e-16     
18.1980837937         3.11939801973e-14     1.45749002791e-15     3.11939801973e-14     1.45749002791e-15     1.35229530698e-14     5.2401114441e-16      
18.3782754144         3.21188372671e-14     1.50541618151e-15     3.21188372671e-14     1.50541618151e-15     1.38453102667e-14     5.42352211977e-16     
18.558467035          3.30577325883e-14     1.55419297482e-15     3.30577325883e-14     1.55419297482e-15     1.41701452021e-14     5.61103516855e-16     
18.7386586556         3.40106761582e-14     1.60382233453e-15     3.40106761582e-14     1.60382233453e-15     1.44974248292e-14     5.80268613411e-16     
18.9188502762         3.49776777148e-14     1.65430614401e-15     3.49776777148e-14     1.65430614401e-15     1.482711652e-14       5.99851009851e-16     
19.0990418969         3.59587467464e-14     1.70564624466e-15     3.59587467464e-14     1.70564624466e-15     1.5159188103e-14      6.19854168833e-16     
19.2792335175         3.69538925009e-14     1.75784443729e-15     3.69538925009e-14     1.75784443729e-15     1.54936078814e-14     6.40281508076e-16     
19.4594251381         3.79631239947e-14     1.81090248349e-15     3.79631239947e-14     1.81090248349e-15     1.58303446422e-14     6.61136400982e-16     
19.6396167587         3.89864500208e-14     1.86482210681e-15     3.89864500208e-14     1.86482210681e-15     1.61693676582e-14     6.82422177251e-16     
19.8198083794         4.0023879157e-14      1.91960499399e-15     4.0023879157e-14      1.91960499399e-15     1.65106466868e-14     7.041421235e-16       
20                    0                     0                     0                     0                     0                     0                     
