0.0779191396          0                     0                     0                     0                     0                     0                     
0.087577837391        0.014282242232        -7.21766954595e-05    0.014282242232        -7.21766954595e-05    0.0203248027046       -0.000475801985289    
0.0972365351819       0.0852107530052       -0.00166906286331     0.0852107530052       -0.00166906286331     0.120418360041        -0.00390697163706     
0.106895232973        0.220986295136        -0.00817286564637     0.220986295136        -0.00817286564637     0.309962474879        -0.0136734551281      
0.116553930764        0.411889332762        -0.0231441087192      0.411889332762        -0.0231441087192      0.573532207652        -0.0329860759991      
0.126212628555        0.644716872482        -0.049312599304       0.644716872482        -0.049312599304       0.891511428522        -0.0642529711772      
0.135871326346        0.907179083179        -0.0892701763104      0.907179083179        -0.0892701763104      1.24622744843         -0.109847021631       
0.145530024137        1.18830205396         -0.145593989938       1.18830205396         -0.145593989938       1.62263254456         -0.172203906968       
0.155188721928        1.47791374847         -0.220940975267       1.47791374847         -0.220940975267       2.00761176791         -0.25392829503        
0.164847419719        1.76464731436         -0.316307684623       1.76464731436         -0.316307684623       2.3876706248          -0.3559744305         
0.17450611751         2.03830223564         -0.428084600116       2.03830223564         -0.428084600116       2.75111078451         -0.474608302742       
0.184164815301        2.29301466046         -0.55062891863        2.29301466046         -0.55062891863        3.09118568973         -0.604042914253       
0.193823513091        2.52684166992         -0.677934013347       2.52684166992         -0.677934013347       3.40544317138         -0.738115514218       
0.203482210882        2.74015604423         -0.805874122336       2.74015604423         -0.805874122336       3.69404853234         -0.872605051889       
0.213140908673        2.93420878078         -0.931710493478       2.93420878078         -0.931710493478       3.95821003928         -1.00470373355        
0.222799606464        3.11054402631         -1.05325794397        3.11054402631         -1.05325794397        4.19954471906         -1.13219155249        
0.232458304255        3.2716021908          -1.17033294753        3.2716021908          -1.17033294753        4.42070457049         -1.25488537254        
0.242117002046        3.41837300549         -1.28280514263        3.41837300549         -1.28280514263        4.62282794601         -1.37267042043        
0.251775699837        3.55189958458         -1.39058194897        3.55189958458         -1.39058194897        4.80723724877         -1.48544353697        
0.261434397628        3.67270805698         -1.49322802245        3.67270805698         -1.49322802245        4.97462579797         -1.59277833144        
0.271093095419        3.7819060484          -1.59020708122        3.7819060484          -1.59020708122        5.12634582021         -1.69413307765        
0.28075179321         3.88118974919         -1.68146978656        3.88118974919         -1.68146978656        5.26441086871         -1.78947289509        
0.290410491001        3.97162698568         -1.76726454988        3.97162698568         -1.76726454988        5.39007018753         -1.87905847999        
0.300069188792        4.05429319851         -1.84821409461        4.05429319851         -1.84821409461        5.5046360373          -1.96353679045        
0.309727886583        4.12988236885         -1.92503089112        4.12988236885         -1.92503089112        5.60903929137         -2.04364572098        
0.319386584374        4.19853925251         -1.99820519709        4.19853925251         -1.99820519709        5.70359465461         -2.11990012246        
0.329045282165        4.26064517197         -2.06816695201        4.26064517197         -2.06816695201        5.78890303749         -2.19274737081        
0.338703979956        4.31611310255         -2.13483861874        4.31611310255         -2.13483861874        5.86501398398         -2.26211437651        
0.348362677747        4.36499340535         -2.19803097395        4.36499340535         -2.19803097395        5.9321318953          -2.32781543481        
0.358021375538        4.40796694973         -2.25773121577        4.40796694973         -2.25773121577        5.99111400965         -2.38983067171        
0.367680073329        4.44534034878         -2.31329752428        4.44534034878         -2.31329752428        6.04239773915         -2.44752875471        
0.37733877112         4.47789242288         -2.36562198167        4.47789242288         -2.36562198167        6.08694368286         -2.5018271514         
0.386997468911        4.50597590258         -2.41435189432        4.50597590258         -2.41435189432        6.12522143664         -2.55236458915        
0.396656166702        4.53003685467         -2.45952816783        4.53003685467         -2.45952816783        6.15778279802         -2.59918843836        
0.406314864492        4.55065290055         -2.50138229241        4.55065290055         -2.50138229241        6.18534745002         -2.64254017506        
0.415973562283        4.56839968967         -2.54014936914        4.56839968967         -2.54014936914        6.20861650583         -2.68266526293        
0.425632260074        4.58304887913         -2.57591578899        4.58304887913         -2.57591578899        6.22737212074         -2.71965449764        
0.435290957865        4.59550492524         -2.60924572766        4.59550492524         -2.60924572766        6.2427114173          -2.75409089433        
0.444949655656        4.60582824034         -2.63998073235        4.60582824034         -2.63998073235        6.25471705447         -2.78581130211        
0.454608353447        4.61417293783         -2.66885092525        4.61417293783         -2.66885092525        6.26367275198         -2.81557104391        
0.464267051238        4.62062132924         -2.69585840573        4.62062132924         -2.69585840573        6.26969349027         -2.8433700531         
0.473925749029        4.62533414597         -2.7212835699         4.62533414597         -2.7212835699         6.27304539207         -2.86950542699        
0.48358444682         4.62829433505         -2.74529477372        4.62829433505         -2.74529477372        6.27375800512         -2.8941548334         
0.493243144611        4.62946496701         -2.76797739333        4.62946496701         -2.76797739333        6.27179704223         -2.91739655512        
0.502901842402        4.62901683034         -2.78928888458        4.62901683034         -2.78928888458        6.2674562149          -2.93918296476        
0.512560540193        4.62702235719         -2.80975780965        4.62702235719         -2.80975780965        6.26084344691         -2.96011730218        
0.522219237984        4.62317751812         -2.82915052053        4.62317751812         -2.82915052053        6.25161420233         -2.97990347892        
0.531877935775        4.61798091417         -2.8478640706         4.61798091417         -2.8478640706         6.24052105168         -2.99897080526        
0.541536633566        4.61095700753         -2.86553869421        4.61095700753         -2.86553869421        6.22692295172         -3.01693948162        
0.551195331357        4.60229186226         -2.8823161077         4.60229186226         -2.8823161077         6.21113134628         -3.03395939308        
0.560854029148        4.59192820215         -2.89816291122        4.59192820215         -2.89816291122        6.19310104815         -3.05000233371        
0.570512726939        4.57982938144         -2.91287808435        4.57982938144         -2.91287808435        6.17278580217         -3.06485610181        
0.58017142473         4.56634748799         -2.92669206773        4.56634748799         -2.92669206773        6.15067916937         -3.07876548255        
0.589830122521        4.55138591339         -2.9394798176         4.55138591339         -2.9394798176         6.12664386452         -3.09159822096        
0.599488820312        4.53499943934         -2.95124406064        4.53499943934         -2.95124406064        6.10077727544         -3.10336099185        
0.609147518103        4.51743238051         -2.96206391964        4.51743238051         -2.96206391964        6.07340896541         -3.11413746912        
0.618806215893        4.49822310702         -2.97162811559        4.49822310702         -2.97162811559        6.04392814825         -3.12360353529        
0.628464913684        4.47808433701         -2.98017323224        4.47808433701         -2.98017323224        6.01325356918         -3.1320094566         
0.638123611475        4.45679159844         -2.9876521755         4.45679159844         -2.9876521755         5.9811185476          -3.1393041944         
0.647782309266        4.43445640908         -2.99406553718        4.43445640908         -2.99406553718        5.94765205341         -3.14548770535        
0.657441007057        4.41114583474         -2.99935876665        4.41114583474         -2.99935876665        5.91295612444         -3.15050683452        
0.667099704848        4.38708096247         -3.00377851592        4.38708096247         -3.00377851592        5.87728829139         -3.15462590353        
0.676758402639        4.36182743286         -3.00677453775        4.36182743286         -3.00677453775        5.84014697441         -3.15725840994        
0.68641710043         4.33597852542         -3.0085000606         4.33597852542         -3.0085000606         5.80221641823         -3.15855874728        
0.696075798221        4.30961970757         -3.00934427048        4.30961970757         -3.00934427048        5.76358067513         -3.15895061997        
0.705734496012        4.28296823092         -3.00936227925        4.28296823092         -3.00936227925        5.7245432135          -3.15849131022        
0.715393193803        4.25573397252         -3.00839944356        4.25573397252         -3.00839944356        5.68472355498         -3.15701306664        
0.725051891594        4.22825494315         -3.00659061779        4.22825494315         -3.00659061779        5.64453768075         -3.1546576657         
0.734710589385        4.20020155666         -3.00391511095        4.20020155666         -3.00391511095        5.60360551777         -3.1513960246         
0.744369287176        4.17200184621         -3.0004624068         4.17200184621         -3.0004624068         5.56244620692         -3.14733078089        
0.754027984967        4.14350544527         -2.99624339488        4.14350544527         -2.99624339488        5.52086656315         -3.14246766803        
0.763686682758        4.11471521451         -2.99129792262        4.11471521451         -2.99129792262        5.47887575673         -3.13685051846        
0.773345380549        4.0857496107          -2.9857268496         4.0857496107          -2.9857268496         5.43663484182         -3.13058272963        
0.78300407834         4.0565902592          -2.97953666298        4.0565902592          -2.97953666298        5.3941192918          -3.12366473041        
0.792662776131        4.02722581757         -2.97263597317        4.02722581757         -2.97263597317        5.35128308176         -3.11601954431        
0.802321473922        3.99791159258         -2.96538473241        3.99791159258         -2.96538473241        5.30851567867         -3.10800323526        
0.811980171713        3.96827754663         -2.95756130663        3.96827754663         -2.95756130663        5.26532322343         -3.09939173415        
0.821638869504        3.93852318316         -2.94928565294        3.93852318316         -2.94928565294        5.22195987449         -3.09031265783        
0.831297567294        3.90858551235         -2.9404970181         3.90858551235         -2.9404970181         5.17835378991         -3.08069907014        
0.840956265085        3.87859081854         -2.93129257526        3.87859081854         -2.93129257526        5.13466168199         -3.07063916715        
0.850614962876        3.84832863937         -2.92168392969        3.84832863937         -2.92168392969        5.09059576148         -3.06019200289        
0.860273660667        3.81800737544         -2.9118998751         3.81800737544         -2.9118998751         5.04648334193         -3.04955603269        
0.869932358458        3.78738532633         -2.90168721474        3.78738532633         -2.90168721474        5.00199383589         -3.03847274579        
0.879591056249        3.75652816038         -2.89118289202        3.75652816038         -2.89118289202        4.95722509032         -3.02708452973        
0.88924975404         3.72545959277         -2.88036825658        3.72545959277         -2.88036825658        4.91221750174         -3.01536792496        
0.898908451831        3.69407263229         -2.86925217268        3.69407263229         -2.86925217268        4.86684969907         -3.00333695855        
0.908567149622        3.66235020693         -2.85779652321        3.66235020693         -2.85779652321        4.82107597843         -2.99094670655        
0.918225847413        3.63022056268         -2.84599140263        3.63022056268         -2.84599140263        4.7748571127          -2.97819384968        
0.927884545204        3.59770051873         -2.8337381747         3.59770051873         -2.8337381747         4.72817792404         -2.96496935067        
0.937543242995        3.5647658934          -2.82112582034        3.5647658934          -2.82112582034        4.68100527677         -2.95136925692        
0.947201940786        3.53088696998         -2.80793230488        3.53088696998         -2.80793230488        4.63277819466         -2.93716153748        
0.956860638577        3.49638640454         -2.79411403101        3.49638640454         -2.79411403101        4.58378811347         -2.92230055126        
0.966519336368        3.46071333866         -2.77935841624        3.46071333866         -2.77935841624        4.53339778479         -2.90646443145        
0.976178034159        3.42348933126         -2.76325538869        3.42348933126         -2.76325538869        4.48100575369         -2.88921732003        
0.98583673195         3.37815859792         -2.74059620649        3.37815859792         -2.74059620649        4.41817949913         -2.8651183638         
0.995495429741        3.3286127499          -2.71433849774        3.3286127499          -2.71433849774        4.34996489558         -2.83726442681        
1.00515412753         3.2800483645          -2.68871054359        3.2800483645          -2.68871054359        4.28318447426         -2.81007462754        
1.01481282532         3.23244507824         -2.66374510943        3.23244507824         -2.66374510943        4.21780208716         -2.78358296797        
1.02447152311         3.18547379486         -2.63910950016        3.18547379486         -2.63910950016        4.15339484749         -2.75744284656        
1.0341302209          3.13912892199         -2.61483360556        3.13912892199         -2.61483360556        4.08994053684         -2.73168572719        
1.0437889187          3.09346811354         -2.59095392425        3.09346811354         -2.59095392425        4.0275279574          -2.70635081304        
1.05344761649         3.04809469996         -2.56710793689        3.04809469996         -2.56710793689        3.96562357912         -2.68105905946        
1.06310631428         3.00332215436         -2.54353020113        3.00332215436         -2.54353020113        3.90463561344         -2.65605194883        
1.07276501207         2.95889489182         -2.52005328608        2.95889489182         -2.52005328608        3.8442388707          -2.63116080295        
1.08242370986         2.91504110142         -2.49678901557        2.91504110142         -2.49678901557        3.78470861137         -2.60649865516        
1.09208240765         2.87161678411         -2.47372604954        2.87161678411         -2.47372604954        3.725878859           -2.58205748316        
1.10174110544         2.82837991538         -2.45065087881        2.82837991538         -2.45065087881        3.66744150294         -2.55761499041        
1.11139980323         2.78546038464         -2.42718340225        2.78546038464         -2.42718340225        3.60955321194         -2.53276114175        
1.12105850102         2.74329041965         -2.40400226144        2.74329041965         -2.40400226144        3.55271601221         -2.50822279828        
1.13071719881         2.70166127085         -2.38084400121        2.70166127085         -2.38084400121        3.49665493416         -2.48371100566        
1.14037589661         2.66049224365         -2.35775607239        2.66049224365         -2.35775607239        3.44127724509         -2.45930511309        
1.1500345944          2.61997612576         -2.33487994875        2.61997612576         -2.33487994875        3.38680897378         -2.43512830167        
1.15969329219         2.57995808807         -2.3121185722         2.57995808807         -2.3121185722         3.33307278682         -2.41107952623        
1.16935198998         2.54042909257         -2.28943079379        2.54042909257         -2.28943079379        3.28004800119         -2.38711532531        
1.17901068777         2.5013586315          -2.26682513535        2.5013586315          -2.26682513535        3.227700998           -2.36324377292        
1.18866938556         2.46265134632         -2.24411802911        2.46265134632         -2.24411802911        3.17589036994         -2.33927427393        
1.19832808335         2.42491740653         -2.22192957447        2.42491740653         -2.22192957447        3.12540403326         -2.31585317697        
1.20798678114         2.38729067536         -2.19947728539        2.38729067536         -2.19947728539        3.07513883828         -2.29216559562        
1.21764547893         2.35041911131         -2.17737449214        2.35041911131         -2.17737449214        3.02588879127         -2.26884459421        
1.22730417672         2.31398375436         -2.15512429688        2.31398375436         -2.15512429688        2.97726049947         -2.24538295234        
1.23696287451         2.27822022478         -2.13322338361        2.27822022478         -2.13322338361        2.92956962562         -2.22229036181        
1.24662157231         2.24279286747         -2.1111613592         2.24279286747         -2.1111613592         2.88233122834         -2.19903427274        
1.2562802701          2.20798438279         -2.08935703074        2.20798438279         -2.08935703074        2.83595594787         -2.1760544981         
1.26593896789         2.17371680728         -2.06767462893        2.17371680728         -2.06767462893        2.79032173707         -2.15320776255        
1.27559766568         2.13999085575         -2.0461696877         2.13999085575         -2.0461696877         2.74542918044         -2.13055315217        
1.28525636347         2.10689409223         -2.02491267103        2.10689409223         -2.02491267103        2.70138872841         -2.10816139929        
1.29491506126         2.07426865315         -2.00372775225        2.07426865315         -2.00372775225        2.65798790693         -2.08585052979        
1.30457375905         2.04192740819         -1.98259251682        2.04192740819         -1.98259251682        2.61501300831         -2.06359725588        
1.31423245684         2.010271581           -1.96190025361        2.010271581           -1.96190025361        2.57296956943         -2.04181007226        
1.32389115463         1.97929418305         -1.94110721592        1.97929418305         -1.94110721592        2.53177600289         -2.01992330284        
1.33354985242         1.94876484048         -1.92066353165        1.94876484048         -1.92066353165        2.49121540081         -1.99840549754        
1.34320855022         1.91862552016         -1.90038945789        1.91862552016         -1.90038945789        2.4512117361          -1.97706868348        
1.35286724801         1.88893979938         -1.88024401156        1.88893979938         -1.88024401156        2.41181680861         -1.95586942406        
1.3625259458          1.8598517947          -1.86045631429        1.8598517947          -1.86045631429        2.37322859016         -1.93504950803        
1.37218464359         1.83101874307         -1.84077210255        1.83101874307         -1.84077210255        2.33501558819         -1.91433890643        
1.38184334138         1.80294445363         -1.82131263325        1.80294445363         -1.82131263325        2.29777834307         -1.89387420085        
1.39150203917         1.77519428746         -1.80214593331        1.77519428746         -1.80214593331        2.26100657305         -1.87372301372        
1.40116073696         1.74801599898         -1.78335292805        1.74801599898         -1.78335292805        2.22498000918         -1.8539628696         
1.41081943475         1.72117303778         -1.764781461          1.72117303778         -1.764781461          2.18943165238         -1.83443577221        
1.42047813254         1.69464480012         -1.74638322814        1.69464480012         -1.74638322814        2.15434210072         -1.81509333051        
1.43013683033         1.66853099692         -1.72827943817        1.66853099692         -1.72827943817        2.11982516574         -1.79606019748        
1.43979552812         1.64280968624         -1.71046540304        1.64280968624         -1.71046540304        2.08585630074         -1.77733086768        
1.44945422592         1.61738229202         -1.69284840933        1.61738229202         -1.69284840933        2.05231415487         -1.75881046768        
1.45911292371         1.59232026622         -1.67552327075        1.59232026622         -1.67552327075        2.0192859911          -1.74059799321        
1.4687716215          1.56749912421         -1.65836816901        1.56749912421         -1.65836816901        1.98663427766         -1.72256259105        
1.47843031929         1.54311536607         -1.64152614619        1.54311536607         -1.64152614619        1.95456942446         -1.7048589249         
1.48808901708         1.5188114393          -1.62469756805        1.5188114393          -1.62469756805        1.92268917888         -1.68717095177        
1.49774771487         1.4948189441          -1.60800765113        1.4948189441          -1.60800765113        1.89125986789         -1.6696271259         
1.50740641266         1.47121932154         -1.59157476097        1.47121932154         -1.59157476097        1.86036329967         -1.65235592522        
1.51706511045         1.44792607185         -1.57534497939        1.44792607185         -1.57534497939        1.82990120226         -1.63530102058        
1.52672380824         1.42495081733         -1.55934552066        1.42495081733         -1.55934552066        1.79989256681         -1.61849083931        
1.53638250603         1.40234073281         -1.54353099784        1.40234073281         -1.54353099784        1.77038180784         -1.60187659013        
1.54604120383         1.37983882004         -1.52792640281        1.37983882004         -1.52792640281        1.74108919058         -1.58548325777        
1.55569990162         1.35768501123         -1.51245900291        1.35768501123         -1.51245900291        1.71227391326         -1.56923679586        
1.56535859941         1.33578994986         -1.49714051216        1.33578994986         -1.49714051216        1.68383417501         -1.55315029024        
1.5750172972          1.31408126069         -1.48189528624        1.31408126069         -1.48189528624        1.65568201078         -1.53714556511        
1.58467599499         1.2927272565          -1.46684189661        1.2927272565          -1.46684189661        1.62801519745         -1.52134576645        
1.59433469278         1.27164239837         -1.45198455457        1.27164239837         -1.45198455457        1.60072615799         -1.50575865531        
1.60399339057         1.25099604622         -1.43736390815        1.25099604622         -1.43736390815        1.57403258475         -1.49042246501        
1.61365208836         1.23035785639         -1.42279669188        1.23035785639         -1.42279669188        1.5473985974          -1.4751445326         
1.62331078615         1.21010611772         -1.4084445103         1.21010611772         -1.4084445103         1.52129290924         -1.46009442762        
1.63296948394         1.19008961602         -1.39417353371        1.19008961602         -1.39417353371        1.495522217           -1.44513258272        
1.64262818173         1.17036833935         -1.38007969162        1.17036833935         -1.38007969162        1.47016147801         -1.43035852606        
1.65228687953         1.1509597108          -1.36620760422        1.1509597108          -1.36620760422        1.44523160237         -1.4158183487         
1.66194557732         1.13196740999         -1.35250946931        1.13196740999         -1.35250946931        1.4208500935          -1.40146299755        
1.67160427511         1.11331465436         -1.33906371056        1.11331465436         -1.33906371056        1.39692996979         -1.38737330443        
1.6812629729          1.09509858874         -1.32593696309        1.09509858874         -1.32593696309        1.37358737665         -1.373617761          
1.69092167069         1.07854280826         -1.31461389254        1.07854280826         -1.31461389254        1.35235360018         -1.36173443149        
1.70058036848         1.07032963154         -1.31332873427        1.07032963154         -1.31332873427        1.34160372612         -1.360251246          
1.71023906627         1.06124476658         -1.3108875514         1.06124476658         -1.3108875514         1.32977008955         -1.35757112282        
1.71989776406         1.05156510318         -1.30761882716        1.05156510318         -1.30761882716        1.31721131438         -1.35403648662        
1.72955646185         1.04145220108         -1.30368253964        1.04145220108         -1.30368253964        1.30412247791         -1.34981159008        
1.73921515964         1.03093716098         -1.29915967873        1.03093716098         -1.29915967873        1.29054830022         -1.3449826675         
1.74887385744         1.02007812819         -1.29406601049        1.02007812819         -1.29406601049        1.27655737916         -1.33956359378        
1.75853255523         1.00902049713         -1.28849643718        1.00902049713         -1.28849643718        1.26231483892         -1.33365964766        
1.76819125302         0.997688595048        -1.28248712635        0.997688595048        -1.28248712635        1.24774188536         -1.32730278136        
1.77784995081         0.986130945021        -1.27606419931        0.986130945021        -1.27606419931        1.23289657394         -1.32051975405        
1.7875086486          0.97441113236         -1.26924446755        0.97441113236         -1.26924446755        1.21785958309         -1.31333012854        
1.79716734639         0.962375972691        -1.26195387113        0.962375972691        -1.26195387113        1.20244066982         -1.30565322811        
1.80682604418         0.950074101161        -1.25424895719        0.950074101161        -1.25424895719        1.18672354556         -1.29754385919        
1.81648474197         0.937798432395        -1.2462403401         0.937798432395        -1.2462403401         1.17102416488         -1.28912448225        
1.82614343976         0.92526639737         -1.23785207247        0.92526639737         -1.23785207247        1.15503058609         -1.28031736501        
1.83580213755         0.912753552422        -1.22930002321        0.912753552422        -1.22930002321        1.13904763735         -1.2713413804         
1.84546083534         0.900096637748        -1.22040850776        0.900096637748        -1.22040850776        1.12290413275         -1.26201720105        
1.85511953314         0.887269515894        -1.21119834897        0.887269515894        -1.21119834897        1.10656834957         -1.25236517751        
1.86477823093         0.874432160237        -1.20179965952        0.874432160237        -1.20179965952        1.09022143949         -1.24251962972        
1.87443692872         0.861498805334        -1.192130661          0.861498805334        -1.192130661          1.07377512966         -1.2323975694         
1.88409562651         0.848359968605        -1.182197395          0.848359968605        -1.182197395          1.05710068114         -1.22200548305        
1.8937543243          0.83526999122         -1.17207247227        0.83526999122         -1.17207247227        1.04048780556         -1.21141587134        
1.90341302209         0.822073860429        -1.16174792738        0.822073860429        -1.16174792738        1.02376295636         -1.20062838064        
1.91307171988         0.808840755992        -1.15125185031        0.808840755992        -1.15125185031        1.00700704454         -1.1896650695         
1.92273041767         0.795501190569        -1.14057025567        0.795501190569        -1.14057025567        0.990144012607        -1.17851313902        
1.93238911546         0.782115257798        -1.12970397119        0.782115257798        -1.12970397119        0.973243274527        -1.16717256594        
1.94204781325         0.768653932132        -1.11866151052        0.768653932132        -1.11866151052        0.95627344231         -1.15565225215        
1.95170651105         0.755148547758        -1.10744673568        0.755148547758        -1.10744673568        0.939269494659        -1.14395579904        
1.96136520884         0.741582451554        -1.09606545539        0.741582451554        -1.09606545539        0.922215417591        -1.13209056752        
1.97102390663         0.728016477918        -1.08453085481        0.728016477918        -1.08453085481        0.905182486962        -1.12006983836        
1.98068260442         0.714396263035        -1.07283607815        0.714396263035        -1.07283607815        0.888108304908        -1.10788669337        
1.99034130221         0.700786319676        -1.06097450806        0.700786319676        -1.06097450806        0.871061898708        -1.09553348539        
2                     0.687042391722        -1.04919680631        0.687042391722        -1.04919680631        0.853906119965        -1.08327161779        
2.001                 0.68574022132         -1.04772254135        0.68574022132         -1.04772254135        0.852249404547        -1.08173766418        
2.22251916927         0.394640304511        -0.746806860879       0.394640304511        -0.746806860879       0.491349193243        -0.769598526004       
2.44403833854         0.182367405079        -0.463626740604       0.182367405079        -0.463626740604       0.230545157902        -0.477045178931       
2.66555750781         0.0592598248573       -0.246426327096       0.0592598248573       -0.246426327096       0.0793923598004       -0.253246123617       
2.88707667709         0.00570972843733      -0.107741956521       0.00570972843733      -0.107741956521       0.0124260702904       -0.110620314806       
3.10859584636         -0.0074334786227      -0.0351323418502      -0.0074334786227      -0.0351323418502      -0.00583550049241     -0.0360518649796      
3.33011501563         -0.00454937120419     -0.00605653420407     -0.00454937120419     -0.00605653420407     -0.00435438318122     -0.00621692656015     
3.5516341849          -0.000212486170681    -5.13377210813e-05    -0.000212486170681    -5.13377210813e-05    -0.000207138991576    -5.29325691533e-05    
3.5526341849          -0.000205779586961    -4.91567753937e-05    -0.000205779586961    -4.91567753937e-05    -0.000200582015856    -5.06843413031e-05    
3.5696341849          -0.000109791652874    -2.0433165921e-05     -0.000109791652874    -2.0433165921e-05     -0.000106828909518    -2.10581004706e-05    
3.5866341849          -4.45681832337e-05    -3.64587942211e-06    -4.45681832337e-05    -3.64587942211e-06    -4.32639065868e-05    -3.72056393734e-06    
3.6036341849          -6.7909581952e-06     5.46085531339e-06     -6.7909581952e-06     5.46085531339e-06     -6.53244395681e-06    5.7015376707e-06      
3.6206341849          9.3163283808e-07      1.74104642512e-05     9.3163283808e-07      1.74104642512e-05     1.002039254e-06       1.75694178858e-05     
3.6376341849          1.73144512564e-06     4.37213864385e-05     1.73144512564e-06     4.37213864385e-05     1.83897119435e-06     4.30395262181e-05     
3.6546341849          2.39036622872e-06     7.17458423034e-05     2.39036622872e-06     7.17458423034e-05     2.5262837007e-06      6.99179197799e-05     
3.6716341849          2.87715860942e-06     9.81153417576e-05     2.87715860942e-06     9.81153417576e-05     3.03253841255e-06     9.50108268753e-05     
3.6726341849          2.90059906381e-06     9.95819856528e-05     2.90059906381e-06     9.95819856528e-05     3.05686830568e-06     9.64006643874e-05     
3.85205578726         2.21798477173e-06     0.000188657435211     2.21798477173e-06     0.000188657435211     2.31886352539e-06     0.000176756689062     
4.03147738963         3.66134806185e-07     0.000113174440994     3.66134806185e-07     0.000113174440994     3.80418858306e-07     0.000103729526191     
4.21089899199         -1.28045212102e-07    4.51518578846e-05     -1.28045212102e-07    4.51518578846e-05     -1.34634816042e-07    4.06068351215e-05     
4.39032059435         -9.66397894997e-08    1.26756245323e-05     -9.66397894997e-08    1.26756245323e-05     -1.01110570382e-07    1.12058178009e-05     
4.56974219672         -2.36872377589e-08    2.04267394556e-06     -2.36872377589e-08    2.04267394556e-06     -2.4749388787e-08     1.77746658103e-06     
4.74916379908         -8.17225683447e-12    5.45012256314e-10     -8.17225683447e-12    5.45012256314e-10     -8.5322252508e-12     4.67333061689e-10     
4.92858540145         3.03396243659e-07     5.45024753151e-09     3.03396243659e-07     5.45024753151e-09     2.56655398744e-07     1.12651695249e-08     
5.10800700381         2.95162967298e-07     6.08012166572e-09     2.95162967298e-07     6.08012166572e-09     2.46647697518e-07     1.01834182539e-08     
5.28742860617         1.71536155303e-07     3.93939692503e-09     1.71536155303e-07     3.93939692503e-09     1.41625195327e-07     5.62869041645e-09     
5.46685020854         7.73144963659e-08     1.94139204924e-09     7.73144963659e-08     1.94139204924e-09     6.30680734802e-08     2.44257478133e-09     
5.6462718109          2.93590418675e-08     7.94741753728e-10     2.93590418675e-08     7.94741753728e-10     2.36632065479e-08     9.00880798838e-10     
5.82569341326         9.75193514752e-09     2.81551136118e-10     9.75193514752e-09     2.81551136118e-10     7.76662802189e-09     2.92045649674e-10     
6.00511501563         2.89174767994e-09     8.83049070749e-11     2.89174767994e-09     8.83049070749e-11     2.27585817732e-09     8.48833721044e-11     
6.18453661799         7.75058601199e-10     2.48669768792e-11     7.75058601199e-10     2.48669768792e-11     6.0288444294e-10      2.23780935336e-11     
6.36395822036         1.89300082411e-10     6.34667983484e-12     1.89300082411e-10     6.34667983484e-12     1.45550570328e-10     5.38269380317e-12     
6.54337982272         4.23713292902e-11     1.47782934008e-12     4.23713292902e-11     1.47782934008e-12     3.22083866189e-11     1.19130812701e-12     
6.72280142508         8.72741045331e-12     3.1546872468e-13      8.72741045331e-12     3.1546872468e-13      6.55945267662e-12     2.42755542606e-13     
6.90222302745         1.65788074452e-12     6.19086893815e-14     1.65788074452e-12     6.19086893815e-14     1.23228042681e-12     4.57171731552e-14     
7.08164462981         2.93750271925e-13     1.13008131119e-14     2.93750271925e-13     1.13008131119e-14     2.15950175892e-13     8.04561314498e-15     
7.26106623217         5.02449680665e-14     1.98665505534e-15     5.02449680665e-14     1.98665505534e-15     3.65385912057e-14     1.36756743981e-15     
7.44048783454         9.24271104676e-15     3.74821268038e-16     9.24271104676e-15     3.74821268038e-16     6.65007310663e-15     2.50226509885e-16     
7.6199094369          1.28108906477e-15     5.31868674398e-17     1.28108906477e-15     5.31868674398e-17     9.12070057373e-16     3.45781329027e-17     
7.79933103927         6.72670204025e-15     2.85446014271e-16     6.72670204025e-15     2.85446014271e-16     4.73944558571e-15     1.811011337e-16       
7.97875264163         1.63891177804e-15     7.09819021256e-17     1.63891177804e-15     7.09819021256e-17     1.14292717296e-15     4.40321332711e-17     
8.15817424399         1.83586024967e-15     8.10477947931e-17     1.83586024967e-15     8.10477947931e-17     1.26737392532e-15     4.92421440718e-17     
8.33759584636         2.04497265966e-15     9.19166693047e-17     2.04497265966e-15     9.19166693047e-17     1.39774738155e-15     5.48153736521e-17     
8.51701744872         2.26634436138e-15     1.03605366931e-16     2.26634436138e-15     1.03605366931e-16     1.53387176098e-15     6.07930589787e-17     
8.69643905108         2.5000643009e-15      1.16129849978e-16     2.5000643009e-15      1.16129849978e-16     1.675663554e-15       6.71346076076e-17     
8.87586065345         2.74621561029e-15     1.29505266291e-16     2.74621561029e-15     1.29505266291e-16     1.82303741364e-15     7.38481331761e-17     
9.05528225581         3.00487613202e-15     1.43746007779e-16     3.00487613202e-15     1.43746007779e-16     1.97590445685e-15     8.09417462505e-17     
9.23470385818         3.27611888395e-15     1.58865763621e-16     3.27611888395e-15     1.58865763621e-16     2.1341774864e-15      8.84235403141e-17     
9.41412546054         3.56001247293e-15     1.74877568734e-16     3.56001247293e-15     1.74877568734e-16     2.29777488247e-15     9.63015793692e-17     
9.5935470629          3.85662146392e-15     1.91793848e-16        3.85662146392e-15     1.91793848e-16        2.46664967394e-15     1.04600295092e-16     
9.77296866527         4.16600671012e-15     2.09626456696e-16     4.16600671012e-15     2.09626456696e-16     2.64063320198e-15     1.13410817855e-16     
9.95239026763         4.48822564921e-15     2.28386717521e-16     4.48822564921e-15     2.28386717521e-16     2.81962611694e-15     1.2265927484e-16      
10.13181187           4.82333256981e-15     2.48085454561e-16     4.82333256981e-15     2.48085454561e-16     3.00355797218e-15     1.32354439923e-16     
10.3112334724         5.17137885172e-15     2.68733024494e-16     5.17137885172e-15     2.68733024494e-16     3.19234841678e-15     1.42504996197e-16     
10.4906550747         5.53241318308e-15     2.9033934531e-16      5.53241318308e-15     2.9033934531e-16      3.38591676591e-15     1.53119530262e-16     
10.6700766771         5.90648175698e-15     3.12913922772e-16     5.90648175698e-15     3.12913922772e-16     3.584183502e-15       1.64206527482e-16     
10.8494982794         6.29362845009e-15     3.36465874847e-16     6.29362845009e-15     3.36465874847e-16     3.78707087232e-15     1.75774368063e-16     
11.0289198818         6.69389498496e-15     3.61003954285e-16     6.69389498496e-15     3.61003954285e-16     3.99450337131e-15     1.87831323894e-16     
11.2083414842         7.10732107813e-15     3.8653656951e-16      7.10732107813e-15     3.8653656951e-16      4.20640849253e-15     2.0038555604e-16      
11.3877630865         7.53394457519e-15     4.13071803994e-16     7.53394457519e-15     4.13071803994e-16     4.42271864327e-15     2.1344511283e-16      
11.5671846889         7.97380157445e-15     4.40617434224e-16     7.97380157445e-15     4.40617434224e-16     4.64338031569e-15     2.2701792846e-16      
11.7466062913         8.42692654022e-15     4.69180946404e-16     8.42692654022e-15     4.69180946404e-16     4.86835075112e-15     2.41205192198e-16     
11.9260278936         8.89335240681e-15     4.98769551983e-16     8.89335240681e-15     4.98769551983e-16     5.09742410078e-15     2.55979500979e-16     
12.105449496          9.37311067409e-15     5.29390202126e-16     9.37311067409e-15     5.29390202126e-16     5.33057348202e-15     2.7130636061e-16      
12.2848710984         9.86623149552e-15     5.61049601204e-16     9.86623149552e-15     5.61049601204e-16     5.56773981347e-15     2.87193841122e-16     
12.4642927007         1.03727437593e-14     5.93754219378e-16     1.03727437593e-14     5.93754219378e-16     5.80885990417e-15     3.03649888009e-16     
12.6437143031         1.08926751635e-14     6.27510304372e-16     1.08926751635e-14     6.27510304372e-16     6.05387033158e-15     3.20682322676e-16     
12.8231359055         1.1426052285e-14      6.62323892473e-16     1.1426052285e-14      6.62323892473e-16     6.30270837998e-15     3.38298843119e-16     
13.0025575078         1.19729006441e-14     6.98200818835e-16     1.19729006441e-14     6.98200818835e-16     6.55531237351e-15     3.56507024811e-16     
13.1819791102         1.25332447636e-14     7.35146727139e-16     1.25332447636e-14     7.35146727139e-16     6.81162181846e-15     3.75314321757e-16     
13.3614007125         1.31071082246e-14     7.7316707865e-16      1.31071082246e-14     7.7316707865e-16      7.07157747263e-15     3.94728067703e-16     
13.5408223149         1.36945137171e-14     8.12267160729e-16     1.36945137171e-14     8.12267160729e-16     7.33512138547e-15     4.14755477466e-16     
13.7202439173         1.42954830887e-14     8.52452094824e-16     1.42954830887e-14     8.52452094824e-16     7.60219693005e-15     4.35403648381e-16     
13.8996655196         1.49100373882e-14     8.93726843993e-16     1.49100373882e-14     8.93726843993e-16     7.87274884085e-15     4.56679561833e-16     
14.079087122          1.55381969078e-14     9.36096219987e-16     1.55381969078e-14     9.36096219987e-16     8.14672327216e-15     4.78590084867e-16     
14.2585087244         1.61799812215e-14     9.79564889921e-16     1.61799812215e-14     9.79564889921e-16     8.42406790006e-15     5.01141971865e-16     
14.4379303267         1.68354092214e-14     1.02413738256e-15     1.68354092214e-14     1.02413738256e-15     8.70473211383e-15     5.24341866266e-16     
14.6173519291         1.75044991517e-14     1.06981809428e-15     1.75044991517e-14     1.06981809428e-15     8.98866740643e-15     5.48196302331e-16     
14.7967735315         1.81872686404e-14     1.11661129465e-15     1.81872686404e-14     1.11661129465e-15     9.27582828736e-15     5.72711706939e-16     
14.9761951338         1.88837347288e-14     1.16452113173e-15     1.88837347288e-14     1.16452113173e-15     9.56617502402e-15     5.97894401405e-16     
15.1556167362         1.95939138999e-14     1.21355163712e-15     1.95939138999e-14     1.21355163712e-15     9.85968954311e-15     6.23750603308e-16     
15.3350383385         2.03178221041e-14     1.26370673069e-15     2.03178221041e-14     1.26370673069e-15     1.01563334887e-14     6.50430243031e-16     
15.5144599409         2.10554747844e-14     1.31499022504e-15     2.10554747844e-14     1.31499022504e-15     1.04559027997e-14     6.77843174392e-16     
15.6938815433         2.18068868988e-14     1.36740582982e-15     2.18068868988e-14     1.36740582982e-15     1.07584108893e-14     7.05961520396e-16     
15.8733031456         2.2572072943e-14      1.42095715574e-15     2.2572072943e-14      1.42095715574e-15     1.10638230243e-14     7.34791452238e-16     
16.052724748          2.33510469704e-14     1.4756477184e-15      2.33510469704e-14     1.4756477184e-15      1.13720990633e-14     7.64339042892e-16     
16.2321463504         2.41438226114e-14     1.53148094197e-15     2.41438226114e-14     1.53148094197e-15     1.16831976593e-14     7.94610268866e-16     
16.4115679527         2.49504130922e-14     1.5884601626e-15      2.49504130922e-14     1.5884601626e-15      1.19970773729e-14     8.25611011955e-16     
16.5909895551         2.57708312516e-14     1.64658863174e-15     2.57708312516e-14     1.64658863174e-15     1.23136970873e-14     8.57347060976e-16     
16.7704111575         2.66050895576e-14     1.7058695193e-15      2.66050895576e-14     1.7058695193e-15      1.26330161912e-14     8.89824113491e-16     
16.9498327598         2.74532001229e-14     1.76630591656e-15     2.74532001229e-14     1.76630591656e-15     1.29549946661e-14     9.23047777511e-16     
17.1292543622         2.83151747191e-14     1.82790083908e-15     2.83151747191e-14     1.82790083908e-15     1.32795931288e-14     9.57023573175e-16     
17.3086759645         2.9191024791e-14      1.89065722937e-15     2.9191024791e-14      1.89065722937e-15     1.36067728507e-14     9.91756934419e-16     
17.4880975669         3.00807614695e-14     1.95457795949e-15     3.00807614695e-14     1.95457795949e-15     1.3936495765e-14      1.02725321061e-15     
17.6675191693         3.09843955841e-14     2.01966583349e-15     3.09843955841e-14     2.01966583349e-15     1.42687244657e-14     1.06351766816e-15     
17.8469407716         3.19019376746e-14     2.08592358976e-15     3.19019376746e-14     2.08592358976e-15     1.46034222035e-14     1.10055549213e-15     
18.026362374          3.28333980025e-14     2.15335390331e-15     3.28333980025e-14     2.15335390331e-15     1.49405528781e-14     1.13837178778e-15     
18.2057839764         3.37787865615e-14     2.22195938789e-15     3.37787865615e-14     2.22195938789e-15     1.528008103e-14       1.17697158213e-15     
18.3852055787         3.47381130876e-14     2.29174259802e-15     3.47381130876e-14     2.29174259802e-15     1.56219718305e-14     1.21635982544e-15     
18.5646271811         3.5711387069e-14      2.36270603099e-15     3.5711387069e-14      2.36270603099e-15     1.59661910727e-14     1.25654139274e-15     
18.7440487835         3.66986177547e-14     2.43485212871e-15     3.66986177547e-14     2.43485212871e-15     1.63127051615e-14     1.29752108527e-15     
18.9234703858         3.7699814164e-14      2.50818327952e-15     3.7699814164e-14      2.50818327952e-15     1.66614811049e-14     1.33930363189e-15     
19.1028919882         3.8714985094e-14      2.58270181989e-15     3.8714985094e-14      2.58270181989e-15     1.70124865051e-14     1.38189369054e-15     
19.2823135905         3.97441391283e-14     2.6584100361e-15      3.97441391283e-14     2.6584100361e-15      1.73656895514e-14     1.42529584957e-15     
19.4617351929         4.07872846438e-14     2.73531016579e-15     4.07872846438e-14     2.73531016579e-15     1.77210590137e-14     1.46951462912e-15     
19.6411567953         4.18444298186e-14     2.81340439949e-15     4.18444298186e-14     2.81340439949e-15     1.80785642378e-14     1.51455448245e-15     
19.8205783976         4.29155826385e-14     2.89269488207e-15     4.29155826385e-14     2.89269488207e-15     1.8438175143e-14      1.5604197972e-15      
20                    0                     0                     0                     0                     0                     0                     
