0.0779191396          0                     0                     0                     0                     0                     0                     
0.0876516655326       0.00346028688937      -0.00353849769207     0.00346028688937      -0.00353849769207     0.00961865258215      -0.00895993967761     
0.0973841914651       0.0160171712955       -0.0227952941341      0.0160171712955       -0.0227952941341      0.0457467557484       -0.0573148565295      
0.107116717398        0.032275071289        -0.0574825714795      0.032275071289        -0.0574825714795      0.0953086848702       -0.144167100186       
0.11684924333         0.0487031012255       -0.101634984153       0.0487031012255       -0.101634984153       0.148463039701        -0.254628075173       
0.126581769263        0.0638256773613       -0.150385993936       0.0638256773613       -0.150385993936       0.200286069285        -0.376551322727       
0.136314295195        0.0770475239124       -0.200448823081       0.0770475239124       -0.200448823081       0.248248713273        -0.501717033139       
0.146046821128        0.0882043917107       -0.249749703824       0.0882043917107       -0.249749703824       0.291175524663        -0.62493679939        
0.15577934706         0.0973426603939       -0.297019730974       0.0973426603939       -0.297019730974       0.328655213214        -0.743032552429       
0.165511872993        0.1045824311          -0.341562200875       0.1045824311          -0.341562200875       0.360647392117        -0.854256155649       
0.175244398926        0.110075450015        -0.382987094846       0.110075450015        -0.382987094846       0.387318645074        -0.957632240465       
0.184976924858        0.113992824575        -0.421145165685       0.113992824575        -0.421145165685       0.40898494572         -1.0527833404         
0.194709450791        0.116513499781        -0.456020926484       0.116513499781        -0.456020926484       0.426043182606        -1.13967391455        
0.204441976723        0.117800181962        -0.487704253036       0.117800181962        -0.487704253036       0.438902880024        -1.2185348923         
0.214174502656        0.11799941852         -0.516329683847       0.11799941852         -0.516329683847       0.447955848036        -1.28970650733        
0.223907028588        0.117243683188        -0.542053076253       0.117243683188        -0.542053076253       0.453574547932        -1.35358087953        
0.233639554521        0.115642195553        -0.56506046995        0.115642195553        -0.56506046995        0.456092669703        -1.41062996879        
0.243372080453        0.113290856124        -0.585502123392       0.113290856124        -0.585502123392       0.455805741795        -1.46123392321        
0.253104606386        0.110301717273        -0.603589311173       0.110301717273        -0.603589311173       0.453063948341        -1.50592383623        
0.262837132319        0.106727030044        -0.619449374415       0.106727030044        -0.619449374415       0.44805690772         -1.54502463334        
0.272569658251        0.102670055918        -0.633251574138       0.102670055918        -0.633251574138       0.441109725716        -1.57896442726        
0.282302184184        0.0981762216086       -0.645151402822       0.0981762216086       -0.645151402822       0.432393260008        -1.60813363748        
0.292034710116        0.0933110466796       -0.655279284398       0.0933110466796       -0.655279284398       0.422128229849        -1.63286368742        
0.301767236049        0.0881129074708       -0.663782186877       0.0881129074708       -0.663782186877       0.410464881857        -1.65352285124        
0.311499761981        0.0826533237895       -0.670762126687       0.0826533237895       -0.670762126687       0.397636863125        -1.67037632631        
0.321232287914        0.0769069825595       -0.676281609431       0.0769069825595       -0.676281609431       0.383612816791        -1.68356279828        
0.330964813847        0.0710009413877       -0.680492474243       0.0710009413877       -0.680492474243       0.368774142698        -1.69348553037        
0.340697339779        0.064971974927        -0.68351760007        0.064971974927        -0.68351760007        0.3532521096          -1.70044967235        
0.350429865712        0.0587983510255       -0.685425149171       0.0587983510255       -0.685425149171       0.337024205135        -1.70462875378        
0.360162391644        0.0525241511466       -0.686295915369       0.0525241511466       -0.686295915369       0.320233991744        -1.70622586213        
0.369894917577        0.0461764066985       -0.68620581517        0.0461764066985       -0.68620581517        0.302981024586        -1.70543279963        
0.379627443509        0.0397740477001       -0.685229728919       0.0397740477001       -0.685229728919       0.285341427698        -1.70243711567        
0.389359969442        0.0333268105337       -0.683422417155       0.0333268105337       -0.683422417155       0.267367643971        -1.69737695676        
0.399092495374        0.0268520571074       -0.680840431803       0.0268520571074       -0.680840431803       0.249127052039        -1.69039777635        
0.408825021307        0.0203398728898       -0.677509318157       0.0203398728898       -0.677509318157       0.230608033375        -1.68155275062        
0.41855754724         0.0138702874207       -0.673491957206       0.0138702874207       -0.673491957206       0.212048152678        -1.67101100753        
0.428290073172        0.0074499675572       -0.668863188703       0.0074499675572       -0.668863188703       0.19348009585         -1.65896197811        
0.438022599105        0.00110814732206      -0.663632674926       0.00110814732206      -0.663632674926       0.174985959806        -1.64543169076        
0.447755125037        -0.00522422220063     -0.657920804237       -0.00522422220063     -0.657920804237       0.156419194729        -1.63071739879        
0.45748765097         -0.0114684623231      -0.651691765223       -0.0114684623231      -0.651691765223       0.137979275887        -1.61473070379        
0.467220176902        -0.017639486013       -0.645049664852       -0.017639486013       -0.645049664852       0.119653025641        -1.59773241634        
0.476952702835        -0.023715279491       -0.637923503412       -0.023715279491       -0.637923503412       0.101495565403        -1.57954498646        
0.486685228767        -0.0297375112206      -0.630384119925       -0.0297375112206      -0.630384119925       0.0834171582073       -1.56033910525        
0.4964177547          -0.0356291971768      -0.622489450835       -0.0356291971768      -0.622489450835       0.0656320021899       -1.54027168582        
0.506150280633        -0.0413796566244      -0.614310588532       -0.0413796566244      -0.614310588532       0.0481665422286       -1.51950749353        
0.515882806565        -0.047071377102       -0.605702807394       -0.047071377102       -0.605702807394       0.0308268805674       -1.49771630078        
0.525615332498        -0.052607755326       -0.596873593681       -0.052607755326       -0.596873593681       0.0138609542862       -1.47538443959        
0.53534785843         -0.0580271307311      -0.587767564821       -0.0580271307311      -0.587767564821       -0.00282260914876     -1.4523843221         
0.545080384363        -0.0633327786053      -0.578380920493       -0.0633327786053      -0.578380920493       -0.019231168755       -1.42869741421        
0.554812910295        -0.0684758844183      -0.568772538192       -0.0684758844183      -0.568772538192       -0.0352232655505      -1.40448365026        
0.564545436228        -0.0734674546573      -0.559008108239       -0.0734674546573      -0.559008108239       -0.0508130399699      -1.37990366274        
0.57427796216         -0.0783113387387      -0.548946458522       -0.0783113387387      -0.548946458522       -0.0660500770022      -1.35460687386        
0.584010488093        -0.0829996193496      -0.538774475872       -0.0829996193496      -0.538774475872       -0.0808658600476      -1.32905506585        
0.593743014026        -0.087554534746       -0.528419235498       -0.087554534746       -0.528419235498       -0.0953303619078      -1.30306402561        
0.603475539958        -0.0919410962348      -0.517918942585       -0.0919410962348      -0.517918942585       -0.109347954713       -1.27673443779        
0.613208065891        -0.0961540392283      -0.507289416446       -0.0961540392283      -0.507289416446       -0.122899356677       -1.2501061332         
0.622940591823        -0.100191395126       -0.496571491626       -0.100191395126       -0.496571491626       -0.135978085353       -1.22328050079        
0.632673117756        -0.104080781398       -0.485726796511       -0.104080781398       -0.485726796511       -0.148659553864       -1.19615674952        
0.642405643688        -0.107792072099       -0.474785369703       -0.107792072099       -0.474785369703       -0.160858377641       -1.16881349081        
0.652138169621        -0.111326008481       -0.463766326983       -0.111326008481       -0.463766326983       -0.1725756411         -1.14129873635        
0.661870695553        -0.114685147906       -0.452688647391       -0.114685147906       -0.452688647391       -0.183816525756       -1.11365772819        
0.671603221486        -0.117857246353       -0.441526654589       -0.117857246353       -0.441526654589       -0.194552977758       -1.08582706936        
0.681335747419        -0.120857250557       -0.430349110308       -0.120857250557       -0.430349110308       -0.204812729632       -1.05797746776        
0.691068273351        -0.123672445559       -0.419124442445       -0.123672445559       -0.419124442445       -0.214570385858       -1.03003009837        
0.700800799284        -0.126312419229       -0.407903318295       -0.126312419229       -0.407903318295       -0.223837212695       -1.0021107339         
0.710533325216        -0.128740022234       -0.39659369034        -0.128740022234       -0.39659369034        -0.232546347556       -0.973992497052       
0.720265851149        -0.130992073535       -0.385317233859       -0.130992073535       -0.385317233859       -0.240763027469       -0.945974466856       
0.729998377081        -0.133055515227       -0.37403976765        -0.133055515227       -0.37403976765        -0.248463666519       -0.917972396807       
0.739730903014        -0.13492451257        -0.362774151809       -0.13492451257        -0.362774151809       -0.255633095414       -0.89001761221        
0.749463428947        -0.136610611188       -0.351547277634       -0.136610611188       -0.351547277634       -0.262294974369       -0.862176723322       
0.759195954879        -0.138080393779       -0.340297450897       -0.138080393779       -0.340297450897       -0.268380557303       -0.834297830198       
0.768928480812        -0.139387134039       -0.329125805936       -0.139387134039       -0.329125805936       -0.274005225665       -0.806628800284       
0.778661006744        -0.140483591153       -0.317980951221       -0.140483591153       -0.317980951221       -0.279062241927       -0.779043021868       
0.788393532677        -0.141385826826       -0.306890218292       -0.141385826826       -0.306890218292       -0.283587205783       -0.751607700308       
0.798126058609        -0.142097243567       -0.295865465152       -0.142097243567       -0.295865465152       -0.287588763417       -0.724352088287       
0.807858584542        -0.142602613631       -0.284890243581       -0.142602613631       -0.284890243581       -0.291034781763       -0.69723543584        
0.817591110474        -0.142913990446       -0.273990769036       -0.142913990446       -0.273990769036       -0.293950931784       -0.670321380565       
0.827323636407        -0.14302378086        -0.263181805403       -0.14302378086        -0.263181805403       -0.296318441745       -0.643645117824       
0.83705616234         -0.142935606546       -0.252451539531       -0.142935606546       -0.252451539531       -0.298149062368       -0.617179588152       
0.846788688272        -0.142644311417       -0.241807805828       -0.142644311417       -0.241807805828       -0.299431495218       -0.590942408824       
0.856521214205        -0.142155575281       -0.231278123915       -0.142155575281       -0.231278123915       -0.300176243561       -0.565000566921       
0.866253740137        -0.14146313677        -0.220851622987       -0.14146313677        -0.220851622987       -0.300372227761       -0.539327703519       
0.87598626607         -0.140566054535       -0.210547150611       -0.140566054535       -0.210547150611       -0.300016058588       -0.513969335437       
0.885718792002        -0.139463722597       -0.200362946391       -0.139463722597       -0.200362946391       -0.299108307117       -0.488920795887       
0.895451317935        -0.138157886677       -0.190314370922       -0.138157886677       -0.190314370922       -0.297652927068       -0.464219802873       
0.905183843867        -0.136648937455       -0.180406684428       -0.136648937455       -0.180406684428       -0.295652946122       -0.439878667748       
0.9149163698          -0.13493011461        -0.170644738074       -0.13493011461        -0.170644738074       -0.293092597793       -0.415908937842       
0.924648895733        -0.133004033796       -0.161042874503       -0.133004033796       -0.161042874503       -0.289979077508       -0.392345300251       
0.934381421665        -0.130871188049       -0.151605263052       -0.130871188049       -0.151605263052       -0.286314703643       -0.369197837216       
0.944113947598        -0.128535701291       -0.142350113268       -0.128535701291       -0.142350113268       -0.282110158761       -0.346510907401       
0.95384647353         -0.125975272376       -0.13326089013        -0.125975272376       -0.13326089013        -0.27731533634        -0.324243405172       
0.963578999463        -0.123202830355       -0.124367197527       -0.123202830355       -0.124367197527       -0.271961855923       -0.302467303838       
0.973311525395        -0.120197955123       -0.115658643605       -0.120197955123       -0.115658643605       -0.266005124253       -0.281157287842       
0.983044051328        -0.116845744131       -0.107044827932       -0.116845744131       -0.107044827932       -0.259191568908       -0.260093716509       
0.99277657726         -0.113030025684       -0.0984526982676      -0.113030025684       -0.0984526982676      -0.251263069786       -0.239099166296       
1.00250910319         -0.109119320197       -0.0902343098567      -0.109119320197       -0.0902343098567      -0.243038871555       -0.219028497083       
1.01224162913         -0.105094042959       -0.0823726712125      -0.105094042959       -0.0823726712125      -0.234478996752       -0.199839928386       
1.02197415506         -0.10095453391        -0.0748662473415      -0.10095453391        -0.0748662473415      -0.225588546781       -0.181529364692       
1.03170668099         -0.0967114820779      -0.0677222098962      -0.0967114820779      -0.0677222098962      -0.216395651997       -0.164113331807       
1.04143920692         -0.0923729939533      -0.0609521282423      -0.0923729939533      -0.0609521282423      -0.206921888849       -0.147618892069       
1.05117173286         -0.0879358798772      -0.0545475699691      -0.0879358798772      -0.0545475699691      -0.197165009003       -0.132025565894       
1.06090425879         -0.0834299819331      -0.0485340001546      -0.0834299819331      -0.0485340001546      -0.18719668872        -0.117393798029       
1.07063678472         -0.07886265981        -0.0429118170432      -0.07886265981        -0.0429118170432      -0.177038553973       -0.103723898666       
1.08036931065         -0.0742548875237      -0.0376907564484      -0.0742548875237      -0.0376907564484      -0.166743312031       -0.0910384862085      
1.09010183659         -0.0696290801754      -0.0328773307504      -0.0696290801754      -0.0328773307504      -0.156367450839       -0.0793523494592      
1.09983436252         -0.0650166458478      -0.0284774887246      -0.0650166458478      -0.0284774887246      -0.145988138223       -0.068678755262       
1.10956688845         -0.0604373242694      -0.0244876974428      -0.0604373242694      -0.0244876974428      -0.135656563334       -0.0590078009699      
1.11929941438         -0.0559295132403      -0.020907152706       -0.0559295132403      -0.020907152706       -0.125466132188       -0.0503363530203      
1.12903194032         -0.051520081184       -0.0177242828776      -0.051520081184       -0.0177242828776      -0.115484028266       -0.0426347865287      
1.13876446625         -0.0472437404365      -0.0149240875732      -0.0472437404365      -0.0149240875732      -0.105795032902       -0.0358654778949      
1.14849699218         -0.0431224337054      -0.0124835329857      -0.0431224337054      -0.0124835329857      -0.0964543926495      -0.0299712188136      
1.15822951811         -0.0391891686588      -0.0103787064503      -0.0391891686588      -0.0103787064503      -0.0875412180273      -0.0248927550061      
1.16796204405         -0.035459489329       -0.00857838106729     -0.035459489329       -0.00857838106729     -0.0790943203291      -0.0205533354445      
1.17769456998         -0.0319464218553      -0.00705042817422     -0.0319464218553      -0.00705042817422     -0.0711457226052      -0.0168742170878      
1.18742709591         -0.0286519844928      -0.00575986176183     -0.0286519844928      -0.00575986176183     -0.0637017908697      -0.0137701485117      
1.19715962184         -0.0255976138495      -0.00468454397495     -0.0255976138495      -0.00468454397495     -0.0568105448339      -0.0111861776665      
1.20689214778         -0.022761503211       -0.00378611034593     -0.022761503211       -0.00378611034593     -0.0504236870846      -0.00902975270206     
1.21662467371         -0.0201462155122      -0.00304152014025     -0.0201462155122      -0.00304152014025     -0.0445459453556      -0.00724456205075     
1.22635719964         -0.0177431540939      -0.0024271612472      -0.0177431540939      -0.0024271612472      -0.0391569214051      -0.00577328240686     
1.23608972557         -0.0155426840781      -0.00192258822054     -0.0155426840781      -0.00192258822054     -0.0342336323531      -0.00456633529717     
1.24582225151         -0.0135340394556      -0.00151009824472     -0.0135340394556      -0.00151009824472     -0.0297504264151      -0.00358086036505     
1.25555477744         -0.0117074851049      -0.0011747544133      -0.0117074851049      -0.0011747544133      -0.0256838694884      -0.00278072779748     
1.26528730337         -0.0100507270722      -0.000903570528413    -0.0100507270722      -0.000903570528413    -0.0220049187377      -0.00213457375266     
1.2750198293          -0.00855384408988     -0.000685802884028    -0.00855384408988     -0.000685802884028    -0.0186898112923      -0.00161646993711     
1.28475235524         -0.00720705745512     -0.000512338525618    -0.00720705745512     -0.000512338525618    -0.015715192556       -0.00120444776916     
1.29448488117         -0.00599816497796     -0.000375296044509    -0.00599816497796     -0.000375296044509    -0.013052554016       -0.000879541316192    
1.3042174071          -0.0049204005818      -0.000268363660796    -0.0049204005818      -0.000268363660796    -0.0106853769832      -0.000626556769904    
1.31394993303         -0.00396427113505     -0.000186016309462    -0.00396427113505     -0.000186016309462    -0.00859133392857     -0.000432219493946    
1.32368245897         -0.00312222638963     -0.000123661268474    -0.00312222638963     -0.000123661268474    -0.00675245629785     -0.000285501020089    
1.3334149849          -0.00238709268908     -7.74055899819e-05    -0.00238709268908     -7.74055899819e-05    -0.00515171815195     -0.000177061162776    
1.3344149849          -0.00231746657523     -7.34327211946e-05    -0.00231746657523     -7.34327211946e-05    -0.00500035673076     -0.000167770253736    
1.3514149849          -0.0012895159197      -2.35114105293e-05    -0.0012895159197      -2.35114105293e-05    -0.00277147600387     -5.15486575464e-05    
1.3684149849          -0.000544557059374    2.13141504426e-06     -0.000544557059374    2.13141504426e-06     -0.00116426270067     7.44624914234e-06     
1.3854149849          -8.01975981997e-05    1.5292184491e-05      -8.01975981997e-05    1.5292184491e-05      -0.000166591225024    3.75706928348e-05     
1.4024149849          3.27351636167e-05     0.00012764184606      3.27351636167e-05     0.00012764184606      8.85662804737e-05     0.000295317032975     
1.4194149849          6.29483291279e-05     0.000480199492366     6.29483291279e-05     0.000480199492366     0.000162853268177     0.00103483947484      
1.4364149849          8.8578189663e-05      0.000911676499982     8.8578189663e-05      0.000911676499982     0.000225770666098     0.00193248892631      
1.4534149849          0.000108305903616     0.00137245609574      0.000108305903616     0.00137245609574      0.000274066660908     0.00288409966617      
1.4544149849          0.000109281734675     0.00139986792786      0.000109281734675     0.00139986792786      0.000276450709309     0.00294050073691      
1.4623220141          0.000116301264897     0.00161663006571      0.000116301264897     0.00161663006571      0.000293579391768     0.00338569085127      
1.47022904331         0.000122108132247     0.00183211429254      0.000122108132247     0.00183211429254      0.000307709860504     0.0038268352965       
1.47813607251         0.000126785750136     0.00204533987394      0.000126785750136     0.00204533987394      0.000319050972577     0.00426197584287      
1.48604310172         0.000130368600668     0.00225474310866      0.000130368600668     0.00225474310866      0.000327687813064     0.00468794308787      
1.49395013092         0.000132942366161     0.0024597125564       0.000132942366161     0.0024597125564       0.000333834060493     0.00510355768552      
1.50185716013         0.000134562643626     0.00265926879463      0.000134562643626     0.00265926879463      0.000337627492706     0.00550687777879      
1.50976418933         0.000135306404775     0.00285295856983      0.000135306404775     0.00285295856983      0.000339259428592     0.00589705557968      
1.51767121853         0.000135233250767     0.00304012022984      0.000135233250767     0.00304012022984      0.00033887749074      0.00627281274925      
1.52557824774         0.000134410949962     0.00322038115425      0.000134410949962     0.00322038115425      0.000336649730503     0.00663346960245      
1.53348527694         0.000132902786463     0.00339340119356      0.000132902786463     0.00339340119356      0.000332732916801     0.00697841301215      
1.54139230615         0.000130768925825     0.00355888794316      0.000130768925825     0.00355888794316      0.000327275994378     0.00730712768895      
1.54929933535         0.00012806301635      0.00371648968738      0.00012806301635      0.00371648968738      0.00032041160275      0.00761897620504      
1.55720636456         0.00012484481845      0.0038661384869       0.00012484481845      0.0038661384869       0.000312287689133     0.00791390273549      
1.56511339376         0.00012115991593      0.00400745869135      0.00012115991593      0.00400745869135      0.00030301675411      0.0081912199434       
1.57302042297         0.000117071909763     0.00414077720966      0.000117071909763     0.00414077720966      0.000292756390575     0.00845167567384      
1.58092745217         0.000112616192742     0.00426560762789      0.000112616192742     0.00426560762789      0.000281593675133     0.00869435342408      
1.58883448137         0.000107843774399     0.00438210252478      0.000107843774399     0.00438210252478      0.000269654778665     0.0089196402274       
1.59674151058         0.000102797103715     0.00449023542573      0.000102797103715     0.00449023542573      0.00025704450527      0.00912755496795      
1.60464853978         9.75179594194e-05     0.0045900788653       9.75179594194e-05     0.0045900788653       0.000243866027233     0.00931831555165      
1.61255556899         9.20419967179e-05     0.00468155104647      9.20419967179e-05     0.00468155104647      0.000230207250988     0.00949182411456      
1.62046259819         8.6403078875e-05      0.0047645733392       8.6403078875e-05      0.0047645733392       0.000216151645694     0.00964798806849      
1.6283696274          8.06418561763e-05     0.00483957591282      8.06418561763e-05     0.00483957591282      0.000201799709395     0.0097877427194       
1.6362766566          7.47795872637e-05     0.00490600565845      7.47795872637e-05     0.00490600565845      0.000187203472277     0.00991003112968      
1.6441836858          6.88647512612e-05     0.00496517152328      6.88647512612e-05     0.00496517152328      0.000172483151236     0.0100175569571       
1.65209071501         6.29101247836e-05     0.00501622455336      6.29101247836e-05     0.00501622455336      0.000157669648743     0.0101086611237       
1.65999774421         5.69459752349e-05     0.00505958884189      5.69459752349e-05     0.00505958884189      0.000142837707514     0.0101842536085       
1.66790477342         5.09955494955e-05     0.0050953270857       5.09955494955e-05     0.0050953270857       0.000128044542469     0.0102445124698       
1.67581180262         4.50863161517e-05     0.00512414201075      4.50863161517e-05     0.00512414201075      0.000113358043757     0.0102908992726       
1.68371883183         3.92368569625e-05     0.00514613824537      3.92368569625e-05     0.00514613824537      9.88238820584e-05     0.0103236682057       
1.69162586103         3.35226066808e-05     0.00517038616937      3.35226066808e-05     0.00517038616937      8.46313325971e-05     0.0103610381096       
1.69953289023         2.80285645638e-05     0.00521535796979      2.80285645638e-05     0.00521535796979      7.09959240943e-05     0.010439969277        
1.70743991944         2.25493611173e-05     0.00525026516885      2.25493611173e-05     0.00525026516885      5.73990250704e-05     0.0104987621171       
1.71534694864         1.71157540174e-05     0.00527597699143      1.71157540174e-05     0.00527597699143      4.39168987564e-05     0.0105392163584       
1.72325397785         1.17525371345e-05     0.00529287731175      1.17525371345e-05     0.00529287731175      3.06108649693e-05     0.0105621543538       
1.73116100705         6.48169946991e-06     0.00530119560814      6.48169946991e-06     0.00530119560814      1.75352372907e-05     0.0105680860842       
1.73906803626         1.32335667582e-06     0.00530110352968      1.32335667582e-06     0.00530110352968      4.73966439463e-06     0.0105574031297       
1.74697506546         -3.70388559421e-06    0.00529275086359      -3.70388559421e-06    0.00529275086359      -7.72995634299e-06    0.0105304508813       
1.75488209467         -8.5827529647e-06     0.00527628090111      -8.5827529647e-06     0.00527628090111      -1.98310295332e-05    0.0104875593834       
1.76278912387         -1.32972040645e-05    0.00525183820567      -1.32972040645e-05    0.00525183820567      -3.15240147175e-05    0.010429058903        
1.77069615307         -1.78323865688e-05    0.00521957297581      -1.78323865688e-05    0.00521957297581      -4.27723149976e-05    0.0103552886087       
1.77860318228         -2.21746028307e-05    0.00517964305067      -2.21746028307e-05    0.00517964305067      -5.35421901081e-05    0.0102666005438       
1.78651021148         -2.63112821858e-05    0.00513221514496      -2.63112821858e-05    0.00513221514496      -6.38026865741e-05    0.0101633620625       
1.79441724069         -3.0230965439e-05     0.00507746580868      -3.0230965439e-05     0.00507746580868      -7.35255983016e-05    0.0100459576959       
1.80232426989         -3.39232815104e-05    0.00501558150647      -3.39232815104e-05    0.00501558150647      -8.26854079347e-05    0.00991478928782      
1.8102312991          -3.73789395098e-05    0.00494675877316      -3.73789395098e-05    0.00494675877316      -9.12592664142e-05    0.00977027625124      
1.8181383283          -4.05897217966e-05    0.00487120448803      -4.05897217966e-05    0.00487120448803      -9.92269751663e-05    0.00961285606714      
1.8260453575          -4.35484668794e-05    0.00478913563753      -4.35484668794e-05    0.00478913563753      -0.000106570943247    0.00944298378951      
1.83395238671         -4.62490512709e-05    0.00470077898144      -4.62490512709e-05    0.00470077898144      -0.000113276141973    0.00926113136396      
1.84185941591         -4.86863884003e-05    0.00460637124433      -4.86863884003e-05    0.00460637124433      -0.000119330101749    0.00906778795822      
1.84976644512         -5.08564157183e-05    0.00450615882488      -5.08564157183e-05    0.00450615882488      -0.000124722879737    0.00886345936562      
1.85767347432         -5.27560748811e-05    0.00440039732435      -5.27560748811e-05    0.00440039732435      -0.000129447010488    0.00864866706672      
1.86558050353         -5.43833109456e-05    0.00428935170203      -5.43833109456e-05    0.00428935170203      -0.000133497503581    0.00842394849881      
1.87348753273         -5.57370576957e-05    0.00417329600785      -5.57370576957e-05    0.00417329600785      -0.000136871807033    0.0081898565188       
1.88139456193         -5.68172199455e-05    0.00405251296465      -5.68172199455e-05    0.00405251296465      -0.000139569763244    0.00794695857643      
1.88930159114         -5.7624672484e-05     0.00392729410962      -5.7624672484e-05     0.00392729410962      -0.000141593606087    0.00769583696832      
1.89720862034         -5.81612488331e-05    0.00379793961354      -5.81612488331e-05    0.00379793961354      -0.000142947932837    0.00743708847758      
1.90511564955         -5.84297205557e-05    0.00366475786945      -5.84297205557e-05    0.00366475786945      -0.000143639652811    0.00717132357849      
1.91302267875         -5.84338002273e-05    0.00352806575164      -5.84338002273e-05    0.00352806575164      -0.000143677994429    0.00689916692474      
1.92092970796         -5.81781314324e-05    0.0033881885208       -5.81781314324e-05    0.0033881885208       -0.000143074480259    0.00662125716602      
1.92883673716         -5.76682739246e-05    0.00324545961821      -5.76682739246e-05    0.00324545961821      -0.000141842890136    0.00633824655955      
1.93674376637         -5.69107087355e-05    0.00310022100592      -5.69107087355e-05    0.00310022100592      -0.000139999273527    0.00605080162589      
1.94465079557         -5.59128333003e-05    0.00295282324485      -5.59128333003e-05    0.00295282324485      -0.000137561937247    0.00575960331013      
1.95255782477         -5.46829533031e-05    0.00280362554453      -5.46829533031e-05    0.00280362554453      -0.000134551425114    0.00546534709719      
1.96046485398         -5.32302951056e-05    0.0026529963092       -5.32302951056e-05    0.0026529963092       -0.000130990548365    0.00516874407392      
1.96837188318         -5.15650090058e-05    0.0025013135028       -5.15650090058e-05    0.0025013135028       -0.000126904393455    0.00487052165419      
1.97627891239         -4.96981749327e-05    0.00234896511281      -4.96981749327e-05    0.00234896511281      -0.000122320335868    0.00457142450106      
1.98418594159         -4.7641828032e-05     0.00219635009275      -4.7641828032e-05     0.00219635009275      -0.000117268102971    0.00427221636261      
1.9920929708          -4.54089791897e-05    0.0020438792578       -4.54089791897e-05    0.0020438792578       -0.00011177982438     0.00397368183109      
2                     -4.30136444588e-05    0.00189197644252      -4.30136444588e-05    0.00189197644252      -0.00010589010426     0.0036766286105       
2.001                 -4.26998819791e-05    0.0018728277642       -4.26998819791e-05    0.0018728277642       -0.0001051184865      0.00363920768727      
2.18280808081         0.00057179433659      1.879978745e-05       0.00057179433659      1.879978745e-05       0.0011094801259       4.09484539802e-05     
2.36461616162         0.00557087701107      0.000225493698453     0.00557087701107      0.000225493698453     0.0106330736036       0.000286812097897     
2.54642424242         0.012228572691        0.000568305247922     0.012228572691        0.000568305247922     0.02287641494         0.000425073611251     
2.72823232323         0.0177904376304       0.000913707725906     0.0177904376304       0.000913707725906     0.0325850205518       0.000384492456084     
2.91004040404         0.0205217331966       0.00113766398371      0.0205217331966       0.00113766398371      0.0367947298409       0.000230796190729     
3.09184848485         0.0200370232969       0.00118025994218      0.0200370232969       0.00118025994218      0.0351745235848       6.48467115644e-05     
3.27365656566         0.0170878617323       0.00105767340487      0.0170878617323       0.00105767340487      0.0293846093115       -5.38169478343e-05    
3.45546464646         0.0129576100685       0.000835905020255     0.0129576100685       0.000835905020255     0.0218384467899       -0.000103295131927    
3.63727272727         0.00883713012418      0.000590488587418     0.00883713012418      0.000590488587418     0.0146054641359       -0.000103738068992    
3.81908080808         0.00546414290619      0.00037634281789      0.00546414290619      0.00037634281789      0.00886148112033      -8.00250905418e-05    
4.00088888889         0.00308126307148      0.000217907392948     0.00308126307148      0.000217907392948     0.00490649028161      -5.14742625328e-05    
4.1826969697          0.00159181962109      0.000115227269145     0.00159181962109      0.000115227269145     0.00249015394781      -2.88844868186e-05    
4.36450505051         0.000756030732869     5.58721653621e-05     0.000756030732869     5.58721653621e-05     0.00116252666666      -1.44399526834e-05    
4.54631313131         0.000331023476647     2.49213333491e-05     0.000331023476647     2.49213333491e-05     0.000500597577122     -6.50468669594e-06    
4.72812121212         0.000133904994427     1.02511660072e-05     0.000133904994427     1.02511660072e-05     0.000199260644688     -2.65995510899e-06    
4.90992929293         5.01314613034e-05     3.89650147715e-06     5.01314613034e-05     3.89650147715e-06     7.34442934967e-05     -9.91982729928e-07    
5.09173737374         1.73945769394e-05     1.37083273529e-06     1.73945769394e-05     1.37083273529e-06     2.51005827461e-05     -3.3741704852e-07     
5.27354545455         5.60031477187e-06     4.46976120585e-07     5.60031477187e-06     4.46976120585e-07     7.96325722924e-06     -1.05335417545e-07    
5.45535353535         1.67466005625e-06     1.35225539266e-07     1.67466005625e-06     1.35225539266e-07     2.34744144844e-06     -3.02322537161e-08    
5.63716161616         4.65490390729e-07     3.79940012003e-08     4.65490390729e-07     3.79940012003e-08     6.43490918662e-07     -7.98622560204e-09    
5.81896969697         1.20355475451e-07     9.92200106057e-09     1.20355475451e-07     9.92200106057e-09     1.64144813355e-07     -1.94289903119e-09    
6.00077777778         2.89634696655e-08     2.40994953714e-09     2.89634696655e-08     2.40994953714e-09     3.89852209999e-08     -4.3535712425e-10     
6.18258585859         6.49065669864e-09     5.44750009018e-10     6.49065669864e-09     5.44750009018e-10     8.62536568537e-09     -8.98152973097e-11    
6.36439393939         1.35511267682e-09     1.14654332468e-10     1.35511267682e-09     1.14654332468e-10     1.77847775184e-09     -1.70419351688e-11    
6.5462020202          2.63682000059e-10     2.24792261628e-11     2.63682000059e-10     2.24792261628e-11     3.41881981278e-10     -2.96861041638e-12    
6.72801010101         4.78402935209e-11     4.10753124277e-12     4.78402935209e-11     4.10753124277e-12     6.1297876831e-11      -4.73359390486e-13    
6.90981818182         8.10545123578e-12     7.00598369205e-13     8.10545123578e-12     7.00598369205e-13     1.02663251613e-11     -6.88440887949e-14    
7.09162626263         1.27022729983e-12     1.1048748738e-13      1.27022729983e-12     1.1048748738e-13      1.59084303592e-12     -8.92656802012e-15    
7.27343434343         1.80142529356e-13     1.57629215984e-14     1.80142529356e-13     1.57629215984e-14     2.23140767674e-13     -9.97192142024e-16    
7.45524242424         3.93373973858e-14     3.46159747668e-15     3.93373973858e-14     3.46159747668e-15     4.82050836542e-14     -1.58335426614e-16    
7.63705050505         5.14330263916e-15     4.55026190309e-16     5.14330263916e-15     4.55026190309e-16     6.23674191374e-15     -1.28624867462e-17    
7.81885858586         5.53551737767e-15     4.92219482095e-16     5.53551737767e-15     4.92219482095e-16     6.64358261485e-15     -5.35297421314e-18    
8.00066666667         5.9434277902e-15      5.3105033862e-16      5.9434277902e-15      5.3105033862e-16      7.06164095617e-15     3.40401277034e-18     
8.18247474747         6.36710434451e-15     5.71529547344e-16     6.36710434451e-15     5.71529547344e-16     7.49078833195e-15     1.34685970201e-17     
8.36428282828         6.80661391507e-15     6.13667345725e-16     6.80661391507e-15     6.13667345725e-16     7.93089993946e-15     2.4899283506e-17      
8.54609090909         7.26202004929e-15     6.5747346076e-16      7.26202004929e-15     6.5747346076e-16      8.38185477651e-15     3.77529934099e-17     
8.7278989899          7.73338320827e-15     7.02957144917e-16     7.73338320827e-15     7.02957144917e-16     8.84353558064e-15     5.20851010198e-17     
8.90970707071         8.22076098499e-15     7.50127208843e-16     8.22076098499e-15     7.50127208843e-16     9.3158287417e-15      6.79494726276e-17     
9.09151515152         8.72420830265e-15     7.98992051196e-16     8.72420830265e-15     7.98992051196e-16     9.79862420271e-15     8.53985067546e-17     
9.27332323232         9.24377759518e-15     8.49559685921e-16     9.24377759518e-15     8.49559685921e-16     1.02918153562e-14     1.0448317516e-16      
9.45513131313         9.77951897201e-15     9.01837767213e-16     9.77951897201e-15     9.01837767213e-16     1.07952989408e-14     1.252530642e-16       
9.63693939394         1.03314803687e-14     9.55833612414e-16     1.03314803687e-14     9.55833612414e-16     1.1308974941e-14      1.47756416178e-16     
9.81874747475         1.08997076848e-14     1.01155422305e-15     1.08997076848e-14     1.01155422305e-15     1.1832746493e-14      1.72040170417e-16     
10.0005555556         1.14842449106e-14     1.06900630418e-15     1.14842449106e-14     1.06900630418e-15     1.23665197989e-14     1.98150003835e-16     
10.1823636364         1.20851342435e-14     1.12819628227e-15     1.20851342435e-14     1.12819628227e-15     1.29102040535e-14     2.26130370843e-16     
10.3641717172         1.27024161952e-14     1.1891303216e-15      1.27024161952e-14     1.1891303216e-15      1.3463711388e-14      2.56024542442e-16     
10.545979798          1.33361296903e-14     1.25181433953e-15     1.33361296903e-14     1.25181433953e-15     1.40269568399e-14     2.87874644421e-16     
10.7277878788         1.39863121579e-14     1.31625402059e-15     1.39863121579e-14     1.31625402059e-15     1.45998583638e-14     3.21721694575e-16     
10.9095959596         1.46529996162e-14     1.38245482948e-15     1.46529996162e-14     1.38245482948e-15     1.51823369134e-14     3.576056389e-16       
11.0914040404         1.53362267503e-14     1.45042202328e-15     1.53362267503e-14     1.45042202328e-15     1.57743166622e-14     3.95565386732e-16     
11.2732121212         1.60360269849e-14     1.52016066261e-15     1.60360269849e-14     1.52016066261e-15     1.63757255283e-14     4.35638844797e-16     
11.455020202          1.67524325523e-14     1.59167562218e-15     1.67524325523e-14     1.59167562218e-15     1.69864965223e-14     4.77862950182e-16     
11.6368282828         1.74854745543e-14     1.66497160053e-15     1.74854745543e-14     1.66497160053e-15     1.76065722104e-14     5.22273702219e-16     
11.8186363636         1.82351830214e-14     1.7400531291e-15      1.82351830214e-14     1.7400531291e-15      1.82359476817e-14     5.68907450364e-16     
12.0004444444         1.90015869668e-14     1.81692458078e-15     1.90015869668e-14     1.81692458078e-15     1.88744628814e-14     6.18018896243e-16     
12.1822525253         1.97847144373e-14     1.89559017778e-15     1.97847144373e-14     1.89559017778e-15     1.95219556226e-14     6.69441078427e-16     
12.3640606061         2.0584592561e-14      1.97605399913e-15     2.0584592561e-14      1.97605399913e-15     2.01784121594e-14     7.23207396882e-16     
12.5458686869         2.14012475919e-14     2.05831998759e-15     2.14012475919e-14     2.05831998759e-15     2.08437787263e-14     7.79350460659e-16     
12.7276767677         2.22347049512e-14     2.14239195618e-15     2.22347049512e-14     2.14239195618e-15     2.15179974752e-14     8.3790211322e-16      
12.9094848485         2.30849892666e-14     2.22827359433e-15     2.30849892666e-14     2.22827359433e-15     2.22010101126e-14     8.98893456851e-16     
13.0912929293         2.39521244089e-14     2.31596847358e-15     2.39521244089e-14     2.31596847358e-15     2.28927589306e-14     9.62354876161e-16     
13.2731010101         2.48361335265e-14     2.405480053e-15       2.48361335265e-14     2.405480053e-15       2.35931871883e-14     1.02831606073e-15     
13.4549090909         2.57370390777e-14     2.4968116843e-15      2.57370390777e-14     2.4968116843e-15      2.43022392665e-14     1.09680602692e-15     
13.6367171717         2.66548628613e-14     2.58996661657e-15     2.66548628613e-14     2.58996661657e-15     2.50198607293e-14     1.16785313885e-15     
13.8185252525         2.75896260452e-14     2.68494800083e-15     2.75896260452e-14     2.68494800083e-15     2.574599834e-14       1.24148512864e-15     
14.0003333333         2.85413491935e-14     2.78175889427e-15     2.85413491935e-14     2.78175889427e-15     2.64806000557e-14     1.31772911585e-15     
14.1821414141         2.9510052292e-14      2.88040226426e-15     2.9510052292e-14      2.88040226426e-15     2.72236150085e-14     1.39661162628e-15     
14.3639494949         3.04957547726e-14     2.98088099217e-15     3.04957547726e-14     2.98088099217e-15     2.79749934821e-14     1.47815860995e-15     
14.5457575758         3.14984755358e-14     3.08319787691e-15     3.14984755358e-14     3.08319787691e-15     2.87346868829e-14     1.56239545855e-15     
14.7275656566         3.25182329724e-14     3.18735563839e-15     3.25182329724e-14     3.18735563839e-15     2.95026477106e-14     1.64934702217e-15     
14.9093737374         3.35550449839e-14     3.29335692065e-15     3.35550449839e-14     3.29335692065e-15     3.02788295282e-14     1.73903762541e-15     
15.0911818182         3.46089290017e-14     3.401204295e-15       3.46089290017e-14     3.401204295e-15       3.10631869308e-14     1.83149108295e-15     
15.272989899          3.5679902006e-14      3.51090026282e-15     3.5679902006e-14      3.51090026282e-15     3.18556755163e-14     1.92673071453e-15     
15.4547979798         3.67679805423e-14     3.62244725836e-15     3.67679805423e-14     3.62244725836e-15     3.2656251855e-14      2.02477935934e-15     
15.6366060606         3.78731807388e-14     3.73584765129e-15     3.78731807388e-14     3.73584765129e-15     3.34648734614e-14     2.12565938999e-15     
15.8184141414         3.89955183213e-14     3.85110374921e-15     3.89955183213e-14     3.85110374921e-15     3.42814987659e-14     2.22939272586e-15     
16.0002222222         4.01350086289e-14     3.96821779997e-15     4.01350086289e-14     3.96821779997e-15     3.51060870875e-14     2.33600084608e-15     
16.182030303          4.12916666274e-14     4.08719199392e-15     4.12916666274e-14     4.08719199392e-15     3.59385986074e-14     2.44550480196e-15     
16.3638383838         4.24655069236e-14     4.20802846602e-15     4.24655069236e-14     4.20802846602e-15     3.67789943442e-14     2.55792522906e-15     
16.5456464646         4.36565437774e-14     4.33072929787e-15     4.36565437774e-14     4.33072929787e-15     3.76272361283e-14     2.67328235873e-15     
16.7274545455         4.48647911144e-14     4.45529651962e-15     4.48647911144e-14     4.45529651962e-15     3.8483286579e-14      2.79159602936e-15     
16.9092626263         4.60902625378e-14     4.58173211183e-15     4.60902625378e-14     4.58173211183e-15     3.93471090813e-14     2.91288569717e-15     
17.0910707071         4.7332971339e-14      4.71003800721e-15     4.7332971339e-14      4.71003800721e-15     4.02186677639e-14     3.03717044662e-15     
17.2728787879         4.85929305087e-14     4.84021609229e-15     4.85929305087e-14     4.84021609229e-15     4.10979274777e-14     3.1644690005e-15      
17.4546868687         4.9870152747e-14      4.97226820901e-15     4.9870152747e-14      4.97226820901e-15     4.19848537757e-14     3.29479972966e-15     
17.6364949495         5.11646504726e-14     5.10619615627e-15     5.11646504726e-14     5.10619615627e-15     4.28794128927e-14     3.42818066238e-15     
17.8183030303         5.24764358329e-14     5.24200169134e-15     5.24764358329e-14     5.24200169134e-15     4.37815717268e-14     3.56462949347e-15     
18.0001111111         5.38055207121e-14     5.3796865313e-15      5.38055207121e-14     5.3796865313e-15      4.46912978205e-14     3.70416359303e-15     
18.1819191919         5.51519167401e-14     5.51925235433e-15     5.51519167401e-14     5.51925235433e-15     4.56085593433e-14     3.84680001492e-15     
18.3637272727         5.65156353005e-14     5.66070080103e-15     5.65156353005e-14     5.66070080103e-15     4.65333250745e-14     3.99255550496e-15     
18.5455353535         5.78966875387e-14     5.80403347559e-15     5.78966875387e-14     5.80403347559e-15     4.74655643867e-14     4.14144650885e-15     
18.7273434343         5.92950843686e-14     5.949251947e-15       5.92950843686e-14     5.949251947e-15       4.84052472297e-14     4.29348917986e-15     
18.9091515152         6.07108364805e-14     6.09635775015e-15     6.07108364805e-14     6.09635775015e-15     4.93523441158e-14     4.44869938619e-15     
19.090959596          6.21439543477e-14     6.2453523869e-15      6.21439543477e-14     6.2453523869e-15      5.03068261041e-14     4.60709271821e-15     
19.2727676768         6.35944482329e-14     6.39623732712e-15     6.35944482329e-14     6.39623732712e-15     5.1268664787e-14      4.76868449534e-15     
19.4545757576         6.50623281948e-14     6.54901400969e-15     6.50623281948e-14     6.54901400969e-15     5.2237832276e-14      4.93348977281e-15     
19.6363838384         6.6547604094e-14      6.70368384341e-15     6.6547604094e-14      6.70368384341e-15     5.32143011885e-14     5.10152334815e-15     
19.8181919192         6.80502855989e-14     6.86024820795e-15     6.80502855989e-14     6.86024820795e-15     5.41980446349e-14     5.2727997675e-15      
20                    0                     0                     0                     0                     0                     0                     
