0.0779191396          0                     0                     0                     0                     0                     0                     
0.087577837391        0.0111506251943       -0.00115407158451     0.0111506251943       -0.00115407158451     0.0158482818368       -0.00159842917039     
0.0972365351819       0.0672896884157       -0.00813848941507     0.0672896884157       -0.00813848941507     0.0948791527082       -0.0108872253633      
0.106895232973        0.175458261311        -0.0251188397307      0.175458261311        -0.0251188397307      0.24567062061         -0.0325839722692      
0.116553930764        0.327978328853        -0.055293910521       0.327978328853        -0.055293910521       0.456352842306        -0.0699819765819      
0.126212628555        0.513797867831        -0.101787259118       0.513797867831        -0.101787259118       0.710929006603        -0.126290223368       
0.135871326346        0.720810193998        -0.167929470512       0.720810193998        -0.167929470512       0.992826030509        -0.205026460932       
0.145530024137        0.935000744911        -0.255387756545       0.935000744911        -0.255387756545       1.28404259343         -0.307901021483       
0.155188721928        1.14345590418         -0.360345436338       1.14345590418         -0.360345436338       1.56847420818         -0.430482584293       
0.164847419719        1.33864086672         -0.475723969203       1.33864086672         -0.475723969203       1.83658432636         -0.564701806392       
0.17450611751         1.51801964679         -0.595190018685       1.51801964679         -0.595190018685       2.08482011217         -0.703353123616       
0.184164815301        1.68160955662         -0.714628963498       1.68160955662         -0.714628963498       2.31281132782         -0.841762900271       
0.193823513091        1.83025961323         -0.831273941032       1.83025961323         -0.831273941032       2.52127923752         -0.976779442326       
0.203482210882        1.96521596486         -0.944006460453       1.96521596486         -0.944006460453       2.71155432967         -1.10715497255        
0.213140908673        2.0875855873          -1.05177539991        2.0875855873          -1.05177539991        2.88486316905         -1.23169300545        
0.222799606464        2.19871529807         -1.1544348907         2.19871529807         -1.1544348907         3.04278331941         -1.35026626713        
0.232458304255        2.29942563995         -1.25208249954        2.29942563995         -1.25208249954        3.18630997452         -1.46296967237        
0.242117002046        2.38960890545         -1.32946604702        2.38960890545         -1.32946604702        3.3150754236          -1.55228512389        
0.251775699837        2.47181654163         -1.43226779094        2.47181654163         -1.43226779094        3.43315897584         -1.67073205994        
0.261434397628        2.54496544506         -1.51444143056        2.54496544506         -1.51444143056        3.53839149889         -1.76539878191        
0.271093095419        2.61058548238         -1.5912979922         2.61058548238         -1.5912979922         3.63298300896         -1.85389557199        
0.28075179321         2.66971306222         -1.66319694036        2.66971306222         -1.66319694036        3.71825857931         -1.93664106593        
0.290410491001        2.72277446559         -1.73039973049        2.72277446559         -1.73039973049        3.79478406873         -2.01393582703        
0.300069188792        2.77037857847         -1.79302662045        2.77037857847         -1.79302662045        3.86338724235         -2.0859092222         
0.309727886583        2.81334663148         -1.85215179013        2.81334663148         -1.85215179013        3.92513800651         -2.15381245647        
0.319386584374        2.8515812876          -1.90787867715        2.8515812876          -1.90787867715        3.98000732473         -2.21776093469        
0.329045282165        2.88538315695         -1.96047100813        2.88538315695         -1.96047100813        4.0284637658          -2.27806026711        
0.338703979956        2.91480070062         -2.00999737548        2.91480070062         -2.00999737548        4.07063241591         -2.33479436445        
0.348362677747        2.94010863554         -2.05654182385        2.94010863554         -2.05654182385        4.10692993895         -2.3880653058         
0.358021375538        2.96148297666         -2.100075787          2.96148297666         -2.100075787          4.1376271297          -2.43784720167        
0.367680073329        2.9792532457          -2.14071213173        2.9792532457          -2.14071213173        4.16318876282         -2.48427427951        
0.37733877112         2.99378657384         -2.17841278282        2.99378657384         -2.17841278282        4.18410184376         -2.52730516165        
0.386997468911        3.00527796372         -2.21329009558        3.00527796372         -2.21329009558        4.20065074655         -2.56707476064        
0.396656166702        3.0141037337          -2.24542997954        3.0141037337          -2.24542997954        4.21332423192         -2.60368259405        
0.406314864492        3.02054911056         -2.27499000375        3.02054911056         -2.27499000375        4.22251811307         -2.63731533536        
0.415973562283        3.02511237811         -2.30218793979        3.02511237811         -2.30218793979        4.22886171271         -2.66822053937        
0.425632260074        3.02728541106         -2.32698633477        3.02728541106         -2.32698633477        4.23176792569         -2.69635580639        
0.435290957865        3.02805405069         -2.34969111736        3.02805405069         -2.34969111736        4.23246997995         -2.72207698403        
0.444949655656        3.02706837134         -2.37058050144        3.02706837134         -2.37058050144        4.23058137593         -2.74569825097        
0.454608353447        3.0249901577          -2.38945630568        3.0249901577          -2.38945630568        4.22691098925         -2.7669960258         
0.464267051238        3.02124896867         -2.40684177959        3.02124896867         -2.40684177959        4.22080373214         -2.78656525398        
0.473925749029        3.01674006097         -2.42285288671        3.01674006097         -2.42285288671        4.2134481752          -2.8045527844         
0.48358444682         3.01098468261         -2.43752449421        3.01098468261         -2.43752449421        4.20423151348         -2.8209901547         
0.493243144611        3.00376794511         -2.45068518424        3.00376794511         -2.45068518424        4.19285615829         -2.83566853021        
0.502901842402        2.99579132238         -2.462959174          2.99579132238         -2.462959174          4.18028260911         -2.84935007883        
0.512560540193        2.98680927925         -2.47429457696        2.98680927925         -2.47429457696        4.16622251314         -2.86193606556        
0.522219237984        2.97658091087         -2.48458054199        2.97658091087         -2.48458054199        4.15038032618         -2.87330547361        
0.531877935775        2.9655976274          -2.49419884972        2.9655976274          -2.49419884972        4.13344900619         -2.88390009331        
0.541536633566        2.95339507195         -2.50279383198        2.95339507195         -2.50279383198        4.11481482384         -2.89331262981        
0.551195331357        2.93994994237         -2.51018592061        2.93994994237         -2.51018592061        4.09448914656         -2.9013196152         
0.560854029148        2.92576936702         -2.51681762964        2.92576936702         -2.51681762964        4.07310893278         -2.90844812695        
0.570512726939        2.91064478431         -2.52257760541        2.91064478431         -2.52257760541        4.05041103681         -2.91457145013        
0.58017142473         2.89468571513         -2.52767543495        2.89468571513         -2.52767543495        4.02659902061         -2.91993534081        
0.589830122521        2.87814918423         -2.5319930286         2.87814918423         -2.5319930286         4.0019479202          -2.92439596393        
0.599488820312        2.86035113274         -2.53531447484        2.86035113274         -2.53531447484        3.97567023319         -2.92771508295        
0.609147518103        2.84212328753         -2.53801938276        2.84212328753         -2.53801938276        3.94878334595         -2.93032229305        
0.618806215893        2.82295018109         -2.53969316731        2.82295018109         -2.53969316731        3.92062076307         -2.93174250875        
0.628464913684        2.80324242152         -2.5406675605         2.80324242152         -2.5406675605         3.89175816971         -2.9323618814         
0.638123611475        2.78288569627         -2.54082564267        2.78288569627         -2.54082564267        3.86203130113         -2.93204340792        
0.647782309266        2.76194396116         -2.5402015884         2.76194396116         -2.5402015884         3.83152744042         -2.93082916854        
0.657441007057        2.74048629459         -2.53881816196        2.74048629459         -2.53881816196        3.80034300829         -2.92874532807        
0.667099704848        2.71860710436         -2.53668168486        2.71860710436         -2.53668168486        3.76860140486         -2.9258015732         
0.676758402639        2.69626211212         -2.53372087594        2.69626211212         -2.53372087594        3.73623786355         -2.92191282333        
0.68641710043         2.67350106577         -2.53004662326        2.67350106577         -2.53004662326        3.70332205566         -2.91720676565        
0.696075798221        2.65047615402         -2.52564537365        2.65047615402         -2.52564537365        3.67005034331         -2.91167244293        
0.705734496012        2.62719694102         -2.52058290747        2.62719694102         -2.52058290747        3.63644504524         -2.90538077859        
0.715393193803        2.60365921817         -2.51483663356        2.60365921817         -2.51483663356        3.60248619864         -2.89830929854        
0.725051891594        2.57984612814         -2.50841581771        2.57984612814         -2.50841581771        3.56816726328         -2.890472409          
0.734710589385        2.55595890924         -2.5013654878         2.55595890924         -2.5013654878         3.53373287132         -2.88191262686        
0.744369287176        2.53195643299         -2.49368824543        2.53195643299         -2.49368824543        3.49913035813         -2.8726489125         
0.754027984967        2.50798881316         -2.48561156303        2.50798881316         -2.48561156303        3.46453960359         -2.86293890369        
0.763686682758        2.48393448419         -2.47710012824        2.48393448419         -2.47710012824        3.42982404702         -2.852732996          
0.773345380549        2.45965807327         -2.46815390044        2.45965807327         -2.46815390044        3.39481999225         -2.84202923353        
0.78300407834         2.43543318973         -2.4586795591         2.43543318973         -2.4586795591         3.35986313172         -2.83072383214        
0.792662776131        2.41098968496         -2.44888819998        2.41098968496         -2.44888819998        3.32462989601         -2.81905384407        
0.802321473922        2.38663918784         -2.43885290293        2.38663918784         -2.43885290293        3.28952902534         -2.80710755655        
0.811980171713        2.36214682137         -2.42840243258        2.36214682137         -2.42840243258        3.25424355691         -2.7946869583         
0.821638869504        2.33759612165         -2.41760094722        2.33759612165         -2.41760094722        3.21888856862         -2.78186514333        
0.831297567294        2.31288323029         -2.40637077167        2.31288323029         -2.40637077167        3.18334142406         -2.76855565355        
0.840956265085        2.28833227114         -2.39519796905        2.28833227114         -2.39519796905        3.14800354386         -2.75530929389        
0.850614962876        2.26345451108         -2.3834865322         2.26345451108         -2.3834865322         3.11226608755         -2.74144952088        
0.860273660667        2.23849107253         -2.37154972056        2.23849107253         -2.37154972056        3.07645501163         -2.72733354432        
0.869932358458        2.21349102276         -2.35937176053        2.21349102276         -2.35937176053        3.0406084965          -2.71294675539        
0.879591056249        2.188074687           -2.34669318404        2.188074687           -2.34669318404        3.00427851266         -2.69798078284        
0.88924975404         2.16267498529         -2.33366532441        2.16267498529         -2.33366532441        2.96798386648         -2.68261089902        
0.898908451831        2.1371566484          -2.32042840363        2.1371566484          -2.32042840363        2.9315748264          -2.66700909499        
0.908567149622        2.11149922845         -2.30685179484        2.11149922845         -2.30685179484        2.8950087209          -2.65102291872        
0.918225847413        2.08577400372         -2.29302315072        2.08577400372         -2.29302315072        2.85839007105         -2.63475223452        
0.927884545204        2.05970034589         -2.27876639044        2.05970034589         -2.27876639044        2.82136356507         -2.61799368912        
0.937543242995        2.03338127419         -2.26407029629        2.03338127419         -2.26407029629        2.78405443025         -2.6007374504         
0.947201940786        2.00690734077         -2.2489118922         2.00690734077         -2.2489118922         2.74658032924         -2.58295497637        
0.956860638577        1.98013720948         -2.23324750461        1.98013720948         -2.23324750461        2.70872411931         -2.5646130884         
0.966519336368        1.95284067186         -2.21696610097        1.95284067186         -2.21696610097        2.67021263784         -2.54556524078        
0.976178034159        1.92448267833         -2.19935734606        1.92448267833         -2.19935734606        2.63031805718         -2.5249992471         
0.98583673195         1.89181367868         -2.1766001602         1.89181367868         -2.1766001602         2.58459405805         -2.49852968017        
0.995495429741        1.85691057591         -2.1510077793         1.85691057591         -2.1510077793         2.53588529068         -2.46881344063        
1.00515412753         1.82265680908         -2.12594072058        1.82265680908         -2.12594072058        2.48814267024         -2.43971000907        
1.01481282532         1.78912190003         -2.1012883734         1.78912190003         -2.1012883734         2.44143719629         -2.41109174238        
1.02447152311         1.75604436012         -2.0769780972         1.75604436012         -2.0769780972         2.39543111235         -2.3828750694         
1.0341302209          1.72354396424         -2.05289820785        1.72354396424         -2.05289820785        2.35026559353         -2.3549322449         
1.0437889187          1.69164716391         -2.02916186488        1.69164716391         -2.02916186488        2.30597963481         -2.32739334948        
1.05344761649         1.65997648491         -2.00542312741        1.65997648491         -2.00542312741        2.26205874996         -2.2998585256         
1.06310631428         1.62886153705         -1.981949507          1.62886153705         -1.981949507          2.21894548733         -2.27263754696        
1.07276501207         1.59817299536         -1.95854695638        1.59817299536         -1.95854695638        2.17645990545         -2.2455073984         
1.08242370986         1.56793365727         -1.93532756601        1.56793365727         -1.93532756601        2.13463278757         -2.21859585414        
1.09208240765         1.53820301382         -1.91229994566        1.53820301382         -1.91229994566        2.0935365696          -2.1919137929         
1.10174110544         1.50881425419         -1.88926675121        1.50881425419         -1.88926675121        2.05295041505         -2.16523447058        
1.11139980323         1.47994587991         -1.86643060341        1.47994587991         -1.86643060341        2.01310522513         -2.13879165075        
1.12105850102         1.4515890717          -1.84370337364        1.4515890717          -1.84370337364        1.97397515876         -2.11248480827        
1.13071719881         1.4237784762          -1.82119520252        1.4237784762          -1.82119520252        1.93559589135         -2.08644424433        
1.14037589661         1.39636238446         -1.79884499149        1.39636238446         -1.79884499149        1.89778638413         -2.0605922883         
1.1500345944          1.36941711872         -1.77671379545        1.36941711872         -1.77671379545        1.86064015374         -2.03499877019        
1.15969329219         1.3427235709          -1.75463053036        1.3427235709          -1.75463053036        1.82390012982         -2.00947243496        
1.16935198998         1.31687295615         -1.73304375344        1.31687295615         -1.73304375344        1.78825217446         -1.98451159783        
1.17901068777         1.29110670707         -1.71132650652        1.29110670707         -1.71132650652        1.75279889417         -1.95940835158        
1.18866938556         1.26607174408         -1.68956629207        1.26607174408         -1.68956629207        1.7182706047          -1.93425543787        
1.19832808335         1.24116784896         -1.6685610722         1.24116784896         -1.6685610722         1.68408230219         -1.90998599068        
1.20798678114         1.21683242423         -1.64744433676        1.21683242423         -1.64744433676        1.65060644189         -1.88559262505        
1.21764547893         1.19305788601         -1.62672251853        1.19305788601         -1.62672251853        1.6178988383          -1.86165612582        
1.22730417672         1.16960851023         -1.60611066881        1.16960851023         -1.60611066881        1.5856618456          -1.83785212473        
1.23696287451         1.14665353742         -1.58587105243        1.14665353742         -1.58587105243        1.55411905212         -1.81447912185        
1.24662157231         1.12400508095         -1.56568967878        1.12400508095         -1.56568967878        1.52300001654         -1.79117944693        
1.2562802701          1.10176711731         -1.54581177701        1.10176711731         -1.54581177701        1.49246808021         -1.76823328108        
1.26593896789         1.07990650534         -1.52613857009        1.07990650534         -1.52613857009        1.46246465625         -1.7455294749         
1.27559766568         1.05847686387         -1.50679702522        1.05847686387         -1.50679702522        1.43305634203         -1.72321453602        
1.28525636347         1.03743350799         -1.48779834653        1.03743350799         -1.48779834653        1.40419728643         -1.70129684479        
1.29491506126         1.01661424887         -1.46894887884        1.01661424887         -1.46894887884        1.37567345951         -1.67955515215        
1.30457375905         0.996129482724        -1.45030761573        0.996129482724        -1.45030761573        1.34762357037         -1.65805616369        
1.31423245684         0.975952263993        -1.43196179976        0.975952263993        -1.43196179976        1.3200252522          -1.63689938497        
1.32389115463         0.956063606496        -1.41384818572        0.956063606496        -1.41384818572        1.29284753662         -1.61601285903        
1.33354985242         0.936478357798        -1.39591305412        0.936478357798        -1.39591305412        1.2661062726          -1.59533077375        
1.34320855022         0.917138139449        -1.37817398752        0.917138139449        -1.37817398752        1.23973291344         -1.57489287529        
1.35286724801         0.898021749087        -1.36069251972        0.898021749087        -1.36069251972        1.21369356253         -1.55473859881        
1.3625259458          0.879233874733        -1.34341139596        0.879233874733        -1.34341139596        1.18812745389         -1.53482373296        
1.37218464359         0.86075283837         -1.32637931065        0.86075283837         -1.32637931065        1.16299296004         -1.51519585916        
1.38184334138         0.842425854899        -1.30929718655        0.842425854899        -1.30929718655        1.13811226696         -1.49552055134        
1.39150203917         0.824419188425        -1.29246756623        0.824419188425        -1.29246756623        1.11368043086         -1.47614433166        
1.40116073696         0.806659777724        -1.27585237783        0.806659777724        -1.27585237783        1.08960797323         -1.4570163086         
1.41081943475         0.789172635834        -1.25940744946        0.789172635834        -1.25940744946        1.0659246666          -1.43808766204        
1.42047813254         0.771917412312        -1.24309537073        0.771917412312        -1.24309537073        1.04257904156         -1.41931690019        
1.43013683033         0.754798897322        -1.22679007164        0.754798897322        -1.22679007164        1.01945560378         -1.40055146798        
1.43979552812         0.738042839181        -1.21068337629        0.738042839181        -1.21068337629        0.996828424799        -1.38201928431        
1.44945422592         0.721561714968        -1.19471131984        0.721561714968        -1.19471131984        0.974583843764        -1.36364796537        
1.45911292371         0.705365084249        -1.17888848351        0.705365084249        -1.17888848351        0.952737147249        -1.34545217465        
1.4687716215          0.689453365663        -1.16321391806        0.689453365663        -1.16321391806        0.931286371834        -1.32743035178        
1.47843031929         0.673801589101        -1.14764891177        0.673801589101        -1.14764891177        0.910197896718        -1.3095383494         
1.48808901708         0.658441587691        -1.13218990804        0.658441587691        -1.13218990804        0.889505687815        -1.29177341436        
1.49774771487         0.643390072506        -1.11693840849        0.643390072506        -1.11693840849        0.869233748897        -1.27425115151        
1.50740641266         0.628603255951        -1.10183857251        0.628603255951        -1.10183857251        0.849326890861        -1.25690639715        
1.51706511045         0.614058475373        -1.08687619483        0.614058475373        -1.08687619483        0.829753835774        -1.23972216475        
1.52672380824         0.599798850589        -1.07209503929        0.599798850589        -1.07209503929        0.810571505643        -1.22274849417        
1.53638250603         0.585610601462        -1.05762167355        0.585610601462        -1.05762167355        0.791532117859        -1.20613378889        
1.54604120383         0.572136565404        -1.04298721906        0.572136565404        -1.04298721906        0.773363135225        -1.18933055895        
1.55569990162         0.558623796176        -1.0287904027         0.558623796176        -1.0287904027         0.755214364176        -1.1730332883         
1.56535859941         0.545381099917        -1.01462085779        0.545381099917        -1.01462085779        0.737424149398        -1.15677217817        
1.5750172972          0.53238647231         -1.0006288577         0.53238647231         -1.0006288577         0.7199698994          -1.14071881516        
1.58467599499         0.519644158909        -0.986872697239       0.519644158909        -0.986872697239       0.702863047999        -1.12493723186        
1.59433469278         0.507099891946        -0.973262866969       0.507099891946        -0.973262866969       0.686032045238        -1.10932590897        
1.60399339057         0.494841570563        -0.959942799427       0.494841570563        -0.959942799427       0.669593147805        -1.09404765452        
1.61365208836         0.482713122455        -0.946716288348       0.482713122455        -0.946716288348       0.653343663721        -1.07887915551        
1.62331078615         0.470860574458        -0.933736321371       0.470860574458        -0.933736321371       0.637469982416        -1.06399558001        
1.63296948394         0.459094670005        -0.920789232902       0.459094670005        -0.920789232902       0.621735351795        -1.04914773482        
1.64262818173         0.447591742785        -0.908054088816       0.447591742785        -0.908054088816       0.606356929812        -1.03454650257        
1.65228687953         0.436358223414        -0.895588673535       0.436358223414        -0.895588673535       0.591343396895        -1.02025706526        
1.66194557732         0.425603831972        -0.88320645773        0.425603831972        -0.88320645773        0.576928349179        -1.00605817498        
1.67160427511         0.414521746019        -0.871323590254       0.414521746019        -0.871323590254       0.562195425385        -0.992445669128       
1.6812629729          0.403932839746        -0.859600540642       0.403932839746        -0.859600540642       0.548083339637        -0.979010725412       
1.69092167069         0.394037909596        -0.849096459938       0.394037909596        -0.849096459938       0.534916553702        -0.966966388875       
1.70058036848         0.387222998491        -0.845127611659       0.387222998491        -0.845127611659       0.52594146255         -0.962367388934       
1.71023906627         0.380086474869        -0.840417604916       0.380086474869        -0.840417604916       0.516540153673        -0.956925761889       
1.71989776406         0.372734563608        -0.835189490359       0.372734563608        -0.835189490359       0.506858970062        -0.950895891062       
1.72955646185         0.36525107783         -0.82954456893        0.36525107783         -0.82954456893        0.49700585064         -0.944392916509       
1.73921515964         0.357628801749        -0.823521454059       0.357628801749        -0.823521454059       0.486974265724        -0.937460741431       
1.74887385744         0.349922851458        -0.817177263756       0.349922851458        -0.817177263756       0.476836630562        -0.930165920028       
1.75853255523         0.342132824553        -0.810516844605       0.342132824553        -0.810516844605       0.466591140155        -0.92251283649        
1.76819125302         0.334287919274        -0.803564724121       0.334287919274        -0.803564724121       0.456275686227        -0.914529399056       
1.77784995081         0.326401547049        -0.796340521294       0.326401547049        -0.796340521294       0.445907711876        -0.906238078861       
1.7875086486          0.318482122478        -0.788869955595       0.318482122478        -0.788869955595       0.435498799317        -0.897668930386       
1.79716734639         0.310487997793        -0.781096252324       0.310487997793        -0.781096252324       0.424996953186        -0.88875386619        
1.80682604418         0.302523718864        -0.773087300793       0.302523718864        -0.773087300793       0.414532090879        -0.879572968416       
1.81648474197         0.294593205577        -0.764890856491       0.294593205577        -0.764890856491       0.404107884955        -0.870181868322       
1.82614343976         0.286644134922        -0.75653129918        0.286644134922        -0.75653129918        0.393665345846        -0.86060740365        
1.83580213755         0.27878408445         -0.747927137771       0.27878408445         -0.747927137771       0.383324859515        -0.850756222041       
1.84546083534         0.2709498261          -0.73920788984        0.2709498261          -0.73920788984        0.37302293768         -0.840776294828       
1.85511953314         0.263114948782        -0.73032230695        0.263114948782        -0.73032230695        0.362723014197        -0.830608746092       
1.86477823093         0.255320353607        -0.721294238677       0.255320353607        -0.721294238677       0.352476530144        -0.820281128086       
1.87443692872         0.24757278589         -0.712136571669       0.24757278589         -0.712136571669       0.342291466271        -0.809807843571       
1.88409562651         0.239870459279        -0.70286271039        0.239870459279        -0.70286271039        0.332167293656        -0.799204462089       
1.8937543243          0.232199409978        -0.693462690996       0.232199409978        -0.693462690996       0.322087530513        -0.788459316503       
1.90341302209         0.224583675388        -0.683961177887       0.224583675388        -0.683961177887       0.312082002001        -0.777600761353       
1.91307171988         0.217007353144        -0.674351741501       0.217007353144        -0.674351741501       0.302132328051        -0.766621609338       
1.92273041767         0.20949973072         -0.664659423883       0.20949973072         -0.664659423883       0.292273259367        -0.755550062064       
1.93238911546         0.201995801731        -0.654817642184       0.201995801731        -0.654817642184       0.282427128248        -0.744309401593       
1.94204781325         0.194590322695        -0.64488848335        0.194590322695        -0.64488848335        0.272709245793        -0.732970422293       
1.95170651105         0.187270534151        -0.63488870635        0.187270534151        -0.63488870635        0.26310302384         -0.721554117078       
1.96136520884         0.180045242268        -0.624816500818       0.180045242268        -0.624816500818       0.253619515019        -0.710057916204       
1.97102390663         0.172900174024        -0.614686027216       0.172900174024        -0.614686027216       0.244242115603        -0.698497227796       
1.98068260442         0.165849398254        -0.604488008044       0.165849398254        -0.604488008044       0.234987588499        -0.686861957876       
1.99034130221         0.158894187029        -0.594239869883       0.158894187029        -0.594239869883       0.225857776998        -0.675171812209       
2                     0.15206874937         -0.583962026784       0.15206874937         -0.583962026784       0.216893366429        -0.663449814976       
2.001                 0.151344351762        -0.582884811329       0.151344351762        -0.582884811329       0.215944412272        -0.662221291185       
2.24302414622         0.0202030550835       -0.330330107395       0.0202030550835       -0.330330107395       0.0426930947321       -0.374715043165       
2.48504829245         -0.0300125316179      -0.135350658136       -0.0300125316179      -0.135350658136       -0.02735040566        -0.15335155704        
2.72707243867         -0.0226730150506      -0.0273025383931      -0.0226730150506      -0.0273025383931      -0.0242739137583      -0.030913835327       
2.9690965849          -0.00101392832008     -0.000191742859516    -0.00101392832008     -0.000191742859516    -0.00109500924924     -0.000217635471758    
2.9700965849          -0.000982929356024    -0.000183837450967    -0.000982929356024    -0.000183837450967    -0.00106143185313     -0.000208662428532    
2.9870965849          -0.000533847055415    -7.82360055581e-05    -0.000533847055415    -7.82360055581e-05    -0.000575499782104    -8.87521205822e-05    
3.0040965849          -0.000220471335567    -1.45490217347e-05    -0.000220471335567    -1.45490217347e-05    -0.000237137020053    -1.63646762517e-05    
3.0210965849          -3.34543584691e-05    2.15194990018e-05     -3.34543584691e-05    2.15194990018e-05     -3.56278485731e-05    2.46916337564e-05     
3.0380965849          6.78110512814e-06     7.9508139358e-05      6.78110512814e-06     7.9508139358e-05      1.15735936866e-05     9.03185991736e-05     
3.0550965849          1.28164968839e-05     0.000217839585055     1.28164968839e-05     0.000217839585055     1.81699157821e-05     0.000238332235403     
3.0720965849          1.80354937529e-05     0.000372378457729     1.80354937529e-05     0.000372378457729     2.38776456906e-05     0.000402617753447     
3.0890965849          2.21189827798e-05     0.000524894871829     2.21189827798e-05     0.000524894871829     2.83074409981e-05     0.000563826827191     
3.0900965849          2.23233296927e-05     0.000533606125525     2.23233296927e-05     0.000533606125525     2.85275007094e-05     0.000573007108709     
3.26998917442         1.98422670484e-05     0.00126707263648      1.98422670484e-05     0.00126707263648      2.38939536343e-05     0.001322648612        
3.44988176394         2.77508444458e-06     0.000913934552395     2.77508444458e-06     0.000913934552395     3.56524430275e-06     0.000937606425448     
3.62977435347         -2.4995893952e-06     0.000422172465461     -2.4995893952e-06     0.000422172465461     -2.75860420169e-06    0.000427063083959     
3.80966694299         -1.62439093345e-06    0.000125357770474     -1.62439093345e-06    0.000125357770474     -1.84027170068e-06    0.000125361533715     
3.98955953251         -2.52187313259e-07    1.34334286652e-05     -2.52187313259e-07    1.34334286652e-05     -2.87325098322e-07    1.33243508344e-05     
4.16945212203         6.98025222858e-06     1.65634712174e-07     6.98025222858e-06     1.65634712174e-07     6.89723411418e-06     1.52968739137e-07     
4.34934471156         1.65277496376e-05     4.63490295167e-07     1.65277496376e-05     4.63490295167e-07     1.6159952129e-05      3.12194233915e-07     
4.52923730108         1.49796177567e-05     4.7721232413e-07      1.49796177567e-05     4.7721232413e-07      1.44785494156e-05     2.38319581275e-07     
4.7091298906          9.64946151386e-06     3.40341597781e-07     9.64946151386e-06     3.40341597781e-07     9.21538746995e-06     1.27329165313e-07     
4.88902248012         5.06448582605e-06     1.94243499621e-07     5.06448582605e-06     1.94243499621e-07     4.77794987133e-06     5.47705386452e-08     
5.06891506965         2.28602240807e-06     9.40968549388e-08     2.28602240807e-06     9.40968549388e-08     2.13030259327e-06     1.9772662276e-08      
5.24880765917         9.12003994914e-07     3.98869167211e-08     9.12003994914e-07     3.98869167211e-08     8.39480751999e-07     6.18659705109e-09     
5.42870024869         3.26714841586e-07     1.50640995479e-08     3.26714841586e-07     1.50640995479e-08     2.97061905888e-07     1.66849372804e-09     
5.60859283821         1.06163731936e-07     5.12826246162e-09     1.06163731936e-07     5.12826246162e-09     9.53608265841e-08     3.83039008952e-10     
5.78848542774         3.15057723671e-08     1.58629442222e-09     3.15057723671e-08     1.58629442222e-09     2.79605010142e-08     7.33486660968e-11     
5.96837801726         8.58076923137e-09     4.48413583878e-10     8.58076923137e-09     4.48413583878e-10     7.52470546496e-09     1.02417822927e-11     
6.14827060678         2.15252385104e-09     1.16335538892e-10     2.15252385104e-09     1.16335538892e-10     1.86543372629e-09     4.10088013882e-13     
6.3281631963          4.98708442725e-10     2.77912243634e-11     4.98708442725e-10     2.77912243634e-11     4.27183412709e-10     -3.45906040188e-13    
6.50805578582         1.06943698974e-10     6.12890410209e-12     1.06943698974e-10     6.12890410209e-12     9.05599041086e-11     -1.55497339115e-13    
6.68794837535         2.1263792869e-11      1.25041968555e-12     2.1263792869e-11      1.25041968555e-12     1.78029937067e-11     -4.44966701336e-14    
6.86784096487         3.92634631409e-12     2.36448037152e-13     3.92634631409e-12     2.36448037152e-13     3.25069162495e-12     -1.0370815045e-14     
7.04773355439         6.73974924689e-13     4.14925719364e-14     6.73974924689e-13     4.14925719364e-14     5.51863055443e-13     -2.09509361133e-15    
7.22762614391         1.05693343862e-13     6.64182632767e-15     1.05693343862e-13     6.64182632767e-15     8.56055044467e-14     -3.70113301171e-16    
7.40751873344         2.02165946651e-14     1.29499444118e-15     2.02165946651e-14     1.29499444118e-15     1.61992357235e-14     -7.73827726952e-17    
7.58741132296         1.90404797312e-15     1.24172901406e-16     1.90404797312e-15     1.24172901406e-16     1.50960261735e-15     -7.79211180422e-18    
7.76730391248         2.11861867024e-15     1.40511951028e-16     2.11861867024e-15     1.40511951028e-16     1.6622703696e-15      -9.11293605984e-18    
7.947196502           2.3457200357e-15      1.58058141469e-16     2.3457200357e-15      1.58058141469e-16     1.82162177165e-15     -1.0444178058e-17     
8.12708909153         2.58544643782e-15     1.76833826879e-16     2.58544643782e-15     1.76833826879e-16     1.98750027099e-15     -1.17463988538e-17    
8.30698168105         2.83788609123e-15     1.96860181548e-16     2.83788609123e-15     1.96860181548e-16     2.15979865176e-15     -1.30295144891e-17    
8.48687427057         3.10312161541e-15     2.18157286839e-16     3.10312161541e-15     2.18157286839e-16     2.33841099778e-15     -1.42748041619e-17    
8.66676686009         3.38123052945e-15     2.40744210079e-16     3.38123052945e-15     2.40744210079e-16     2.52322979037e-15     -1.54632158927e-17    
8.84665944961         3.67228569174e-15     2.64639076308e-16     3.67228569174e-15     2.64639076308e-16     2.71414852142e-15     -1.65754487285e-17    
9.02655203914         3.97635569187e-15     2.89859133636e-16     3.97635569187e-15     2.89859133636e-16     2.91106227365e-15     -1.7592024536e-17     
9.20644462866         4.29350520101e-15     3.16420812885e-16     4.29350520101e-15     3.16420812885e-16     3.11386797227e-15     -1.84933506247e-17    
9.38633721818         4.62379528587e-15     3.44339782113e-16     4.62379528587e-15     3.44339782113e-16     3.32246453266e-15     -1.92597742925e-17    
9.5662298077          4.96728369105e-15     3.73630996537e-16     4.96728369105e-15     3.73630996537e-16     3.53675296606e-15     -1.98716302619e-17    
9.74612239723         5.32402509323e-15     4.04308744323e-16     5.32402509323e-15     4.04308744323e-16     3.75663647161e-15     -2.0309281854e-17     
9.92601498675         5.69407133091e-15     4.36386688644e-16     5.69407133091e-15     4.36386688644e-16     3.98202054008e-15     -2.05531566516e-17    
10.1059075763         6.07747161224e-15     4.69877906377e-16     6.07747161224e-15     4.69877906377e-16     4.2128131103e-15      -2.05837773087e-17    
10.2858001658         6.47427270365e-15     5.04794923752e-16     6.47427270365e-15     5.04794923752e-16     4.44892487851e-15     -2.03817880871e-17    
10.4656927553         6.88451910122e-15     5.41149749253e-16     6.88451910122e-15     5.41149749253e-16     4.69027010876e-15     -1.99279776301e-17    
10.6455853448         7.30825318688e-15     5.78953904004e-16     7.30825318688e-15     5.78953904004e-16     4.93677005582e-15     -1.92032984233e-17    
10.8254779344         7.7455153709e-15      6.18218449895e-16     7.7455153709e-15      6.18218449895e-16     5.18836297286e-15     -1.81524759067e-17    
11.0053705239         8.19634422215e-15     6.5895401563e-16      8.19634422215e-15     6.5895401563e-16      5.44489374714e-15     -1.67514106011e-17    
11.1852631134         8.66077658748e-15     7.01170820894e-16     8.66077658748e-15     7.01170820894e-16     5.70629761108e-15     -1.50133292881e-17    
11.3651557029         9.13884770116e-15     7.44878698797e-16     9.13884770116e-15     7.44878698797e-16     5.9725000459e-15      -1.29194281164e-17    
11.5450482924         9.6305912855e-15      7.90087116738e-16     9.6305912855e-15      7.90087116738e-16     6.24342469834e-15     -1.04511235062e-17    
11.724940882          1.01360396435e-14     8.36805195838e-16     1.01360396435e-14     8.36805195838e-16     6.51899600107e-15     -7.5900589964e-18     
11.9048334715         1.06552237441e-14     8.85041729045e-16     1.06552237441e-14     8.85041729045e-16     6.79913971317e-15     -4.31811071846e-18    
12.084726061          1.11881733012e-14     9.34805198025e-16     1.11881733012e-14     9.34805198025e-16     7.08378308151e-15     -6.17391659619e-19    
12.2646186505         1.17349168462e-14     9.86103788944e-16     1.17349168462e-14     9.86103788944e-16     7.37285488768e-15     3.52974513576e-18     
12.4445112401         1.22954817958e-14     1.03894540722e-15     1.22954817958e-14     1.03894540722e-15     7.6662854511e-15      8.14070429842e-18     
12.6244038296         1.28698945142e-14     1.09333769132e-15     1.28698945142e-14     1.09333769132e-15     7.9640066124e-15      1.32326466849e-17     
12.8042964191         1.34581803713e-14     1.14928802571e-15     1.34581803713e-14     1.14928802571e-15     8.26595170751e-15     1.88224886451e-17     
12.9841890086         1.40603637967e-14     1.20680355298e-15     1.40603637967e-14     1.20680355298e-15     8.57205553684e-15     2.49269019173e-17     
13.1640815982         1.46764683298e-14     1.26589118524e-15     1.46764683298e-14     1.26589118524e-15     8.88225433216e-15     3.15623140702e-17     
13.3439741877         1.53065166663e-14     1.32655761476e-15     1.53065166663e-14     1.32655761476e-15     9.19648572233e-15     3.87449094216e-17     
13.5238667772         1.59505307022e-14     1.38880932412e-15     1.59505307022e-14     1.38880932412e-15     9.51468869882e-15     4.64906303716e-17     
13.7037593667         1.66085315742e-14     1.45265259558e-15     1.66085315742e-14     1.45265259558e-15     9.83680358135e-15     5.48151790944e-17     
13.8836519562         1.7280539698e-14      1.51809352006e-15     1.7280539698e-14      1.51809352006e-15     1.01627719841e-14     6.37340195389e-17     
14.0635445458         1.79665748034e-14     1.58513800552e-15     1.79665748034e-14     1.58513800552e-15     1.04925367827e-14     7.32623796957e-17     
14.2434371353         1.86666559682e-14     1.65379178486e-15     1.86666559682e-14     1.65379178486e-15     1.08260420818e-14     8.34152540909e-17     
14.4233297248         1.9380801649e-14      1.72406042345e-15     1.9380801649e-14      1.72406042345e-15     1.11632331845e-14     9.42074064726e-17     
14.6032223143         2.01090297108e-14     1.79594932617e-15     2.01090297108e-14     1.79594932617e-15     1.15040565619e-14     1.05653372659e-16     
14.7831149039         2.08513574543e-14     1.8694637441e-15      2.08513574543e-14     1.8694637441e-15      1.18484598246e-14     1.17767463525e-16     
14.9630074934         2.16078016419e-14     1.94460878086e-15     2.16078016419e-14     1.94460878086e-15     1.2196391696e-14      1.30563768094e-16     
15.1429000829         2.23783785218e-14     2.02138939856e-15     2.23783785218e-14     2.02138939856e-15     1.25478019863e-14     1.44056156727e-16     
15.3227926724         2.31631038515e-14     2.09981042352e-15     2.31631038515e-14     2.09981042352e-15     1.29026415696e-14     1.5825828438e-16      
15.5026852619         2.39619929185e-14     2.17987655162e-15     2.39619929185e-14     2.17987655162e-15     1.32608623625e-14     1.73183593914e-16     
15.6825778515         2.47750605617e-14     2.26159235344e-15     2.47750605617e-14     2.26159235344e-15     1.36224173063e-14     1.88845319455e-16     
15.862470441          2.56023211896e-14     2.34496227904e-15     2.56023211896e-14     2.34496227904e-15     1.39872603533e-14     2.05256489765e-16     
16.0423630305         2.64437887993e-14     2.42999066263e-15     2.64437887993e-14     2.42999066263e-15     1.4355346458e-14      2.22429931652e-16     
16.22225562           2.72994769932e-14     2.51668172692e-15     2.72994769932e-14     2.51668172692e-15     1.47266315774e-14     2.40378273362e-16     
16.4021482096         2.81693989953e-14     2.60503958725e-15     2.81693989953e-14     2.60503958725e-15     1.51010726836e-14     2.5911394799e-16      
16.5820407991         2.90535676667e-14     2.69506825561e-15     2.90535676667e-14     2.69506825561e-15     1.54786277984e-14     2.78649196867e-16     
16.7619333886         2.99519955199e-14     2.78677164437e-15     2.99519955199e-14     2.78677164437e-15     1.58592560682e-14     2.98996072937e-16     
16.9418259781         3.08646947331e-14     2.88015356986e-15     3.08646947331e-14     2.88015356986e-15     1.62429179211e-14     3.20166444108e-16     
17.1217185676         3.17916771628e-14     2.97521775585e-15     3.17916771628e-14     2.97521775585e-15     1.66295754198e-14     3.42171996579e-16     
17.3016111572         3.27329543563e-14     3.07196783675e-15     3.27329543563e-14     3.07196783675e-15     1.70191932001e-14     3.65024238134e-16     
17.4815037467         3.36885375638e-14     3.17040736077e-15     3.36885375638e-14     3.17040736077e-15     1.74117421113e-14     3.88734501397e-16     
17.6613963362         3.46584377493e-14     3.27053979287e-15     3.46584377493e-14     3.27053979287e-15     1.78072236563e-14     4.13350124114e-16     
17.8412889257         3.56426656014e-14     3.37236851762e-15     3.56426656014e-14     3.37236851762e-15     1.82054961815e-14     4.38920687784e-16     
18.0211815153         3.66412315436e-14     3.47589684191e-15     3.66412315436e-14     3.47589684191e-15     1.86065384909e-14     4.65389664581e-16     
18.2010741048         3.76541457435e-14     3.58112799753e-15     3.76541457435e-14     3.58112799753e-15     1.90103262906e-14     4.92767927534e-16     
18.3809666943         3.86814181225e-14     3.68806514367e-15     3.86814181225e-14     3.68806514367e-15     1.94168277895e-14     5.2106619088e-16      
18.5608592838         3.97230583645e-14     3.79671136931e-15     3.97230583645e-14     3.79671136931e-15     1.98260098406e-14     5.50295013012e-16     
18.7407518733         4.07790759238e-14     3.90706969544e-15     4.07790759238e-14     3.90706969544e-15     2.02378391133e-14     5.80464799381e-16     
18.9206444629         4.18494800336e-14     4.01914307731e-15     4.18494800336e-14     4.01914307731e-15     2.0652282479e-14      6.11585805345e-16     
19.1005370524         4.29342797135e-14     4.13293440647e-15     4.29342797135e-14     4.13293440647e-15     2.10693071693e-14     6.43668138975e-16     
19.2804296419         4.40334837767e-14     4.24844651279e-15     4.40334837767e-14     4.24844651279e-15     2.14888808486e-14     6.76721763801e-16     
19.4603222314         4.51471008368e-14     4.36568216638e-15     4.51471008368e-14     4.36568216638e-15     2.19109716479e-14     7.10756501519e-16     
19.640214821          4.62751393149e-14     4.48464407943e-15     4.62751393149e-14     4.48464407943e-15     2.23355481798e-14     7.45782034639e-16     
19.8201074105         4.74176074453e-14     4.60533490797e-15     4.74176074453e-14     4.60533490797e-15     2.27625795437e-14     7.81807909087e-16     
20                    0                     0                     0                     0                     0                     0                     
