0.0779191396          0                     0                     0                     0                     0                     0                     
0.0877206139488       -0.000372522006366    -0.00270146576123     -0.000372522006366    -0.00270146576123     -0.000746566392433    -0.0101488590701      
0.0975220882976       -0.00242164798033     -0.0131606657834      -0.00242164798033     -0.0131606657834      -0.00515110798243     -0.0495313843489      
0.107323562646        -0.00623600774832     -0.0295168224872      -0.00623600774832     -0.0295168224872      -0.0134257239741      -0.11123364387        
0.117125036995        -0.0113673349307      -0.0490263589889      -0.0113673349307      -0.0490263589889      -0.0247137687622      -0.184919598061       
0.126926511344        -0.0173698758439      -0.0696436992852      -0.0173698758439      -0.0696436992852      -0.0382261212307      -0.262833492011       
0.136727985693        -0.0238933728958      -0.0900299592662      -0.0238933728958      -0.0900299592662      -0.0533534542524      -0.339881314303       
0.146529460042        -0.0306848462157      -0.109380191746       -0.0306848462157      -0.109380191746       -0.0696432455586      -0.412990042042       
0.15633093439         -0.0375682936469      -0.127236475801       -0.0375682936469      -0.127236475801       -0.0867593456995      -0.480408094996       
0.166132408739        -0.0444123998273      -0.143373190121       -0.0444123998273      -0.143373190121       -0.104406205119       -0.541270584418       
0.175933883088        -0.0511352916461      -0.157697162803       -0.0511352916461      -0.157697162803       -0.122383296921       -0.595219356657       
0.185735357437        -0.0576784184877      -0.170209391901       -0.0576784184877      -0.170209391901       -0.14051353221        -0.64225960399        
0.195536831786        -0.0639894807435      -0.180971700918       -0.0639894807435      -0.180971700918       -0.1586053016         -0.682626453756       
0.205338306135        -0.0700508878616      -0.190066941399       -0.0700508878616      -0.190066941399       -0.176565514528       -0.716639051853       
0.215139780483        -0.0758400467884      -0.197598545216       -0.0758400467884      -0.197598545216       -0.194270731983       -0.744695601863       
0.224941254832        -0.0813456137635      -0.203678696378       -0.0813456137635      -0.203678696378       -0.21162532554        -0.767228532597       
0.234742729181        -0.086557928147       -0.208411360294       -0.086557928147       -0.208411360294       -0.228541413645       -0.784638176503       
0.24454420353         -0.0914748373211      -0.211905641813       -0.0914748373211      -0.211905641813       -0.244954010326       -0.797346217704       
0.254345677879        -0.0960910692301      -0.214265852712       -0.0960910692301      -0.214265852712       -0.260788562276       -0.805753299335       
0.264147152227        -0.100400063069       -0.215576755828       -0.100400063069       -0.215576755828       -0.275969597368       -0.810186961326       
0.273948626576        -0.104425517338       -0.215961848804       -0.104425517338       -0.215961848804       -0.290526548726       -0.811118155335       
0.283750100925        -0.108148194101       -0.215476337454       -0.108148194101       -0.215476337454       -0.304348658961       -0.808764877792       
0.293551575274        -0.11157617678        -0.214207178116       -0.11157617678        -0.214207178116       -0.317419859929       -0.803460050849       
0.303353049623        -0.114712414379       -0.212229288056       -0.114712414379       -0.212229288056       -0.329709565432       -0.795490780362       
0.313154523971        -0.11755936629        -0.209607498663       -0.11755936629        -0.209607498663       -0.341190472187       -0.785107155785       
0.32295599832         -0.120119580947       -0.206405403497       -0.120119580947       -0.206405403497       -0.351838019384       -0.772553883392       
0.332757472669        -0.122394085057       -0.202680243586       -0.122394085057       -0.202680243586       -0.361625403845       -0.758049187795       
0.342558947018        -0.124390697324       -0.198487700758       -0.124390697324       -0.198487700758       -0.370552535359       -0.741807378724       
0.352360421367        -0.126106257764       -0.193873420916       -0.126106257764       -0.193873420916       -0.378584899648       -0.724004130009       
0.362161895715        -0.127548382566       -0.188884111129       -0.127548382566       -0.188884111129       -0.385726646175       -0.704816887623       
0.371963370064        -0.128716023521       -0.18356499039        -0.128716023521       -0.18356499039        -0.391952398042       -0.684417928661       
0.381764844413        -0.129613764131       -0.177953189688       -0.129613764131       -0.177953189688       -0.397262761859       -0.662950169463       
0.391566318762        -0.130241697823       -0.172084491564       -0.130241697823       -0.172084491564       -0.4016409958         -0.64054974853        
0.401367793111        -0.130599569477       -0.16598894989        -0.130599569477       -0.16598894989        -0.405072505237       -0.617331407855       
0.41116926746         -0.130707662648       -0.159722614293       -0.130707662648       -0.159722614293       -0.407613742744       -0.593506265978       
0.420970741808        -0.130537822561       -0.153301561826       -0.130537822561       -0.153301561826       -0.409156361576       -0.569133671196       
0.430772216157        -0.13011897335        -0.146730538474       -0.13011897335        -0.146730538474       -0.40979381534        -0.544241934484       
0.440573690506        -0.129442901627       -0.140075789871       -0.129442901627       -0.140075789871       -0.409484421184       -0.519069043881       
0.450375164855        -0.128507119676       -0.133344354245       -0.128507119676       -0.133344354245       -0.408216261815       -0.493647025648       
0.460176639204        -0.127319308517       -0.12656799852        -0.127319308517       -0.12656799852        -0.406007078499       -0.468094647582       
0.469978113552        -0.12588311004        -0.119772451792       -0.12588311004        -0.119772451792       -0.402864720633       -0.442508204289       
0.479779587901        -0.124198145074       -0.112977063142       -0.124198145074       -0.112977063142       -0.398784003509       -0.416960875858       
0.48958106225         -0.122272451733       -0.106210398318       -0.122272451733       -0.106210398318       -0.393789066133       -0.391559594414       
0.499382536599        -0.120101595026       -0.0994917687224      -0.120101595026       -0.0994917687224      -0.387861802004       -0.366374883784       
0.509184010948        -0.117697786749       -0.0928509888797      -0.117697786749       -0.0928509888797      -0.381042777302       -0.341518602089       
0.518985485296        -0.11506272467        -0.0863069543025      -0.11506272467        -0.0863069543025      -0.373336074095       -0.317060517395       
0.528786959645        -0.112197863387       -0.0798792602184      -0.112197863387       -0.0798792602184      -0.364748306448       -0.293073449913       
0.538588433994        -0.10911596355        -0.073596174631       -0.10911596355        -0.073596174631       -0.355322411026       -0.269661806699       
0.548389908343        -0.105822147734       -0.0674789854809      -0.105822147734       -0.0674789854809      -0.345078491345       -0.246903032208       
0.558191382692        -0.102327687789       -0.0615536544236      -0.102327687789       -0.0615536544236      -0.334057125559       -0.224892403464       
0.56799285704         -0.0986416257851      -0.0558393373569      -0.0986416257851      -0.0558393373569      -0.32229354756        -0.203699983619       
0.577794331389        -0.0947815694832      -0.0503628514281      -0.0947815694832      -0.0503628514281      -0.309852169551       -0.183423482925       
0.587595805738        -0.0907635468236      -0.0451447693645      -0.0907635468236      -0.0451447693645      -0.296793661884       -0.164136743033       
0.597397280087        -0.0866070841258      -0.0402075390492      -0.0866070841258      -0.0402075390492      -0.283191055069       -0.145920174415       
0.607198754436        -0.0823376864676      -0.0355713080122      -0.0823376864676      -0.0355713080122      -0.269139335019       -0.128845779198       
0.617000228785        -0.0779761343724      -0.0312512898921      -0.0779761343724      -0.0312512898921      -0.254718970866       -0.112966726775       
0.626801703133        -0.0735593656554      -0.027263330758       -0.0735593656554      -0.027263330758       -0.240064414673       -0.0983374405585      
0.636603177482        -0.0691174606044      -0.0236158139574      -0.0691174606044      -0.0236158139574      -0.225288845238       -0.0849850716274      
0.646404651831        -0.0646855195653      -0.0203124087394      -0.0646855195653      -0.0203124087394      -0.210521812995       -0.072918957321       
0.65620612618         -0.0603035067686      -0.0173523333003      -0.0603035067686      -0.0173523333003      -0.195908661791       -0.0621313732846      
0.666007600529        -0.0559934598717      -0.0147222543719      -0.0559934598717      -0.0147222543719      -0.181535159237       -0.0525696040843      
0.675809074877        -0.0517980614147      -0.012411391968       -0.0517980614147      -0.012411391968       -0.167552675416       -0.044189026981       
0.685610549226        -0.0477425220594      -0.0103986204478      -0.0477425220594      -0.0103986204478      -0.154053252902       -0.0369083453537      
0.695412023575        -0.0438488275918      -0.00866014082452     -0.0438488275918      -0.00866014082452     -0.141116115345       -0.0306367526072      
0.705213497924        -0.0401343790824      -0.00716983080361     -0.0401343790824      -0.00716983080361     -0.128802878304       -0.0252753596059      
0.715014972273        -0.0366109929438      -0.00590128753778     -0.0366109929438      -0.00590128753778     -0.117154626577       -0.0207248556993      
0.724816446621        -0.0332855372682      -0.00482776615599     -0.0332855372682      -0.00482776615599     -0.106194283526       -0.0168855311416      
0.73461792097         -0.0301602898284      -0.00392454976712     -0.0301602898284      -0.00392454976712     -0.0959282313077      -0.0136653341149      
0.744419395319        -0.0272345806167      -0.00316848369823     -0.0272345806167      -0.00316848369823     -0.0863519954576      -0.0109785829651      
0.754220869668        -0.0245050541755      -0.00253877643998     -0.0245050541755      -0.00253877643998     -0.0774515116159      -0.00874856476488     
0.764022344017        -0.0219661872495      -0.00201698344946     -0.0219661872495      -0.00201698344946     -0.06920517241        -0.00690747001456     
0.773823818365        -0.0196108747615      -0.00158682547782     -0.0196108747615      -0.00158682547782     -0.0615859824045      -0.00539568040231     
0.783625292714        -0.0174318043374      -0.00123431332274     -0.0174318043374      -0.00123431332274     -0.0545661266622      -0.00416206862923     
0.793426767063        -0.0154207187152      -0.00094725312973     -0.0154207187152      -0.00094725312973     -0.0481148131942      -0.00316224072033     
0.803228241412        -0.0135691459603      -0.000715244264249    -0.0135691459603      -0.000715244264249    -0.0422007038793      -0.00235842540081     
0.813029715761        -0.0118693672094      -0.000529406194903    -0.0118693672094      -0.000529406194903    -0.0367950160445      -0.00171844724223     
0.82283119011         -0.0103127431729      -0.000382074935841    -0.0103127431729      -0.000382074935841    -0.0318663461995      -0.00121465064495     
0.832632664458        -0.00889163375796     -0.000266782340781    -0.00889163375796     -0.000266782340781    -0.0273866844942      -0.000823739246254    
0.842434138807        -0.00759227592921     -0.000177862983353    -0.00759227592921     -0.000177862983353    -0.0233095244683      -0.000525454493999    
0.852235613156        -0.00642629080779     -0.000111041890142    -0.00642629080779     -0.000111041890142    -0.0196665934775      -0.000304214732128    
0.862037087505        -0.00536824060161     -6.18872875348e-05    -0.00536824060161     -6.18872875348e-05    -0.0163761449334      -0.000144456979978    
0.871838561854        -0.00441815127246     -2.71298277957e-05    -0.00441815127246     -2.71298277957e-05    -0.0134348856732      -3.44519668866e-05    
0.881640036202        -0.00357004446755     -3.88319940795e-06    -0.00357004446755     -3.88319940795e-06    -0.0108213584445      3.60589002047e-05     
0.891441510551        -0.00281929574886     1.03271525701e-05     -0.00281929574886     1.03271525701e-05     -0.00851846307358     7.58493462615e-05     
0.9012429849          -0.00215920968408     1.75922407312e-05     -0.00215920968408     1.75922407312e-05     -0.00650307101936     9.22865937701e-05     
0.9022429849          -0.00209692190739     1.80180419334e-05     -0.00209692190739     1.80180419334e-05     -0.00631338673649     9.29166751494e-05     
0.9192429849          -0.00117412942519     1.86859540081e-05     -0.00117412942519     1.86859540081e-05     -0.00351465261379     8.22969448174e-05     
0.9362429849          -0.000499777189598    1.19462628578e-05     -0.000499777189598    1.19462628578e-05     -0.00148547176576     4.89795221227e-05     
0.9532429849          -7.71365025542e-05    4.45395246891e-06     -7.71365025542e-05    4.45395246891e-06     -0.000222222884366    1.64919749982e-05     
0.9702429849          2.29686945314e-05     9.4467004919e-05      2.29686945314e-05     9.4467004919e-05      8.63267760079e-05     0.000277169217109     
0.9872429849          4.32014507504e-05     0.000412957306399     4.32014507504e-05     0.000412957306399     0.000161811200706     0.00119543675517      
1.0042429849          5.84990004122e-05     0.000806348501451     5.84990004122e-05     0.000806348501451     0.000218668977597     0.00232067250535      
1.0212429849          6.88463330376e-05     0.00122634668583      6.88463330376e-05     0.00122634668583      0.000256977268106     0.00351281119958      
1.0222429849          6.93125067e-05        0.00125128325249      6.93125067e-05        0.00125128325249      0.00025869816376      0.0035833052248       
1.03081980082         7.27027918372e-05     0.00146458353493      7.27027918372e-05     0.00146458353493      0.000271189164136     0.00418497442583      
1.03939661674         7.50879260948e-05     0.00167581581659      7.50879260948e-05     0.00167581581659      0.000279932641656     0.00477848000658      
1.04797343267         7.65278624774e-05     0.00188257681362      7.65278624774e-05     0.00188257681362      0.000285156136226     0.00535708690125      
1.05655024859         7.71389797873e-05     0.00208407971008      7.71389797873e-05     0.00208407971008      0.000287296540297     0.00591869717799      
1.06512706451         7.69961787178e-05     0.00227894180797      7.69961787178e-05     0.00227894180797      0.000286635318934     0.00645953313929      
1.07370388043         7.61800706242e-05     0.00246620528864      7.61800706242e-05     0.00246620528864      0.000283474598595     0.00697704181435      
1.08228069635         7.47677304187e-05     0.00264511646936      7.47677304187e-05     0.00264511646936      0.000278102809894     0.00746926001637      
1.09085751228         7.28293705153e-05     0.00281498611166      7.28293705153e-05     0.00281498611166      0.000270782413572     0.00793441537359      
1.0994343282          7.0436188594e-05      0.00297546357422      7.0436188594e-05      0.00297546357422      0.000261779163621     0.00837169561192      
1.10801114412         6.76468248665e-05     0.00312599160592      6.76468248665e-05     0.00312599160592      0.000251311816965     0.00877970917288      
1.11658796004         6.45211781733e-05     0.00326632310259      6.45211781733e-05     0.00326632310259      0.000239603554636     0.00915793920414      
1.12516477596         6.11127172022e-05     0.00339619443506      6.11127172022e-05     0.00339619443506      0.000226853442978     0.00950582153102      
1.13374159189         5.74717985764e-05     0.00351544998095      5.74717985764e-05     0.00351544998095      0.000213248800778     0.00982309337128      
1.14231840781         5.36438917762e-05     0.00362392579655      5.36438917762e-05     0.00362392579655      0.000198958640618     0.0101094663004       
1.15089522373         4.96705172754e-05     0.00372145850967      4.96705172754e-05     0.00372145850967      0.000184137183829     0.0103646513961       
1.15947203965         4.55954009715e-05     0.00380834968036      4.55954009715e-05     0.00380834968036      0.000168946693873     0.010589650563        
1.16804885557         4.14531392001e-05     0.00388454497378      4.14531392001e-05     0.00388454497378      0.00015351546612      0.0107844675114       
1.17662567149         3.72747950606e-05     0.00394991780939      3.72747950606e-05     0.00394991780939      0.00013795861715      0.010948902152        
1.18520248742         3.30916969294e-05     0.00400463408045      3.30916969294e-05     0.00400463408045      0.000122392160048     0.0110835617161       
1.19377930334         2.89329785026e-05     0.00404900280046      2.89329785026e-05     0.00404900280046      0.000106923891027     0.0111894418027       
1.20235611926         2.48221044783e-05     0.00408296509269      2.48221044783e-05     0.00408296509269      9.16405637427e-05     0.0112665137353       
1.21093293518         2.07821870434e-05     0.00410670017209      2.07821870434e-05     0.00410670017209      7.66275662111e-05     0.0113154019717       
1.2195097511          1.68343069754e-05     0.00412046041412      1.68343069754e-05     0.00412046041412      6.19627126143e-05     0.0113369255498       
1.22808656703         1.29972396246e-05     0.00412451231294      1.29972396246e-05     0.00412451231294      4.77152397382e-05     0.0113319347467       
1.23666338295         9.28653880445e-06     0.0041186551043       9.28653880445e-06     0.0041186551043       3.39424749739e-05     0.0112999902793       
1.24524019887         5.71953074921e-06     0.00410421889286      5.71953074921e-06     0.00410421889286      2.070812214e-05       0.0112448468407       
1.25381701479         2.30697408302e-06     0.0040804521656       2.30697408302e-06     0.0040804521656       8.05177162322e-06     0.0111645404566       
1.26239383071         -9.38934518825e-07    0.00404793519378      -9.38934518825e-07    0.00404793519378      -3.98181756164e-06    0.0110607543745       
1.27097064664         -4.00814657366e-06    0.00400687328579      -4.00814657366e-06    0.00400687328579      -1.53558080272e-05    0.0109341371458       
1.27954746256         -6.89203174036e-06    0.00395760758716      -6.89203174036e-06    0.00395760758716      -2.60386358241e-05    0.0107857017787       
1.28812427848         -9.58352763178e-06    0.00390051686812      -9.58352763178e-06    0.00390051686812      -3.60045509969e-05    0.0106165561962       
1.2967010944          -1.20767818992e-05    0.00383589932539      -1.20767818992e-05    0.00383589932539      -4.52322732151e-05    0.0104275814556       
1.30527791032         -1.43667342106e-05    0.00376396445663      -1.43667342106e-05    0.00376396445663      -5.3703439694e-05     0.0102194112769       
1.31385472625         -1.64494584267e-05    0.00368499352264      -1.64494584267e-05    0.00368499352264      -6.14038919996e-05    0.00999286882018      
1.32243154217         -1.83234931988e-05    0.00359956878026      -1.83234931988e-05    0.00359956878026      -6.83286319768e-05    0.00974958651996      
1.33100835809         -1.99918158794e-05    0.00350877030963      -1.99918158794e-05    0.00350877030963      -7.44891533074e-05    0.00949253391822      
1.33958517401         -2.14374524197e-05    0.00341008266508      -2.14374524197e-05    0.00341008266508      -7.98225895192e-05    0.00921494896758      
1.34816198993         -2.26777389531e-05    0.00330683283929      -2.26777389531e-05    0.00330683283929      -8.43938781344e-05    0.00892586854286      
1.35673880586         -2.37079345557e-05    0.00319833972012      -2.37079345557e-05    0.00319833972012      -8.81856683178e-05    0.00862348026666      
1.36531562178         -2.45299616721e-05    0.00308495545326      -2.45299616721e-05    0.00308495545326      -9.12054057159e-05    0.00830876106455      
1.3738924377          -2.51476992038e-05    0.00296717690369      -2.51476992038e-05    0.00296717690369      -9.34677836337e-05    0.00798307131009      
1.38246925362         -2.55629636832e-05    0.00284516303604      -2.55629636832e-05    0.00284516303604      -9.49798034771e-05    0.00764685585695      
1.39104606954         -2.57827783658e-05    0.00271959612327      -2.57827783658e-05    0.00271959612327      -9.57677917285e-05    0.0073019611554       
1.39962288546         -2.58095723e-05       0.00259057285563      -2.58095723e-05       0.00259057285563      -9.58409803442e-05    0.00694865396347      
1.40819970139         -2.56518881201e-05    0.00245877000519      -2.56518881201e-05    0.00245877000519      -9.52312858082e-05    0.0065887529102       
1.41677651731         -2.53139264579e-05    0.00232436237893      -2.53139264579e-05    0.00232436237893      -9.39544764388e-05    0.00622272429899      
1.42535333323         -2.48064895033e-05    0.00218809316326      -2.48064895033e-05    0.00218809316326      -9.20508031938e-05    0.00585255149904      
1.43393014915         -2.41309387779e-05    0.00204980641922      -2.41309387779e-05    0.00204980641922      -8.95254587708e-05    0.00547780647136      
1.44250696507         -2.33021124477e-05    0.00191048836633      -2.33021124477e-05    0.00191048836633      -8.64336218869e-05    0.00510111086554      
1.451083781           -2.23280587234e-05    0.00177047006545      -2.23280587234e-05    0.00177047006545      -8.28052499927e-05    0.00472332808349      
1.45966059692         -2.12187506226e-05    0.00163020551309      -2.12187506226e-05    0.00163020551309      -7.86774192222e-05    0.00434564505836      
1.46823741284         -1.99861401386e-05    0.00149025866563      -1.99861401386e-05    0.00149025866563      -7.40945203702e-05    0.00396953648629      
1.47681422876         -1.863952836e-05      0.00135095448879      -1.863952836e-05      0.00135095448879      -6.90910929806e-05    0.00359583511054      
1.48539104468         -1.71964308243e-05    0.0012131797161       -1.71964308243e-05    0.0012131797161       -6.37321030629e-05    0.00322686408181      
1.49396786061         -1.5667879129e-05     0.0010773017406       -1.5667879129e-05     0.0010773017406       -5.80584554043e-05    0.00286355834318      
1.50254467653         -1.40701283899e-05    0.000944020839536     -1.40701283899e-05    0.000944020839536     -5.21303898746e-05    0.0025077333625       
1.51112149245         -1.24211109494e-05    0.000814099974431     -1.24211109494e-05    0.000814099974431     -4.60143315452e-05    0.00216136521874      
1.51969830837         -1.07381751622e-05    0.000688215329658     -1.07381751622e-05    0.000688215329658     -3.9774512605e-05     0.00182619391754      
1.52827512429         -9.0444682268e-06     0.000567368306359     -9.0444682268e-06     0.000567368306359     -3.34966145629e-05    0.00150481707015      
1.53685194022         -7.36253854045e-06    0.00045246113771      -7.36253854045e-06    0.00045246113771      -2.72640651177e-05    0.00119956324952      
1.54542875614         -5.72086867673e-06    0.000344703240034     -5.72086867673e-06    0.000344703240034     -2.11822306767e-05    0.000913570120743     
1.55400557206         -4.15398254951e-06    0.000245591102936     -4.15398254951e-06    0.000245591102936     -1.53788016626e-05    0.000650730594253     
1.56258238798         -2.70399666132e-06    0.000156975729643     -2.70399666132e-06    0.000156975729643     -1.00095240012e-05    0.000415871914544     
1.5711592039          -1.43091811606e-06    8.16232954313e-05     -1.43091811606e-06    8.16232954313e-05     -5.29630209774e-06    0.000216242466427     
1.57973601983         -4.31859938378e-07    2.42210086209e-05     -4.31859938378e-07    2.42210086209e-05     -1.59827956731e-06    6.41814656874e-05     
1.58831283575         3.33958610079e-06     6.05246306448e-08     3.33958610079e-06     6.05246306448e-08     8.85496257284e-06     3.68447691662e-07     
1.59688965167         4.68579205982e-05     8.62711831655e-07     4.68579205982e-05     8.62711831655e-07     0.000124390993497     4.93504562618e-06     
1.60546646759         0.000116950369985     2.18622720797e-06     0.000116950369985     2.18622720797e-06     0.000310588100043     1.1898869201e-05      
1.61404328351         0.000206919628993     3.92542502554e-06     0.000206919628993     3.92542502554e-06     0.000549537557717     2.03326975127e-05     
1.62262009944         0.00031405847379      6.04336531561e-06     0.00031405847379      6.04336531561e-06     0.000833903883604     2.9758079153e-05      
1.63119691536         0.000436807009315     8.52205103556e-06     0.000436807009315     8.52205103556e-06     0.00115945026935      3.99244197204e-05     
1.63977373128         0.000574191100156     1.1352986051e-05      0.000574191100156     1.1352986051e-05      0.00152340696975      5.04962504773e-05     
1.6483505472          0.000725496331042     1.45314932311e-05     0.000725496331042     1.45314932311e-05     0.0019238674531       6.13854884984e-05     
1.65692736312         0.000890212356947     1.80559764551e-05     0.000890212356947     1.80559764551e-05     0.0023591741519       7.23935600165e-05     
1.66550417904         0.00106806314283      2.19288422968e-05     0.00106806314283      2.19288422968e-05     0.0028285558712       8.33013917487e-05     
1.67408099497         0.00125869071454      2.61502516812e-05     0.00125869071454      2.61502516812e-05     0.00333110062925      9.40451762919e-05     
1.68265781089         0.0014622194339       3.07299041862e-05     0.0014622194339       3.07299041862e-05     0.00386675323737      0.000104702798175     
1.69123462681         0.00168068454692      3.57179929906e-05     0.00168068454692      3.57179929906e-05     0.00444078464014      0.000115109655412     
1.69981144273         0.0019243061216       4.1342219268e-05      0.0019243061216       4.1342219268e-05      0.00508008839338      0.000125802679317     
1.70838825865         0.00218248137795      4.73872375801e-05     0.00218248137795      4.73872375801e-05     0.00575655134979      0.000135897984978     
1.71696507458         0.00245538732496      5.38641736311e-05     0.00245538732496      5.38641736311e-05     0.00647071337392      0.000145481558051     
1.7255418905          0.00274305431558      6.07808309766e-05     0.00274305431558      6.07808309766e-05     0.00722203910438      0.000154631062167     
1.73411870642         0.00304546484773      6.81437457597e-05     0.00304546484773      6.81437457597e-05     0.00801040439403      0.000162963892906     
1.74269552234         0.00336257820494      7.59587004505e-05     0.00336257820494      7.59587004505e-05     0.00883560774799      0.000170372238658     
1.75127233826         0.00369433813665      8.4230884e-05         0.00369433813665      8.4230884e-05         0.00969738687418      0.000176750590128     
1.75984915419         0.00404067546375      9.29649454447e-05     0.00404067546375      9.29649454447e-05     0.0105954571637       0.0001819960102       
1.76842597011         0.00440150891444      0.000102165009875     0.00440150891444      0.000102165009875     0.0115295517985       0.000186008280201     
1.77700278603         0.00477674529741      0.000111834680007     0.00477674529741      0.000111834680007     0.012499583927        0.000189023521434     
1.78557960195         0.00516627941594      0.000121977031919     0.00516627941594      0.000121977031919     0.0135043665776       0.000191157829104     
1.79415641787         0.00556999393313      0.000132594609581     0.00556999393313      0.000132594609581     0.0145435883732       0.000191913843702     
1.8027332338          0.00598775919447      0.000143689418269     0.00598775919447      0.000143689418269     0.0156168387786       0.000191210088712     
1.81131004972         0.00641943310481      0.000155262919159     0.00641943310481      0.000155262919159     0.0167236347558       0.000188968034453     
1.81988686564         0.00686486103222      0.000167316024515     0.00686486103222      0.000167316024515     0.0178634565759       0.000185112163752     
1.82846368156         0.00732387575566      0.000179849093913     0.00732387575566      0.000179849093913     0.01903575757         0.000179570036762     
1.83704049748         0.00779629745425      0.000192861931518     0.00779629745425      0.000192861931518     0.0202399725797       0.000172272354234     
1.84561731341         0.00828193373494      0.000206353784379     0.00828193373494      0.000206353784379     0.0214755356774       0.000163153018594     
1.85419412933         0.00878057969983      0.000220323341817     0.00878057969983      0.000220323341817     0.0227419618942       0.000152149192357     
1.86277094525         0.00929204737221      0.000234769476723     0.00929204737221      0.000234769476723     0.0240388724719       0.000140014464878     
1.87134776117         0.00981601918365      0.000249687541808     0.00981601918365      0.000249687541808     0.0253641840358       0.000126360686694     
1.87992457709         0.0103523414206       0.000265076781913     0.0103523414206       0.000265076781913     0.0267177410768       0.000110796483996     
1.88850139301         0.0109007311207       0.00028093292698      0.0109007311207       0.00028093292698      0.0280987688707       9.32766780331e-05     
1.89707820894         0.0114609229247       0.000297251901008     0.0114609229247       0.000297251901008     0.0295064981419       7.37598293333e-05     
1.90565502486         0.0120326399787       0.000314029085793     0.0120326399787       0.000314029085793     0.0309401224117       5.2207822421e-05      
1.91423184078         0.0126155941822       0.000331259326396     0.0126155941822       0.000331259326396     0.0323988073218       2.85858879978e-05     
1.9228086567          0.0132094864578       0.000348936937385     0.0132094864578       0.000348936937385     0.033881695263        2.86262059853e-06     
1.93138547262         0.0138140070348       0.000367055709772     0.0138140070348       0.000367055709772     0.0353879089492       -2.49900083595e-05    
1.93996228855         0.0144288357495       0.000385608918618     0.0144288357495       0.000385608918618     0.0369165554233       -5.49966421545e-05    
1.94853910447         0.0150536423598       0.000404589331305     0.0150536423598       0.000404589331305     0.0384667321927       -8.71785349771e-05    
1.95711592039         0.0156880868711       0.000423989216394     0.0156880868711       0.000423989216394     0.0400375399468       -0.000121553552766    
1.96569273631         0.016331819876        0.00044380035311      0.016331819876        0.00044380035311      0.0416281220898       -0.00015813617864     
1.97426955223         0.0169844829238       0.000464014041921     0.0169844829238       0.000464014041921     0.0432380719304       -0.000196776159235    
1.98284636816         0.0176457087762       0.000484621112272     0.0176457087762       0.000484621112272     0.0448652605841       -0.000236133987193    
1.99142318408         0.018315121983        0.000505611939337     0.018315121983        0.000505611939337     0.0465083746066       -0.000277591859485    
2                     0.0189923390493       0.000526976449858     0.0189923390493       0.000526976449858     0.0481666602165       -0.000321148726076    
2.001                 0.0190717881765       0.000529491256686     0.0190717881765       0.000529491256686     0.0483609484059       -0.000326363640368    
2.18280808081         0.0345070610103       0.00104833535173      0.0345070610103       0.00104833535173      0.0851372250443       -0.00170187974708     
2.36461616162         0.0490811882471       0.00159343785505      0.0490811882471       0.00159343785505      0.117831342077        -0.00359850225955     
2.54642424242         0.0589949319373       0.00201596828298      0.0589949319373       0.00201596828298      0.137922060183        -0.00537525042877     
2.72823232323         0.0620248065814       0.00220798992057      0.0620248065814       0.00220798992057      0.141336242059        -0.00650277632642     
2.91004040404         0.0580978009844       0.00213867124164      0.0580978009844       0.00213867124164      0.129177121708        -0.00667895614378     
3.09184848485         0.0490050576844       0.00185521514316      0.0490050576844       0.00185521514316      0.10641961172         -0.006012680532       
3.27365656566         0.0374787572629       0.00145306337502      0.0374787572629       0.00145306337502      0.0795746070747       -0.00481940520059     
3.45546464646         0.0261177951881       0.00103360254192      0.0261177951881       0.00103360254192      0.054272230517        -0.00346767183988     
3.63727272727         0.0166496079811       0.000670806113831     0.0166496079811       0.000670806113831     0.0338892342959       -0.00225992486586     
3.81908080808         0.00974154938367      0.000398720616774     0.00974154938367      0.000398720616774     0.0194387618665       -0.00134212465591     
4.00088888889         0.00524611917656      0.000217751251116     0.00524611917656      0.000217751251116     0.0102709561649       -0.000729563685112    
4.1826969697          0.00260659565336      0.000109556521768     0.00260659565336      0.000109556521768     0.00501084965238      -0.000364294700116    
4.36450505051         0.00119729107675      5.08939229723e-05     0.00119729107675      5.08939229723e-05     0.00226166767126      -0.00016749829629     
4.54631313131         0.000509247232579     2.18693291672e-05     0.000509247232579     2.18693291672e-05     0.000945843219325     -7.10589750181e-05    
4.72812121212         0.000200837538186     8.70553755398e-06     0.000200837538186     8.70553755398e-06     0.000366992004814     -2.78859815654e-05    
4.90992929293         7.35240974057e-05     3.21425503685e-06     7.35240974057e-05     3.21425503685e-06     0.000132254418358     -1.01383212454e-05    
5.09173737374         2.50082282987e-05     1.10187691313e-06     2.50082282987e-05     1.10187691313e-06     4.43063634656e-05     -3.4189826958e-06     
5.27354545455         7.9093398123e-06      3.5101519563e-07      7.9093398123e-06      3.5101519563e-07      1.38085136947e-05     -1.07059439552e-06    
5.45535353535         2.32748305923e-06     1.03985881602e-07     2.32748305923e-06     1.03985881602e-07     4.00613284029e-06     -3.11548074347e-07    
5.63716161616         6.37626012916e-07     2.86647844388e-08     6.37626012916e-07     2.86647844388e-08     1.08251588364e-06     -8.43169859252e-08    
5.81896969697         1.627008837e-07       7.35668588447e-09     1.627008837e-07       7.35668588447e-09     2.72567857819e-07     -2.12357156343e-08    
6.00077777778         3.86849680836e-08     1.75864476509e-09     3.86849680836e-08     1.75864476509e-09     6.39766405713e-08     -4.97983624317e-09    
6.18258585859         8.57402252239e-09     3.91754973546e-10     8.57402252239e-09     3.91754973546e-10     1.40032763728e-08     -1.08783568638e-09    
6.36439393939         1.77198570724e-09     8.13483822236e-11     1.77198570724e-09     8.13483822236e-11     2.85914541414e-09     -2.21370465379e-10    
6.5462020202          3.4158153654e-10      1.57514025083e-11     3.4158153654e-10      1.57514025083e-11     5.44679776769e-10     -4.1989075879e-11     
6.72801010101         6.14383296777e-11     2.84504221158e-12     6.14383296777e-11     2.84504221158e-12     9.68491468e-11        -7.42767517447e-12    
6.90981818182         1.03258221772e-11     4.80061051191e-13     1.03258221772e-11     4.80061051191e-13     1.60962109367e-11     -1.22721312397e-12    
7.09162626263         1.60610185397e-12     7.49504191043e-14     1.60610185397e-12     7.49504191043e-14     2.47652030448e-12     -1.87576547199e-13    
7.27343434343         2.26188340158e-13     1.05928938814e-14     2.26188340158e-13     1.05928938814e-14     3.45088353387e-13     -2.59495206839e-14    
7.45524242424         4.90703244553e-14     2.30583299053e-15     4.90703244553e-14     2.30583299053e-15     7.40945679384e-14     -5.52825846609e-15    
7.63705050505         6.37666068903e-15     3.00603421469e-16     6.37666068903e-15     3.00603421469e-16     9.53189107534e-15     -7.05246147613e-16    
7.81885858586         6.82353953585e-15     3.2265222918e-16      6.82353953585e-15     3.2265222918e-16      1.00999672842e-14     -7.40648771723e-16    
8.00066666667         7.28679860141e-15     3.45560149461e-16     7.28679860141e-15     3.45560149461e-16     1.06825065786e-14     -7.76032210807e-16    
8.18247474747         7.76650003206e-15     3.69331370452e-16     7.76650003206e-15     3.69331370452e-16     1.12793821183e-14     -8.11335950552e-16    
8.36428282828         8.26270297399e-15     3.93969875885e-16     8.26270297399e-15     3.93969875885e-16     1.18904715755e-14     -8.46501301049e-16    
8.54609090909         8.77546378655e-15     4.19479459465e-16     8.77546378655e-15     4.19479459465e-16     1.25156569931e-14     -8.81471340482e-16    
8.7278989899          9.30483623574e-15     4.45863737939e-16     9.30483623574e-15     4.45863737939e-16     1.31548246453e-14     -9.16190858342e-16    
8.90970707071         9.85087167002e-15     4.73126163012e-16     9.85087167002e-15     4.73126163012e-16     1.38078649066e-14     -9.50606298749e-16    
9.09151515152         1.04136191806e-14     5.01270032216e-16     1.04136191806e-14     5.01270032216e-16     1.44746721344e-14     -9.8466570431e-16     
9.27332323232         1.09931257478e-14     5.30298498861e-16     1.09931257478e-14     5.30298498861e-16     1.51551445718e-14     -1.01831866085e-15    
9.45513131313         1.15894363747e-14     5.60214581153e-16     1.15894363747e-14     5.60214581153e-16     1.58491842783e-14     -1.05151624326e-15    
9.63693939394         1.22025942105e-14     5.9102117056e-16      1.22025942105e-14     5.9102117056e-16      1.65566971044e-14     -1.08421096268e-15    
9.81874747475         1.28326406628e-14     6.22721039523e-16     1.28326406628e-14     6.22721039523e-16     1.72775927327e-14     -1.11635671514e-15    
10.0005555556         1.34796155015e-14     6.5531684854e-16      1.34796155015e-14     6.5531684854e-16      1.80117848386e-14     -1.14790873165e-15    
10.1823636364         1.41435569548e-14     6.88811152724e-16     1.41435569548e-14     6.88811152724e-16     1.87591914745e-14     -1.17882353001e-15    
10.3641717172         1.48245017974e-14     7.23206407849e-16     1.48245017974e-14     7.23206407849e-16     1.95197359509e-14     -1.20905886822e-15    
10.545979798          1.55224854322e-14     7.5850497595e-16      1.55224854322e-14     7.5850497595e-16      2.02933490393e-14     -1.23857369941e-15    
10.7277878788         1.62375419662e-14     7.94709130521e-16     1.62375419662e-14     7.94709130521e-16     2.10799760673e-14     -1.26732812863e-15    
10.9095959596         1.69697042807e-14     8.31821061329e-16     1.69697042807e-14     8.31821061329e-16     2.18796320685e-14     -1.29528337103e-15    
11.0914040404         1.77190040963e-14     8.69842878896e-16     1.77190040963e-14     8.69842878896e-16     2.26921569712e-14     -1.32204095261e-15    
11.2732121212         1.8485472034e-14      9.08776618664e-16     1.8485472034e-14      9.08776618664e-16     2.35172500478e-14     -1.34787324217e-15    
11.455020202          1.92691376715e-14     9.48624244883e-16     1.92691376715e-14     9.48624244883e-16     2.43549454666e-14     -1.37275785794e-15    
11.6368282828         2.00700295958e-14     9.89387654229e-16     2.00700295958e-14     9.89387654229e-16     2.52051919289e-14     -1.39665860984e-15    
11.8186363636         2.08881754529e-14     1.03106867919e-15     2.08881754529e-14     1.03106867919e-15     2.60679298478e-14     -1.41954023238e-15    
12.0004444444         2.17236019931e-14     1.07366909122e-15     2.17236019931e-14     1.07366909122e-15     2.69430979562e-14     -1.44136835261e-15    
12.1822525253         2.25763351147e-14     1.11719060373e-15     2.25763351147e-14     1.11719060373e-15     2.78306351571e-14     -1.4621094593e-15     
12.3640606061         2.3446399904e-14      1.16163487482e-15     2.3446399904e-14      1.16163487482e-15     2.87304812144e-14     -1.48173087345e-15    
12.5458686869         2.43338206731e-14     1.20700350989e-15     2.43338206731e-14     1.20700350989e-15     2.96425770454e-14     -1.50020071992e-15    
12.7276767677         2.52386209957e-14     1.25329806412e-15     2.52386209957e-14     1.25329806412e-15     3.05668648476e-14     -1.51748790027e-15    
12.9094848485         2.61608237399e-14     1.30052004471e-15     2.61608237399e-14     1.30052004471e-15     3.15032881484e-14     -1.53356206665e-15    
13.0912929293         2.71004511003e-14     1.34867091309e-15     2.71004511003e-14     1.34867091309e-15     3.24517918141e-14     -1.54839359679e-15    
13.2731010101         2.80575246271e-14     1.39775208689e-15     2.80575246271e-14     1.39775208689e-15     3.34123220383e-14     -1.56195356998e-15    
13.4549090909         2.90320652537e-14     1.44776494193e-15     2.90320652537e-14     1.44776494193e-15     3.43848263191e-14     -1.574213744e-15      
13.6367171717         3.00240933237e-14     1.49871081396e-15     3.00240933237e-14     1.49871081396e-15     3.53692534284e-14     -1.58514653302e-15    
13.8185252525         3.10336286149e-14     1.55059100039e-15     3.10336286149e-14     1.55059100039e-15     3.6365553379e-14      -1.59472498635e-15    
14.0003333333         3.20606903633e-14     1.60340676191e-15     3.20606903633e-14     1.60340676191e-15     3.73736773895e-14     -1.60292276807e-15    
14.1821414141         3.31052972847e-14     1.65715932399e-15     3.31052972847e-14     1.65715932399e-15     3.83935778482e-14     -1.60971413742e-15    
14.3639494949         3.41674675963e-14     1.71184987834e-15     3.41674675963e-14     1.71184987834e-15     3.94252082776e-14     -1.61507393001e-15    
14.5457575758         3.52472190358e-14     1.76747958423e-15     3.52472190358e-14     1.76747958423e-15     4.04685232993e-14     -1.61897753973e-15    
14.7275656566         3.63445688807e-14     1.82404956985e-15     3.63445688807e-14     1.82404956985e-15     4.15234785997e-14     -1.62140090142e-15    
14.9093737374         3.74595339659e-14     1.88156093345e-15     3.74595339659e-14     1.88156093345e-15     4.25900308959e-14     -1.62232047417e-15    
15.0911818182         3.85921307007e-14     1.9400147446e-15      3.85921307007e-14     1.9400147446e-15      4.36681379038e-14     -1.62171322526e-15    
15.272989899          3.97423750847e-14     1.99941204517e-15     3.97423750847e-14     1.99941204517e-15     4.47577583065e-14     -1.61955661474e-15    
15.4547979798         4.09102827233e-14     2.0597538505e-15      4.09102827233e-14     2.0597538505e-15      4.58588517238e-14     -1.61582858063e-15    
15.6366060606         4.20958688419e-14     2.1210411503e-15      4.20958688419e-14     2.1210411503e-15      4.6971378683e-14      -1.61050752458e-15    
15.8184141414         4.32991483e-14        2.18327490964e-15     4.32991483e-14        2.18327490964e-15     4.80953005909e-14     -1.6035722982e-15     
16.0002222222         4.45201356042e-14     2.24645606985e-15     4.45201356042e-14     2.24645606985e-15     4.92305797066e-14     -1.59500218978e-15    
16.182030303          4.57588449206e-14     2.31058554938e-15     4.57588449206e-14     2.31058554938e-15     5.0377179115e-14      -1.5847769116e-15     
16.3638383838         4.70152900869e-14     2.37566424457e-15     4.70152900869e-14     2.37566424457e-15     5.15350627023e-14     -1.57287658768e-15    
16.5456464646         4.82894846237e-14     2.44169303051e-15     4.82894846237e-14     2.44169303051e-15     5.27041951316e-14     -1.55928174191e-15    
16.7274545455         4.95814417454e-14     2.50867276171e-15     4.95814417454e-14     2.50867276171e-15     5.38845418196e-14     -1.54397328674e-15    
16.9092626263         5.08911743705e-14     2.57660427284e-15     5.08911743705e-14     2.57660427284e-15     5.50760689143e-14     -1.52693251218e-15    
17.0910707071         5.22186951316e-14     2.64548837941e-15     5.22186951316e-14     2.64548837941e-15     5.62787432736e-14     -1.50814107524e-15    
17.2728787879         5.35640163845e-14     2.7153258784e-15      5.35640163845e-14     2.7153258784e-15      5.74925324447e-14     -1.4875809897e-15     
17.4546868687         5.49271502179e-14     2.78611754891e-15     5.49271502179e-14     2.78611754891e-15     5.87174046443e-14     -1.46523461634e-15    
17.6364949495         5.63081084615e-14     2.85786415271e-15     5.63081084615e-14     2.85786415271e-15     5.99533287393e-14     -1.44108465341e-15    
17.8183030303         5.77069026944e-14     2.93056643483e-15     5.77069026944e-14     2.93056643483e-15     6.12002742285e-14     -1.41511412748e-15    
18.0001111111         5.91235442532e-14     3.0042251241e-15      5.91235442532e-14     3.0042251241e-15      6.24582112254e-14     -1.3873063846e-15     
18.1819191919         6.05580442396e-14     3.07884093365e-15     6.05580442396e-14     3.07884093365e-15     6.37271104404e-14     -1.3576450818e-15     
18.3637272727         6.20104135273e-14     3.15441456143e-15     6.20104135273e-14     3.15441456143e-15     6.50069431655e-14     -1.3261141788e-15     
18.5455353535         6.34806627696e-14     3.23094669068e-15     6.34806627696e-14     3.23094669068e-15     6.62976812575e-14     -1.2926979301e-15     
18.7273434343         6.49688024055e-14     3.30843799039e-15     6.49688024055e-14     3.30843799039e-15     6.7599297124e-14      -1.25738087723e-15    
18.9091515152         6.64748426666e-14     3.38688911571e-15     6.64748426666e-14     3.38688911571e-15     6.89117637081e-14     -1.22014784138e-15    
19.090959596          6.79987935829e-14     3.4663007084e-15      6.79987935829e-14     3.4663007084e-15      7.02350544746e-14     -1.18098391619e-15    
19.2727676768         6.95406649891e-14     3.54667339723e-15     6.95406649891e-14     3.54667339723e-15     7.15691433969e-14     -1.13987446075e-15    
19.4545757576         7.11004665299e-14     3.62800779835e-15     7.11004665299e-14     3.62800779835e-15     7.29140049438e-14     -1.09680509298e-15    
19.6363838384         7.2678207666e-14      3.71030451569e-15     7.2678207666e-14      3.71030451569e-15     7.42696140674e-14     -1.05176168303e-15    
19.8181919192         7.42738976787e-14     3.79356414129e-15     7.42738976787e-14     3.79356414129e-15     7.56359461906e-14     -1.00473034705e-15    
20                    0                     0                     0                     0                     0                     0                     
