0.0779191396          0                     0                     0                     0                     0                     0                     
0.087577837391        0.0213854845841       0.00181653704833      0.0213854845841       0.00181653704833      0.0241698554213       0.00112936567038      
0.0972365351819       0.128689827428        0.00804225922044      0.128689827428        0.00804225922044      0.143681141103        0.00476674622916      
0.106895232973        0.3348175104          0.015276634136        0.3348175104          0.015276634136        0.370034169419        0.0084704239433       
0.116553930764        0.625302623599        0.0194876160457       0.625302623599        0.0194876160457       0.684746679611        0.009519893916        
0.126212628555        0.980122284633        0.0173801900989       0.980122284633        0.0173801900989       1.06426306906         0.00571567306231      
0.135871326346        1.38091049213         0.00675374519         1.38091049213         0.00675374519         1.48768992803         -0.00439381516022     
0.145530024137        1.81210540023         -0.0142101203149      1.81210540023         -0.0142101203149      1.93798694182         -0.022028014125       
0.155188721928        2.2616002377          -0.0461965380029      2.2616002377          -0.0461965380029      2.4022411954          -0.047610269074       
0.164847419719        2.72081727247         -0.0899522098678      2.72081727247         -0.0899522098678      2.87138765473         -0.0816634082417      
0.17450611751         3.18225382376         -0.146749491061       3.18225382376         -0.146749491061       3.33802531868         -0.125094720443       
0.184164815301        3.64095364123         -0.217370537046       3.64095364123         -0.217370537046       3.79734660861         -0.178452921946       
0.193823513091        4.09164798198         -0.303323910144       4.09164798198         -0.303323910144       4.24475828532         -0.242839486494       
0.203482210882        4.52920734159         -0.404708445609       4.52920734159         -0.404708445609       4.67614549378         -0.318331813145       
0.213140908673        4.94960370575         -0.522404127446       4.94960370575         -0.522404127446       5.08841495655         -0.405591039206       
0.222799606464        5.34713280709         -0.654757741646       5.34713280709         -0.654757741646       5.47744771883         -0.503427620644       
0.232458304255        5.71795930383         -0.798040054453       5.71795930383         -0.798040054453       5.84053645353         -0.609134595692       
0.242117002046        6.06032056323         -0.94755006042        6.06032056323         -0.94755006042        6.1765639601          -0.719300015725       
0.251775699837        6.37490674096         -1.09963298246        6.37490674096         -1.09963298246        6.48633607763         -0.831298896508       
0.261434397628        6.66338857712         -1.25041173268        6.66338857712         -1.25041173268        6.77125652075         -0.942273675217       
0.271093095419        6.92792807148         -1.39900761025        6.92792807148         -1.39900761025        7.03321387265         -1.05159401229        
0.28075179321         7.17005347867         -1.54342691206        7.17005347867         -1.54342691206        7.27364372299         -1.15781265532        
0.290410491001        7.39237848172         -1.6824609247         7.39237848172         -1.6824609247         7.49470394973         -1.26004093673        
0.300069188792        7.59708332213         -1.81603241917        7.59708332213         -1.81603241917        7.69825638445         -1.35822792517        
0.309727886583        7.78607379587         -1.94489459881        7.78607379587         -1.94489459881        7.88598963486         -1.45292728161        
0.319386584374        7.9599152653          -2.06966377971        7.9599152653          -2.06966377971        8.05855179246         -1.54458903184        
0.329045282165        8.11897415307         -2.19048482335        8.11897415307         -2.19048482335        8.21650061012         -1.63332750989        
0.338703979956        8.26340144227         -2.3066548347         8.26340144227         -2.3066548347         8.36013646976         -1.71863021744        
0.348362677747        8.3941221965          -2.4173314028         8.3941221965          -2.4173314028         8.49038652775         -1.79989167219        
0.358021375538        8.5121581065          -2.52166831659        8.5121581065          -2.52166831659        8.60814888473         -1.87649153134        
0.367680073329        8.6195738385          -2.61936321975        8.6195738385          -2.61936321975        8.71520441101         -1.94821368794        
0.37733877112         8.71778851322         -2.71049074667        8.71778851322         -2.71049074667        8.81270604907         -2.0151127029         
0.386997468911        8.80830646148         -2.79567000165        8.80830646148         -2.79567000165        8.90196988679         -2.07764617575        
0.396656166702        8.89169766171         -2.87426342287        8.89169766171         -2.87426342287        8.9834836583          -2.13531309935        
0.406314864492        8.97035029589         -2.94936148073        8.97035029589         -2.94936148073        9.05926525505         -2.19041724732        
0.415973562283        9.04399612507         -3.02137885667        9.04399612507         -3.02137885667        9.12922255206         -2.24324547307        
0.425632260074        9.11213504872         -3.09091597691        9.11213504872         -3.09091597691        9.19306964695         -2.2942318878         
0.435290957865        9.17634140829         -3.15865874628        9.17634140829         -3.15865874628        9.25216699448         -2.34386892953        
0.444949655656        9.23252088691         -3.22469519403        9.23252088691         -3.22469519403        9.30353210692         -2.39226790965        
0.454608353447        9.28481661433         -3.28952206777        9.28481661433         -3.28952206777        9.35043684251         -2.43974817108        
0.464267051238        9.33003701077         -3.35212228434        9.33003701077         -3.35212228434        9.39051076108         -2.48558184088        
0.473925749029        9.36999976175         -3.4132528033         9.36999976175         -3.4132528033         9.42528672035         -2.53032811638        
0.48358444682         9.40415689616         -3.47235815462        9.40415689616         -3.47235815462        9.45442748286         -2.57358036764        
0.493243144611        9.43234134223         -3.52908429976        9.43234134223         -3.52908429976        9.47780573392         -2.61508358104        
0.502901842402        9.45499611987         -3.58325768538        9.45499611987         -3.58325768538        9.49591300978         -2.65471090652        
0.512560540193        9.47294067843         -3.63470440446        9.47294067843         -3.63470440446        9.50945202326         -2.69233838188        
0.522219237984        9.48541379878         -3.68299216108        9.48541379878         -3.68299216108        9.51773203909         -2.72765357215        
0.531877935775        9.49420771591         -3.72828621549        9.49420771591         -3.72828621549        9.52250029016         -2.76078184461        
0.541536633566        9.49857282711         -3.77019056269        9.49857282711         -3.77019056269        9.52291818683         -2.79140338203        
0.551195331357        9.49971582565         -3.80891014876        9.49971582565         -3.80891014876        9.52007411375         -2.81971438           
0.560854029148        9.4976734261          -3.84463710819        9.4976734261          -3.84463710819        9.51401666671         -2.84583400809        
0.570512726939        9.49255079789         -3.87716697137        9.49255079789         -3.87716697137        9.50479841074         -2.8696098419         
0.58017142473         9.48550057427         -3.90687380635        9.48550057427         -3.90687380635        9.49350409697         -2.89132077263        
0.589830122521        9.47590442023         -3.93364627419        9.47590442023         -3.93364627419        9.47953345022         -2.91087681853        
0.599488820312        9.46470896702         -3.95779080193        9.46470896702         -3.95779080193        9.46371523726         -2.9285049574         
0.609147518103        9.45229722279         -3.97960661213        9.45229722279         -3.97960661213        9.44643384291         -2.94442413661        
0.618806215893        9.43775433005         -3.99888753001        9.43775433005         -3.99888753001        9.42676812885         -2.95848130393        
0.628464913684        9.42239466819         -4.01633150659        9.42239466819         -4.01633150659        9.40604278222         -2.9711934039         
0.638123611475        9.40665781417         -4.03183470539        9.40665781417         -4.03183470539        9.38448098739         -2.98247233542        
0.647782309266        9.3893453818          -4.04593798417        9.3893453818          -4.04593798417        9.36120983504         -2.99272273103        
0.657441007057        9.37127938503         -4.05851020686        9.37127938503         -4.05851020686        9.33691024397         -3.00184318522        
0.667099704848        9.35272113142         -4.06996714751        9.35272113142         -4.06996714751        9.31181711163         -3.01014416662        
0.676758402639        9.33320734443         -4.08027788448        9.33320734443         -4.08027788448        9.28554352605         -3.01759627255        
0.68641710043         9.31289379465         -4.08968962573        9.31289379465         -4.08968962573        9.258267575           -3.02438344377        
0.696075798221        9.2915798965          -4.09817309607        9.2915798965          -4.09817309607        9.22982723565         -3.03048462781        
0.705734496012        9.26993224395         -4.10624465706        9.26993224395         -4.10624465706        9.20085003441         -3.03627772691        
0.715393193803        9.24721578605         -4.11365662119        9.24721578605         -4.11365662119        9.17068710868         -3.04158274719        
0.725051891594        9.22361477558         -4.12055333833        9.22361477558         -4.12055333833        9.13953678389         -3.04650365811        
0.734710589385        9.1990831246          -4.1270392095         9.1990831246          -4.1270392095         9.10738749858         -3.0511183581         
0.744369287176        9.17370686223         -4.13321847613        9.17370686223         -4.13321847613        9.07435033906         -3.0555015946         
0.754027984967        9.14718798553         -4.13899387931        9.14718798553         -4.13899387931        9.04016138415         -3.05958285676        
0.763686682758        9.11957625165         -4.14444779727        9.11957625165         -4.14444779727        9.00487761932         -3.06342317951        
0.773345380549        9.0912199373          -4.14967543874        9.0912199373          -4.14967543874        8.96884871021         -3.06709416171        
0.78300407834         9.06119977656         -4.15457550686        9.06119977656         -4.15457550686        8.93130179881         -3.07052117293        
0.792662776131        9.03000268298         -4.15901336952        9.03000268298         -4.15901336952        8.89259476281         -3.07360562229        
0.802321473922        8.99730493803         -4.16296739751        8.99730493803         -4.16296739751        8.85268723122         -3.07632833788        
0.811980171713        8.96359549101         -4.16631671155        8.96359549101         -4.16631671155        8.81176856791         -3.07859417872        
0.821638869504        8.92861641332         -4.16924581646        8.92861641332         -4.16924581646        8.7697092699          -3.08055538525        
0.831297567294        8.89254939588         -4.17188402397        8.89254939588         -4.17188402397        8.72664855028         -3.08230217855        
0.840956265085        8.85540338769         -4.17431897014        8.85540338769         -4.17431897014        8.68264918745         -3.08390016879        
0.850614962876        8.81642576549         -4.17613084723        8.81642576549         -4.17613084723        8.63699728491         -3.08504024289        
0.860273660667        8.77650883604         -4.17763987872        8.77650883604         -4.17763987872        8.59056523981         -3.08595642219        
0.869932358458        8.7349770627          -4.17851210385        8.7349770627          -4.17851210385        8.54270405201         -3.08639946483        
0.879591056249        8.69208731699         -4.17883703617        8.69208731699         -4.17883703617        8.49368913308         -3.08644045           
0.88924975404         8.64762904921         -4.17850211348        8.64762904921         -4.17850211348        8.44333060977         -3.08599553727        
0.898908451831        8.60182275015         -4.17753094187        8.60182275015         -4.17753094187        8.39181646319         -3.08508216617        
0.908567149622        8.55424600968         -4.17570424783        8.55424600968         -4.17570424783        8.33875395751         -3.08354053062        
0.918225847413        8.50510278693         -4.17305502052        8.50510278693         -4.17305502052        8.28436972559         -3.08139373991        
0.927884545204        8.45425608775         -4.16948344624        8.45425608775         -4.16948344624        8.22848072307         -3.07857021309        
0.937543242995        8.40140515949         -4.16478157374        8.40140515949         -4.16478157374        8.17083839192         -3.07491502547        
0.947201940786        8.34686748066         -4.15907180751        8.34686748066         -4.15907180751        8.11174502396         -3.07051913504        
0.956860638577        8.28972262957         -4.1518324192         8.28972262957         -4.1518324192         8.05029953558         -3.06499832573        
0.966519336368        8.22979687646         -4.14292792701        8.22979687646         -4.14292792701        7.98631622357         -3.05825227393        
0.976178034159        8.1648005056          -4.1311293252         8.1648005056          -4.1311293252         7.91760377013         -3.04937400106        
0.98583673195         8.08046382241         -4.10913852912        8.08046382241         -4.10913852912        7.83033205264         -3.03297869479        
0.995495429741        7.98550231704         -4.08116579911        7.98550231704         -4.08116579911        7.73295916238         -3.01217388443        
1.00515412753         7.89231963574         -4.0537020022         7.89231963574         -4.0537020022         7.63754006234         -2.99174926668        
1.01481282532         7.80117261259         -4.02656241501        7.80117261259         -4.02656241501        7.544253932           -2.97157320069        
1.02447152311         7.71125650929         -3.99928011583        7.71125650929         -3.99928011583        7.45233118164         -2.95129566034        
1.0341302209          7.62230594671         -3.97211114986        7.62230594671         -3.97211114986        7.36155070734         -2.93110957499        
1.0437889187          7.53489609223         -3.94501966613        7.53489609223         -3.94501966613        7.27240710858         -2.91098609259        
1.05344761649         7.44785853826         -3.9174697034         7.44785853826         -3.9174697034         7.18378379493         -2.89053032129        
1.06310631428         7.36202902059         -3.88991033748        7.36202902059         -3.88991033748        7.0964687276          -2.87007190261        
1.07276501207         7.27683722879         -3.86207887129        7.27683722879         -3.86207887129        7.00992693113         -2.8494221551         
1.08242370986         7.19303480419         -3.83423263443        7.19303480419         -3.83423263443        6.92479645513         -2.82876930274        
1.09208240765         7.11010515834         -3.80614391112        7.11010515834         -3.80614391112        6.84065944426         -2.80794104672        
1.10174110544         7.02762470255         -3.77757671961        7.02762470255         -3.77757671961        6.75707141696         -2.78675329566        
1.11139980323         6.9464915358          -3.74920592103        6.9464915358          -3.74920592103        6.67486682107         -2.76573307562        
1.12105850102         6.86626863019         -3.7207373726         6.86626863019         -3.7207373726         6.5936433467          -2.74464598139        
1.13071719881         6.78705846286         -3.692126663          6.78705846286         -3.692126663          6.51347712153         -2.72345540959        
1.14037589661         6.70850696499         -3.66333730123        6.70850696499         -3.66333730123        6.43405924822         -2.70213888326        
1.1500345944          6.63109190105         -3.63455263215        6.63109190105         -3.63455263215        6.35581425859         -2.68083114528        
1.15969329219         6.55465566342         -3.60566408234        6.55465566342         -3.60566408234        6.2785917281          -2.65944887707        
1.16935198998         6.47925406003         -3.5767455126         6.47925406003         -3.5767455126         6.20241753765         -2.63804769321        
1.17901068777         6.40476613664         -3.54775815854        6.40476613664         -3.54775815854        6.12720832007         -2.61659897304        
1.18866938556         6.33075233502         -3.518459361          6.33075233502         -3.518459361          6.05251727106         -2.59492379953        
1.19832808335         6.25893050034         -3.48982284794        6.25893050034         -3.48982284794        5.97998875739         -2.57373874777        
1.20798678114         6.18722466896         -3.46071722023        6.18722466896         -3.46071722023        5.90763016207         -2.55221028262        
1.21764547893         6.11687892921         -3.43187478239        6.11687892921         -3.43187478239        5.83662788825         -2.53087723595        
1.22730417672         6.04732962367         -3.40297211042        6.04732962367         -3.40297211042        5.76644644781         -2.50950231713        
1.23696287451         5.97931570135         -3.37448153228        5.97931570135         -3.37448153228        5.69778699329         -2.4884337545         
1.24662157231         5.91138586233         -3.3455769997         5.91138586233         -3.3455769997         5.62924979519         -2.46706081295        
1.2562802701          5.84491511587         -3.31703515248        5.84491511587         -3.31703515248        5.56215646609         -2.44595725751        
1.26593896789         5.77921573958         -3.28864085098        5.77921573958         -3.28864085098        5.49587061881         -2.42496238833        
1.27559766568         5.71461572572         -3.26058067776        5.71461572572         -3.26058067776        5.43069104704         -2.40421704321        
1.28525636347         5.65174876563         -3.23253390528        5.65174876563         -3.23253390528        5.3670855932          -2.38348057881        
1.29491506126         5.58907395028         -3.2046498233         5.58907395028         -3.2046498233         5.30380372839         -2.36286626979        
1.30457375905         5.52715785847         -3.1769137934         5.52715785847         -3.1769137934         5.24128864278         -2.34236089438        
1.31423245684         5.46645846673         -3.14955431891        5.46645846673         -3.14955431891        5.17997240218         -2.32213311554        
1.32389115463         5.40680587273         -3.12250908096        5.40680587273         -3.12250908096        5.11967889847         -2.30213623997        
1.33354985242         5.34785967143         -3.09563580736        5.34785967143         -3.09563580736        5.0601321729          -2.28226885722        
1.34320855022         5.28991140481         -3.06908180842        5.28991140481         -3.06908180842        5.00156683484         -2.26263476581        
1.35286724801         5.23247615612         -3.04264299855        5.23247615612         -3.04264299855        4.94354904141         -2.24308683263        
1.3625259458          5.17640075129         -3.01673252088        5.17640075129         -3.01673252088        4.88685021086         -2.22392815112        
1.37218464359         5.12090336531         -2.99103514295        5.12090336531         -2.99103514295        4.83075940329         -2.20492585198        
1.38184334138         5.06616735049         -2.9656272817         5.06616735049         -2.9656272817         4.77544314555         -2.18613710643        
1.39150203917         5.01213603299         -2.94045310325        5.01213603299         -2.94045310325        4.7208807169          -2.16752155034        
1.40116073696         4.95919527222         -2.91583951181        4.95919527222         -2.91583951181        4.66734764964         -2.14931710203        
1.41081943475         4.9067625805          -2.8914274968         4.9067625805          -2.8914274968         4.61439031718         -2.13126051248        
1.42047813254         4.85522429112         -2.86738929238        4.85522429112         -2.86738929238        4.56230654859         -2.11348029282        
1.43013683033         4.80438741324         -2.84370537737        4.80438741324         -2.84370537737        4.51095462636         -2.09595981333        
1.43979552812         4.75430731096         -2.82041001777        4.75430731096         -2.82041001777        4.46038250241         -2.07872550346        
1.44945422592         4.70479968888         -2.79740038747        4.70479968888         -2.79740038747        4.41041237293         -2.06170175918        
1.45911292371         4.65598647059         -2.77475971739        4.65598647059         -2.77475971739        4.36116291574         -2.04494979326        
1.4687716215          4.60788348967         -2.75251562805        4.60788348967         -2.75251562805        4.31264475773         -2.02848947136        
1.47843031929         4.56000947021         -2.73101365692        4.56000947021         -2.73101365692        4.26447571914         -2.01259558816        
1.48808901708         4.51331264186         -2.70895575106        4.51331264186         -2.70895575106        4.21735429192         -1.99625432111        
1.49774771487         4.46699411105         -2.68773938975        4.46699411105         -2.68773938975        4.17072448957         -1.98055298261        
1.50740641266         4.42088953847         -2.66651146698        4.42088953847         -2.66651146698        4.12441643267         -1.96483884043        
1.51706511045         4.37542329696         -2.64557303641        4.37542329696         -2.64557303641        4.07875766456         -1.94933670196        
1.52672380824         4.33076669292         -2.6250950406         4.33076669292         -2.6250950406         4.03390465098         -1.93417404695        
1.53638250603         4.28666251431         -2.6049559479         4.28666251431         -2.6049559479         3.98962844722         -1.91926256318        
1.54604120383         4.24326517913         -2.58527664564        4.24326517913         -2.58527664564        3.94608174516         -1.90469124702        
1.55569990162         4.20032734317         -2.56594633269        4.20032734317         -2.56594633269        3.90303594414         -1.89037891117        
1.56535859941         4.15787773956         -2.54691365851        4.15787773956         -2.54691365851        3.86051857328         -1.87628287967        
1.5750172972          4.11582157234         -2.52806083177        4.11582157234         -2.52806083177        3.81842687107         -1.86232166384        
1.58467599499         4.07418295893         -2.50938420612        4.07418295893         -2.50938420612        3.77684598069         -1.84849216429        
1.59433469278         4.03337101645         -2.49152357044        4.03337101645         -2.49152357044        3.73603013784         -1.83525598319        
1.60399339057         3.9932197031          -2.47393170875        3.9932197031          -2.47393170875        3.69594871536         -1.82222350817        
1.61365208836         3.95323820591         -2.4564941224         3.95323820591         -2.4564941224         3.65609870038         -1.80930667361        
1.62331078615         3.91391138211         -2.43946053831        3.91391138211         -2.43946053831        3.61692974944         -1.79668771272        
1.63296948394         3.87502030421         -2.42262298295        3.87502030421         -2.42262298295        3.57823165986         -1.78420597425        
1.64262818173         3.83667141574         -2.40624932657        3.83667141574         -2.40624932657        3.54011572099         -1.77207611498        
1.65228687953         3.79905722795         -2.39038263317        3.79905722795         -2.39038263317        3.5027528118          -1.76032013067        
1.66194557732         3.76208164774         -2.37496350344        3.76208164774         -2.37496350344        3.46605749469         -1.74889390129        
1.67160427511         3.72589044924         -2.3600456238         3.72589044924         -2.3600456238         3.4301632457          -1.7378380014         
1.6812629729          3.69062932361         -2.34575661145        3.69062932361         -2.34575661145        3.39520668944         -1.72724628884        
1.69092167069         3.66056995136         -2.33477550946        3.66056995136         -2.33477550946        3.36509790763         -1.71908978444        
1.70058036848         3.65848046754         -2.34175995872        3.65848046754         -2.34175995872        3.36076429473         -1.72416103491        
1.71023906627         3.65330664481         -2.34686995812        3.65330664481         -2.34686995812        3.353621105           -1.72785136106        
1.71989776406         3.64591032031         -2.35068481115        3.64591032031         -2.35068481115        3.34448094062         -1.73058776672        
1.72955646185         3.6367343636          -2.35345986972        3.6367343636          -2.35345986972        3.33374776705         -1.73255869001        
1.73921515964         3.62597924388         -2.35530117275        3.62597924388         -2.35530117275        3.32160960778         -1.73384134852        
1.74887385744         3.61376828082         -2.35627525805        3.61376828082         -2.35627525805        3.30818394705         -1.73448546549        
1.75853255523         3.60019889898         -2.35642706677        3.60019889898         -2.35642706677        3.29356080516         -1.73452413052        
1.76819125302         3.58536183326         -2.35579362151        3.58536183326         -2.35579362151        3.27782543091         -1.73398504826        
1.77784995081         3.56932687863         -2.35440562685        3.56932687863         -2.35440562685        3.26103899879         -1.73289049355        
1.7875086486          3.55212599398         -2.35227119595        3.55212599398         -2.35227119595        3.24323881199         -1.73124752715        
1.79716734639         3.53380649783         -2.34940785769        3.53380649783         -2.34940785769        3.22446734027         -1.72906827565        
1.80682604418         3.5144154233          -2.34581374098        3.5144154233          -2.34581374098        3.20476894297         -1.72635121701        
1.81648474197         3.49401934141         -2.34153684153        3.49401934141         -2.34153684153        3.18420189619         -1.72313216368        
1.82614343976         3.47262021408         -2.33654063274        3.47262021408         -2.33654063274        3.16277427754         -1.71938457536        
1.83580213755         3.45032445936         -2.33086534439        3.45032445936         -2.33086534439        3.14057475494         -1.71513866043        
1.84546083534         3.42708738003         -2.32453396457        3.42708738003         -2.32453396457        3.11757386569         -1.71040876469        
1.85511953314         3.4029294613          -2.31749644113        3.4029294613          -2.31749644113        3.09379126673         -1.70516209795        
1.86477823093         3.37872501735         -2.31036025087        3.37872501735         -2.31036025087        3.06988946696         -1.69983161078        
1.87443692872         3.35244845725         -2.30145601556        3.35244845725         -2.30145601556        3.04436759795         -1.69322491188        
1.88409562651         3.32591758843         -2.29247530414        3.32591758843         -2.29247530414        3.01857821915         -1.6865527222         
1.8937543243          3.29877881255         -2.28291347503        3.29877881255         -2.28291347503        2.99226435671         -1.67945078099        
1.90341302209         3.2709888064          -2.27268477492        3.2709888064          -2.27268477492        2.96540214328         -1.67186039234        
1.91307171988         3.24250488706         -2.26187160066        3.24250488706         -2.26187160066        2.9379640587          -1.663841984          
1.92273041767         3.21341034029         -2.25046229493        3.21341034029         -2.25046229493        2.91001709467         -1.65538593604        
1.93238911546         3.18375381583         -2.23844400133        3.18375381583         -2.23844400133        2.88160133483         -1.64648275544        
1.94204781325         3.15356267743         -2.22588632085        3.15356267743         -2.22588632085        2.85274404361         -1.63718380208        
1.95170651105         3.12292105156         -2.21276562197        3.12292105156         -2.21276562197        2.82351240102         -1.62747233657        
1.96136520884         3.09170425332         -2.19906404626        3.09170425332         -2.19906404626        2.79381170412         -1.61733485728        
1.97102390663         3.06009529192         -2.18486022928        3.06009529192         -2.18486022928        2.76378959534         -1.60682903719        
1.98068260442         3.0281023837          -2.17014168884        3.0281023837          -2.17014168884        2.73345587203         -1.59594599298        
1.99034130221         2.99574040135         -2.15492549975        2.99574040135         -2.15492549975        2.70282420894         -1.58469828682        
2                     2.96301548972         -2.13923733618        2.96301548972         -2.13923733618        2.67190248539         -1.57310487916        
2.001                 2.95962668382         -2.13758166549        2.95962668382         -2.13758166549        2.66870008016         -1.57188090365        
2.20423625233         2.23884928738         -1.72868070023        2.23884928738         -1.72868070023        1.99575771498         -1.27026738679        
2.40747250465         1.5600115469          -1.28166074644        1.5600115469          -1.28166074644        1.37283861277         -0.940948451485       
2.61070875698         0.986729958256        -0.883400181814       0.986729958256        -0.883400181814       0.85864113053         -0.647893835338       
2.81394500931         0.560216324455        -0.55231600744        0.560216324455        -0.55231600744        0.483422576669        -0.404672476951       
3.01718126163         0.289822956131        -0.31261690654        0.289822956131        -0.31261690654        0.247925837749        -0.22881822854        
3.22041751396         0.134287972088        -0.162043892863       0.134287972088        -0.162043892863       0.114056250216        -0.118486533634       
3.42365376629         0.0548447392979       -0.0753724568374      0.0548447392979       -0.0753724568374      0.0463818757255       -0.0550630381108      
3.62689001861         0.0197703536249       -0.0315790583504      0.0197703536249       -0.0315790583504      0.0166765997837       -0.0230519315439      
3.83012627094         0.00608380267883      -0.0117840964291      0.00608380267883      -0.0117840964291      0.00514515547957      -0.00859694268276     
4.03336252327         0.00154258463464      -0.00389403775948     0.00154258463464      -0.00389403775948     0.00131994480251      -0.00283963426408     
4.23659877559         0.000291141611138     -0.00111812750042     0.000291141611138     -0.00111812750042     0.000258651514999     -0.000815160935276    
4.43983502792         2.58903979798e-05     -0.00026979932418     2.58903979798e-05     -0.00026979932418     2.81087298269e-05     -0.000196685694149    
4.64307128025         -6.43612862117e-06    -5.06213969755e-05    -6.43612862117e-06    -5.06213969755e-05    -3.24673339868e-06    -3.69131909735e-05    
4.84630753257         -3.01542119931e-06    -5.71455153384e-06    -3.01542119931e-06    -5.71455153384e-06    -2.0498055234e-06     -4.17083321054e-06    
5.0495437849          -1.37277516026e-07    -5.35128014476e-08    -1.37277516026e-07    -5.35128014476e-08    -9.67532646156e-08    -3.9199137638e-08     
5.0505437849          -1.32683488936e-07    -5.10575738482e-08    -1.32683488936e-07    -5.10575738482e-08    -9.35132779911e-08    -3.74008667172e-08    
5.0675437849          -6.81822201666e-08    -1.97934067471e-08    -6.81822201666e-08    -1.97934067471e-08    -4.8024273967e-08     -1.44909498718e-08    
5.0845437849          -2.65305624153e-08    -3.02886934042e-09    -2.65305624153e-08    -3.02886934042e-09    -1.86664460147e-08    -2.19193489321e-09    
5.1015437849          -3.9496357914e-09     5.04585489382e-09     -3.9496357914e-09     5.04585489382e-09     -2.76847323098e-09    3.74081273124e-09     
5.1185437849          2.60559517374e-10     1.2263509919e-08      2.60559517374e-10     1.2263509919e-08      1.96998679122e-10     8.91622706964e-09     
5.1355437849          4.46308542025e-10     2.53687937488e-08     4.46308542025e-10     2.53687937488e-08     3.3391219994e-10      1.81180939155e-08     
5.1525437849          5.74684943738e-10     3.75898937397e-08     5.74684943738e-10     3.75898937397e-08     4.28255767497e-10     2.66257797338e-08     
5.1695437849          6.49776818392e-10     4.75681173085e-08     6.49776818392e-10     4.75681173085e-08     4.83194614176e-10     3.35153091652e-08     
5.1705437849          6.52767173195e-10     4.80778288151e-08     6.52767173195e-10     4.80778288151e-08     4.85372490754e-10     3.38655001059e-08     
5.34921193207         3.03543736046e-10     5.0768243952e-08      3.03543736046e-10     5.0768243952e-08      2.24439828268e-10     3.4824270945e-08      
5.52788007924         4.26140238058e-11     1.85260710457e-08     4.26140238058e-11     1.85260710457e-08     3.14211838947e-11     1.24902266546e-08     
5.70654822641         -1.23531563282e-12    4.73911221053e-09     -1.23531563282e-12    4.73911221053e-09     -9.34431988098e-13    3.14805396709e-09     
5.88521637358         -2.10351805728e-12    9.36032821617e-10     -2.10351805728e-12    9.36032821617e-10     -1.55801455278e-12    6.13454855511e-10     
6.06388452075         -5.40453305484e-13    1.39467980809e-10     -5.40453305484e-13    1.39467980809e-10     -3.99732276128e-13    9.02649088309e-11     
6.24255266792         -6.86207576199e-14    1.30592680748e-11     -6.86207576199e-14    1.30592680748e-11     -5.07221976051e-14    8.35278629706e-12     
6.42122081509         -9.22857730525e-16    1.43063397862e-13     -9.22857730525e-16    1.43063397862e-13     -6.81888210416e-16    9.04843232574e-14     
6.59988896226         3.53418840196e-13     2.65254552422e-15     3.53418840196e-13     2.65254552422e-15     2.21159060678e-13     6.57783647204e-15     
6.77855710943         2.11785328791e-13     1.78905283991e-15     2.11785328791e-13     1.78905283991e-15     1.31197846468e-13     3.57345250846e-15     
6.9572252566          6.97907765829e-14     6.48888789053e-16     6.97907765829e-14     6.48888789053e-16     4.28257439113e-14     1.07376348761e-15     
7.13589340377         1.76992770204e-14     1.78253604247e-16     1.76992770204e-14     1.78253604247e-16     1.07609625495e-14     2.51230719189e-16     
7.31456155094         3.60768438516e-15     3.88912415024e-17     3.60768438516e-15     3.88912415024e-17     2.17357018273e-15     4.76563398839e-17     
7.49322969811         1.93531552546e-16     2.21274676627e-18     1.93531552546e-16     2.21274676627e-18     1.15553496319e-16     2.39321877529e-18     
7.67189784528         2.60565233022e-16     3.13691022736e-18     2.60565233022e-16     3.13691022736e-18     1.54197044511e-16     3.02949949395e-18     
7.85056599245         3.38082115666e-16     4.26057066673e-18     3.38082115666e-16     4.26057066673e-18     1.98313502203e-16     3.70712259167e-18     
8.02923413962         4.26306347328e-16     5.59672570427e-18     4.26306347328e-16     5.59672570427e-18     2.47886977953e-16     4.41717555279e-18     
8.20790228679         5.25443827479e-16     7.15744657529e-18     5.25443827479e-16     7.15744657529e-18     3.02907545498e-16     5.16485031362e-18     
8.38657043396         6.35683472783e-16     8.95396958612e-18     6.35683472783e-16     8.95396958612e-18     3.63340713764e-16     5.92337289848e-18     
8.56523858113         7.5719875309e-16      1.0996777307e-17      7.5719875309e-16      1.0996777307e-17      4.29159758485e-16     6.71790808132e-18     
8.7439067283          8.90149224398e-16     1.32956702301e-17     8.90149224398e-16     1.32956702301e-17     5.00311070384e-16     7.5143467805e-18      
8.92257487547         1.03468195453e-15     1.58598299549e-17     1.03468195453e-15     1.58598299549e-17     5.76780132075e-16     8.32196372259e-18     
9.10124302264         1.19093280852e-15     1.8697874977e-17      1.19093280852e-15     1.8697874977e-17      6.5848315911e-16      9.14870872965e-18     
9.27991116981         1.35902759084e-15     2.18179100632e-17     1.35902759084e-15     2.18179100632e-17     7.45381343046e-16     9.96663626322e-18     
9.45857931698         1.5390830539e-15      2.52275700734e-17     1.5390830539e-15      2.52275700734e-17     8.37443501685e-16     1.07701280633e-17     
9.63724746415         1.73120778641e-15     2.8934058972e-17      1.73120778641e-15     2.8934058972e-17      9.34600615444e-16     1.16100591692e-17     
9.81591561132         1.93550299594e-15     3.29441846621e-17     1.93550299594e-15     3.29441846621e-17     1.03677318917e-15     1.24377124963e-17     
9.99458375849         2.15206319916e-15     3.72643901822e-17     2.15206319916e-15     3.72643901822e-17     1.14391915837e-15     1.32493417337e-17     
10.1732519057         2.38097683196e-15     4.19007817274e-17     2.38097683196e-15     4.19007817274e-17     1.2559896498e-15      1.40414991044e-17     
10.3519200528         2.62232679007e-15     4.6859153887e-17      2.62232679007e-15     4.6859153887e-17      1.37295444655e-15     1.48286719229e-17     
10.5305882            2.87619090926e-15     5.21450124362e-17     2.87619090926e-15     5.21450124362e-17     1.49469976593e-15     1.5643690247e-17      
10.7092563472         3.14264239321e-15     5.77635949715e-17     3.14264239321e-15     5.77635949715e-17     1.62117065822e-15     1.64428267805e-17     
10.8879244943         3.42175019568e-15     6.37198896389e-17     3.42175019568e-15     6.37198896389e-17     1.75231696365e-15     1.72243463245e-17     
11.0665926415         3.71357936282e-15     7.00186521692e-17     3.71357936282e-15     7.00186521692e-17     1.88808459587e-15     1.79867149641e-17     
11.2452607887         4.0181913406e-15      7.66644214098e-17     4.0181913406e-15      7.66644214098e-17     2.02842052925e-15     1.87285867059e-17     
11.4239289358         4.33564425157e-15     8.36615335128e-17     4.33564425157e-15     8.36615335128e-17     2.1732774393e-15      1.94487909072e-17     
11.602597083          4.66599314469e-15     9.10141349235e-17     4.66599314469e-15     9.10141349235e-17     2.32262540056e-15     2.01869565599e-17     
11.7812652302         5.00929022131e-15     9.87261942922e-17     5.00929022131e-15     9.87261942922e-17     2.47632828273e-15     2.09488862118e-17     
11.9599333774         5.36558504011e-15     1.06801513419e-16     5.36558504011e-15     1.06801513419e-16     2.63434919488e-15     2.1698343515e-17      
12.1386015245         5.73492470327e-15     1.15243737327e-16     5.73492470327e-15     1.15243737327e-16     2.79663931672e-15     2.24352590395e-17     
12.3172696717         6.11735402608e-15     1.24056363551e-16     6.11735402608e-15     1.24056363551e-16     2.96314670372e-15     2.31596741163e-17     
12.4959378189         6.51291569162e-15     1.33242750711e-16     6.51291569162e-15     1.33242750711e-16     3.13381938207e-15     2.38717323539e-17     
12.674605966          6.92165039217e-15     1.42806126445e-16     6.92165039217e-15     1.42806126445e-16     3.30860619865e-15     2.45716717591e-17     
12.8532741132         7.34359695873e-15     1.52749594755e-16     7.34359695873e-15     1.52749594755e-16     3.48745743533e-15     2.52598174221e-17     
13.0319422604         7.77879247987e-15     1.63076142819e-16     7.77879247987e-15     1.63076142819e-16     3.67032586413e-15     2.59365747278e-17     
13.2106104075         8.22727241085e-15     1.73788647319e-16     8.22727241085e-15     1.73788647319e-16     3.8571704142e-15      2.66024230553e-17     
13.3892785547         8.6890706742e-15      1.84889880324e-16     8.6890706742e-15      1.84889880324e-16     4.04797792808e-15     2.72938272067e-17     
13.5679467019         9.16421975229e-15     1.96382514775e-16     9.16421975229e-15     1.96382514775e-16     4.24260363393e-15     2.8043853899e-17      
13.7466148491         9.65275077292e-15     2.08269129583e-16     9.65275077292e-15     2.08269129583e-16     4.44101403337e-15     2.87955608268e-17     
13.9252829962         1.01546935884e-14     2.20552214407e-16     1.01546935884e-14     2.20552214407e-16     4.6431710917e-15      2.95500325204e-17     
14.1039511434         1.06700768486e-14     2.332341741e-16       1.06700768486e-14     2.332341741e-16       4.8490308583e-15      3.03083953986e-17     
14.2826192906         1.11989280692e-14     2.46317332884e-16     1.11989280692e-14     2.46317332884e-16     5.05854857258e-15     3.10718137204e-17     
14.4612874377         1.17412736943e-14     2.59803938245e-16     1.17412736943e-14     2.59803938245e-16     5.27167966786e-15     3.18414858415e-17     
14.6399555849         1.22971391552e-14     2.73696164595e-16     1.22971391552e-14     2.73696164595e-16     5.48838011836e-15     3.26186407516e-17     
14.8186237321         1.28665489248e-14     2.87996116706e-16     1.28665489248e-14     2.87996116706e-16     5.70860660219e-15     3.34045348734e-17     
14.9972918792         1.34495265685e-14     3.02705832926e-16     1.34495265685e-14     3.02705832926e-16     5.93231660468e-15     3.42004491019e-17     
15.1759600264         1.40460947912e-14     3.17827288218e-16     1.40460947912e-14     3.17827288218e-16     6.15946851191e-15     3.50076860676e-17     
15.3546281736         1.46562754821e-14     3.33362397004e-16     1.46562754821e-14     3.33362397004e-16     6.39002173056e-15     3.58275676063e-17     
15.5332963208         1.52800897553e-14     3.49313015854e-16     1.52800897553e-14     3.49313015854e-16     6.6239368862e-15      3.66614324203e-17     
15.7119644679         1.59175579889e-14     3.65680946018e-16     1.59175579889e-14     3.65680946018e-16     6.86117622174e-15     3.75106339164e-17     
15.8906326151         1.65686998613e-14     3.82467935807e-16     1.65686998613e-14     3.82467935807e-16     7.10170459001e-15     3.83765382092e-17     
16.0693007623         1.72335343847e-14     3.99675682854e-16     1.72335343847e-14     3.99675682854e-16     7.34549303271e-15     3.92605222747e-17     
16.2479689094         1.79120799371e-14     4.1730583624e-16      1.79120799371e-14     4.1730583624e-16      7.59255001878e-15     4.01933796579e-17     
16.4266370566         1.86043542924e-14     4.35359998506e-16     1.86043542924e-14     4.35359998506e-16     7.84272856248e-15     4.12445498273e-17     
16.6053052038         1.93103746484e-14     4.53839727561e-16     1.93103746484e-14     4.53839727561e-16     8.09599631221e-15     4.23275337092e-17     
16.7839733509         2.00301576529e-14     4.72746538484e-16     2.00301576529e-14     4.72746538484e-16     8.35233252322e-15     4.34439732168e-17     
16.9626414981         2.07637194293e-14     4.92081905234e-16     2.07637194293e-14     4.92081905234e-16     8.61170570033e-15     4.4595510597e-17      
17.1413096453         2.15110755991e-14     5.11847262273e-16     2.15110755991e-14     5.11847262273e-16     8.8740824656e-15      4.57837872759e-17     
17.3199777925         2.22722413049e-14     5.32044006096e-16     2.22722413049e-14     5.32044006096e-16     9.13942907492e-15     4.70104427979e-17     
17.4986459396         2.30472312308e-14     5.52673496703e-16     2.30472312308e-14     5.52673496703e-16     9.40771190451e-15     4.8277113851e-17      
17.6773140868         2.38360596221e-14     5.73737058976e-16     2.38360596221e-14     5.73737058976e-16     9.6788976512e-15      4.95854333721e-17     
17.855982234          2.46387403042e-14     5.95235984002e-16     2.46387403042e-14     5.95235984002e-16     9.95295342675e-15     5.09370297268e-17     
18.0346503811         2.54552866998e-14     6.17171530327e-16     2.54552866998e-14     6.17171530327e-16     1.02298468059e-14     5.23335259583e-17     
18.2133185283         2.62857118461e-14     6.39544925151e-16     2.62857118461e-14     6.39544925151e-16     1.05095458518e-14     5.37765391e-17        
18.3919866755         2.713002841e-14       6.62357365462e-16     2.713002841e-14       6.62357365462e-16     1.07920191301e-14     5.52676795477e-17     
18.5706548226         2.79882487036e-14     6.85610019122e-16     2.79882487036e-14     6.85610019122e-16     1.10772357163e-14     5.68085504865e-17     
18.7493229698         2.8860384698e-14      7.09304025898e-16     2.8860384698e-14      7.09304025898e-16     1.13651652006e-14     5.84007473694e-17     
18.927991117          2.97464480369e-14     7.33440498448e-16     2.97464480369e-14     7.33440498448e-16     1.16557776914e-14     6.00458574426e-17     
19.1066592642         3.06464500495e-14     7.58020523261e-16     3.06464500495e-14     7.58020523261e-16     1.19490438194e-14     6.17454593156e-17     
19.2853274113         3.15604017624e-14     7.83045161556e-16     3.15604017624e-14     7.83045161556e-16     1.22449347438e-14     6.35011225716e-17     
19.4639955585         3.24883139115e-14     8.08515450136e-16     3.24883139115e-14     8.08515450136e-16     1.25434221621e-14     6.5314407416e-17      
19.6426637057         3.34301969523e-14     8.34432402213e-16     3.34301969523e-14     8.34432402213e-16     1.28444783265e-14     6.71868643599e-17     
19.8213318528         3.43860610713e-14     8.60797008187e-16     3.43860610713e-14     8.60797008187e-16     1.31480760699e-14     6.91200339365e-17     
20                    0                     0                     0                     0                     0                     0                     
