0.0779191396          0                     0                     0                     0                     0                     0                     
0.0876516655326       0.00346028688937      -0.00353849769207     0.00346028688937      -0.00353849769207     0.00521577208388      -0.005198412055       
0.0973841914651       0.0160171712955       -0.0227952941341      0.0160171712955       -0.0227952941341      0.0242585614854       -0.033514912297       
0.107116717398        0.032275071289        -0.0574825714795      0.032275071289        -0.0574825714795      0.0491335975982       -0.0845170526627      
0.11684924333         0.0487031012255       -0.101634984153       0.0487031012255       -0.101634984153       0.0744862815182       -0.149393970137       
0.126581769263        0.0638256773613       -0.150385993936       0.0638256773613       -0.150385993936       0.0980136759203       -0.220983620313       
0.136314295195        0.0770475239124       -0.200448823081       0.0770475239124       -0.200448823081       0.118747406492        -0.294440983972       
0.146046821128        0.0882043917107       -0.249749703824       0.0882043917107       -0.249749703824       0.13639136571         -0.366760480835       
0.15577934706         0.0973426603939       -0.297019730974       0.0973426603939       -0.297019730974       0.1509770253          -0.43608324089        
0.165511872993        0.1045824311          -0.341562200875       0.1045824311          -0.341562200875       0.162668115659        -0.501431226162       
0.175244398926        0.110075450015        -0.382987094846       0.110075450015        -0.382987094846       0.171679521813        -0.5622251158         
0.184976924858        0.113992824575        -0.421145165685       0.113992824575        -0.421145165685       0.178260896375        -0.618258196584       
0.194709450791        0.116513499781        -0.456020926484       0.116513499781        -0.456020926484       0.182677154011        -0.669513635167       
0.204441976723        0.117800181962        -0.487704253036       0.117800181962        -0.487704253036       0.185172215235        -0.716120950332       
0.214174502656        0.11799941852         -0.516329683847       0.11799941852         -0.516329683847       0.185975446838        -0.758212574633       
0.223907028588        0.117243683188        -0.542053076253       0.117243683188        -0.542053076253       0.185278110454        -0.796139721745       
0.233639554521        0.115642195553        -0.56506046995        0.115642195553        -0.56506046995        0.183252655428        -0.83011101859        
0.243372080453        0.113290856124        -0.585502123392       0.113290856124        -0.585502123392       0.180046429932        -0.86034340636        
0.253104606386        0.110301717273        -0.603589311173       0.110301717273        -0.603589311173       0.17583304745         -0.88712687504        
0.262837132319        0.106727030044        -0.619449374415       0.106727030044        -0.619449374415       0.170699007487        -0.910688616873       
0.272569658251        0.102670055918        -0.633251574138       0.102670055918        -0.633251574138       0.164797325174        -0.931240790267       
0.282302184184        0.0981762216086       -0.645151402822       0.0981762216086       -0.645151402822       0.158196513745        -0.94898249562        
0.292034710116        0.0933110466796       -0.655279284398       0.0933110466796       -0.655279284398       0.151005023369        -0.964152740219       
0.301767236049        0.0881129074708       -0.663782186877       0.0881129074708       -0.663782186877       0.143278026438        -0.976899243512       
0.311499761981        0.0826533237895       -0.670762126687       0.0826533237895       -0.670762126687       0.135131229762        -0.987445019683       
0.321232287914        0.0769069825595       -0.676281609431       0.0769069825595       -0.676281609431       0.126526122411        -0.995846998821       
0.330964813847        0.0710009413877       -0.680492474243       0.0710009413877       -0.680492474243       0.117657730628        -1.00231643963        
0.340697339779        0.064971974927        -0.68351760007        0.064971974927        -0.68351760007        0.108588127617        -1.00694376595        
0.350429865712        0.0587983510255       -0.685425149171       0.0587983510255       -0.685425149171       0.0992770518313       -1.01000358966        
0.360162391644        0.0525241511466       -0.686295915369       0.0525241511466       -0.686295915369       0.0897973131937       -1.01153243369        
0.369894917577        0.0461764066985       -0.68620581517        0.0461764066985       -0.68620581517        0.0801876075352       -1.01160026311        
0.379627443509        0.0397740477001       -0.685229728919       0.0397740477001       -0.685229728919       0.0704839392477       -1.0103757251         
0.389359969442        0.0333268105337       -0.683422417155       0.0333268105337       -0.683422417155       0.0607020069908       -1.00792474996        
0.399092495374        0.0268520571074       -0.680840431803       0.0268520571074       -0.680840431803       0.0508678676351       -1.00432138181        
0.408825021307        0.0203398728898       -0.677509318157       0.0203398728898       -0.677509318157       0.0409675119637       -0.999602040692       
0.41855754724         0.0138702874207       -0.673491957206       0.0138702874207       -0.673491957206       0.0311229095862       -0.993855277009       
0.428290073172        0.0074499675572       -0.668863188703       0.0074499675572       -0.668863188703       0.0213488465638       -0.98711733424        
0.438022599105        0.00110814732206      -0.663632674926       0.00110814732206      -0.663632674926       0.0116816544412       -0.979565684936       
0.447755125037        -0.00522422220063     -0.657920804237       -0.00522422220063     -0.657920804237       0.00202487494411      -0.971295288328       
0.45748765097         -0.0114684623231      -0.651691765223       -0.0114684623231      -0.651691765223       -0.00750405180827     -0.962252213076       
0.467220176902        -0.017639486013       -0.645049664852       -0.017639486013       -0.645049664852       -0.0169268085566      -0.952578169186       
0.476952702835        -0.023715279491       -0.637923503412       -0.023715279491       -0.637923503412       -0.0262094713233      -0.942193609661       
0.486685228767        -0.0297375112206      -0.630384119925       -0.0297375112206      -0.630384119925       -0.0354133850439      -0.931189625684       
0.4964177547          -0.0356291971768      -0.622489450835       -0.0356291971768      -0.622489450835       -0.0444215399797      -0.919652972668       
0.506150280633        -0.0413796566244      -0.614310588532       -0.0413796566244      -0.614310588532       -0.0532154492324      -0.907634173036       
0.515882806565        -0.047071377102       -0.605702807394       -0.047071377102       -0.605702807394       -0.0619247411342      -0.895031324813       
0.525615332498        -0.052607755326       -0.596873593681       -0.052607755326       -0.596873593681       -0.0704010582419      -0.882090265177       
0.53534785843         -0.0580271307311      -0.587767564821       -0.0580271307311      -0.587767564821       -0.0787000467948      -0.868737252737       
0.545080384363        -0.0633327786053      -0.578380920493       -0.0633327786053      -0.578380920493       -0.0868282801915      -0.854962819864       
0.554812910295        -0.0684758844183      -0.568772538192       -0.0684758844183      -0.568772538192       -0.0947124304992      -0.840856060613       
0.564545436228        -0.0734674546573      -0.559008108239       -0.0734674546573      -0.559008108239       -0.102367830875       -0.82651159936        
0.57427796216         -0.0783113387387      -0.548946458522       -0.0783113387387      -0.548946458522       -0.109797972214       -0.811687288284       
0.584010488093        -0.0829996193496      -0.538774475872       -0.0829996193496      -0.538774475872       -0.116994915425       -0.796730519379       
0.593743014026        -0.087554534746       -0.528419235498       -0.087554534746       -0.528419235498       -0.123990520169       -0.781497483358       
0.603475539958        -0.0919410962348      -0.517918942585       -0.0919410962348      -0.517918942585       -0.130731584196       -0.766044588011       
0.613208065891        -0.0961540392283      -0.507289416446       -0.0961540392283      -0.507289416446       -0.137209628241       -0.750395457061       
0.622940591823        -0.100191395126       -0.496571491626       -0.100191395126       -0.496571491626       -0.143421409019       -0.734611076215       
0.632673117756        -0.104080781398       -0.485726796511       -0.104080781398       -0.485726796511       -0.149406637635       -0.718611348383       
0.642405643688        -0.107792072099       -0.474785369703       -0.107792072099       -0.474785369703       -0.15512422839        -0.702489522073       
0.652138169621        -0.111326008481       -0.463766326983       -0.111326008481       -0.463766326983       -0.160573773202       -0.686249584772       
0.661870695553        -0.114685147906       -0.452688647391       -0.114685147906       -0.452688647391       -0.165759594979       -0.669919403433       
0.671603221486        -0.117857246353       -0.441526654589       -0.117857246353       -0.441526654589       -0.170662359691       -0.653443926773       
0.681335747419        -0.120857250557       -0.430349110308       -0.120857250557       -0.430349110308       -0.175305067287       -0.636957868738       
0.691068273351        -0.123672445559       -0.419124442445       -0.123672445559       -0.419124442445       -0.179667949431       -0.620398741578       
0.700800799284        -0.126312419229       -0.407903318295       -0.126312419229       -0.407903318295       -0.183765271018       -0.603841990372       
0.710533325216        -0.128740022234       -0.39659369034        -0.128740022234       -0.39659369034        -0.187542393832       -0.587140902548       
0.720265851149        -0.130992073535       -0.385317233859       -0.130992073535       -0.385317233859       -0.191053954654       -0.570495966891       
0.729998377081        -0.133055515227       -0.37403976765        -0.133055515227       -0.37403976765        -0.194280024289       -0.553846996644       
0.739730903014        -0.13492451257        -0.362774151809       -0.13492451257        -0.362774151809       -0.197211950405       -0.5372075163         
0.749463428947        -0.136610611188       -0.351547277634       -0.136610611188       -0.351547277634       -0.199868315998       -0.5206293228         
0.759195954879        -0.138080393779       -0.340297450897       -0.138080393779       -0.340297450897       -0.202199823388       -0.504014286704       
0.768928480812        -0.139387134039       -0.329125805936       -0.139387134039       -0.329125805936       -0.204283827942       -0.48750912972        
0.778661006744        -0.140483591153       -0.317980951221       -0.140483591153       -0.317980951221       -0.206051325015       -0.471044261875       
0.788393532677        -0.141385826826       -0.306890218292       -0.141385826826       -0.306890218292       -0.207525520977       -0.454655883903       
0.798126058609        -0.142097243567       -0.295865465152       -0.142097243567       -0.295865465152       -0.208712112191       -0.438364423028       
0.807858584542        -0.142602613631       -0.284890243581       -0.142602613631       -0.284890243581       -0.209589390349       -0.422144362928       
0.817591110474        -0.142913990446       -0.273990769036       -0.142913990446       -0.273990769036       -0.210174167318       -0.406033772917       
0.827323636407        -0.14302378086        -0.263181805403       -0.14302378086        -0.263181805403       -0.210455212745       -0.390055406678       
0.83705616234         -0.142935606546       -0.252451539531       -0.142935606546       -0.252451539531       -0.210438749085       -0.374191402759       
0.846788688272        -0.142644311417       -0.241807805828       -0.142644311417       -0.241807805828       -0.210116279873       -0.358453166837       
0.856521214205        -0.142155575281       -0.231278123915       -0.142155575281       -0.231278123915       -0.209496530905       -0.342882637848       
0.866253740137        -0.14146313677        -0.220851622987       -0.14146313677        -0.220851622987       -0.208571389884       -0.32746316693        
0.87598626607         -0.140566054535       -0.210547150611       -0.140566054535       -0.210547150611       -0.207338989403       -0.31222209777        
0.885718792002        -0.139463722597       -0.200362946391       -0.139463722597       -0.200362946391       -0.205798416535       -0.297157118816       
0.895451317935        -0.138157886677       -0.190314370922       -0.138157886677       -0.190314370922       -0.203952277192       -0.282290866045       
0.905183843867        -0.136648937455       -0.180406684428       -0.136648937455       -0.180406684428       -0.201801069401       -0.267631403994       
0.9149163698          -0.13493011461        -0.170644738074       -0.13493011461        -0.170644738074       -0.199335160325       -0.253185853158       
0.924648895733        -0.133004033796       -0.161042874503       -0.133004033796       -0.161042874503       -0.196558132139       -0.238975309856       
0.934381421665        -0.130871188049       -0.151605263052       -0.130871188049       -0.151605263052       -0.193470797325       -0.225006652393       
0.944113947598        -0.128535701291       -0.142350113268       -0.128535701291       -0.142350113268       -0.190080186087       -0.211306709491       
0.95384647353         -0.125975272376       -0.13326089013        -0.125975272376       -0.13326089013        -0.186353243305       -0.197849917978       
0.963578999463        -0.123202830355       -0.124367197527       -0.123202830355       -0.124367197527       -0.182308165884       -0.184680510539       
0.973311525395        -0.120197955123       -0.115658643605       -0.120197955123       -0.115658643605       -0.177914931007       -0.171783504889       
0.983044051328        -0.116845744131       -0.107044827932       -0.116845744131       -0.107044827932       -0.173003837283       -0.159024824351       
0.99277657726         -0.113030025684       -0.0984526982676      -0.113030025684       -0.0984526982676      -0.16740314595        -0.146295129327       
1.00250910319         -0.109119320197       -0.0902343098567      -0.109119320197       -0.0902343098567      -0.161657820286       -0.134117135751       
1.01224162913         -0.105094042959       -0.0823726712125      -0.105094042959       -0.0823726712125      -0.155739072195       -0.122466055685       
1.02197415506         -0.10095453391        -0.0748662473415      -0.10095453391        -0.0748662473415      -0.149647617512       -0.111339414625       
1.03170668099         -0.0967114820779      -0.0677222098962      -0.0967114820779      -0.0677222098962      -0.143399249834       -0.100747967609       
1.04143920692         -0.0923729939533      -0.0609521282423      -0.0923729939533      -0.0609521282423      -0.137006037714       -0.090708918906       
1.05117173286         -0.0879358798772      -0.0545475699691      -0.0879358798772      -0.0545475699691      -0.130463419591       -0.0812098460171      
1.06090425879         -0.0834299819331      -0.0485340001546      -0.0834299819331      -0.0485340001546      -0.123815565874       -0.0722885218613      
1.07063678472         -0.07886265981        -0.0429118170432      -0.07886265981        -0.0429118170432      -0.117073575387       -0.0639456601048      
1.08036931065         -0.0742548875237      -0.0376907564484      -0.0742548875237      -0.0376907564484      -0.110268397408       -0.0561954138897      
1.09010183659         -0.0696290801754      -0.0328773307504      -0.0696290801754      -0.0328773307504      -0.103432915428       -0.0490479406297      
1.09983436252         -0.0650166458478      -0.0284774887246      -0.0650166458478      -0.0284774887246      -0.0966141011082      -0.0425123751715      
1.10956688845         -0.0604373242694      -0.0244876974428      -0.0604373242694      -0.0244876974428      -0.0898412013748      -0.0365832869755      
1.11929941438         -0.0559295132403      -0.020907152706       -0.0559295132403      -0.020907152706       -0.0831709592871      -0.0312598224557      
1.12903194032         -0.051520081184       -0.0177242828776      -0.051520081184       -0.0177242828776      -0.0766433478354      -0.0265250850529      
1.13876446625         -0.0472437404365      -0.0149240875732      -0.0472437404365      -0.0149240875732      -0.0703098473142      -0.0223571264446      
1.14849699218         -0.0431224337054      -0.0124835329857      -0.0431224337054      -0.0124835329857      -0.0642031693988      -0.0187219979308      
1.15822951811         -0.0391891686588      -0.0103787064503      -0.0391891686588      -0.0103787064503      -0.058372331854       -0.0155845724888      
1.16796204405         -0.035459489329       -0.00857838106729     -0.035459489329       -0.00857838106729     -0.0528407046956      -0.01289879452        
1.17769456998         -0.0319464218553      -0.00705042817422     -0.0319464218553      -0.00705042817422     -0.0476277136322      -0.0106171543142      
1.18742709591         -0.0286519844928      -0.00575986176183     -0.0286519844928      -0.00575986176183     -0.0427365910647      -0.0086880641293      
1.19715962184         -0.0255976138495      -0.00468454397495     -0.0255976138495      -0.00468454397495     -0.0381996174371      -0.00707882289908     
1.20689214778         -0.022761503211       -0.00378611034593     -0.022761503211       -0.00378611034593     -0.0339844698335      -0.00573257388186     
1.21662467371         -0.0201462155122      -0.00304152014025     -0.0201462155122      -0.00304152014025     -0.0300953037544      -0.00461528807274     
1.22635719964         -0.0177431540939      -0.0024271612472      -0.0177431540939      -0.0024271612472      -0.0265196467526      -0.00369199955508     
1.23608972557         -0.0155426840781      -0.00192258822054     -0.0155426840781      -0.00192258822054     -0.023243436254       -0.00293236994822     
1.24582225151         -0.0135340394556      -0.00151009824472     -0.0135340394556      -0.00151009824472     -0.0202509115943      -0.00231017977075     
1.25555477744         -0.0117074851049      -0.0011747544133      -0.0117074851049      -0.0011747544133      -0.0175278852091      -0.00180326306017     
1.26528730337         -0.0100507270722      -0.000903570528413    -0.0100507270722      -0.000903570528413    -0.0150562784039      -0.00139232809545     
1.2750198293          -0.00855384408988     -0.000685802884028    -0.00855384408988     -0.000685802884028    -0.0128215813074      -0.00106142991335     
1.28475235524         -0.00720705745512     -0.000512338525618    -0.00720705745512     -0.000512338525618    -0.0108094682126      -0.000797016276337    
1.29448488117         -0.00599816497796     -0.000375296044509    -0.00599816497796     -0.000375296044509    -0.00900195626229     -0.000587350239265    
1.3042174071          -0.0049204005818      -0.000268363660796    -0.0049204005818      -0.000268363660796    -0.00738920209277     -0.000423045945193    
1.31394993303         -0.00396427113505     -0.000186016309462    -0.00396427113505     -0.000186016309462    -0.00595724976662     -0.000295864231112    
1.32368245897         -0.00312222638963     -0.000123661268474    -0.00312222638963     -0.000123661268474    -0.00469504413156     -0.000198955818966    
1.3334149849          -0.00238709268908     -7.74055899819e-05    -0.00238709268908     -7.74055899819e-05    -0.00359208323909     -0.000126503330682    
1.3344149849          -0.00231746657523     -7.34327211946e-05    -0.00231746657523     -7.34327211946e-05    -0.00348756368182     -0.000120248219701    
1.3514149849          -0.0012895159197      -2.35114105293e-05    -0.0012895159197      -2.35114105293e-05    -0.00194310268896     -4.08763726722e-05    
1.3684149849          -0.000544557059374    2.13141504426e-06     -0.000544557059374    2.13141504426e-06     -0.00082183280658     1.0080387436e-06      
1.3854149849          -8.01975981997e-05    1.5292184491e-05      -8.01975981997e-05    1.5292184491e-05      -0.000121675630224    2.30451169512e-05     
1.4024149849          3.27351636167e-05     0.00012764184606      3.27351636167e-05     0.00012764184606      0.000796544054761     -0.00142633669712     
1.4194149849          6.29483291279e-05     0.000480199492366     6.29483291279e-05     0.000480199492366     0.000780240716517     -0.000843106405484    
1.4364149849          8.8578189663e-05      0.000911676499982     8.8578189663e-05      0.000911676499982     0.000769790387322     -0.000136628664205    
1.4534149849          0.000108305903616     0.00137245609574      0.000108305903616     0.00137245609574      0.000756699351705     0.0006164724175       
1.4544149849          0.000109281734675     0.00139986792786      0.000109281734675     0.00139986792786      0.000755795135858     0.000661297195159     
1.4623220141          0.000116301264897     0.00161663006571      0.000116301264897     0.00161663006571      0.000748092932206     0.00101591974885      
1.47022904331         0.000122108132247     0.00183211429254      0.000122108132247     0.00183211429254      0.000739310047424     0.00136904750201      
1.47813607251         0.000126785750136     0.00204533987394      0.000126785750136     0.00204533987394      0.000729602603726     0.00171888626523      
1.48604310172         0.000130368600668     0.00225474310866      0.000130368600668     0.00225474310866      0.000718825653253     0.00206337990771      
1.49395013092         0.000132942366161     0.0024597125564       0.000132942366161     0.0024597125564       0.000707136586652     0.00240137275577      
1.50185716013         0.000134562643626     0.00265926879463      0.000134562643626     0.00265926879463      0.000694527229607     0.00273148408575      
1.50976418933         0.000135306404775     0.00285295856983      0.000135306404775     0.00285295856983      0.000681112304715     0.00305291151713      
1.51767121853         0.000135233250767     0.00304012022984      0.000135233250767     0.00304012022984      0.000666924846852     0.0033646964903       
1.52557824774         0.000134410949962     0.00322038115425      0.000134410949962     0.00322038115425      0.000652049844523     0.00366622420347      
1.53348527694         0.000132902786463     0.00339340119356      0.000132902786463     0.00339340119356      0.0006365596172       0.0039569530457       
1.54139230615         0.000130768925825     0.00355888794316      0.000130768925825     0.00355888794316      0.000620521707083     0.00423642113541      
1.54929933535         0.00012806301635      0.00371648968738      0.00012806301635      0.00371648968738      0.000603983300896     0.00450411173879      
1.55720636456         0.00012484481845      0.0038661384869       0.00012484481845      0.0038661384869       0.000587030458067     0.00475986204045      
1.56511339376         0.00012115991593      0.00400745869135      0.00012115991593      0.00400745869135      0.000569692071757     0.00500314550804      
1.57302042297         0.000117071909763     0.00414077720966      0.000117071909763     0.00414077720966      0.000552091431964     0.00523431840463      
1.58092745217         0.000112616192742     0.00426560762789      0.000112616192742     0.00426560762789      0.000534228350074     0.00545273134789      
1.58883448137         0.000107843774399     0.00438210252478      0.000107843774399     0.00438210252478      0.00051618516549      0.00565854299808      
1.59674151058         0.000102797103715     0.00449023542573      0.000102797103715     0.00449023542573      0.000498012688028     0.00585169466975      
1.60464853978         9.75179594194e-05     0.0045900788653       9.75179594194e-05     0.0045900788653       0.000479767266508     0.00603226176138      
1.61255556899         9.20419967179e-05     0.00468155104647      9.20419967179e-05     0.00468155104647      0.00046148386523      0.00620012161724      
1.62046259819         8.6403078875e-05      0.0047645733392       8.6403078875e-05      0.0047645733392       0.000443195974108     0.00635515467858      
1.6283696274          8.06418561763e-05     0.00483957591282      8.06418561763e-05     0.00483957591282      0.000424980214554     0.00649792312838      
1.6362766566          7.47795872637e-05     0.00490600565845      7.47795872637e-05     0.00490600565845      0.00040682047424      0.00662767582891      
1.6441836858          6.88647512612e-05     0.00496517152328      6.88647512612e-05     0.00496517152328      0.00038885500675      0.00674617339536      
1.65209071501         6.29101247836e-05     0.00501622455336      6.29101247836e-05     0.00501622455336      0.000371037306548     0.00685226737098      
1.65999774421         5.69459752349e-05     0.00505958884189      5.69459752349e-05     0.00505958884189      0.000353423571082     0.00694653033646      
1.66790477342         5.09955494955e-05     0.0050953270857       5.09955494955e-05     0.0050953270857       0.00033603826162      0.00702904622515      
1.67581180262         4.50863161517e-05     0.00512414201075      4.50863161517e-05     0.00512414201075      0.000318944066515     0.0071007853189       
1.68371883183         3.92368569625e-05     0.00514613824537      3.92368569625e-05     0.00514613824537      0.000302158053505     0.0071619000838       
1.69162586103         3.35226066808e-05     0.00517038616937      3.35226066808e-05     0.00517038616937      0.000286192297472     0.00722507085512      
1.69953289023         2.80285645638e-05     0.00521535796979      2.80285645638e-05     0.00521535796979      0.000271932773088     0.0073163620063       
1.70743991944         2.25493611173e-05     0.00525026516885      2.25493611173e-05     0.00525026516885      0.000257629091842     0.00739284712612      
1.71534694864         1.71157540174e-05     0.00527597699143      1.71157540174e-05     0.00527597699143      0.000243374545        0.00745568097336      
1.72325397785         1.17525371345e-05     0.00529287731175      1.17525371345e-05     0.00529287731175      0.000229227902741     0.00750535053253      
1.73116100705         6.48169946991e-06     0.00530119560814      6.48169946991e-06     0.00530119560814      0.000215234835897     0.00754213225764      
1.73906803626         1.32335667582e-06     0.00530110352968      1.32335667582e-06     0.00530110352968      0.000201434232528     0.00756622540586      
1.74697506546         -3.70388559421e-06    0.00529275086359      -3.70388559421e-06    0.00529275086359      0.000187860626726     0.00757780159379      
1.75488209467         -8.5827529647e-06     0.00527628090111      -8.5827529647e-06     0.00527628090111      0.000174545324835     0.007577025846        
1.76278912387         -1.32972040645e-05    0.00525183820567      -1.32972040645e-05    0.00525183820567      0.000161516995665     0.00756406720229      
1.77069615307         -1.78323865688e-05    0.00521957297581      -1.78323865688e-05    0.00521957297581      0.000148801987924     0.00753910473949      
1.77860318228         -2.21746028307e-05    0.00517964305067      -2.21746028307e-05    0.00517964305067      0.000136424534625     0.00750233029305      
1.78651021148         -2.63112821858e-05    0.00513221514496      -2.63112821858e-05    0.00513221514496      0.000124406892923     0.00745395011948      
1.79441724069         -3.0230965439e-05     0.00507746580868      -3.0230965439e-05     0.00507746580868      0.000112769433906     0.00739418622004      
1.80232426989         -3.39232815104e-05    0.00501558150647      -3.39232815104e-05    0.00501558150647      0.000101530723743     0.00732327637966      
1.8102312991          -3.73789395098e-05    0.00494675877316      -3.73789395098e-05    0.00494675877316      9.0707569423e-05      0.00724147442057      
1.8181383283          -4.05897217966e-05    0.00487120448803      -4.05897217966e-05    0.00487120448803      8.03150543463e-05     0.00714905063148      
1.8260453575          -4.35484668794e-05    0.00478913563753      -4.35484668794e-05    0.00478913563753      7.03665827759e-05     0.00704629140964      
1.83395238671         -4.62490512709e-05    0.00470077898144      -4.62490512709e-05    0.00470077898144      6.08739216043e-05     0.00693349875664      
1.84185941591         -4.86863884003e-05    0.00460637124433      -4.86863884003e-05    0.00460637124433      5.18472142607e-05     0.00681099062655      
1.84976644512         -5.08564157183e-05    0.00450615882488      -5.08564157183e-05    0.00450615882488      4.32950096515e-05     0.0066791005563       
1.85767347432         -5.27560748811e-05    0.00440039732435      -5.27560748811e-05    0.00440039732435      3.5224299598e-05      0.00653817698609      
1.86558050353         -5.43833109456e-05    0.00428935170203      -5.43833109456e-05    0.00428935170203      2.76405274279e-05     0.00638858357487      
1.87348753273         -5.57370576957e-05    0.00417329600785      -5.57370576957e-05    0.00417329600785      2.05476159533e-05     0.00623069884127      
1.88139456193         -5.68172199455e-05    0.00405251296465      -5.68172199455e-05    0.00405251296465      1.3947999288e-05      0.00606491557795      
1.88930159114         -5.7624672484e-05     0.00392729410962      -5.7624672484e-05     0.00392729410962      7.84263004594e-06     0.00589164116938      
1.89720862034         -5.81612488331e-05    0.00379793961354      -5.81612488331e-05    0.00379793961354      2.23100118807e-06     0.00571129740688      
1.90511564955         -5.84297205557e-05    0.00366475786945      -5.84297205557e-05    0.00366475786945      -2.88881840637e-06    0.00552431990875      
1.91302267875         -5.84338002273e-05    0.00352806575164      -5.84338002273e-05    0.00352806575164      -7.52018276973e-06    0.00533115863871      
1.92092970796         -5.81781314324e-05    0.0033881885208       -5.81781314324e-05    0.0033881885208       -1.1667848551e-05     0.00513227784613      
1.92883673716         -5.76682739246e-05    0.00324545961821      -5.76682739246e-05    0.00324545961821      -1.53379473113e-05    0.00492815582828      
1.93674376637         -5.69107087355e-05    0.00310022100592      -5.69107087355e-05    0.00310022100592      -1.85379865433e-05    0.00471928559159      
1.94465079557         -5.59128333003e-05    0.00295282324485      -5.59128333003e-05    0.00295282324485      -2.12768351588e-05    0.00450617508973      
1.95255782477         -5.46829533031e-05    0.00280362554453      -5.46829533031e-05    0.00280362554453      -2.35647038578e-05    0.00428934739235      
1.96046485398         -5.32302951056e-05    0.0026529963092       -5.32302951056e-05    0.0026529963092       -2.5413154113e-05     0.00406934171317      
1.96837188318         -5.15650090058e-05    0.0025013135028       -5.15650090058e-05    0.0025013135028       -2.68350926716e-05    0.00384671410842      
1.97627891239         -4.96981749327e-05    0.00234896511281      -4.96981749327e-05    0.00234896511281      -2.78447679835e-05    0.00362203834556      
1.98418594159         -4.7641828032e-05     0.00219635009275      -4.7641828032e-05     0.00219635009275      -2.84577936099e-05    0.00339590759513      
1.9920929708          -4.54089791897e-05    0.0020438792578       -4.54089791897e-05    0.0020438792578       -2.86911619256e-05    0.00316893602094      
2                     -4.30136444588e-05    0.00189197644252      -4.30136444588e-05    0.00189197644252      -2.85632672428e-05    0.00294176081045      
2.001                 -4.26998819791e-05    0.0018728277642       -4.26998819791e-05    0.0018728277642       -2.85223448044e-05    0.00291304869517      
2.18280808081         0.00057179433659      1.879978745e-05       0.00057179433659      1.879978745e-05       0.000974405846962     -9.25652364629e-05    
2.36461616162         0.00557087701107      0.000225493698453     0.00557087701107      0.000225493698453     0.00930545741394      -0.00123360687809     
2.54642424242         0.012228572691        0.000568305247922     0.012228572691        0.000568305247922     0.0199542867089       -0.00326482484399     
2.72823232323         0.0177904376304       0.000913707725906     0.0177904376304       0.000913707725906     0.028320226547        -0.00537573192918     
2.91004040404         0.0205217331966       0.00113766398371      0.0205217331966       0.00113766398371      0.0318580888436       -0.00676293126069     
3.09184848485         0.0200370232969       0.00118025994218      0.0200370232969       0.00118025994218      0.030339987301        -0.00703181310993     
3.27365656566         0.0170878617323       0.00105767340487      0.0170878617323       0.00105767340487      0.0252496471616       -0.00628268909053     
3.45546464646         0.0129576100685       0.000835905020255     0.0129576100685       0.000835905020255     0.0186962393238       -0.00493324942815     
3.63727272727         0.00883713012418      0.000590488587418     0.00883713012418      0.000590488587418     0.0124598416694       -0.00345394312208     
3.81908080808         0.00546414290619      0.00037634281789      0.00546414290619      0.00037634281789      0.00753389303361      -0.00217805717876     
4.00088888889         0.00308126307148      0.000217907392948     0.00308126307148      0.000217907392948     0.00415765743879      -0.00124625223797     
4.1826969697          0.00159181962109      0.000115227269145     0.00159181962109      0.000115227269145     0.00210357412003      -0.000650659128363    
4.36450505051         0.000756030732869     5.58721653621e-05     0.000756030732869     5.58721653621e-05     0.000979174170723     -0.00031130202262     
4.54631313131         0.000331023476647     2.49213333491e-05     0.000331023476647     2.49213333491e-05     0.000420471895746     -0.000136945957465    
4.72812121212         0.000133904994427     1.02511660072e-05     0.000133904994427     1.02511660072e-05     0.000166924948139     -5.55399278409e-05    
4.90992929293         5.01314613034e-05     3.89650147715e-06     5.01314613034e-05     3.89650147715e-06     6.13700910915e-05     -2.08098226005e-05    
5.09173737374         1.73945769394e-05     1.37083273529e-06     1.73945769394e-05     1.37083273529e-06     2.09240063709e-05     -7.21574272499e-06    
5.27354545455         5.60031477187e-06     4.46976120585e-07     5.60031477187e-06     4.46976120585e-07     6.62335297805e-06     -2.31873838431e-06    
5.45535353535         1.67466005625e-06     1.35225539266e-07     1.67466005625e-06     1.35225539266e-07     1.94833780045e-06     -6.91329556566e-07    
5.63716161616         4.65490390729e-07     3.79940012003e-08     4.65490390729e-07     3.79940012003e-08     5.33023488857e-07     -1.91427478269e-07    
5.81896969697         1.20355475451e-07     9.92200106057e-09     1.20355475451e-07     9.92200106057e-09     1.35710751833e-07     -4.92682885845e-08    
6.00077777778         2.89634696655e-08     2.40994953714e-09     2.89634696655e-08     2.40994953714e-09     3.21748072807e-08     -1.17945332058e-08    
6.18258585859         6.49065669864e-09     5.44750009018e-10     6.49065669864e-09     5.44750009018e-10     7.10665448323e-09     -2.62789302512e-09    
6.36439393939         1.35511267682e-09     1.14654332468e-10     1.35511267682e-09     1.14654332468e-10     1.46301244674e-09     -5.45226884887e-10    
6.5462020202          2.63682000059e-10     2.24792261628e-11     2.63682000059e-10     2.24792261628e-11     2.8081816158e-10      -1.05387135641e-10    
6.72801010101         4.78402935209e-11     4.10753124277e-12     4.78402935209e-11     4.10753124277e-12     5.02780474642e-11     -1.89868521429e-11    
6.90981818182         8.10545123578e-12     7.00598369205e-13     8.10545123578e-12     7.00598369205e-13     8.40933438146e-12     -3.1934190453e-12     
7.09162626263         1.27022729983e-12     1.1048748738e-13      1.27022729983e-12     1.1048748738e-13      1.30142287315e-12     -4.96666874395e-13    
7.27343434343         1.80142529356e-13     1.57629215984e-14     1.80142529356e-13     1.57629215984e-14     1.82327313796e-13     -6.98885372465e-14    
7.45524242424         3.93373973858e-14     3.46159747668e-15     3.93373973858e-14     3.46159747668e-15     3.93440744495e-14     -1.51396102156e-14    
7.63705050505         5.14330263916e-15     4.55026190309e-16     5.14330263916e-15     4.55026190309e-16     5.08495201117e-15     -1.96333783602e-15    
7.81885858586         5.53551737767e-15     4.92219482095e-16     5.53551737767e-15     4.92219482095e-16     5.41129658913e-15     -2.09551589264e-15    
8.00066666667         5.9434277902e-15      5.3105033862e-16      5.9434277902e-15      5.3105033862e-16      5.74646040975e-15     -2.23097273463e-15    
8.18247474747         6.36710434451e-15     5.71529547344e-16     6.36710434451e-15     5.71529547344e-16     6.09035522811e-15     -2.36960670622e-15    
8.36428282828         6.80661391507e-15     6.13667345725e-16     6.80661391507e-15     6.13667345725e-16     6.44289641174e-15     -2.51131827082e-15    
8.54609090909         7.26202004929e-15     6.5747346076e-16      7.26202004929e-15     6.5747346076e-16      6.80400283344e-15     -2.65601002995e-15    
8.7278989899          7.73338320827e-15     7.02957144917e-16     7.73338320827e-15     7.02957144917e-16     7.17359671835e-15     -2.80358672759e-15    
8.90970707071         8.22076098499e-15     7.50127208843e-16     8.22076098499e-15     7.50127208843e-16     7.55160348394e-15     -2.95395524273e-15    
9.09151515152         8.72420830265e-15     7.98992051196e-16     8.72420830265e-15     7.98992051196e-16     7.93795158262e-15     -3.10702457233e-15    
9.27332323232         9.24377759518e-15     8.49559685921e-16     9.24377759518e-15     8.49559685921e-16     8.33257235013e-15     -3.26270580673e-15    
9.45513131313         9.77951897201e-15     9.01837767213e-16     9.77951897201e-15     9.01837767213e-16     8.73539986091e-15     -3.42091209909e-15    
9.63693939394         1.03314803687e-14     9.55833612414e-16     1.03314803687e-14     9.55833612414e-16     9.14637079062e-15     -3.58155863006e-15    
9.81874747475         1.08997076848e-14     1.01155422305e-15     1.08997076848e-14     1.01155422305e-15     9.56542428591e-15     -3.74456256892e-15    
10.0005555556         1.14842449106e-14     1.06900630418e-15     1.14842449106e-14     1.06900630418e-15     9.99250184117e-15     -3.90984303193e-15    
10.1823636364         1.20851342435e-14     1.12819628227e-15     1.20851342435e-14     1.12819628227e-15     1.04275471821e-14     -4.07732103879e-15    
10.3641717172         1.27024161952e-14     1.1891303216e-15      1.27024161952e-14     1.1891303216e-15      1.08705061559e-14     -4.24691946771e-15    
10.545979798          1.33361296903e-14     1.25181433953e-15     1.33361296903e-14     1.25181433953e-15     1.13213266272e-14     -4.41856300958e-15    
10.7277878788         1.39863121579e-14     1.31625402059e-15     1.39863121579e-14     1.31625402059e-15     1.17799583803e-14     -4.59217812175e-15    
10.9095959596         1.46529996162e-14     1.38245482948e-15     1.46529996162e-14     1.38245482948e-15     1.22463530267e-14     -4.76769298172e-15    
11.0914040404         1.53362267503e-14     1.45042202328e-15     1.53362267503e-14     1.45042202328e-15     1.27204639178e-14     -4.9450374409e-15     
11.2732121212         1.60360269849e-14     1.52016066261e-15     1.60360269849e-14     1.52016066261e-15     1.32022460625e-14     -5.12414297892e-15    
11.455020202          1.67524325523e-14     1.59167562218e-15     1.67524325523e-14     1.59167562218e-15     1.36916560497e-14     -5.30494265834e-15    
11.6368282828         1.74854745543e-14     1.66497160053e-15     1.74854745543e-14     1.66497160053e-15     1.41886519747e-14     -5.48737108021e-15    
11.8186363636         1.82351830214e-14     1.7400531291e-15      1.82351830214e-14     1.7400531291e-15      1.46931933697e-14     -5.67136434038e-15    
12.0004444444         1.90015869668e-14     1.81692458078e-15     1.90015869668e-14     1.81692458078e-15     1.52052411389e-14     -5.85685998671e-15    
12.1822525253         1.97847144373e-14     1.89559017778e-15     1.97847144373e-14     1.89559017778e-15     1.5724757496e-14      -6.04379697734e-15    
12.3640606061         2.0584592561e-14      1.97605399913e-15     2.0584592561e-14      1.97605399913e-15     1.62517059058e-14     -6.23211563991e-15    
12.5458686869         2.14012475919e-14     2.05831998759e-15     2.14012475919e-14     2.05831998759e-15     1.6786051029e-14      -6.42175763184e-15    
12.7276767677         2.22347049512e-14     2.14239195618e-15     2.22347049512e-14     2.14239195618e-15     1.73277586698e-14     -6.61266590171e-15    
12.9094848485         2.30849892666e-14     2.22827359433e-15     2.30849892666e-14     2.22827359433e-15     1.78767957261e-14     -6.80478465177e-15    
13.0912929293         2.39521244089e-14     2.31596847358e-15     2.39521244089e-14     2.31596847358e-15     1.84331301427e-14     -6.99805930141e-15    
13.2731010101         2.48361335265e-14     2.405480053e-15       2.48361335265e-14     2.405480053e-15       1.8996730867e-14      -7.19243645188e-15    
13.4549090909         2.57370390777e-14     2.4968116843e-15      2.57370390777e-14     2.4968116843e-15      1.95675678061e-14     -7.38786385194e-15    
13.6367171717         2.66548628613e-14     2.58996661657e-15     2.66548628613e-14     2.58996661657e-15     2.01456117876e-14     -7.58429036472e-15    
13.8185252525         2.75896260452e-14     2.68494800083e-15     2.75896260452e-14     2.68494800083e-15     2.07308345214e-14     -7.78166593545e-15    
14.0003333333         2.85413491935e-14     2.78175889427e-15     2.85413491935e-14     2.78175889427e-15     2.13232085634e-14     -7.97994156039e-15    
14.1821414141         2.9510052292e-14      2.88040226426e-15     2.9510052292e-14      2.88040226426e-15     2.19227072815e-14     -8.17906925665e-15    
14.3639494949         3.04957547726e-14     2.98088099217e-15     3.04957547726e-14     2.98088099217e-15     2.2529304823e-14      -8.379002033e-15      
14.5457575758         3.14984755358e-14     3.08319787691e-15     3.14984755358e-14     3.08319787691e-15     2.31429760841e-14     -8.57969386169e-15    
14.7275656566         3.25182329724e-14     3.18735563839e-15     3.25182329724e-14     3.18735563839e-15     2.37636966798e-14     -8.78109965114e-15    
14.9093737374         3.35550449839e-14     3.29335692065e-15     3.35550449839e-14     3.29335692065e-15     2.43914429168e-14     -8.98317521952e-15    
15.0911818182         3.46089290017e-14     3.401204295e-15       3.46089290017e-14     3.401204295e-15       2.50261917659e-14     -9.1858772693e-15     
15.272989899          3.5679902006e-14      3.51090026282e-15     3.5679902006e-14      3.51090026282e-15     2.56679208378e-14     -9.38916336249e-15    
15.4547979798         3.67679805423e-14     3.62244725836e-15     3.67679805423e-14     3.62244725836e-15     2.63166083579e-14     -9.59299189685e-15    
15.6366060606         3.78731807388e-14     3.73584765129e-15     3.78731807388e-14     3.73584765129e-15     2.69722331441e-14     -9.79732208277e-15    
15.8184141414         3.89955183213e-14     3.85110374921e-15     3.89955183213e-14     3.85110374921e-15     2.76347745846e-14     -1.0002113921e-14     
16.0002222222         4.01350086289e-14     3.96821779997e-15     4.01350086289e-14     3.96821779997e-15     2.83042126167e-14     -1.02073281811e-14    
16.182030303          4.12916666274e-14     4.08719199392e-15     4.12916666274e-14     4.08719199392e-15     2.89805277073e-14     -1.04129263806e-14    
16.3638383838         4.24655069236e-14     4.20802846602e-15     4.24655069236e-14     4.20802846602e-15     2.96637008336e-14     -1.06188707648e-14    
16.5456464646         4.36565437774e-14     4.33072929787e-15     4.36565437774e-14     4.33072929787e-15     3.03537134649e-14     -1.08251242871e-14    
16.7274545455         4.48647911144e-14     4.45529651962e-15     4.48647911144e-14     4.45529651962e-15     3.10505475455e-14     -1.10316505907e-14    
16.9092626263         4.60902625378e-14     4.58173211183e-15     4.60902625378e-14     4.58173211183e-15     3.17541854774e-14     -1.12384139896e-14    
17.0910707071         4.7332971339e-14      4.71003800721e-15     4.7332971339e-14      4.71003800721e-15     3.24646101054e-14     -1.14453794517e-14    
17.2728787879         4.85929305087e-14     4.84021609229e-15     4.85929305087e-14     4.84021609229e-15     3.31818047009e-14     -1.16525125811e-14    
17.4546868687         4.9870152747e-14      4.97226820901e-15     4.9870152747e-14      4.97226820901e-15     3.39057529482e-14     -1.18597796021e-14    
17.6364949495         5.11646504726e-14     5.10619615627e-15     5.11646504726e-14     5.10619615627e-15     3.46364389299e-14     -1.20671473429e-14    
17.8183030303         5.24764358329e-14     5.24200169134e-15     5.24764358329e-14     5.24200169134e-15     3.53738471141e-14     -1.22745832203e-14    
18.0001111111         5.38055207121e-14     5.3796865313e-15      5.38055207121e-14     5.3796865313e-15      3.61179623412e-14     -1.24820552245e-14    
18.1819191919         5.51519167401e-14     5.51925235433e-15     5.51519167401e-14     5.51925235433e-15     3.6868769812e-14      -1.26895319049e-14    
18.3637272727         5.65156353005e-14     5.66070080103e-15     5.65156353005e-14     5.66070080103e-15     3.76262550758e-14     -1.28969823559e-14    
18.5455353535         5.78966875387e-14     5.80403347559e-15     5.78966875387e-14     5.80403347559e-15     3.83904040191e-14     -1.31043762036e-14    
18.7273434343         5.92950843686e-14     5.949251947e-15       5.92950843686e-14     5.949251947e-15       3.91612028549e-14     -1.33116835919e-14    
18.9091515152         6.07108364805e-14     6.09635775015e-15     6.07108364805e-14     6.09635775015e-15     3.99386381123e-14     -1.35188751707e-14    
19.090959596          6.21439543477e-14     6.2453523869e-15      6.21439543477e-14     6.2453523869e-15      4.07226966264e-14     -1.3725922083e-14     
19.2727676768         6.35944482329e-14     6.39623732712e-15     6.35944482329e-14     6.39623732712e-15     4.15133655293e-14     -1.39327959528e-14    
19.4545757576         6.50623281948e-14     6.54901400969e-15     6.50623281948e-14     6.54901400969e-15     4.231063224e-14       -1.41394688741e-14    
19.6363838384         6.6547604094e-14      6.70368384341e-15     6.6547604094e-14      6.70368384341e-15     4.31144844565e-14     -1.43459133989e-14    
19.8181919192         6.80502855989e-14     6.86024820795e-15     6.80502855989e-14     6.86024820795e-15     4.39249101467e-14     -1.45521025271e-14    
20                    0                     0                     0                     0                     0                     0                     
