0.0779191396          0                     0                     0                     0                     0                     0                     
0.087577837391        0.00733115792656      -0.0019166223217      0.00733115792656      -0.0019166223217      0.014181855239        -0.00336044817773     
0.0972365351819       0.0441238641484       -0.0138320659879      0.0441238641484       -0.0138320659879      0.0846362473085       -0.023734543498       
0.106895232973        0.114446022476        -0.0428603351614      0.114446022476        -0.0428603351614      0.218057217103        -0.0723261627835      
0.116553930764        0.20942004267         -0.0944019860594      0.20942004267         -0.0944019860594      0.397774133784        -0.157225127191       
0.126212628555        0.31382516972         -0.167874112235       0.31382516972         -0.167874112235       0.597002672698        -0.277089748281       
0.135871326346        0.416441148118        -0.255600455512       0.416441148118        -0.255600455512       0.795787812099        -0.419557239951       
0.145530024137        0.512780943012        -0.349963764848       0.512780943012        -0.349963764848       0.985389362912        -0.57244584044        
0.155188721928        0.601452714684        -0.446184131209       0.601452714684        -0.446184131209       1.16241978945         -0.728126629577       
0.164847419719        0.682179231455        -0.541346627771       0.682179231455        -0.541346627771       1.32564332065         -0.881938333704       
0.17450611751         0.755092479169        -0.633485496696       0.755092479169        -0.633485496696       1.47474047493         -1.03073948775        
0.184164815301        0.820597423529        -0.721753058242       0.820597423529        -0.721753058242       1.61005992644         -1.17317727574        
0.193823513091        0.879126940378        -0.80541298104        0.879126940378        -0.80541298104        1.73211757224         -1.30808325698        
0.203482210882        0.931226161007        -0.884146219824       0.931226161007        -0.884146219824       1.84170623273         -1.4349526234         
0.213140908673        0.977521891845        -0.957765209966       0.977521891845        -0.957765209966       1.93982687121         -1.55348125093        
0.222799606464        1.01862839225         -1.02676691713        1.01862839225         -1.02676691713        2.02753665737         -1.6644945718         
0.232458304255        1.0549100053          -1.09087045949        1.0549100053          -1.09087045949        2.10548210742         -1.76753953142        
0.242117002046        1.08658976487         -1.1505718294         1.08658976487         -1.1505718294         2.17405987134         -1.86342252041        
0.251775699837        1.11420159553         -1.20596873618        1.11420159553         -1.20596873618        2.23430777536         -1.9523110436         
0.261434397628        1.138044796           -1.25714732087        1.138044796           -1.25714732087        2.28677092371         -2.03435359313        
0.271093095419        1.15850549566         -1.30433262863        1.15850549566         -1.30433262863        2.33217482138         -2.10991934509        
0.28075179321         1.17597687624         -1.34778238473        1.17597687624         -1.34778238473        2.37127646755         -2.17943090708        
0.290410491001        1.1907573276          -1.38774925534        1.1907573276          -1.38774925534        2.4046383832          -2.24329436021        
0.300069188792        1.2030718794          -1.42443539482        1.2030718794          -1.42443539482        2.43270954445         -2.30184107691        
0.309727886583        1.21314567875         -1.45816339842        1.21314567875         -1.45816339842        2.45596091166         -2.35558987173        
0.319386584374        1.22119287409         -1.4891221061         1.22119287409         -1.4891221061         2.47483382809         -2.40485005671        
0.329045282165        1.2273069942          -1.5175463637         1.2273069942          -1.5175463637         2.48955411492         -2.44999964014        
0.338703979956        1.2316091925          -1.54356171767        1.2316091925          -1.54356171767        2.50039461781         -2.49124514087        
0.348362677747        1.23423326743         -1.5673194889         1.23423326743         -1.5673194889         2.50765131256         -2.5288354898         
0.358021375538        1.23532142311         -1.58891911043        1.23532142311         -1.58891911043        2.51161830945         -2.56293196604        
0.367680073329        1.23500556853         -1.60864235398        1.23500556853         -1.60864235398        2.51257384951         -2.59401220057        
0.37733877112         1.23308960014         -1.62621739945        1.23308960014         -1.62621739945        2.510215049           -2.62160253975        
0.386997468911        1.23008553578         -1.64205921976        1.23008553578         -1.64205921976        2.50550871687         -2.64639970696        
0.396656166702        1.22585258214         -1.65614257054        1.22585258214         -1.65614257054        2.49819885897         -2.66836058929        
0.406314864492        1.22065319211         -1.66859503448        1.22065319211         -1.66859503448        2.48881226296         -2.68769799115        
0.415973562283        1.21453538741         -1.67947480132        1.21453538741         -1.67947480132        2.47745082619         -2.70450278203        
0.425632260074        1.20756626893         -1.68886314275        1.20756626893         -1.68886314275        2.46424662755         -2.71890676045        
0.435290957865        1.19985589364         -1.69687049493        1.19985589364         -1.69687049493        2.44943555068         -2.73109163759        
0.444949655656        1.19146586509         -1.70352939358        1.19146586509         -1.70352939358        2.43313125066         -2.74110889153        
0.454608353447        1.18248630033         -1.70900172064        1.18248630033         -1.70900172064        2.41552974985         -2.74922077097        
0.464267051238        1.17298609249         -1.71333386535        1.17298609249         -1.71333386535        2.39677068557         -2.75550674998        
0.473925749029        1.16295709702         -1.71668979071        1.16295709702         -1.71668979071        2.37685353139         -2.76021222976        
0.48358444682         1.15255988922         -1.71884640534        1.15255988922         -1.71884640534        2.35606737543         -2.76300629101        
0.493243144611        1.14168003891         -1.7201341638         1.14168003891         -1.7201341638         2.33425205652         -2.76440610896        
0.502901842402        1.13052364312         -1.72055858205        1.13052364312         -1.72055858205        2.31177624479         -2.76442242689        
0.512560540193        1.11905811916         -1.72029402169        1.11905811916         -1.72029402169        2.28858810743         -2.76335181621        
0.522219237984        1.10717816088         -1.71926169235        1.10717816088         -1.71926169235        2.26452536422         -2.76104928588        
0.531877935775        1.09505412817         -1.71770229155        1.09505412817         -1.71770229155        2.23994053153         -2.75790213746        
0.541536633566        1.08256138996         -1.71542616465        1.08256138996         -1.71542616465        2.21459107923         -2.75360756967        
0.551195331357        1.0697632547          -1.7125564605         1.0697632547          -1.7125564605         2.18862027504         -2.74836386747        
0.560854029148        1.05667380573         -1.70909397895        1.05667380573         -1.70909397895        2.16206034291         -2.74217263693        
0.570512726939        1.0432892481          -1.70503115714        1.0432892481          -1.70503115714        2.134913046           -2.73502541808        
0.58017142473         1.02961949649         -1.70048252604        1.02961949649         -1.70048252604        2.10722397785         -2.72710366477        
0.589830122521        1.01558316983         -1.69524294061        1.01558316983         -1.69524294061        2.07884844243         -2.71807097897        
0.599488820312        1.00136500474         -1.68944656565        1.00136500474         -1.68944656565        2.05012196716         -2.70814831783        
0.609147518103        0.987039163907        -1.68323168756        0.987039163907        -1.68323168756        2.02119203289         -2.69756782067        
0.618806215893        0.972574363994        -1.6763144747         0.972574363994        -1.6763144747         1.9919506774          -2.68589198975        
0.628464913684        0.958001406819        -1.66913973886        0.958001406819        -1.66913973886        1.96251554566         -2.67381223461        
0.638123611475        0.94326226754         -1.66148802804        0.94326226754         -1.66148802804        1.93277809367         -2.66097819224        
0.647782309266        0.928402468207        -1.65339418241        0.928402468207        -1.65339418241        1.90281236172         -2.64744607215        
0.657441007057        0.913461951964        -1.64488315114        0.913461951964        -1.64488315114        1.87270023224         -2.63325534417        
0.667099704848        0.898463148056        -1.63597600608        0.898463148056        -1.63597600608        1.84248757903         -2.61844316095        
0.676758402639        0.883394988552        -1.62664871006        0.883394988552        -1.62664871006        1.81215165113         -2.60296989569        
0.68641710043         0.868325294001        -1.61695375299        0.868325294001        -1.61695375299        1.78181382666         -2.58691866643        
0.696075798221        0.853192181374        -1.60683531425        0.853192181374        -1.60683531425        1.75136924528         -2.57020276683        
0.705734496012        0.838186119223        -1.59645892333        0.838186119223        -1.59645892333        1.72114959816         -2.55308753089        
0.715393193803        0.82314361937         -1.58576033553        0.82314361937         -1.58576033553        1.69086739577         -2.53547603949        
0.725051891594        0.808153864292        -1.57484000422        0.808153864292        -1.57484000422        1.66068846867         -2.51751876965        
0.734710589385        0.793164952653        -1.56365734319        0.793164952653        -1.56365734319        1.63053539951         -2.49915319943        
0.744369287176        0.778261914514        -1.55218174119        0.778261914514        -1.55218174119        1.60053724581         -2.48032859342        
0.754027984967        0.763379929781        -1.54048815538        0.763379929781        -1.54048815538        1.57060073404         -2.46116531505        
0.763686682758        0.748504984148        -1.52857239983        0.748504984148        -1.52857239983        1.54069589045         -2.44165635346        
0.773345380549        0.733688223251        -1.51647560099        0.733688223251        -1.51647560099        1.51092837901         -2.42187050351        
0.78300407834         0.718841096828        -1.50410367554        0.718841096828        -1.50410367554        1.48113175252         -2.40165674099        
0.792662776131        0.704038406717        -1.49148244428        0.704038406717        -1.49148244428        1.45142856269         -2.38103890256        
0.802321473922        0.689347330457        -1.47880225449        0.689347330457        -1.47880225449        1.42197593162         -2.36034621874        
0.811980171713        0.674713656877        -1.46593357821        0.674713656877        -1.46593357821        1.39265146447         -2.33936542595        
0.821638869504        0.66010091071         -1.45287664382        0.66010091071         -1.45287664382        1.36340370308         -2.31809253829        
0.831297567294        0.645563099784        -1.43963293817        0.645563099784        -1.43963293817        1.33432305954         -2.29653193081        
0.840956265085        0.631097840071        -1.42628375553        0.631097840071        -1.42628375553        1.30541015657         -2.27481551929        
0.850614962876        0.616653566895        -1.41275180797        0.616653566895        -1.41275180797        1.27656573151         -2.25282069543        
0.860273660667        0.6022635191          -1.39903091076        0.6022635191          -1.39903091076        1.2478652974          -2.23053607523        
0.869932358458        0.587889854283        -1.38514511797        0.587889854283        -1.38514511797        1.21923651311         -2.20799760165        
0.879591056249        0.573583925833        -1.37109528878        0.573583925833        -1.37109528878        1.19076650409         -2.18520908905        
0.88924975404         0.559339540556        -1.35686962394        0.559339540556        -1.35686962394        1.16244222735         -2.1621496863         
0.898908451831        0.54516840299         -1.3424734895         0.54516840299         -1.3424734895         1.13429216224         -2.13883217083        
0.908567149622        0.53102708013         -1.32786325565        0.53102708013         -1.32786325565        1.10622837589         -2.11518416434        
0.918225847413        0.51699408766         -1.31308712353        0.51699408766         -1.31308712353        1.07839453228         -2.0912833567         
0.927884545204        0.503017189186        -1.29807420697        0.503017189186        -1.29807420697        1.05069323224         -2.06701791335        
0.937543242995        0.489091524449        -1.28283572612        0.489091524449        -1.28283572612        1.02310948962         -2.0424028772         
0.947201940786        0.475225312223        -1.26737049516        0.475225312223        -1.26737049516        0.995668083222        -2.01743652144        
0.956860638577        0.46141205567         -1.25151535724        0.46141205567         -1.25151535724        0.968330621777        -1.99184967607        
0.966519336368        0.447670694114        -1.23530823998        0.447670694114        -1.23530823998        0.941131780573        -1.965719244          
0.976178034159        0.433909130375        -1.2184330084         0.433909130375        -1.2184330084         0.913864913332        -1.9385390841         
0.98583673195         0.419363943921        -1.19877995879        0.419363943921        -1.19877995879        0.884930751036        -1.90695103345        
0.995495429741        0.404596887795        -1.17765666888        0.404596887795        -1.17765666888        0.85547665942         -1.87303766397        
1.00515412753         0.390205484746        -1.1569969823         0.390205484746        -1.1569969823         0.82679229768         -1.83987339007        
1.01481282532         0.376178641182        -1.1367453491         0.376178641182        -1.1367453491         0.798852250958        -1.80737084045        
1.02447152311         0.362471845132        -1.11680802843        0.362471845132        -1.11680802843        0.771565884796        -1.77538058436        
1.0341302209          0.34911437162         -1.09719580959        0.34911437162         -1.09719580959        0.744980871349        -1.74391914051        
1.0437889187          0.336031055997        -1.0778887586         0.336031055997        -1.0778887586         0.718965211536        -1.71295354931        
1.05344761649         0.323208002796        -1.05878044014        0.323208002796        -1.05878044014        0.693480263755        -1.68231495514        
1.06310631428         0.310758205889        -1.04002799457        0.310758205889        -1.04002799457        0.668731127293        -1.6522543754         
1.07276501207         0.298393466174        -1.02137047673        0.298393466174        -1.02137047673        0.644215749415        -1.62235308886        
1.08242370986         0.286351704619        -1.00301254786        0.286351704619        -1.00301254786        0.620341459177        -1.59294126756        
1.09208240765         0.274478889989        -0.984806707885       0.274478889989        -0.984806707885       0.596843194678        -1.56376963743        
1.10174110544         0.262908985784        -0.966775032215       0.262908985784        -0.966775032215       0.573940144522        -1.53488982423        
1.11139980323         0.25160510025         -0.949000902717       0.25160510025         -0.949000902717       0.551577127316        -1.50643095816        
1.12105850102         0.24058098295         -0.931431441829       0.24058098295         -0.931431441829       0.529771885452        -1.47830807865        
1.13071719881         0.229788913289        -0.914064080507       0.229788913289        -0.914064080507       0.508437693916        -1.45051540309        
1.14037589661         0.219232982781        -0.896867521092       0.219232982781        -0.896867521092       0.487577614299        -1.4230047688         
1.1500345944          0.208904780498        -0.879903873222       0.208904780498        -0.879903873222       0.467185738857        -1.39587554538        
1.15969329219         0.198831678308        -0.863071525408       0.198831678308        -0.863071525408       0.447291110403        -1.3689602366         
1.16935198998         0.189064345911        -0.846537079027       0.189064345911        -0.846537079027       0.427988700748        -1.34253006591        
1.17901068777         0.1794951237          -0.830153826883       0.1794951237          -0.830153826883       0.409091594329        -1.31634844434        
1.18866938556         0.170113890222        -0.813902196219       0.170113890222        -0.813902196219       0.39057170132         -1.29038401874        
1.19832808335         0.160996029265        -0.798026493714       0.160996029265        -0.798026493714       0.372588435624        -1.26502508372        
1.20798678114         0.152100142676        -0.782195770214       0.152100142676        -0.782195770214       0.355023071565        -1.23973937834        
1.21764547893         0.143395735729        -0.766514123659       0.143395735729        -0.766514123659       0.337856488964        -1.21470138199        
1.22730417672         0.134948805327        -0.751074120554       0.134948805327        -0.751074120554       0.321184010612        -1.19005538382        
1.23696287451         0.126734464248        -0.73590517414        0.126734464248        -0.73590517414        0.304974276539        -1.16584704851        
1.24662157231         0.118716685187        -0.720822895577       0.118716685187        -0.720822895577       0.289143005496        -1.14178472578        
1.2562802701          0.110918803462        -0.705988546462       0.110918803462        -0.705988546462       0.273747030164        -1.11812302738        
1.26593896789         0.103307671594        -0.691337537843       0.103307671594        -0.691337537843       0.258725071588        -1.09475934066        
1.27559766568         0.0958941518037       -0.676894979191       0.0958941518037       -0.676894979191       0.244094555478        -1.07173383493        
1.28525636347         0.088679314465        -0.662667900683       0.088679314465        -0.662667900683       0.229858081799        -1.04905674998        
1.29491506126         0.0816227687706       -0.648565638283       0.0816227687706       -0.648565638283       0.215937465778        -1.0265831681         
1.30457375905         0.0747488976102       -0.634582477516       0.0747488976102       -0.634582477516       0.202374965159        -1.00430204915        
1.31423245684         0.0680926547951       -0.620837709081       0.0680926547951       -0.620837709081       0.189236136303        -0.982407475341       
1.32389115463         0.0616208063971       -0.607252059287       0.0616208063971       -0.607252059287       0.176458290031        -0.960771887321       
1.33354985242         0.0553472724206       -0.593831129676       0.0553472724206       -0.593831129676       0.164060715757        -0.939404761119       
1.34320855022         0.0492541173984       -0.580597692102       0.0492541173984       -0.580597692102       0.1520156985          -0.918341221383       
1.35286724801         0.043340528022        -0.567499732543       0.043340528022        -0.567499732543       0.140314913928        -0.89749861971        
1.3625259458          0.0376090891303       -0.554616617342       0.0376090891303       -0.554616617342       0.12896993791         -0.877002012979       
1.37218464359         0.032065371621        -0.54185367377        0.032065371621        -0.54185367377        0.117979648257        -0.856702459428       
1.38184334138         0.0266414827614       -0.529271678068       0.0266414827614       -0.529271678068       0.107236559087        -0.836690716306       
1.39150203917         0.0214248215427       -0.516856675543       0.0214248215427       -0.516856675543       0.0968843041562       -0.816951426152       
1.40116073696         0.016381326142        -0.504609219277       0.016381326142        -0.504609219277       0.086863473084        -0.797483021756       
1.41081943475         0.011508732265        -0.492515802387       0.011508732265        -0.492515802387       0.0771683802725       -0.778264128149       
1.42047813254         0.00679171510958      -0.480592724056       0.00679171510958      -0.480592724056       0.0677742309463       -0.759320612771       
1.43013683033         0.00223218571219      -0.468829612983       0.00223218571219      -0.468829612983       0.0586818149429       -0.740635469567       
1.43979552812         -0.00216257965424     -0.457239155375       -0.00216257965424     -0.457239155375       0.0499035870461       -0.722227850311       
1.44945422592         -0.00642968160725     -0.445763935466       -0.00642968160725     -0.445763935466       0.0413751266744       -0.704006309311       
1.45911292371         -0.0105222399064      -0.434456790585       -0.0105222399064      -0.434456790585       0.0331748803914       -0.6860566509         
1.4687716215          -0.0144608015927      -0.423304980012       -0.0144608015927      -0.423304980012       0.025267341194        -0.668357610645       
1.47843031929         -0.0182467781536      -0.412298025011       -0.0182467781536      -0.412298025011       0.0176476222153       -0.650892523794       
1.48808901708         -0.0218841427671      -0.401434449125       -0.0218841427671      -0.401434449125       0.0103082628872       -0.633659874785       
1.49774771487         -0.0253850756939      -0.39072716662        -0.0253850756939      -0.39072716662        0.00322946337087      -0.616676531277       
1.50740641266         -0.0287311980874      -0.380156344243       -0.0287311980874      -0.380156344243       -0.00356024876111     -0.599913594569       
1.51706511045         -0.0319335293824      -0.369731923279       -0.0319335293824      -0.369731923279       -0.0100795344895      -0.583387386523       
1.52672380824         -0.0349939681781      -0.359466593146       -0.0349939681781      -0.359466593146       -0.0163311038822      -0.567116723813       
1.53638250603         -0.0379074904327      -0.349333422517       -0.0379074904327      -0.349333422517       -0.0223107542489      -0.551059221781       
1.54604120383         -0.040699096106       -0.339356612214       -0.040699096106       -0.339356612214       -0.0280575492664      -0.535251879942       
1.55569990162         -0.0433448639351      -0.329515942118       -0.0433448639351      -0.329515942118       -0.0335340610731      -0.519664029705       
1.56535859941         -0.0458552710167      -0.319812769708       -0.0458552710167      -0.319812769708       -0.0387591668147      -0.504297465963       
1.5750172972          -0.0482332614113      -0.310237248617       -0.0482332614113      -0.310237248617       -0.0437392096748      -0.489136657997       
1.58467599499         -0.0504851465918      -0.300809586319       -0.0504851465918      -0.300809586319       -0.0484833442521      -0.474212424495       
1.59433469278         -0.0526020660689      -0.291514964643       -0.0526020660689      -0.291514964643       -0.0529789125453      -0.459502234172       
1.60399339057         -0.0545945866856      -0.282388178459       -0.0545945866856      -0.282388178459       -0.0572401697372      -0.445060446908       
1.61365208836         -0.0564504983468      -0.273363990229       -0.0564504983468      -0.273363990229       -0.0612551756427      -0.43078405094        
1.62331078615         -0.0582037707315      -0.264501278188       -0.0582037707315      -0.264501278188       -0.0650738155425      -0.416766078688       
1.63296948394         -0.0598107860815      -0.255780212036       -0.0598107860815      -0.255780212036       -0.0686283058138      -0.402975144127       
1.64262818173         -0.0613069296729      -0.247187393507       -0.0613069296729      -0.247187393507       -0.0719772110405      -0.389389566374       
1.65228687953         -0.0626840735285      -0.238748344663       -0.0626840735285      -0.238748344663       -0.0751058104796      -0.37604992464        
1.66194557732         -0.0639461530505      -0.230453226418       -0.0639461530505      -0.230453226418       -0.0780222681735      -0.362940356297       
1.67160427511         -0.0650963454452      -0.222310534791       -0.0650963454452      -0.222310534791       -0.0807313180017      -0.35007425147        
1.6812629729          -0.066141539912       -0.214329598462       -0.066141539912       -0.214329598462       -0.0832436635242      -0.337466120256       
1.69092167069         -0.0671551758659      -0.206742575607       -0.0671551758659      -0.206742575607       -0.0856531377064      -0.325481323578       
1.70058036848         -0.0685647509272      -0.200798794531       -0.0685647509272      -0.200798794531       -0.0885136419323      -0.316085745539       
1.71023906627         -0.0698481259593      -0.194655888236       -0.0698481259593      -0.194655888236       -0.0911800414934      -0.306380310851       
1.71989776406         -0.0709731313627      -0.188427530126       -0.0709731313627      -0.188427530126       -0.0935937939299      -0.296542246746       
1.72955646185         -0.071958471608       -0.182130383923       -0.071958471608       -0.182130383923       -0.0957820346252      -0.286598381495       
1.73921515964         -0.0728057527669      -0.175785702731       -0.0728057527669      -0.175785702731       -0.0977457345834      -0.276582149087       
1.74887385744         -0.0735161887998      -0.16940556524        -0.0735161887998      -0.16940556524        -0.0994857502934      -0.266512670666       
1.75853255523         -0.0740854729245      -0.163008397102       -0.0740854729245      -0.163008397102       -0.100994240712       -0.256418720251       
1.76819125302         -0.0745180989718      -0.156600735873       -0.0745180989718      -0.156600735873       -0.102277849154       -0.246310733245       
1.77784995081         -0.0748041356573      -0.150191938207       -0.0748041356573      -0.150191938207       -0.1033205718         -0.236203302583       
1.7875086486          -0.0749523633968      -0.143798665285       -0.0749523633968      -0.143798665285       -0.104135343619       -0.226122762121       
1.79716734639         -0.0749572007967      -0.137427025758       -0.0749572007967      -0.137427025758       -0.104713238463       -0.21607856728        
1.80682604418         -0.0748178223002      -0.131088418587       -0.0748178223002      -0.131088418587       -0.105052561368       -0.206088605583       
1.81648474197         -0.0745373278425      -0.124791274111       -0.0745373278425      -0.124791274111       -0.105157944246       -0.19616622267        
1.82614343976         -0.0741093361954      -0.118543808012       -0.0741093361954      -0.118543808012       -0.105019108902       -0.186324059638       
1.83580213755         -0.0735381994547      -0.112354030582       -0.0735381994547      -0.112354030582       -0.104642786137       -0.176574877174       
1.84546083534         -0.072818416189       -0.106234336145       -0.072818416189       -0.106234336145       -0.104020132705       -0.166937995877       
1.85511953314         -0.071955662299       -0.100194298882       -0.071955662299       -0.100194298882       -0.103159781446       -0.157428498934       
1.86477823093         -0.0709502699706      -0.0942398627432      -0.0709502699706      -0.0942398627432      -0.102062476922       -0.148055695956       
1.87443692872         -0.0698013086627      -0.0883855112324      -0.0698013086627      -0.0883855112324      -0.100726376817       -0.138842234269       
1.88409562651         -0.06850564285        -0.0826349299985      -0.06850564285        -0.0826349299985      -0.0991467796092      -0.129793768422       
1.8937543243          -0.0670696302664      -0.0770034112103      -0.0670696302664      -0.0770034112103      -0.097333427946       -0.120934374429       
1.90341302209         -0.0654941620614      -0.0714973719782      -0.0654941620614      -0.0714973719782      -0.0952879511247      -0.112274091917       
1.91307171988         -0.0637791227962      -0.066130890122       -0.0637791227962      -0.066130890122       -0.0930100195001      -0.103834874734       
1.92273041767         -0.0619280721415      -0.0609113608385      -0.0619280721415      -0.0609113608385      -0.0905054476064      -0.0956283184925      
1.93238911546         -0.0599447946782      -0.0558520036919      -0.0599447946782      -0.0558520036919      -0.0877801694202      -0.0876750908989      
1.94204781325         -0.0578334369275      -0.0509640478588      -0.0578334369275      -0.0509640478588      -0.0848408287306      -0.0799927370789      
1.95170651105         -0.0555982448156      -0.0462600092663      -0.0555982448156      -0.0462600092663      -0.0816941883548      -0.0726008377851      
1.96136520884         -0.0532468147435      -0.0417513737775      -0.0532468147435      -0.0417513737775      -0.0783523966865      -0.0655173384039      
1.97102390663         -0.0507864190512      -0.0374523126811      -0.0507864190512      -0.0374523126811      -0.0748269025282      -0.0587643446408      
1.98068260442         -0.0482264184281      -0.0333748904649      -0.0482264184281      -0.0333748904649      -0.0711326642768      -0.0523607023411      
1.99034130221         -0.0455795844007      -0.0295329319833      -0.0455795844007      -0.0295329319833      -0.0672898581552      -0.0463279860423      
2                     -0.0428603962052      -0.0259380488824      -0.0428603962052      -0.0259380488824      -0.0633213891302      -0.0406843192213      
2.1922901849          -0.00259289721547     -0.000298516104342    -0.00259289721547     -0.000298516104342    -0.00377164568148     -0.00046793030392     
2.2092901849          -0.00144112926524     -0.000127835114301    -0.00144112926524     -0.000127835114301    -0.00209042522598     -0.000200099755158    
2.2262901849          -0.000608135844463    -2.27175708946e-05    -0.000608135844463    -2.27175708946e-05    -0.000878849910231    -3.50086410559e-05    
2.2432901849          -9.13336100539e-05    3.93503139458e-05     -9.13336100539e-05    3.93503139458e-05     -0.000129568137319    6.26584381197e-05     
2.2602901849          2.87696166285e-05     0.000190166907615     2.87696166285e-05     0.000190166907615     4.66531262679e-05     0.000284980919421     
2.2772901849          5.60214728818e-05     0.000596267951072     5.60214728818e-05     0.000596267951072     9.02768047382e-05     0.000867807088701     
2.2942901849          8.0574616574e-05      0.00107772948112      8.0574616574e-05      0.00107772948112      0.000129491055023     0.0015522141398       
2.3112901849          0.000100728445934     0.00158048565855      0.000100728445934     0.00158048565855      0.000161622127467     0.00226139832577      
2.3122901849          0.000101768066027     0.00161008280621      0.000101768066027     0.00161008280621      0.000163277973583     0.00230298775751      
2.49277701975         0.000100929634441     0.00506061319648      0.000100929634441     0.00506061319648      0.000161000775114     0.00698399583418      
2.6732638546          7.43275975716e-07     0.00450982115578      7.43275975716e-07     0.00450982115578      9.71531645302e-07     0.0060752566805       
2.85375068944         -3.16010650151e-05    0.00235050296896      -3.16010650151e-05    0.00235050296896      -5.04792587274e-05    0.00310412894277      
3.03423752429         -1.33286304926e-05    0.00055824807643      -1.33286304926e-05    0.00055824807643      -2.12580418246e-05    0.000725240813088     
3.21472435914         9.14224543984e-05     2.95465120213e-06     9.14224543984e-05     2.95465120213e-06     0.000117503880882     5.93194309039e-06     
3.39521119399         0.000645907517128     2.54404774375e-05     0.000645907517128     2.54404774375e-05     0.000820376720283     3.93651859789e-05     
3.57569802884         0.000952584388035     4.32907674994e-05     0.000952584388035     4.32907674994e-05     0.00119243472216      5.55189588501e-05     
3.75618486368         0.000928779004949     4.7116473624e-05      0.000928779004949     4.7116473624e-05      0.00114490504275      5.22974366289e-05     
3.93667169853         0.000718674859916     3.98150446931e-05     0.000718674859916     3.98150446931e-05     0.00087217647368      3.93860467377e-05     
4.11715853338         0.000471776436298     2.81062149382e-05     0.000471776436298     2.81062149382e-05     0.000563630825424     2.53283695714e-05     
4.29764536823         0.000271421267003     1.71917653987e-05     0.000271421267003     1.71917653987e-05     0.000319277371662     1.43681402933e-05     
4.47813220308         0.000139412186001     9.30717473456e-06     0.000139412186001     9.30717473456e-06     0.000161492212885     7.30542633026e-06     
4.65861903792         6.46790420925e-05     4.52027783613e-06     6.46790420925e-05     4.52027783613e-06     7.38033957362e-05     3.37084684593e-06     
4.83910587277         2.73169452805e-05     1.98768819731e-06     2.73169452805e-05     1.98768819731e-06     3.07112334994e-05     1.42154972903e-06     
5.01959270762         1.05610707893e-05     7.96532753661e-07     1.05610707893e-05     7.96532753661e-07     1.17016770545e-05     5.50064611249e-07     
5.20007954247         3.75278381703e-06     2.92296896872e-07     3.75278381703e-06     2.92296896872e-07     4.09936725944e-06     1.96133360989e-07     
5.38056637732         1.22942651521e-06     9.85825226505e-08     1.22942651521e-06     9.85825226505e-08     1.32434583533e-06     6.46882047589e-08     
5.56105321216         3.72211509946e-07     3.06455846114e-08     3.72211509946e-07     3.06455846114e-08     3.95494123562e-07     1.9746889873e-08      
5.74154004701         1.04336195024e-07     8.8005564136e-09      1.04336195024e-07     8.8005564136e-09      1.09384955913e-07     5.58835987096e-09     
5.92202688186         2.71205910392e-08     2.33894142067e-09     2.71205910392e-08     2.33894142067e-09     2.80618408751e-08     1.46807384823e-09     
6.10251371671         6.54520735094e-09     5.76162537907e-10     6.54520735094e-09     5.76162537907e-10     6.68591822727e-09     3.58382717929e-10     
6.28300055156         1.46810240099e-09     1.31712110442e-10     1.46810240099e-09     1.31712110442e-10     1.48092128119e-09     8.14548949444e-11     
6.4634873864          3.06325954288e-10     2.79719477621e-11     3.06325954288e-10     2.79719477621e-11     3.05207419938e-10     1.72322387515e-11     
6.64397422125         5.94987822969e-11     5.5233449719e-12      5.94987822969e-11     5.5233449719e-12      5.85676333914e-11     3.3950207646e-12      
6.8244610561          1.07656157776e-11     1.01491147913e-12     1.07656157776e-11     1.01491147913e-12     1.047195362e-11       6.23276809967e-13     
7.00494789095         1.82025765305e-12     1.74102119518e-13     1.82025765305e-12     1.74102119518e-13     1.75008610148e-12     1.06948094136e-13     
7.18543472579         2.85931150024e-13     2.77230879243e-14     2.85931150024e-13     2.77230879243e-14     2.71782574529e-13     1.70512181474e-14     
7.36592156064         4.30567670618e-14     4.22856065118e-15     4.30567670618e-14     4.22856065118e-15     4.04695614543e-14     2.60624652445e-15     
7.54640839549         1.40933823056e-14     1.40097403131e-15     1.40933823056e-14     1.40097403131e-15     1.31014839656e-14     8.6590692197e-16      
7.72689523034         3.32952481189e-15     3.34796094439e-16     3.32952481189e-15     3.34796094439e-16     3.0619385975e-15      2.07635357779e-16     
7.90738206519         3.62645844623e-15     3.68644186005e-16     3.62645844623e-15     3.68644186005e-16     3.29985565526e-15     2.29613983214e-16     
8.08786890003         3.93727118593e-15     4.04399728459e-16     3.93727118593e-15     4.04399728459e-16     3.54550547024e-15     2.5310644667e-16      
8.26835573488         4.26204295711e-15     4.42086411286e-16     4.26204295711e-15     4.42086411286e-16     3.79880088756e-15     2.78133133893e-16     
8.44884256973         4.60084922368e-15     4.81726811288e-16     4.60084922368e-15     4.81726811288e-16     4.05962938799e-15     3.04736900242e-16     
8.62932940458         4.95376134368e-15     5.23342468613e-16     4.95376134368e-15     5.23342468613e-16     4.32787773825e-15     3.32959643292e-16     
8.80981623943         5.32084688932e-15     5.66953956128e-16     5.32084688932e-15     5.66953956128e-16     4.60343447683e-15     3.62842310561e-16     
8.99030307427         5.70216993527e-15     6.12580942827e-16     5.70216993527e-15     6.12580942827e-16     4.88619054458e-15     3.94424910326e-16     
9.17078990912         6.09779131883e-15     6.6024225191e-16      6.09779131883e-15     6.6024225191e-16      5.17603950888e-15     4.27746524935e-16     
9.35127674397         6.50776887546e-15     7.09955914046e-16     6.50776887546e-15     7.09955914046e-16     5.4728776552e-15      4.62845326087e-16     
9.53176357882         6.93215765226e-15     7.61739216317e-16     6.93215765226e-15     7.61739216317e-16     5.77660402826e-15     4.99758591666e-16     
9.71225041367         7.37101010214e-15     8.15608747264e-16     7.37101010214e-15     8.15608747264e-16     6.08712045788e-15     5.3852272375e-16      
9.89273724851         7.82437626051e-15     8.71580438394e-16     7.82437626051e-15     8.71580438394e-16     6.40433159185e-15     5.79173267512e-16     
10.0732240834         8.29230390663e-15     9.29669602507e-16     8.29230390663e-15     9.29669602507e-16     6.72814496093e-15     6.21744930742e-16     
10.2537109182         8.77483871109e-15     9.89890969117e-16     8.77483871109e-15     9.89890969117e-16     7.05847111825e-15     6.66271603791e-16     
10.4341977531         9.27202437083e-15     1.05225871725e-15     9.27202437083e-15     1.05225871725e-15     7.39522394821e-15     7.12786379758e-16     
10.6146845879         9.78390273315e-15     1.11678650583e-15     9.78390273315e-15     1.11678650583e-15     7.73832141415e-15     7.6132157477e-16      
10.7951714228         1.03105139095e-14     1.18348750191e-15     1.03105139095e-14     1.18348750191e-15     8.08768778618e-15     8.1190874824e-16      
10.9756582576         1.08518963806e-14     1.2523744069e-15      1.08518963806e-14     1.2523744069e-15      8.44326536739e-15     8.64578723004e-16     
11.1561450925         1.14080870927e-14     1.32345948095e-15     1.14080870927e-14     1.32345948095e-15     8.80499915409e-15     9.19476704468e-16     
11.3366319273         1.19791215473e-14     1.39675456568e-15     1.19791215473e-14     1.39675456568e-15     9.17266152193e-15     9.76575698265e-16     
11.5171187621         1.25650338835e-14     1.47227110543e-15     1.25650338835e-14     1.47227110543e-15     9.54622578919e-15     1.03586426575e-15     
11.697605597          1.31658569542e-14     1.55002016701e-15     1.31658569542e-14     1.55002016701e-15     9.925626604e-15       1.09737127377e-15     
11.8780924318         1.37816223977e-14     1.63001245826e-15     1.37816223977e-14     1.63001245826e-15     1.03107945853e-14     1.16112494857e-15     
12.0585792667         1.44123607028e-14     1.71225834534e-15     1.44123607028e-14     1.71225834534e-15     1.07016603286e-14     1.22715289356e-15     
12.2390661015         1.50581012704e-14     1.79676786896e-15     1.50581012704e-14     1.79676786896e-15     1.10981553821e-14     1.29548210659e-15     
12.4195529364         1.57188724705e-14     1.88355075965e-15     1.57188724705e-14     1.88355075965e-15     1.15002125769e-14     1.36613899683e-15     
12.6000397712         1.63947016949e-14     1.97261645197e-15     1.63947016949e-14     1.97261645197e-15     1.19077661491e-14     1.43914940121e-15     
12.7805266061         1.70856154075e-14     2.06397409801e-15     1.70856154075e-14     2.06397409801e-15     1.23207517791e-14     1.51453860046e-15     
12.9610134409         1.77916391897e-14     2.15763257995e-15     1.77916391897e-14     2.15763257995e-15     1.27391065935e-14     1.59233133461e-15     
13.1415002758         1.85127977843e-14     2.25360052201e-15     1.85127977843e-14     2.25360052201e-15     1.31627691479e-14     1.6725518182e-15      
13.3219871106         1.92491151358e-14     2.35188630157e-15     1.92491151358e-14     2.35188630157e-15     1.35916794007e-14     1.7552237549e-15      
13.5024739455         2.00006144285e-14     2.45249805979e-15     2.00006144285e-14     2.45249805979e-15     1.40257786823e-14     1.84037035182e-15     
13.6829607803         2.07673181217e-14     2.55544371155e-15     2.07673181217e-14     2.55544371155e-15     1.44650096607e-14     1.92801433328e-15     
13.8634476152         2.15492479838e-14     2.66073095485e-15     2.15492479838e-14     2.66073095485e-15     1.49093163073e-14     2.01817795428e-15     
14.04393445           2.23464251231e-14     2.76836727973e-15     2.23464251231e-14     2.76836727973e-15     1.53586438617e-14     2.11088301349e-15     
14.2244212849         2.31588700177e-14     2.87835997666e-15     2.31588700177e-14     2.87835997666e-15     1.58129387975e-14     2.2061508658e-15      
14.4049081197         2.39866025433e-14     2.99071614451e-15     2.39866025433e-14     2.99071614451e-15     1.62721487883e-14     2.3040024346e-15      
14.5853949546         2.48296419992e-14     3.1054426981e-15      2.48296419992e-14     3.1054426981e-15      1.67362226751e-14     2.40445822354e-15     
14.7658817894         2.56880071333e-14     3.22254637535e-15     2.56880071333e-14     3.22254637535e-15     1.72051104342e-14     2.50753832805e-15     
14.9463686243         2.65617161654e-14     3.34203374409e-15     2.65617161654e-14     3.34203374409e-15     1.76787631466e-14     2.61326244634e-15     
15.1268554591         2.74507868091e-14     3.46391120845e-15     2.74507868091e-14     3.46391120845e-15     1.81571329692e-14     2.72164989022e-15     
15.307342294          2.83552362927e-14     3.58818501504e-15     2.83552362927e-14     3.58818501504e-15     1.86401731061e-14     2.83271959549e-15     
15.4878291288         2.92750813789e-14     3.71486125873e-15     2.92750813789e-14     3.71486125873e-15     1.91278377828e-14     2.94649013194e-15     
15.6683159636         3.02103383837e-14     3.84394588818e-15     3.02103383837e-14     3.84394588818e-15     1.96200822208e-14     3.06297971317e-15     
15.8488027985         3.11610231936e-14     3.97544471115e-15     3.11610231936e-14     3.97544471115e-15     2.01168626143e-14     3.18220620601e-15     
16.0292896333         3.21271512829e-14     4.10936339946e-15     3.21271512829e-14     4.10936339946e-15     2.06181361095e-14     3.30418713963e-15     
16.2097764682         3.31087377293e-14     4.24570749382e-15     3.31087377293e-14     4.24570749382e-15     2.11238607844e-14     3.42893971443e-15     
16.390263303          3.4105797229e-14      4.38448240834e-15     3.4105797229e-14      4.38448240834e-15     2.16339956331e-14     3.55648081058e-15     
16.5707501379         3.51183441111e-14     4.52569343492e-15     3.51183441111e-14     4.52569343492e-15     2.21485005514e-14     3.68682699631e-15     
16.7512369727         3.61463923513e-14     4.66934574736e-15     3.61463923513e-14     4.66934574736e-15     2.26673363273e-14     3.81999453596e-15     
16.9317238076         3.71899555849e-14     4.81544440536e-15     3.71899555849e-14     4.81544440536e-15     2.3190464636e-14      3.95599939779e-15     
17.1122106424         3.8249047119e-14      4.96399435829e-15     3.8249047119e-14      4.96399435829e-15     2.37178480422e-14     4.09485726144e-15     
17.2926974773         3.93236799442e-14     5.11500044879e-15     3.93236799442e-14     5.11500044879e-15     2.42494500115e-14     4.23658352532e-15     
17.4731843121         4.0413866746e-14      5.26846741627e-15     4.0413866746e-14      5.26846741627e-15     2.4785234937e-14      4.38119331363e-15     
17.653671147          4.15196199155e-14     5.42439990019e-15     4.15196199155e-14     5.42439990019e-15     2.53251681884e-14     4.52870148322e-15     
17.8341579818         4.26409515594e-14     5.58280244327e-15     4.26409515594e-14     5.58280244327e-15     2.58692162011e-14     4.67912263025e-15     
18.0146448167         4.37778735098e-14     5.74367949447e-15     4.37778735098e-14     5.74367949447e-15     2.64173466356e-14     4.83247109661e-15     
18.1951316515         4.49303973335e-14     5.90703541198e-15     4.49303973335e-14     5.90703541198e-15     2.69695286795e-14     4.9887609762e-15      
18.3756184864         4.6098534341e-14      6.07287446593e-15     4.6098534341e-14      6.07287446593e-15     2.75257336773e-14     5.1480061209e-15      
18.5561053212         4.72822955947e-14     6.24120084113e-15     4.72822955947e-14     6.24120084113e-15     2.80859366744e-14     5.31022014652e-15     
18.7365921561         4.84816919172e-14     6.41201863961e-15     4.84816919172e-14     6.41201863961e-15     2.86501216054e-14     5.47541643844e-15     
18.9170789909         4.9696733899e-14      6.58533188309e-15     4.9696733899e-14      6.58533188309e-15     2.92183373097e-14     5.64362648803e-15     
19.0975658258         5.09274319059e-14     6.76114451536e-15     5.09274319059e-14     6.76114451536e-15     2.97904006055e-14     5.81506158973e-15     
19.2780526606         5.21737960865e-14     6.93946040454e-15     5.21737960865e-14     6.93946040454e-15     3.03662325707e-14     5.98953106274e-15     
19.4585394955         5.34358363782e-14     7.12028334527e-15     5.34358363782e-14     7.12028334527e-15     3.09458476029e-14     6.16704772523e-15     
19.6390263303         5.47135625145e-14     7.30361706084e-15     5.47135625145e-14     7.30361706084e-15     3.15292269694e-14     6.34762419087e-15     
19.8195131652         5.60069840309e-14     7.48946520518e-15     5.60069840309e-14     7.48946520518e-15     3.211634657e-14       6.53127287357e-15     
20                    0                     0                     0                     0                     0                     0                     
