0.0779191396          0                     0                     0                     0                     0                     0                     
0.087577837391        0.0111506251943       -0.00115407158451     0.0111506251943       -0.00115407158451     0.0181242261502       -0.00181793977183     
0.0972365351819       0.0672896884157       -0.00813848941507     0.0672896884157       -0.00813848941507     0.108359966014        -0.0122792340728      
0.106895232973        0.175458261311        -0.0251188397307      0.175458261311        -0.0251188397307      0.280230301777        -0.0364641930106      
0.116553930764        0.327978328853        -0.055293910521       0.327978328853        -0.055293910521       0.519947264675        -0.0778088244719      
0.126212628555        0.513797867831        -0.101787259118       0.513797867831        -0.101787259118       0.809133266298        -0.13965901666        
0.135871326346        0.720810193998        -0.167929470512       0.720810193998        -0.167929470512       1.12897038653         -0.225719345671       
0.145530024137        0.935000744911        -0.255387756545       0.935000744911        -0.255387756545       1.45933494043         -0.337775234567       
0.155188721928        1.14345590418         -0.360345436338       1.14345590418         -0.360345436338       1.78235748733         -0.471020990795       
0.164847419719        1.33864086672         -0.475723969203       1.33864086672         -0.475723969203       2.08740238172         -0.616749013329       
0.17450611751         1.51801964679         -0.595190018685       1.51801964679         -0.595190018685       2.37039153982         -0.767187378201       
0.184164815301        1.68160955662         -0.714628963498       1.68160955662         -0.714628963498       2.63077661598         -0.917297104517       
0.193823513091        1.83025961323         -0.831273941032       1.83025961323         -0.831273941032       2.86923940531         -1.06367755769        
0.203482210882        1.96521596486         -0.944006460453       1.96521596486         -0.944006460453       3.08717555346         -1.20498952156        
0.213140908673        2.0875855873          -1.05177539991        2.0875855873          -1.05177539991        3.28588995906         -1.33994217749        
0.222799606464        2.19871529807         -1.1544348907         2.19871529807         -1.1544348907         3.4670948933          -1.46841031052        
0.232458304255        2.29942563995         -1.25208249954        2.29942563995         -1.25208249954        3.63188218917         -1.59049105373        
0.242117002046        2.38960890545         -1.32946604702        2.38960890545         -1.32946604702        3.77977268342         -1.68724290773        
0.251775699837        2.47181654163         -1.43226779094        2.47181654163         -1.43226779094        3.91555874407         -1.81546950426        
0.261434397628        2.54496544506         -1.51444143056        2.54496544506         -1.51444143056        4.03658945931         -1.91795117263        
0.271093095419        2.61058548238         -1.5912979922         2.61058548238         -1.5912979922         4.14540660953         -2.01373732194        
0.28075179321         2.66971306222         -1.66319694036        2.66971306222         -1.66319694036        4.24349067251         -2.10328231877        
0.290410491001        2.72277446559         -1.73039973049        2.72277446559         -1.73039973049        4.33148113978         -2.18691203173        
0.300069188792        2.77037857847         -1.79302662045        2.77037857847         -1.79302662045        4.41031827822         -2.26476388208        
0.309727886583        2.81334663148         -1.85215179013        2.81334663148         -1.85215179013        4.48120369483         -2.33819602431        
0.319386584374        2.8515812876          -1.90787867715        2.8515812876          -1.90787867715        4.5441364129          -2.40733265021        
0.329045282165        2.88538315695         -1.96047100813        2.88538315695         -1.96047100813        4.59966676347         -2.47250524573        
0.338703979956        2.91480070062         -2.00999737548        2.91480070062         -2.00999737548        4.64795533427         -2.5338066051         
0.348362677747        2.94010863554         -2.05654182385        2.94010863554         -2.05654182385        4.68948897867         -2.59134893549        
0.358021375538        2.96148297666         -2.100075787          2.96148297666         -2.100075787          4.7245853262          -2.64510668013        
0.367680073329        2.9792532457          -2.14071213173        2.9792532457          -2.14071213173        4.75377822686         -2.69522653316        
0.37733877112         2.99378657384         -2.17841278282        2.99378657384         -2.17841278282        4.77761751266         -2.74166451449        
0.386997468911        3.00527796372         -2.21329009558        3.00527796372         -2.21329009558        4.79643321391         -2.78456851105        
0.396656166702        3.0141037337          -2.24542997954        3.0141037337          -2.24542997954        4.81077527447         -2.8240460927         
0.406314864492        3.02054911056         -2.27499000375        3.02054911056         -2.27499000375        4.82109450156         -2.86030171644        
0.415973562283        3.02511237811         -2.30218793979        3.02511237811         -2.30218793979        4.82809257257         -2.89360183399        
0.425632260074        3.02728541106         -2.32698633477        3.02728541106         -2.32698633477        4.83113631609         -2.92390127631        
0.435290957865        3.02805405069         -2.34969111736        3.02805405069         -2.34969111736        4.83159301505         -2.95158591471        
0.444949655656        3.02706837134         -2.37058050144        3.02706837134         -2.37058050144        4.82905141669         -2.97699410879        
0.454608353447        3.0249901577          -2.38945630568        3.0249901577          -2.38945630568        4.82440390259         -2.99988535031        
0.464267051238        3.02124896867         -2.40684177959        3.02124896867         -2.40684177959        4.81694392118         -3.02090138492        
0.473925749029        3.01674006097         -2.42285288671        3.01674006097         -2.42285288671        4.80800825876         -3.04020512503        
0.48358444682         3.01098468261         -2.43752449421        3.01098468261         -2.43752449421        4.79691673015         -3.05782832761        
0.493243144611        3.00376794511         -2.45068518424        3.00376794511         -2.45068518424        4.78333225299         -3.07354153691        
0.502901842402        2.99579132238         -2.462959174          2.99579132238         -2.462959174          4.76834411382         -3.08818307157        
0.512560540193        2.98680927925         -2.47429457696        2.98680927925         -2.47429457696        4.75163918182         -3.10163405944        
0.522219237984        2.97658091087         -2.48458054199        2.97658091087         -2.48458054199        4.73289217597         -3.1137656832         
0.531877935775        2.9655976274          -2.49419884972        2.9655976274          -2.49419884972        4.7128961047          -3.1250567915         
0.541536633566        2.95339507195         -2.50279383198        2.95339507195         -2.50279383198        4.69096090244         -3.13506738617        
0.551195331357        2.93994994237         -2.51018592061        2.93994994237         -2.51018592061        4.66711256706         -3.14355087458        
0.560854029148        2.92576936702         -2.51681762964        2.92576936702         -2.51681762964        4.64205716909         -3.15108263193        
0.570512726939        2.91064478431         -2.52257760541        2.91064478431         -2.52257760541        4.61550322767         -3.15752609621        
0.58017142473         2.89468571513         -2.52767543495        2.89468571513         -2.52767543495        4.58769692525         -3.16314869866        
0.589830122521        2.87814918423         -2.5319930286         2.87814918423         -2.5319930286         4.55892902481         -3.16779223247        
0.599488820312        2.86035113274         -2.53531447484        2.86035113274         -2.53531447484        4.52834830097         -3.17120252684        
0.609147518103        2.84212328753         -2.53801938276        2.84212328753         -2.53801938276        4.4970750876          -3.17384177982        
0.618806215893        2.82295018109         -2.53969316731        2.82295018109         -2.53969316731        4.46436447595         -3.17519674114        
0.628464913684        2.80324242152         -2.5406675605         2.80324242152         -2.5406675605         4.43087376407         -3.1756865156         
0.638123611475        2.78288569627         -2.54082564267        2.78288569627         -2.54082564267        4.39641420584         -3.17516232039        
0.647782309266        2.76194396116         -2.5402015884         2.76194396116         -2.5402015884         4.36108505111         -3.17367045897        
0.657441007057        2.74048629459         -2.53881816196        2.74048629459         -2.53881816196        4.32499702091         -3.17123902516        
0.667099704848        2.71860710436         -2.53668168486        2.71860710436         -2.53668168486        4.28828720396         -3.16787970138        
0.676758402639        2.69626211212         -2.53372087594        2.69626211212         -2.53372087594        4.25088184205         -3.16349928309        
0.68641710043         2.67350106577         -2.53004662326        2.67350106577         -2.53004662326        4.21286067397         -3.15823597999        
0.696075798221        2.65047615402         -2.52564537365        2.65047615402         -2.52564537365        4.1744425644          -3.15207929207        
0.705734496012        2.62719694102         -2.52058290747        2.62719694102         -2.52058290747        4.13565601011         -3.14510460107        
0.715393193803        2.60365921817         -2.51483663356        2.60365921817         -2.51483663356        4.09647427848         -3.13728862456        
0.725051891594        2.57984612814         -2.50841581771        2.57984612814         -2.50841581771        4.05689474865         -3.12864810987        
0.734710589385        2.55595890924         -2.5013654878         2.55595890924         -2.5013654878         4.01718599718         -3.11922624753        
0.744369287176        2.53195643299         -2.49368824543        2.53195643299         -2.49368824543        3.9772897465          -3.10904868415        
0.754027984967        2.50798881316         -2.48561156303        2.50798881316         -2.48561156303        3.93740252826         -3.09839269393        
0.763686682758        2.48393448419         -2.47710012824        2.48393448419         -2.47710012824        3.8973777495          -3.08720175631        
0.773345380549        2.45965807327         -2.46815390044        2.45965807327         -2.46815390044        3.85703627362         -3.07547329196        
0.78300407834         2.43543318973         -2.4586795591         2.43543318973         -2.4586795591         3.81674751852         -3.06309605666        
0.792662776131        2.41098968496         -2.44888819998        2.41098968496         -2.44888819998        3.77615735969         -3.05032472902        
0.802321473922        2.38663918784         -2.43885290293        2.38663918784         -2.43885290293        3.73572439948         -3.0372561425         
0.811980171713        2.36214682137         -2.42840243258        2.36214682137         -2.42840243258        3.69509040094         -3.02367585233        
0.821638869504        2.33759612165         -2.41760094722        2.33759612165         -2.41760094722        3.65438593786         -3.00966266932        
0.831297567294        2.31288323029         -2.40637077167        2.31288323029         -2.40637077167        3.61347732053         -2.99512402073        
0.840956265085        2.28833227114         -2.39519796905        2.28833227114         -2.39519796905        3.5728080716          -2.98065307918        
0.850614962876        2.26345451108         -2.3834865322         2.26345451108         -2.3834865322         3.53170426122         -2.96552093406        
0.860273660667        2.23849107253         -2.37154972056        2.23849107253         -2.37154972056        3.49053438907         -2.95011305299        
0.869932358458        2.21349102276         -2.35937176053        2.21349102276         -2.35937176053        3.44933385166         -2.93441446118        
0.879591056249        2.188074687           -2.34669318404        2.188074687           -2.34669318404        3.40761390094         -2.91808921618        
0.88924975404         2.16267498529         -2.33366532441        2.16267498529         -2.33366532441        3.36594238811         -2.90132684514        
0.898908451831        2.1371566484          -2.32042840363        2.1371566484          -2.32042840363        3.32415916585         -2.88431670619        
0.908567149622        2.11149922845         -2.30685179484        2.11149922845         -2.30685179484        3.28221185503         -2.86689320883        
0.918225847413        2.08577400372         -2.29302315072        2.08577400372         -2.29302315072        3.24022064719         -2.84916406334        
0.927884545204        2.05970034589         -2.27876639044        2.05970034589         -2.27876639044        3.19779086422         -2.83090913697        
0.937543242995        2.03338127419         -2.26407029629        2.03338127419         -2.26407029629        3.15505993003         -2.81211869494        
0.947201940786        2.00690734077         -2.2489118922         2.00690734077         -2.2489118922         3.11215942146         -2.79276128983        
0.956860638577        1.98013720948         -2.23324750461        1.98013720948         -2.23324750461        3.06883678427         -2.77280637836        
0.966519336368        1.95284067186         -2.21696610097        1.95284067186         -2.21696610097        3.02479381329         -2.75208948394        
0.976178034159        1.92448267833         -2.19935734606        1.92448267833         -2.19935734606        2.97920709843         -2.729733605          
0.98583673195         1.89181367868         -2.1766001602         1.89181367868         -2.1766001602         2.92703928796         -2.70099818386        
0.995495429741        1.85691057591         -2.1510077793         1.85691057591         -2.1510077793         2.8715143372          -2.66875599           
1.00515412753         1.82265680908         -2.12594072058        1.82265680908         -2.12594072058        2.81710970852         -2.6371798861         
1.01481282532         1.78912190003         -2.1012883734         1.78912190003         -2.1012883734         2.76389907923         -2.60613159412        
1.02447152311         1.75604436012         -2.0769780972         1.75604436012         -2.0769780972         2.71150511656         -2.5755207661         
1.0341302209          1.72354396424         -2.05289820785        1.72354396424         -2.05289820785        2.66008121577         -2.54520936253        
1.0437889187          1.69164716391         -2.02916186488        1.69164716391         -2.02916186488        2.60967252992         -2.51533794374        
1.05344761649         1.65997648491         -2.00542312741        1.65997648491         -2.00542312741        2.55969630223         -2.48547365272        
1.06310631428         1.62886153705         -1.981949507          1.62886153705         -1.981949507          2.51065142074         -2.45595203577        
1.07276501207         1.59817299536         -1.95854695638        1.59817299536         -1.95854695638        2.46233313975         -2.42653190854        
1.08242370986         1.56793365727         -1.93532756601        1.56793365727         -1.93532756601        2.41477619094         -2.39735112768        
1.09208240765         1.53820301382         -1.91229994566        1.53820301382         -1.91229994566        2.36805997771         -2.36842172567        
1.10174110544         1.50881425419         -1.88926675121        1.50881425419         -1.88926675121        2.32193623586         -2.33949854123        
1.11139980323         1.47994587991         -1.86643060341        1.47994587991         -1.86643060341        2.27666281836         -2.31083460012        
1.12105850102         1.4515890717          -1.84370337364        1.4515890717          -1.84370337364        2.23220663315         -2.28232149172        
1.13071719881         1.4237784762          -1.82119520252        1.4237784762          -1.82119520252        2.18860471112         -2.25410124745        
1.14037589661         1.39636238446         -1.79884499149        1.39636238446         -1.79884499149        2.14565912138         -2.22608749958        
1.1500345944          1.36941711872         -1.77671379545        1.36941711872         -1.77671379545        2.1034727159          -2.1983556207         
1.15969329219         1.3427235709          -1.75463053036        1.3427235709          -1.75463053036        2.06176571891         -2.17070055594        
1.16935198998         1.31687295615         -1.73304375344        1.31687295615         -1.73304375344        2.02128175622         -2.14365558514        
1.17901068777         1.29110670707         -1.71132650652        1.29110670707         -1.71132650652        1.98104221521         -2.11645949822        
1.18866938556         1.26607174408         -1.68956629207        1.26607174408         -1.68956629207        1.94183249055         -2.08920976962        
1.19832808335         1.24116784896         -1.6685610722         1.24116784896         -1.6685610722         1.90305305889         -2.06292078675        
1.20798678114         1.21683242423         -1.64744433676        1.21683242423         -1.64744433676        1.86506515731         -2.03649933275        
1.21764547893         1.19305788601         -1.62672251853        1.19305788601         -1.62672251853        1.82794969045         -2.01057309822        
1.22730417672         1.16960851023         -1.60611066881        1.16960851023         -1.60611066881        1.79137616009         -1.98479232289        
1.23696287451         1.14665353742         -1.58587105243        1.14665353742         -1.58587105243        1.75559552434         -1.95947887487        
1.24662157231         1.12400508095         -1.56568967878        1.12400508095         -1.56568967878        1.72029792218         -1.93424695535        
1.2562802701          1.10176711731         -1.54581177701        1.10176711731         -1.54581177701        1.68567388576         -1.90939906661        
1.26593896789         1.07990650534         -1.52613857009        1.07990650534         -1.52613857009        1.65165340391         -1.88481578014        
1.27559766568         1.05847686387         -1.50679702522        1.05847686387         -1.50679702522        1.61830996783         -1.8606556722         
1.28525636347         1.03743350799         -1.48779834653        1.03743350799         -1.48779834653        1.58559566758         -1.83692635826        
1.29491506126         1.01661424887         -1.46894887884        1.01661424887         -1.46894887884        1.55327025347         -1.8133890257         
1.30457375905         0.996129482724        -1.45030761573        0.996129482724        -1.45030761573        1.52148733824         -1.79011542022        
1.31423245684         0.975952263993        -1.43196179976        0.975952263993        -1.43196179976        1.49022544799         -1.76721293892        
1.32389115463         0.956063606496        -1.41384818572        0.956063606496        -1.41384818572        1.45944821909         -1.74460392565        
1.33354985242         0.936478357798        -1.39591305412        0.936478357798        -1.39591305412        1.42917206184         -1.72221605372        
1.34320855022         0.917138139449        -1.37817398752        0.917138139449        -1.37817398752        1.39932249103         -1.70009833193        
1.35286724801         0.898021749087        -1.36069251972        0.898021749087        -1.36069251972        1.36985977401         -1.67828355806        
1.3625259458          0.879233874733        -1.34341139596        0.879233874733        -1.34341139596        1.34094035835         -1.65673076469        
1.37218464359         0.86075283837         -1.32637931065        0.86075283837         -1.32637931065        1.31251394544         -1.6354887462         
1.38184334138         0.842425854899        -1.30929718655        0.842425854899        -1.30929718655        1.284387365           -1.61419876292        
1.39150203917         0.824419188425        -1.29246756623        0.824419188425        -1.29246756623        1.2567728181          -1.59323519748        
1.40116073696         0.806659777724        -1.27585237783        0.806659777724        -1.27585237783        1.22957176142         -1.57254072322        
1.41081943475         0.789172635834        -1.25940744946        0.789172635834        -1.25940744946        1.20281663876         -1.55206313601        
1.42047813254         0.771917412312        -1.24309537073        0.771917412312        -1.24309537073        1.17645023267         -1.53175801389        
1.43013683033         0.754798897322        -1.22679007164        0.754798897322        -1.22679007164        1.15034554217         -1.51145818577        
1.43979552812         0.738042839181        -1.21068337629        0.738042839181        -1.21068337629        1.12480349841         -1.49141222072        
1.44945422592         0.721561714968        -1.19471131984        0.721561714968        -1.19471131984        1.09969705422         -1.47154220873        
1.45911292371         0.705365084249        -1.17888848351        0.705365084249        -1.17888848351        1.07504406106         -1.45186335317        
1.4687716215          0.689453365663        -1.16321391806        0.689453365663        -1.16321391806        1.05084160042         -1.43237380722        
1.47843031929         0.673801589101        -1.14764891177        0.673801589101        -1.14764891177        1.02705173736         -1.41302594248        
1.48808901708         0.658441587691        -1.13218990804        0.658441587691        -1.13218990804        1.00371033265         -1.39381721308        
1.49774771487         0.643390072506        -1.11693840849        0.643390072506        -1.11693840849        0.980844813584        -1.37487227781        
1.50740641266         0.628603255951        -1.10183857251        0.628603255951        -1.10183857251        0.95839398718         -1.35612033333        
1.51706511045         0.614058475373        -1.08687619483        0.614058475373        -1.08687619483        0.936322273975        -1.3375428504         
1.52672380824         0.599798850589        -1.07209503929        0.599798850589        -1.07209503929        0.914693536244        -1.31919382235        
1.53638250603         0.585610601462        -1.05762167355        0.585610601462        -1.05762167355        0.893239180263        -1.30123476077        
1.54604120383         0.572136565404        -1.04298721906        0.572136565404        -1.04298721906        0.87274220962         -1.28307056226        
1.55569990162         0.558623796176        -1.0287904027         0.558623796176        -1.0287904027         0.852288062019        -1.2654546612         
1.56535859941         0.545381099917        -1.01462085779        0.545381099917        -1.01462085779        0.832237316622        -1.24787937861        
1.5750172972          0.53238647231         -1.0006288577         0.53238647231         -1.0006288577         0.812566396424        -1.23052997874        
1.58467599499         0.519644158909        -0.986872697239       0.519644158909        -0.986872697239       0.793289707173        -1.21347473639        
1.59433469278         0.507099891946        -0.973262866969       0.507099891946        -0.973262866969       0.774326919955        -1.19660432367        
1.60399339057         0.494841570563        -0.959942799427       0.494841570563        -0.959942799427       0.755808538034        -1.1800941217         
1.61365208836         0.482713122455        -0.946716288348       0.482713122455        -0.946716288348       0.737508048073        -1.16370338007        
1.62331078615         0.470860574458        -0.933736321371       0.470860574458        -0.933736321371       0.719632766101        -1.14762125876        
1.63296948394         0.459094670005        -0.920789232902       0.459094670005        -0.920789232902       0.701920651812        -1.13157728711        
1.64262818173         0.447591742785        -0.908054088816       0.447591742785        -0.908054088816       0.684611007125        -1.11580096403        
1.65228687953         0.436358223414        -0.895588673535       0.436358223414        -0.895588673535       0.667713590243        -1.10036238589        
1.66194557732         0.425603831972        -0.88320645773        0.425603831972        -0.88320645773        0.651478656868        -1.08502002758        
1.67160427511         0.414521746019        -0.871323590254       0.414521746019        -0.871323590254       0.634918732325        -1.07031593972        
1.6812629729          0.403932839746        -0.859600540642       0.403932839746        -0.859600540642       0.619047397163        -1.05580183852        
1.69092167069         0.394037909596        -0.849096459938       0.394037909596        -0.849096459938       0.604244970027        -1.04278816863        
1.70058036848         0.387222998491        -0.845127611659       0.387222998491        -0.845127611659       0.594180492213        -1.03780460562        
1.71023906627         0.380086474869        -0.840417604916       0.380086474869        -0.840417604916       0.583637530048        -1.03191283143        
1.71989776406         0.372734563608        -0.835189490359       0.372734563608        -0.835189490359       0.572781943286        -1.02538728655        
1.72955646185         0.36525107783         -0.82954456893        0.36525107783         -0.82954456893        0.561734089163        -1.01835205845        
1.73921515964         0.357628801749        -0.823521454059       0.357628801749        -0.823521454059       0.550487485027        -1.01085448642        
1.74887385744         0.349922851458        -0.817177263756       0.349922851458        -0.817177263756       0.539123239673        -1.00296680235        
1.75853255523         0.342132824553        -0.810516844605       0.342132824553        -0.810516844605       0.527638989991        -0.994693373927       
1.76819125302         0.334287919274        -0.803564724121       0.334287919274        -0.803564724121       0.516077059251        -0.986064280839       
1.77784995081         0.326401547049        -0.796340521294       0.326401547049        -0.796340521294       0.504456942879        -0.977103797829       
1.7875086486          0.318482122478        -0.788869955595       0.318482122478        -0.788869955595       0.492791763903        -0.967844583796       
1.79716734639         0.310487997793        -0.781096252324       0.310487997793        -0.781096252324       0.481023993416        -0.958212173659       
1.80682604418         0.302523718864        -0.773087300793       0.302523718864        -0.773087300793       0.469297124057        -0.948293744115       
1.81648474197         0.294593205577        -0.764890856491       0.294593205577        -0.764890856491       0.457614875391        -0.938149667096       
1.82614343976         0.286644134922        -0.75653129918        0.286644134922        -0.75653129918        0.445913823185        -0.92780862312        
1.83580213755         0.27878408445         -0.747927137771       0.27878408445         -0.747927137771       0.434323120787        -0.917169691356       
1.84546083534         0.2709498261          -0.73920788984        0.2709498261          -0.73920788984        0.422776966755        -0.906392657827       
1.85511953314         0.263114948782        -0.73032230695        0.263114948782        -0.73032230695        0.411233903247        -0.895413869806       
1.86477823093         0.255320353607        -0.721294238677       0.255320353607        -0.721294238677       0.399750914198        -0.884263148476       
1.87443692872         0.24757278589         -0.712136571669       0.24757278589         -0.712136571669       0.388336697527        -0.872955937882       
1.88409562651         0.239870459279        -0.70286271039        0.239870459279        -0.70286271039        0.376991153055        -0.861509124958       
1.8937543243          0.232199409978        -0.693462690996       0.232199409978        -0.693462690996       0.365696311674        -0.849910031632       
1.90341302209         0.224583675388        -0.683961177887       0.224583675388        -0.683961177887       0.354485108951        -0.838189313099       
1.91307171988         0.217007353144        -0.674351741501       0.217007353144        -0.674351741501       0.343337628332        -0.826339268936       
1.92273041767         0.20949973072         -0.664659423883       0.20949973072         -0.664659423883       0.33229178552         -0.814390203707       
1.93238911546         0.201995801731        -0.654817642184       0.201995801731        -0.654817642184       0.321262650873        -0.802259141804       
1.94204781325         0.194590322695        -0.64488848335        0.194590322695        -0.64488848335        0.310376887874        -0.790022417417       
1.95170651105         0.187270534151        -0.63488870635        0.187270534151        -0.63488870635        0.299615965872        -0.777703253151       
1.96136520884         0.180045242268        -0.624816500818       0.180045242268        -0.624816500818       0.288992116262        -0.765298706863       
1.97102390663         0.172900174024        -0.614686027216       0.172900174024        -0.614686027216       0.2784873343          -0.752825179495       
1.98068260442         0.165849398254        -0.604488008044       0.165849398254        -0.604488008044       0.268119920881        -0.740271925182       
1.99034130221         0.158894187029        -0.594239869883       0.158894187029        -0.594239869883       0.257891987512        -0.72766015374        
2                     0.15206874937         -0.583962026784       0.15206874937         -0.583962026784       0.247847954305        -0.715014609197       
2.001                 0.151344351762        -0.582884811329       0.151344351762        -0.582884811329       0.246785388383        -0.713689318053       
2.24302414622         0.0202030550835       -0.330330107395       0.0202030550835       -0.330330107395       0.052371661867        -0.403687529468       
2.48504829245         -0.0300125316179      -0.135350658136       -0.0300125316179      -0.135350658136       -0.0272805944582      -0.165169265719       
2.72707243867         -0.0226730150506      -0.0273025383931      -0.0226730150506      -0.0273025383931      -0.02567690234        -0.0332966703271      
2.9690965849          -0.00101392832008     -0.000191742859516    -0.00101392832008     -0.000191742859516    -0.00116161986135     -0.000234728396205    
2.9700965849          -0.000982929356024    -0.000183837450967    -0.000982929356024    -0.000183837450967    -0.00112596401193     -0.0002250519699      
2.9870965849          -0.000533847055415    -7.82360055581e-05    -0.000533847055415    -7.82360055581e-05    -0.000610133334112    -9.57243417089e-05    
3.0040965849          -0.000220471335567    -1.45490217347e-05    -0.000220471335567    -1.45490217347e-05    -0.000251214582917    -1.76269761441e-05    
3.0210965849          -3.34543584691e-05    2.15194990018e-05     -3.34543584691e-05    2.15194990018e-05     -3.76176263972e-05    2.66862613487e-05     
3.0380965849          6.78110512814e-06     7.9508139358e-05      6.78110512814e-06     7.9508139358e-05      8.63619317502e-06     9.43454827237e-05     
3.0550965849          1.28164968839e-05     0.000217839585055     1.28164968839e-05     0.000217839585055     1.61540785168e-05     0.00025133542057      
3.0720965849          1.80354937529e-05     0.000372378457729     1.80354937529e-05     0.000372378457729     2.26354163161e-05     0.000424998322297     
3.0890965849          2.21189827798e-05     0.000524894871829     2.21189827798e-05     0.000524894871829     2.76937906178e-05     0.000594999103484     
3.0900965849          2.23233296927e-05     0.000533606125525     2.23233296927e-05     0.000533606125525     2.79465442797e-05     0.000604668532385     
3.26998917442         1.98422670484e-05     0.00126707263648      1.98422670484e-05     0.00126707263648      2.46514750192e-05     0.00138513983518      
3.44988176394         2.77508444458e-06     0.000913934552395     2.77508444458e-06     0.000913934552395     3.41706360583e-06     0.000974940443674     
3.62977435347         -2.4995893952e-06     0.000422172465461     -2.4995893952e-06     0.000422172465461     -3.11583924459e-06    0.00044097959571      
3.80966694299         -1.62439093345e-06    0.000125357770474     -1.62439093345e-06    0.000125357770474     -2.01858745164e-06    0.000128491727107     
3.98955953251         -2.52187313259e-07    1.34334286652e-05     -2.52187313259e-07    1.34334286652e-05     -3.13031891539e-07    1.35342230251e-05     
4.16945212203         6.98025222858e-06     1.65634712174e-07     6.98025222858e-06     1.65634712174e-07     6.92364428863e-06     3.84906473875e-07     
4.34934471156         1.65277496376e-05     4.63490295167e-07     1.65277496376e-05     4.63490295167e-07     1.61719025229e-05     8.50576035942e-07     
4.52923730108         1.49796177567e-05     4.7721232413e-07      1.49796177567e-05     4.7721232413e-07      1.44621419374e-05     7.43357012817e-07     
4.7091298906          9.64946151386e-06     3.40341597781e-07     9.64946151386e-06     3.40341597781e-07     9.19062797666e-06     4.68741781884e-07     
4.88902248012         5.06448582605e-06     1.94243499621e-07     5.06448582605e-06     1.94243499621e-07     4.7583705905e-06      2.42625580428e-07     
5.06891506965         2.28602240807e-06     9.40968549388e-08     2.28602240807e-06     9.40968549388e-08     2.11889054005e-06     1.0857408913e-07      
5.24880765917         9.12003994914e-07     3.98869167211e-08     9.12003994914e-07     3.98869167211e-08     8.34033701165e-07     4.30910215466e-08     
5.42870024869         3.26714841586e-07     1.50640995479e-08     3.26714841586e-07     1.50640995479e-08     2.94834528221e-07     1.53843367542e-08     
5.60859283821         1.06163731936e-07     5.12826246162e-09     1.06163731936e-07     5.12826246162e-09     9.45510689374e-08     4.99657642206e-09     
5.78848542774         3.15057723671e-08     1.58629442222e-09     3.15057723671e-08     1.58629442222e-09     2.76987881363e-08     1.48271663981e-09     
5.96837801726         8.58076923137e-09     4.48413583878e-10     8.58076923137e-09     4.48413583878e-10     7.44815814979e-09     4.04809118361e-10     
6.14827060678         2.15252385104e-09     1.16335538892e-10     2.15252385104e-09     1.16335538892e-10     1.84502013378e-09     1.01809182686e-10     
6.3281631963          4.98708442725e-10     2.77912243634e-11     4.98708442725e-10     2.77912243634e-11     4.22222659296e-10     2.36673301525e-11     
6.50805578582         1.06943698974e-10     6.12890410209e-12     1.06943698974e-10     6.12890410209e-12     8.94456812996e-11     5.10013574547e-12     
6.68794837535         2.1263792869e-11      1.25041968555e-12     2.1263792869e-11      1.25041968555e-12     1.75724254004e-11     1.01918266192e-12     
6.86784096487         3.92634631409e-12     2.36448037152e-13     3.92634631409e-12     2.36448037152e-13     3.20665838435e-12     1.89165316032e-13     
7.04773355439         6.73974924689e-13     4.14925719364e-14     6.73974924689e-13     4.14925719364e-14     5.44103624755e-13     3.26550478634e-14     
7.22762614391         1.05693343862e-13     6.64182632767e-15     1.05693343862e-13     6.64182632767e-15     8.43579717873e-14     5.15560351425e-15     
7.40751873344         2.02165946651e-14     1.29499444118e-15     2.02165946651e-14     1.29499444118e-15     1.59549928744e-14     9.92879790378e-16     
7.58741132296         1.90404797312e-15     1.24172901406e-16     1.90404797312e-15     1.24172901406e-16     1.48610663233e-15     9.41559867657e-17     
7.76730391248         2.11861867024e-15     1.40511951028e-16     2.11861867024e-15     1.40511951028e-16     1.63562003821e-15     1.0549268334e-16      
7.947196502           2.3457200357e-15      1.58058141469e-16     2.3457200357e-15      1.58058141469e-16     1.79158838196e-15     1.17613538211e-16     
8.12708909153         2.58544643782e-15     1.76833826879e-16     2.58544643782e-15     1.76833826879e-16     1.95394647442e-15     1.30559009892e-16     
8.30698168105         2.83788609123e-15     1.96860181548e-16     2.83788609123e-15     1.96860181548e-16     2.12249646568e-15     1.44426997911e-16     
8.48687427057         3.10312161541e-15     2.18157286839e-16     3.10312161541e-15     2.18157286839e-16     2.29712229946e-15     1.59157217088e-16     
8.66676686009         3.38123052945e-15     2.40744210079e-16     3.38123052945e-15     2.40744210079e-16     2.47773039219e-15     1.74768817668e-16     
8.84665944961         3.67228569174e-15     2.64639076308e-16     3.67228569174e-15     2.64639076308e-16     2.66421888647e-15     1.91280546476e-16     
9.02655203914         3.97635569187e-15     2.89859133636e-16     3.97635569187e-15     2.89859133636e-16     2.85648636513e-15     2.08710749443e-16     
9.20644462866         4.29350520101e-15     3.16420812885e-16     4.29350520101e-15     3.16420812885e-16     3.05443354052e-15     2.27077375295e-16     
9.38633721818         4.62379528587e-15     3.44339782113e-16     4.62379528587e-15     3.44339782113e-16     3.25796435955e-15     2.46397980236e-16     
9.5662298077          4.96728369105e-15     3.73630996537e-16     4.96728369105e-15     3.73630996537e-16     3.46698791136e-15     2.66689733455e-16     
9.74612239723         5.32402509323e-15     4.04308744323e-16     5.32402509323e-15     4.04308744323e-16     3.68142579609e-15     2.87969423318e-16     
9.92601498675         5.69407133091e-15     4.36386688644e-16     5.69407133091e-15     4.36386688644e-16     3.90122974545e-15     3.10330401415e-16     
10.1059075763         6.07747161224e-15     4.69877906377e-16     6.07747161224e-15     4.69877906377e-16     4.1261629436e-15      3.33793282062e-16     
10.2858001658         6.47427270365e-15     5.04794923752e-16     6.47427270365e-15     5.04794923752e-16     4.35617073624e-15     3.58312851605e-16     
10.4656927553         6.88451910122e-15     5.41149749253e-16     6.88451910122e-15     5.41149749253e-16     4.59117520305e-15     3.83905391819e-16     
10.6455853448         7.30825318688e-15     5.78953904004e-16     7.30825318688e-15     5.78953904004e-16     4.83109348583e-15     4.10586825769e-16     
10.8254779344         7.7455153709e-15      6.18218449895e-16     7.7455153709e-15      6.18218449895e-16     5.07584287703e-15     4.38372725373e-16     
11.0053705239         8.19634422215e-15     6.5895401563e-16      8.19634422215e-15     6.5895401563e-16      5.32534193959e-15     4.67278319108e-16     
11.1852631134         8.66077658748e-15     7.01170820894e-16     8.66077658748e-15     7.01170820894e-16     5.57951089452e-15     4.97318499805e-16     
11.3651557029         9.13884770116e-15     7.44878698797e-16     9.13884770116e-15     7.44878698797e-16     5.8382717935e-15      5.28507832497e-16     
11.5450482924         9.6305912855e-15      7.90087116738e-16     9.6305912855e-15      7.90087116738e-16     6.10154862039e-15     5.60860562265e-16     
11.724940882          1.01360396435e-14     8.36805195838e-16     1.01360396435e-14     8.36805195838e-16     6.36926738096e-15     5.94390622066e-16     
11.9048334715         1.06552237441e-14     8.85041729045e-16     1.06552237441e-14     8.85041729045e-16     6.64135622333e-15     6.291116405e-16       
12.084726061          1.11881733012e-14     9.34805198025e-16     1.11881733012e-14     9.34805198025e-16     6.91774564616e-15     6.65036949503e-16     
12.2646186505         1.17349168462e-14     9.86103788944e-16     1.17349168462e-14     9.86103788944e-16     7.19836891725e-15     7.02179591938e-16     
12.4445112401         1.22954817958e-14     1.03894540722e-15     1.22954817958e-14     1.03894540722e-15     7.48316305349e-15     7.4055232908e-16      
12.6244038296         1.28698945142e-14     1.09333769132e-15     1.28698945142e-14     1.09333769132e-15     7.7720717792e-15      7.80167647965e-16     
12.8042964191         1.34581803713e-14     1.14928802571e-15     1.34581803713e-14     1.14928802571e-15     8.06506301368e-15     8.21037768606e-16     
12.9841890086         1.40603637967e-14     1.20680355298e-15     1.40603637967e-14     1.20680355298e-15     8.36207952787e-15     8.63328650795e-16     
13.1640815982         1.46764683298e-14     1.26589118524e-15     1.46764683298e-14     1.26589118524e-15     8.6628976103e-15      9.06947733502e-16     
13.3439741877         1.53065166663e-14     1.32655761476e-15     1.53065166663e-14     1.32655761476e-15     8.96751661819e-15     9.51874506222e-16     
13.5238667772         1.59505307022e-14     1.38880932412e-15     1.59505307022e-14     1.38880932412e-15     9.27588664371e-15     9.98120743011e-16     
13.7037593667         1.66085315742e-14     1.45265259558e-15     1.66085315742e-14     1.45265259558e-15     9.58795283127e-15     1.04569797869e-15     
13.8836519562         1.7280539698e-14      1.51809352006e-15     1.7280539698e-14      1.51809352006e-15     9.90365956202e-15     1.09461751497e-15     
14.0635445458         1.79665748034e-14     1.58513800552e-15     1.79665748034e-14     1.58513800552e-15     1.02229515558e-14     1.14489042644e-15     
14.2434371353         1.86666559682e-14     1.65379178486e-15     1.86666559682e-14     1.65379178486e-15     1.05457742735e-14     1.19652756637e-15     
14.4233297248         1.9380801649e-14      1.72406042345e-15     1.9380801649e-14      1.72406042345e-15     1.08720740871e-14     1.24953957246e-15     
14.6032223143         2.01090297108e-14     1.79594932617e-15     2.01090297108e-14     1.79594932617e-15     1.12017983543e-14     1.30393687229e-15     
14.7831149039         2.08513574543e-14     1.8694637441e-15      2.08513574543e-14     1.8694637441e-15      1.15348954493e-14     1.35972968881e-15     
14.9630074934         2.16078016419e-14     1.94460878086e-15     2.16078016419e-14     1.94460878086e-15     1.1871314771e-14      1.41692804549e-15     
15.1429000829         2.23783785218e-14     2.02138939856e-15     2.23783785218e-14     2.02138939856e-15     1.22110067393e-14     1.47554177149e-15     
15.3227926724         2.31631038515e-14     2.09981042352e-15     2.31631038515e-14     2.09981042352e-15     1.25539227851e-14     1.53558050661e-15     
15.5026852619         2.39619929185e-14     2.17987655162e-15     2.39619929185e-14     2.17987655162e-15     1.29000153369e-14     1.59705370611e-15     
15.6825778515         2.47750605617e-14     2.26159235344e-15     2.47750605617e-14     2.26159235344e-15     1.32492378058e-14     1.65997064538e-15     
15.862470441          2.56023211896e-14     2.34496227904e-15     2.56023211896e-14     2.34496227904e-15     1.36015445699e-14     1.72434042456e-15     
16.0423630305         2.64437887993e-14     2.42999066263e-15     2.64437887993e-14     2.42999066263e-15     1.39568909601e-14     1.7901719729e-15      
16.22225562           2.72994769932e-14     2.51668172692e-15     2.72994769932e-14     2.51668172692e-15     1.43152332466e-14     1.85747405312e-15     
16.4021482096         2.81693989953e-14     2.60503958725e-15     2.81693989953e-14     2.60503958725e-15     1.46765286281e-14     1.92625526554e-15     
16.5820407991         2.90535676667e-14     2.69506825561e-15     2.90535676667e-14     2.69506825561e-15     1.50407352243e-14     1.99652405222e-15     
16.7619333886         2.99519955199e-14     2.78677164437e-15     2.99519955199e-14     2.78677164437e-15     1.54078120722e-14     2.06828870081e-15     
16.9418259781         3.08646947331e-14     2.88015356986e-15     3.08646947331e-14     2.88015356986e-15     1.57777191302e-14     2.14155734845e-15     
17.1217185676         3.17916771628e-14     2.97521775585e-15     3.17916771628e-14     2.97521775585e-15     1.61504172901e-14     2.21633798546e-15     
17.3016111572         3.27329543563e-14     3.07196783675e-15     3.27329543563e-14     3.07196783675e-15     1.65258684046e-14     2.29263845897e-15     
17.4815037467         3.36885375638e-14     3.17040736077e-15     3.36885375638e-14     3.17040736077e-15     1.69040353359e-14     2.37046647642e-15     
17.6613963362         3.46584377493e-14     3.27053979287e-15     3.46584377493e-14     3.27053979287e-15     1.72848820426e-14     2.44982960898e-15     
17.8412889257         3.56426656014e-14     3.37236851762e-15     3.56426656014e-14     3.37236851762e-15     1.76683737333e-14     2.53073529482e-15     
18.0211815153         3.66412315436e-14     3.47589684191e-15     3.66412315436e-14     3.47589684191e-15     1.80544771512e-14     2.61319084239e-15     
18.2010741048         3.76541457435e-14     3.58112799753e-15     3.76541457435e-14     3.58112799753e-15     1.84431611518e-14     2.69720343349e-15     
18.3809666943         3.86814181225e-14     3.68806514367e-15     3.86814181225e-14     3.68806514367e-15     1.88343980554e-14     2.78278012633e-15     
18.5608592838         3.97230583645e-14     3.79671136931e-15     3.97230583645e-14     3.79671136931e-15     1.92281677953e-14     2.86992785844e-15     
18.7407518733         4.07790759238e-14     3.90706969544e-15     4.07790759238e-14     3.90706969544e-15     1.9624484376e-14      2.95865344959e-15     
18.9206444629         4.18494800336e-14     4.01914307731e-15     4.18494800336e-14     4.01914307731e-15     2.00233029997e-14     3.04918200368e-15     
19.1005370524         4.29342797135e-14     4.13293440647e-15     4.29342797135e-14     4.13293440647e-15     2.04243880438e-14     3.14135007071e-15     
19.2804296419         4.40334837767e-14     4.24844651279e-15     4.40334837767e-14     4.24844651279e-15     2.08277916804e-14     3.23513010624e-15     
19.4603222314         4.51471008368e-14     4.36568216638e-15     4.51471008368e-14     4.36568216638e-15     2.12334968472e-14     3.33052876205e-15     
19.640214821          4.62751393149e-14     4.48464407943e-15     4.62751393149e-14     4.48464407943e-15     2.16414785675e-14     3.42755258347e-15     
19.8201074105         4.74176074453e-14     4.60533490797e-15     4.74176074453e-14     4.60533490797e-15     2.20517095134e-14     3.52620801168e-15     
20                    0                     0                     0                     0                     0                     0                     
