0.0779191396          0                     0                     0                     0                     
0.087577837391        0.0234355275275       0.00183174875808      0.0243193677439       0.00109774481239      
0.0972365351819       0.141473645121        0.00834905556257      0.144909546104        0.00481521572037      
0.106895232973        0.368500186384        0.0162258626912       0.373552180124        0.00891350049186      
0.116553930764        0.688447581496        0.0215554139533       0.691543075576        0.0109310075794       
0.126212628555        1.07914471931         0.0211826291612       1.07505275461         0.0089070183822       
0.135871326346        1.52025817032         0.0127921061589       1.5029234811          0.00140436614018      
0.145530024137        1.99468142451         -0.00493467829643     1.95798564108         -0.0123651619112      
0.155188721928        2.48962677033         -0.0332613022124      2.42756864673         -0.0332126844115      
0.164847419719        2.99449223534         -0.0728699021781      2.90171197504         -0.0615522754142      
0.17450611751         3.50183618774         -0.123836040859       3.37350644005         -0.0974109073996      
0.184164815301        4.00625720489         -0.187148097873       3.83812565334         -0.141447379161       
0.193823513091        4.50336106707         -0.262707361475       4.29185390983         -0.193595329013       
0.203482210882        4.99023167392         -0.35291414176        4.73236101223         -0.255485301254       
0.213140908673        5.46156497218         -0.458861949154       5.15587087566         -0.327860149951       
0.222799606464        5.91302906547         -0.579748608022       5.55953844191         -0.410178737486       
0.232458304255        6.34150689297         -0.7146402183         5.9413483368          -0.50183204882        
0.242117002046        6.74265491527         -0.86113379973        6.29854930509         -0.601213683089       
0.251775699837        7.1149925704          -1.01524956092        6.63045562964         -0.705659664283       
0.261434397628        7.45815418891         -1.17288675385        6.93700153387         -0.812419741576       
0.271093095419        7.77360461035         -1.33090231257        7.21946345824         -0.919384606446       
0.28075179321         8.06330534163         -1.48732425096        7.4794928115          -1.02523464517        
0.290410491001        8.32849252508         -1.64066758098        7.71815475495         -1.12897694361        
0.300069188792        8.57048826571         -1.78778241435        7.9365835554          -1.22847974218        
0.309727886583        8.79339828385         -1.92920730781        8.13788263537         -1.32412970767        
0.319386584374        8.9985044689          -2.06414113444        8.32308162552         -1.41537696411        
0.329045282165        9.18887317861         -2.19303334541        8.49457148967         -1.50252554767        
0.338703979956        9.36543767826         -2.31719278027        8.65316193828         -1.58645440261        
0.348362677747        9.52906223757         -2.43746120504        8.79966918124         -1.66774643484        
0.358021375538        9.67963943294         -2.55423856759        8.93418207551         -1.74664752659        
0.367680073329        9.81724345534         -2.66799086256        9.05702553211         -1.82350839835        
0.37733877112         9.94073255596         -2.77735682126        9.16751093415         -1.89740256456        
0.386997468911        10.0535539289         -2.88230536529        9.26826139934         -1.96829881805        
0.396656166702        10.1537528905         -2.9811766015         9.35798622418         -2.03509412904        
0.406314864492        10.2440119784         -3.07371042327        9.43870619111         -2.09760759937        
0.415973562283        10.3256074709         -3.15980381637        9.51140969626         -2.15577039222        
0.425632260074        10.3998942366         -3.2396521982         9.57711069993         -2.20971336718        
0.435290957865        10.4683299625         -3.31384359902        9.63696379402         -2.25982999849        
0.444949655656        10.5311830922         -3.3829109259         9.69116904946         -2.30647901704        
0.454608353447        10.5902890948         -3.44816146036        9.74119315167         -2.35054523469        
0.464267051238        10.6451291665         -3.5099708873         9.78670512986         -2.39227724754        
0.473925749029        10.6962643539         -3.56923804639        9.82822188953         -2.43227944421        
0.48358444682         10.7436293182         -3.62654862286        9.86578952509         -2.47094829126        
0.493243144611        10.7869069266         -3.68230106681        9.89919409373         -2.50855819437        
0.502901842402        10.8251197716         -3.73555808193        9.92789454322         -2.54445827945        
0.512560540193        10.8603224472         -3.78802346249        9.95343719822         -2.57981756527        
0.522219237984        10.8909700696         -3.83965050264        9.9746440471          -2.61460637034        
0.531877935775        10.9181430994         -3.89075154612        9.99268427266         -2.64903610205        
0.541536633566        10.9404444119         -3.94061385716        10.0063184614         -2.68261894118        
0.551195331357        10.9582431133         -3.9893845094         10.0159974982         -2.71546043462        
0.560854029148        10.9714680109         -4.03681308288        10.0216869019         -2.74739064338        
0.570512726939        10.9797835781         -4.08258843989        10.0231372714         -2.77820278189        
0.58017142473         10.9842689925         -4.12683089982        10.0213163048         -2.8079790496         
0.589830122521        10.9843552101         -4.1691348579         10.0157452558         -2.83644580447        
0.599488820312        10.9801880347         -4.20931901169        10.0065713779         -2.86347992572        
0.609147518103        10.9729257953         -4.24745411562        9.99475566453         -2.88913360618        
0.618806215893        10.9610638505         -4.28303736814        9.97898291942         -2.91306360884        
0.628464913684        10.946455308          -4.31609051451        9.96088115246         -2.93528810611        
0.638123611475        10.9286144337         -4.34679014435        9.94000302356         -2.9559254654         
0.647782309266        10.9079386323         -4.37489710455        9.91665220967         -2.97481344517        
0.657441007057        10.8849575883         -4.40051266098        9.89125736372         -2.99202016332        
0.667099704848        10.8596450926         -4.42365708118        9.86381601469         -3.00756199413        
0.676758402639        10.8321916502         -4.44418686943        9.83442978732         -3.02133817749        
0.68641710043         10.8030078969         -4.46236175259        9.80344578701         -3.03352604386        
0.696075798221        10.7721065871         -4.47813456576        9.77084703865         -3.04409228875        
0.705734496012        10.7401165844         -4.49180827374        9.737189427           -3.05324248108        
0.715393193803        10.7067484137         -4.50327768268        9.70217689846         -3.06090454544        
0.725051891594        10.672256123          -4.51273112526        9.66603630889         -3.06720476774        
0.734710589385        10.6370394463         -4.52036227419        9.62907249974         -3.07227466244        
0.744369287176        10.6010236587         -4.52630506361        9.59126856072         -3.07620443881        
0.754027984967        10.5642139286         -4.53054565512        9.55258806412         -3.07898224405        
0.763686682758        10.5266264697         -4.53321909364        9.51305245825         -3.08069993416        
0.773345380549        10.4888938139         -4.53427408542        9.47315666354         -3.08132093545        
0.78300407834         10.4501884527         -4.53472290701        9.43233807551         -3.08153372569        
0.792662776131        10.4107996124         -4.5336784244         9.39071285702         -3.08073353865        
0.802321473922        10.3716345353         -4.53183470238        9.34913435684         -3.07938938577        
0.811980171713        10.3317327808         -4.52898784838        9.30675780837         -3.07736847775        
0.821638869504        10.2916138688         -4.52557882376        9.26399608144         -3.07496733801        
0.831297567294        10.2503084413         -4.52086559147        9.22017014301         -3.07168586064        
0.840956265085        10.208913304          -4.51570612033        9.17610611017         -3.06808600926        
0.850614962876        10.1665500973         -4.50983512834        9.13105507469         -3.06400520624        
0.860273660667        10.1238651436         -4.50383307341        9.08566516392         -3.05984794148        
0.869932358458        10.080517089          -4.49728138163        9.03956808667         -3.05530919743        
0.879591056249        10.0362785247         -4.49031173276        8.9926765453          -3.05048775117        
0.88924975404         9.99105985755         -4.4828819881         8.94490400214         -3.04535295063        
0.898908451831        9.94481814879         -4.47503509882        8.89622196806         -3.03993262831        
0.908567149622        9.89745137519         -4.46669103772        8.84651179358         -3.03417180601        
0.918225847413        9.84892709451         -4.45787050519        8.7958193109          -3.02808430083        
0.927884545204        9.79896166834         -4.4485269813         8.74385602358         -3.02163853743        
0.937543242995        9.74727983429         -4.438557275          8.69041942681         -3.01476681875        
0.947201940786        9.69417402982         -4.42811158325        8.63577487751         -3.00757029736        
0.956860638577        9.63843556464         -4.41667070193        8.57887002833         -2.99969432958        
0.966519336368        9.57979385315         -4.40394986943        8.51945852418         -2.99094947127        
0.976178034159        9.51547141323         -4.38895702116        8.45512135319         -2.98065754184        
0.98583673195         9.42888011472         -4.36365200967        8.3711200366          -2.96336204868        
0.995495429741        9.32981608994         -4.33275064494        8.27623044766         -2.94226732921        
1.00515412753         9.23312517459         -4.30296892258        8.18361529542         -2.92193225528        
1.01481282532         9.13838749612         -4.27417915508        8.09293882479         -2.90227343395        
1.02447152311         9.04499108372         -4.24604628444        8.00363571492         -2.88305817015        
1.0341302209          8.9528787283          -4.21869663997        7.91562761041         -2.86437387924        
1.0437889187          8.8619693392          -4.19178619299        7.82893215535         -2.84599156327        
1.05344761649         8.77165082537         -4.16519232417        7.74288717378         -2.82782392975        
1.06310631428         8.68203453299         -4.13897956072        7.65771750152         -2.80991839752        
1.07276501207         8.59302574245         -4.11305777504        7.57326438872         -2.7922126842         
1.08242370986         8.50442184626         -4.08698521217        7.4894363795          -2.77440237764        
1.09208240765         8.41668690646         -4.06109632799        7.40655764636         -2.75671525524        
1.10174110544         8.32940560832         -4.03530129383        7.3242102458          -2.73909415224        
1.11139980323         8.24301623745         -4.00995115212        7.24283896496         -2.72177982825        
1.12105850102         8.15767867122         -3.98487959982        7.16252455035         -2.70465802622        
1.13071719881         8.07279556253         -3.96000099093        7.0827962166          -2.68767015889        
1.14037589661         7.98831655215         -3.93511556156        7.00361430051         -2.67068056197        
1.1500345944          7.90469631406         -3.9105218418         6.92534516724         -2.65389052571        
1.15969329219         7.82168472838         -3.88600452061        6.84778821713         -2.63715387969        
1.16935198998         7.73923012901         -3.86159083817        6.7708874585          -2.62049070198        
1.17901068777         7.65743208873         -3.83727032629        6.69472545164         -2.60389261774        
1.18866938556         7.57556248568         -3.8126720774         6.61867355735         -2.58710835694        
1.19832808335         7.49580567465         -3.7888501734         6.54461940304         -2.57085357948        
1.20798678114         7.41557040783         -3.76449520062        6.47030917958         -2.55424085891        
1.21764547893         7.33646191841         -3.74041173226        6.39712402624         -2.53781302433        
1.22730417672         7.25748063243         -3.71607833518        6.32425218801         -2.52122429815        
1.23696287451         7.18020897304         -3.69236398561        6.25293172104         -2.50504863367        
1.24662157231         7.10240955924         -3.66792605877        6.18131411406         -2.48839038803        
1.2562802701          7.02570689908         -3.64377095869        6.11079985337         -2.4719268512         
1.26593896789         6.94967124631         -3.61955016429        6.04099559078         -2.45542130458        
1.27559766568         6.87454456471         -3.59550335514        5.97207999787         -2.43903549857        
1.28525636347         6.80014967392         -3.57137347273        5.90396940656         -2.42259836458        
1.29491506126         6.7263891956          -3.54699358498        5.83646683163         -2.40599189783        
1.30457375905         6.65295095285         -3.52247046416        5.76938685438         -2.38929215972        
1.31423245684         6.58057706661         -3.4981661479         5.70333502968         -2.37274306059        
1.32389115463         6.50900311169         -3.47381680566        5.63807625293         -2.35616550724        
1.33354985242         6.43809709028         -3.44938932344        5.57349538133         -2.33953866073        
1.34320855022         6.3680403681          -3.4249447799         5.5097349431          -2.32290157464        
1.35286724801         6.29836002134         -3.40027758783        5.44639750432         -2.30611597913        
1.3625259458          6.22992427604         -3.3758388733         5.38421746386         -2.28948848352        
1.37218464359         6.16211697141         -3.35127913544        5.32264949569         -2.27277996002        
1.38184334138         6.09501211146         -3.32660155947        5.26176695579         -2.25599339168        
1.39150203917         6.02871702115         -3.30201656969        5.20167320439         -2.23927347551        
1.40116073696         5.96329563362         -3.27739332143        5.14239106445         -2.22252853157        
1.41081943475         5.89866522163         -3.25278981177        5.08385564535         -2.2057999864         
1.42047813254         5.83475864654         -3.22812068647        5.02600770637         -2.18902806752        
1.43013683033         5.77199186411         -3.20356009822        4.96916611131         -2.17233019941        
1.43979552812         5.70970235288         -3.17897539172        4.91284866247         -2.1556193027         
1.44945422592         5.64833505841         -3.15440826455        4.85734509998         -2.13892388304        
1.45911292371         5.58777950656         -3.12991360063        4.80259694503         -2.12228094889        
1.4687716215          5.52815905724         -3.10546754644        4.74868664248         -2.10566803407        
1.47843031929         5.46932388496         -3.08097973202        4.6954914266          -2.08902030535        
1.48808901708         5.41119600272         -3.05673502306        4.64294319713         -2.07255569746        
1.49774771487         5.35335870371         -3.03233055725        4.59079369972         -2.05598182823        
1.50740641266         5.29767866309         -3.00866176477        4.54032345474         -2.03990064456        
1.51706511045         5.24204762787         -2.98477088859        4.49004289319         -2.02367468114        
1.52672380824         5.18728364287         -2.96106013324        4.44054760033         -2.00757188949        
1.53638250603         5.13326868203         -2.93746547999        4.39172851342         -1.99154809802        
1.54604120383         5.08026618468         -2.91415423198        4.34380408521         -1.97571589993        
1.55569990162         5.02795633773         -2.89091545876        4.29651391688         -1.95993397382        
1.56535859941         4.97637794357         -2.86779205754        4.24987910476         -1.94423053377        
1.5750172972          4.92535988788         -2.84493681237        4.20376474044         -1.92870831261        
1.58467599499         4.8755604285          -2.82188199156        4.15867189052         -1.91305320428        
1.59433469278         4.82610871513         -2.79956809773        4.11397736565         -1.89789862874        
1.60399339057         4.77812268367         -2.77755444996        4.07053038637         -1.88294877449        
1.61365208836         4.7304492015          -2.75552823518        4.0273894225          -1.86799031591        
1.62331078615         4.68377180294         -2.7339208792         3.98512979025         -1.85331665101        
1.63296948394         4.63823527997         -2.71267559843        3.94381290481         -1.838886239          
1.64262818173         4.59293134222         -2.69154144496        3.90281330364         -1.82453306           
1.65228687953         4.54917995067         -2.67110864778        3.8630931078          -1.81065204691        
1.66194557732         4.50598642337         -2.65085902785        3.82394853422         -1.79689942733        
1.67160427511         4.46422345552         -2.63132062139        3.78600914542         -1.78362598448        
1.6812629729          4.42385606357         -2.61247218676        3.74928439855         -1.77082014355        
1.69092167069         4.38987090214         -2.59730709667        3.71799506598         -1.76051069914        
1.70058036848         4.38981385106         -2.60217867091        3.71544506043         -1.76378169086        
1.71023906627         4.3861891122          -2.60493695189        3.70986690829         -1.76561965346        
1.71989776406         4.38023199232         -2.60630805151        3.70230671112         -1.76651629994        
1.72955646185         4.37238613304         -2.60656625335        3.69314655531         -1.76665782598        
1.73921515964         4.3632011502          -2.6060442454         3.68281536135         -1.76626891163        
1.74887385744         4.35187873168         -2.60425839387        3.67076913329         -1.76502474647        
1.75853255523         4.33952303383         -2.6018960445         3.65780740019         -1.76338756826        
1.76819125302         4.32581255322         -2.59874199754        3.64371763266         -1.76121299767        
1.77784995081         4.31095872341         -2.59494705961        3.628664621           -1.75860440782        
1.7875086486          4.29467532467         -2.59035174932        3.61244790026         -1.75544960656        
1.79716734639         4.27739833164         -2.58519604133        3.59539606227         -1.75191620522        
1.80682604418         4.2589810966          -2.57939519527        3.57740796532         -1.74794408604        
1.81648474197         4.23947047649         -2.57300701145        3.55852628924         -1.74357364197        
1.82614343976         4.2189292189          -2.56602917307        3.53880276508         -1.73880256207        
1.83580213755         4.19738485573         -2.55852575214        3.51826433151         -1.73367524787        
1.84546083534         4.17485122202         -2.55048066552        3.49692725238         -1.72818079693        
1.85511953314         4.15125717918         -2.54187936654        3.47474695548         -1.72230970767        
1.86477823093         4.12680508853         -2.53282539775        3.45187461092         -1.71613231241        
1.87443692872         4.10111038572         -2.52290477843        3.42803879503         -1.70936339648        
1.88409562651         4.07466914972         -2.51252551161        3.40359988273         -1.70228189759        
1.8937543243          4.04752406645         -2.50169646269        3.37859288963         -1.6948968257         
1.90341302209         4.01942756511         -2.4904604792         3.35285693199         -1.68723840947        
1.91307171988         3.9909092702          -2.47890696054        3.32674998355         -1.67936135327        
1.92273041767         3.96145811872         -2.46692314643        3.29993618216         -1.67119542052        
1.93238911546         3.9312191666          -2.45441740063        3.2725182832          -1.66267653992        
1.94204781325         3.90037883428         -2.44176943349        3.2446245028          -1.65405753099        
1.95170651105         3.86870097218         -2.4284858427         3.21610304813         -1.64501350075        
1.96136520884         3.83639898814         -2.41486150703        3.18710591455         -1.63573577678        
1.97102390663         3.80337267776         -2.40084441307        3.15756266333         -1.62619169133        
1.98068260442         3.76974112874         -2.38647431122        3.1275708829          -1.6164085776         
1.99034130221         3.73530615271         -2.37152246915        3.09698953416         -1.60623270085        
2                     3.70074336916         -2.35670015906        3.06629751038         -1.59614587494        
2.001                 3.69711172476         -2.3551316744         3.0630811563          -1.59507847705        
2.20197721088         2.8769336191          -1.97209644456        2.35487297333         -1.33482383825        
2.40295442175         2.02551847455         -1.49904534773        1.64197460451         -1.01405813136        
2.60393163263         1.31207575591         -1.03225492956        1.0531627044          -0.697910522918       
2.80490884351         0.78622453364         -0.656880468974       0.624154454022        -0.44381253804        
3.00588605438         0.427053238799        -0.388138944244       0.335836674197        -0.26203716755        
3.20686326526         0.20800006284         -0.20753651798        0.162415826188        -0.140005224809       
3.40784047614         0.0921776588982       -0.10036489361        0.0714419663321       -0.0676543321286      
3.60881768701         0.036591050718        -0.0444468203899      0.0281865627369       -0.0299375994324      
3.80979489789         0.0128379007565       -0.0176902189766      0.00985215976548      -0.01190716282        
4.01077210876         0.00398371500083      -0.00636081309924     0.00305060071422      -0.00427892703888     
4.21174931964         0.00106079834008      -0.00204383517485     0.000814136592853     -0.00137427680081     
4.41272653052         0.000234480669965     -0.000583636048239    0.000181741692416     -0.000392317287782    
4.61370374139         3.91524684256e-05     -0.000145362843852    3.13039538528e-05     -9.76964263389e-05    
4.81468095227         3.34703354205e-06     -3.05689908338e-05    3.1159984476e-06      -2.05452996408e-05    
5.01565816315         -5.3115962821e-07     -5.0365351213e-06     -2.38281493412e-07    -3.38597802566e-06    
5.21663537402         -2.45736496832e-07    -5.10037183243e-07    -1.54438851344e-07    -3.43167363069e-07    
5.4176125849          -1.10129651084e-08    -4.77408108113e-09    -7.18781997377e-09    -3.22160966517e-09    
5.4186125849          -1.06419311309e-08    -4.55224302303e-09    -6.94563149492e-09    -3.07192118903e-09    
5.4356125849          -5.43671732446e-09    -1.74075065791e-09    -3.54725900736e-09    -1.17402519638e-09    
5.4526125849          -2.09750806309e-09    -2.58359515347e-10    -1.36746740452e-09    -1.72345459607e-10    
5.4696125849          -3.09773615914e-10    4.35851637976e-10     -2.01371778685e-10    2.97346992933e-10     
5.4866125849          1.8202216975e-11      1.00719263123e-09     1.26098856777e-11     6.76139481855e-10     
5.5036125849          3.03180638154e-11     1.99594709437e-09     2.08224857358e-11     1.31947350659e-09     
5.5206125849          3.82620201242e-11     2.88532497847e-09     2.619192493e-11       1.89351605394e-09     
5.5376125849          4.25318090622e-11     3.58206097897e-09     2.90637183675e-11     2.33961977941e-09     
5.5386125849          4.26873128039e-11     3.61670365395e-09     2.91676861038e-11     2.36168767992e-09     
5.717148232           1.73987074059e-11     3.30419419719e-09     1.18332212331e-11     2.10702851517e-09     
5.8956838791          2.24958184528e-12     1.06341293122e-09     1.52666756253e-12     6.67798854377e-10     
6.0742195262          -1.59799589588e-14    2.41946534342e-10     -1.15906805419e-14    1.4995735629e-10      
6.2527551733          -7.53340365592e-14    4.29998677464e-11     -5.13233040894e-14    2.6336517608e-11      
6.4312908204          -1.84916876525e-14    5.90895047009e-12     -1.25813755669e-14    3.57949155899e-12     
6.6098264675          -2.37501988706e-15    5.53094665823e-13     -1.61504346127e-15    3.31611658411e-13     
6.7883621146          -8.85496200089e-17    1.67012130692e-14     -6.01955470804e-17    9.91655778903e-15     
6.9668977617          4.95982226307e-15     3.06979025527e-17     2.91827822451e-15     6.48016748682e-17     
7.1454334088          3.58280069218e-15     2.50108903941e-17     2.09066223572e-15     4.00697160871e-17     
7.3239690559          1.22739931335e-15     9.44387755734e-18     7.10484704126e-16     1.20218729413e-17     
7.502504703           3.80258397945e-16     3.17237998165e-18     2.18344239687e-16     3.29732737155e-18     
7.6810403501          1.2766774502e-16      1.1408832847e-18      7.27150161299e-17     9.8375154237e-19      
7.8595759972          1.83177635289e-16     1.73708789535e-18     1.03491024613e-16     1.25461988445e-18     
8.0381116443          2.4897144188e-16      2.48702629548e-18     1.39535285902e-16     1.51219550993e-18     
8.2166472914          3.25284440897e-16     3.40242527688e-18     1.80849983686e-16     1.74100185445e-18     
8.3951829385          4.12336014672e-16     4.49414435229e-18     2.27431337921e-16     1.94106032792e-18     
8.5737185856          5.10328818532e-16     5.77226078175e-18     2.7927125352e-16      2.08469061795e-18     
8.7522542327          6.19449470325e-16     7.2461473771e-18      3.36346355745e-16     2.18502676999e-18     
8.9307898798          7.39869768201e-16     8.92454182391e-18     3.98627020025e-16     2.21167904703e-18     
9.1093255269          8.71748035204e-16     1.08156078786e-17     4.66101780214e-16     2.16527370001e-18     
9.287861174           1.01523042674e-15     1.29269892689e-17     5.38709301996e-16     2.05044829448e-18     
9.4663968211          1.17045213792e-15     1.52658572028e-17     6.1641610905e-16      1.84148462827e-18     
9.6449324682          1.33753849193e-15     1.78389523349e-17     6.99189303854e-16     1.53012700024e-18     
9.8234681153          1.51660590982e-15     2.06526219389e-17     7.86996874814e-16     1.13535248783e-18     
10.0020037624         1.7077627701e-15      2.37128529376e-17     8.79754600064e-16     6.45683073395e-19     
10.1805394095         1.91111016925e-15     2.70253013407e-17     9.77425637193e-16     4.29938435457e-20     
10.3590750566         2.12674259475e-15     3.05953185658e-17     1.07996465639e-15     -6.78121767261e-19    
10.5376107037         2.35474852131e-15     3.44279750411e-17     1.18732682636e-15     -1.52265674346e-18    
10.7161463508         2.59521094026e-15     3.8528081434e-17      1.29948143339e-15     -2.47968900804e-18    
10.8946819979         2.84820783045e-15     4.29002077957e-17     1.41633239655e-15     -3.52962739418e-18    
11.073217645          3.11381257836e-15     4.75487008742e-17     1.53783152118e-15     -4.70559484462e-18    
11.2517532921         3.39209435376e-15     5.2477699808e-17      1.66393160582e-15     -6.01051643092e-18    
11.4302889392         3.68311844644e-15     5.76911503886e-17     1.7945823767e-15      -7.44702887802e-18    
11.6088245863         3.98694656894e-15     6.31928180506e-17     1.9297335189e-15      -9.01750018114e-18    
11.7873602334         4.3036371293e-15      6.89862997284e-17     2.06933583841e-15     -1.07240479518e-17    
11.9658958805         4.63324547735e-15     7.50750347021e-17     2.21334359779e-15     -1.25685565558e-17    
12.1444315276         4.97582412777e-15     8.14623145368e-17     2.36172995116e-15     -1.4534083063e-17     
12.3229671747         5.33142296239e-15     8.81512922099e-17     2.51438750138e-15     -1.65927118994e-17    
12.5015028218         5.70008941418e-15     9.51449905066e-17     2.67127063539e-15     -1.87843928181e-17    
12.6800384689         6.0818686349e-15      1.02446309755e-16     2.8323357366e-15      -2.11097640084e-17    
12.858574116          6.4768036481e-15      1.10058034968e-16     2.99753518683e-15     -2.35693062289e-17    
13.0371097631         6.88493548915e-15     1.17982842441e-16     3.16682101481e-15     -2.61633543027e-17    
13.2156454102         7.30630333345e-15     1.26223305865e-16     3.34014560034e-15     -2.88921078045e-17    
13.3941810573         7.74094461424e-15     1.34781901992e-16     3.51746195476e-15     -3.17556409974e-17    
13.5727167044         8.18889513081e-15     1.43661015893e-16     3.69872390981e-15     -3.47539120705e-17    
13.7512523515         8.65018914821e-15     1.52862945851e-16     3.88388633161e-15     -3.78867717278e-17    
13.9297879986         9.12485948926e-15     1.6238990791e-16      4.07290549404e-15     -4.11539711751e-17    
14.1083236457         9.61293761944e-15     1.72244040122e-16     4.26574001793e-15     -4.45551695469e-17    
14.2868592928         1.01144537255e-14     1.82427406505e-16     4.46235491744e-15     -4.80899408141e-17    
14.4653949399         1.06294367884e-14     1.92942000738e-16     4.66272947316e-15     -5.17144370659e-17    
14.643930587          1.11579146504e-14     2.03789749626e-16     4.86674105685e-15     -5.54304636039e-17    
14.8224662341         1.16999140784e-14     2.14972516334e-16     5.07436819716e-15     -5.92699591536e-17    
15.0010018812         1.22554608218e-14     2.26492103426e-16     5.2855747803e-15      -6.32319166746e-17    
15.1795375283         1.28245796668e-14     2.38350255713e-16     5.50032150356e-15     -6.7315274731e-17     
15.3580731754         1.34072944874e-14     2.50548662925e-16     5.71856864495e-15     -7.15189220673e-17    
15.5366088225         1.40036282921e-14     2.63088962224e-16     5.94027669212e-15     -7.58417018663e-17    
15.7151444696         1.46136032684e-14     2.75972740575e-16     6.16540656396e-15     -8.02824157114e-17    
15.8936801167         1.52372408239e-14     2.89201536967e-16     6.39391970699e-15     -8.48398272727e-17    
16.0722157638         1.58745616249e-14     3.02776844516e-16     6.6257781431e-15      -8.95126657392e-17    
16.2507514109         1.65255856325e-14     3.16700112442e-16     6.8609444961e-15      -9.42996290126e-17    
16.429287058          1.71903321368e-14     3.3097274794e-16      7.09938200874e-15     -9.91993866801e-17    
16.6078227051         1.78688197884e-14     3.45596117946e-16     7.3410545564e-15      -1.04210582782e-16    
16.7863583522         1.85610666284e-14     3.60571550806e-16     7.58592666182e-15     -1.0933183839e-16     
16.9648939993         1.9267090117e-14      3.75900337854e-16     7.83396351496e-15     -1.14561754002e-16    
17.1434296464         1.99869071591e-14     3.91583734911e-16     8.08513100366e-15     -1.19898911778e-16    
17.3219652935         2.072053413e-14       4.07622963701e-16     8.33939576504e-15     -1.25341877622e-16    
17.5005009406         2.14679868985e-14     4.24019213195e-16     8.5967252772e-15      -1.30889203108e-16    
17.6790365877         2.22292808494e-14     4.40773640883e-16     8.85708803695e-15     -1.36539427292e-16    
17.8575722348         2.30044309041e-14     4.57887373991e-16     9.12045394925e-15     -1.42291078381e-16    
18.0361078819         2.37934515406e-14     4.75361510626e-16     9.38679537958e-15     -1.481426753e-16      
18.214643529          2.4596356812e-14      4.9319712087e-16      9.65609160395e-15     -1.54092729136e-16    
18.3931791761         2.54131603644e-14     5.11395247823e-16     9.92834423458e-15     -1.6009114134e-16     
18.5717148232         2.62438754536e-14     5.2995690859e-16      1.02034191106e-14     -1.66127822222e-16    
18.7502504703         2.7088514961e-14      5.48883095223e-16     1.04813112242e-14     -1.72251307679e-16    
18.9287861174         2.79470914085e-14     5.68174775622e-16     1.0761999863e-14      -1.78459914598e-16    
19.1073217645         2.8819616973e-14      5.87832894391e-16     1.104545888e-14       -1.84751959009e-16    
19.2858574116         2.97061034996e-14     6.07858373652e-16     1.13316609681e-14     -1.91125757048e-16    
19.4643930587         3.06065625149e-14     6.28252113827e-16     1.16205785897e-14     -1.97579625856e-16    
19.6429287058         3.15210052389e-14     6.49014994381e-16     1.19121842984e-14     -2.04111884406e-16    
19.8214643529         3.24494425968e-14     6.70147874535e-16     1.22064508783e-14     -2.10720854279e-16    
20                    3.33918852299e-14     6.91651593945e-16     1.25033514097e-14     -2.17404860372e-16    
