0.0779191396          0                     0                     0                     0                     
0.087577837391        0.0165221347018       0.000852747619484     0.0207563781706       0.000440266188189     
0.0972365351819       0.0983574790487       0.0031820536835       0.122687108168        0.00112801148834      
0.106895232973        0.254820963319        0.00362903706873      0.315432814551        -0.000835992997732    
0.116553930764        0.474872975075        -0.00170181992257     0.583429629278        -0.00859415440643     
0.126212628555        0.743388547197        -0.016129355307       0.906807000945        -0.0248200900807      
0.135871326346        1.04617102012         -0.0417972023774      1.26760424616         -0.0511986431421      
0.145530024137        1.37185214516         -0.0805189192433      1.65171596109         -0.0892106107573      
0.155188721928        1.7109823115          -0.134340278138       2.04785772209         -0.140611883476       
0.164847419719        2.05513766988         -0.205726946613       2.44657898187         -0.207533683496       
0.17450611751         2.39539061299         -0.295681756224       2.83861380772         -0.290841054988       
0.184164815301        2.72357672937         -0.403926169736       3.21589334178         -0.390286986582       
0.193823513091        3.03204611052         -0.52659463193        3.57109246563         -0.502426537306       
0.203482210882        3.31698800083         -0.657930339277       3.9005809175          -0.622130689533       
0.213140908673        3.57744762805         -0.79233389119        4.20339485919         -0.744401883495       
0.222799606464        3.81566232999         -0.926172984469       4.48161487753         -0.866013835631       
0.232458304255        4.03327570849         -1.05773288281        4.73678284818         -0.985441133247       
0.242117002046        4.23171197263         -1.18584017042        4.97033799262         -1.10164744041        
0.251775699837        4.41247570055         -1.30923786023        5.18383916575         -1.2135068761         
0.261434397628        4.57719374569         -1.42724630142        5.37889503214         -1.32046519105        
0.271093095419        4.72822076194         -1.53970669631        5.55787875606         -1.42235350411        
0.28075179321         4.86628950781         -1.64689671532        5.72157258873         -1.51942069383        
0.290410491001        4.99311712181         -1.74966599415        5.87180627047         -1.61243607883        
0.300069188792        5.10872173469         -1.84837474643        6.00877331792         -1.70172954703        
0.309727886583        5.21337822547         -1.94297723245        6.132933925           -1.78726846363        
0.319386584374        5.30698729418         -2.03222858801        6.24433294681         -1.86792969572        
0.329045282165        5.39181166447         -2.11660394632        6.34528840039         -1.94416877467        
0.338703979956        5.46904791864         -2.19482750463        6.436896585           -2.01480736976        
0.348362677747        5.53649253245         -2.26938013156        6.51744695517         -2.08217078119        
0.358021375538        5.59895089077         -2.3381063674         6.59133735215         -2.14423062564        
0.367680073329        5.65604760609         -2.40237247914        6.65840872381         -2.2022473423         
0.37733877112         5.70846571713         -2.46271098132        6.71936936663         -2.25669771628        
0.386997468911        5.75641106907         -2.51969054836        6.77454154518         -2.30809234823        
0.396656166702        5.80034962583         -2.57389019415        6.82445291086         -2.3569516166         
0.406314864492        5.84040709965         -2.62570628944        6.8693354195          -2.40363268253        
0.415973562283        5.87634748864         -2.67566609527        6.90906627777         -2.4486126786         
0.425632260074        5.90835735364         -2.7236987898         6.94390271299         -2.49182660804        
0.435290957865        5.93642830669         -2.77003277979        6.97395069372         -2.5334845185         
0.444949655656        5.96044928583         -2.81459737534        6.99914281887         -2.57352155898        
0.454608353447        5.98048524036         -2.85745406969        7.01967601714         -2.61200247965        
0.464267051238        5.99671364923         -2.89846960185        7.03574224798         -2.64880691939        
0.473925749029        6.00930085794         -2.93760358861        7.04757744245         -2.68390036793        
0.48358444682         6.01819040558         -2.97467425394        7.05517872998         -2.71712419943        
0.493243144611        6.02361222258         -3.0095542139         7.05877497363         -2.74836477749        
0.502901842402        6.02597536743         -3.04224452367        7.05883829337         -2.77762333783        
0.512560540193        6.02551028698         -3.07277275942        7.05562928057         -2.80492873653        
0.522219237984        6.02207790222         -3.10086614736        7.04896371529         -2.83003366239        
0.531877935775        6.01678890326         -3.12702021234        7.04011935934         -2.85339248947        
0.541536633566        6.00909944011         -3.15077666214        7.02842363544         -2.87458403071        
0.551195331357        5.99961932496         -3.17244535604        7.0145562441          -2.89389136371        
0.560854029148        5.98840381649         -3.19206869421        6.99857967445         -2.91135822704        
0.570512726939        5.97549095803         -3.2096026666         6.98051512054         -2.92694433263        
0.58017142473         5.96143050769         -3.2252340561         6.96098447549         -2.94080228081        
0.589830122521        5.94630692741         -3.23921895935        6.94004460974         -2.95319054575        
0.599488820312        5.93032401743         -3.25176029325        6.9179037269          -2.96428779425        
0.609147518103        5.91323900229         -3.26265854866        6.89440948292         -2.97389455154        
0.618806215893        5.8948754499          -3.27174337817        6.86926727118         -2.9818527413         
0.628464913684        5.87643458399         -3.27978687992        6.84378748886         -2.98887338785        
0.638123611475        5.85733080918         -3.28688730987        6.81737990481         -2.99504286612        
0.647782309266        5.83765055899         -3.29303440904        6.79013775091         -3.00034910727        
0.657441007057        5.81749229878         -3.29840277171        6.76219765332         -3.00494751897        
0.667099704848        5.79688486488         -3.30299642571        6.7335949721          -3.00883947748        
0.676758402639        5.77554398075         -3.30687804195        6.70405413612         -3.01208361139        
0.68641710043         5.75375836763         -3.31020430772        6.67388774061         -3.01481876089        
0.696075798221        5.73136805883         -3.31292799176        6.64294286857         -3.01700408607        
0.705734496012        5.70859712429         -3.31529594189        6.6114981324          -3.01886388667        
0.715393193803        5.68503460019         -3.3171465118         6.57911409435         -3.0202492598         
0.725051891594        5.66091264147         -3.31859531555        6.54605309642         -3.021265698          
0.734710589385        5.63620176621         -3.31971749851        6.51229759164         -3.02197922231        
0.744369287176        5.61085191867         -3.32047946095        6.47783253294         -3.02236320713        
0.754027984967        5.58488924051         -3.32095531602        6.44265968604         -3.0224810929         
0.763686682758        5.55807704041         -3.32100942089        6.40656991735         -3.0222145558         
0.773345380549        5.53065423112         -3.32075515494        6.36982496591         -3.02166484406        
0.78300407834         5.50247761836         -3.32019178853        6.33228851526         -3.02083130713        
0.792662776131        5.47334653234         -3.31917775223        6.29372682253         -3.01958494731        
0.802321473922        5.44383794429         -3.31800123229        6.25482322048         -3.01819050173        
0.811980171713        5.41340065478         -3.31637995866        6.2149505741          -3.0163897096         
0.821638869504        5.38200969192         -3.31432116622        6.17411032285         -3.01419140408        
0.831297567294        5.35010732539         -3.31189435702        6.13274908373         -3.01165992931        
0.840956265085        5.31735745393         -3.30904220135        6.0905569992          -3.00874002503        
0.850614962876        5.2835308876          -3.3055570156         6.04725175294         -3.00524742654        
0.860273660667        5.24912537889         -3.30171338092        6.00340902103         -3.00142955116        
0.869932358458        5.21378324784         -3.2972195912         5.95861749687         -2.99702271274        
0.879591056249        5.17765891073         -3.29219885846        5.91306562002         -2.99214084269        
0.88924975404         5.14073000665         -3.28658470493        5.86671954894         -2.98672278082        
0.898908451831        5.10303217145         -3.28032352176        5.81962346134         -2.98072067064        
0.908567149622        5.06422987751         -3.27322645918        5.77141981255         -2.97396339828        
0.918225847413        5.02481426564         -3.26557846842        5.72260949438         -2.96670951328        
0.927884545204        4.98448963159         -3.25708045224        5.67287770073         -2.9586900409         
0.937543242995        4.94302792705         -3.24768455212        5.62199559975         -2.94985920775        
0.947201940786        4.90077604703         -3.2372715329         5.57031720481         -2.94011220893        
0.956860638577        4.85716398977         -3.22570198535        5.51721078777         -2.92931924715        
0.966519336368        4.81198574117         -3.21283031285        5.46244613072         -2.91735230957        
0.976178034159        4.76406670918         -3.19768431498        5.40467525248         -2.90333005215        
0.98583673195         4.70512493103         -3.17458092589        5.33450387929         -2.88208245916        
0.995495429741        4.6403158956          -3.1469677244         5.25777846158         -2.85675876038        
1.00515412753         4.57703967726         -3.11988608063        5.18287992221         -2.83193523509        
1.01481282532         4.51508182856         -3.0932084883         5.10959015605         -2.80748554196        
1.02447152311         4.45410195529         -3.06667692615        5.03751089243         -2.78317751266        
1.0341302209          4.39399420425         -3.04023275797        4.96651396614         -2.75895497121        
1.0437889187          4.33501337001         -3.01401896916        4.89688349488         -2.73494831921        
1.05344761649         4.27655788734         -2.98761221166        4.8279266556          -2.71077319526        
1.06310631428         4.21902869841         -2.96132057142        4.76009747237         -2.68670811064        
1.07276501207         4.16219503336         -2.93497936346        4.69312695163         -2.66260445874        
1.08242370986         4.10625648402         -2.90873999372        4.62723324066         -2.63859953177        
1.09208240765         4.05107756825         -2.88252218674        4.56228300824         -2.61462196983        
1.10174110544         3.99654968378         -2.85631141926        4.49810510673         -2.59065696792        
1.11139980323         3.9426339132          -2.82989393535        4.43473560315         -2.56650444819        
1.12105850102         3.88960499096         -2.80349336664        4.37238967824         -2.54236650575        
1.13071719881         3.83749449168         -2.7772733123         4.31110613651         -2.51840223136        
1.14037589661         3.78614796177         -2.75110902844        4.25072121024         -2.49449322885        
1.1500345944          3.73559031774         -2.72516444208        4.19127484519         -2.47078916156        
1.15969329219         3.68606860053         -2.69949369181        4.13300759991         -2.44733806412        
1.16935198998         3.63731569216         -2.67364497388        4.07561846977         -2.42372924199        
1.17901068777         3.58910010411         -2.64840832834        4.01893929315         -2.40067509914        
1.18866938556         3.54143155723         -2.62299508069        3.96289187532         -2.37746493236        
1.19832808335         3.49520768757         -2.59830094203        3.90850447713         -2.3549086421         
1.20798678114         3.44919083125         -2.57345936533        3.85439295935         -2.33222035758        
1.21764547893         3.40408923592         -2.5490253709         3.80135301159         -2.30990384544        
1.22730417672         3.35957868689         -2.52477308944        3.74902101796         -2.28775432455        
1.23696287451         3.31605151111         -2.50102243722        3.6978379561          -2.26606107431        
1.24662157231         3.27267215025         -2.47714079571        3.64686732997         -2.24425116561        
1.2562802701          3.23015615558         -2.453718604          3.59691703934         -2.22285660588        
1.26593896789         3.18834390277         -2.43061509648        3.54779413826         -2.20175292585        
1.27559766568         3.14710579337         -2.4078227779         3.49937633819         -2.18093349461        
1.28525636347         3.1066606928          -2.38545405215        3.45189203202         -2.16049842922        
1.29491506126         3.06653238822         -2.36322519165        3.40482733108         -2.1401922168         
1.30457375905         3.02691442432         -2.34124447066        3.35838443761         -2.12011105887        
1.31423245684         2.98795851034         -2.31964719996        3.31274459465         -2.10037793838        
1.32389115463         2.94951908138         -2.29840871179        3.267744653           -2.08097218872        
1.33354985242         2.91180971643         -2.2776301405         3.2235804446          -2.06198251482        
1.34320855022         2.87426682338         -2.25669031835        3.17972567759         -2.04284853621        
1.35286724801         2.83724064953         -2.23621842507        3.13647300166         -2.02415256319        
1.3625259458          2.80089391251         -2.21622482498        3.09403592407         -2.00588859592        
1.37218464359         2.76487387153         -2.19648830827        3.05203384405         -1.9878588069         
1.38184334138         2.72923451092         -2.17701526705        3.01052728079         -1.97006847908        
1.39150203917         2.69403204198         -2.1578652954         2.96957695775         -1.95257194937        
1.40116073696         2.65923062239         -2.13897305889        2.92914198885         -1.93530952593        
1.41081943475         2.62468443872         -2.12038833691        2.88908645079         -1.91832718459        
1.42047813254         2.5907287081          -2.1019603528         2.84970551489         -1.90148803172        
1.43013683033         2.55695956833         -2.08382402484        2.81064221932         -1.88491427752        
1.43979552812         2.52363847267         -2.06595921057        2.77213786692         -1.86858749561        
1.44945422592         2.4905509511          -2.04825704578        2.73397226898         -1.85241051603        
1.45911292371         2.45784833113         -2.03078227969        2.69629931305         -1.83644088924        
1.4687716215          2.42545488525         -2.01351554625        2.65904591414         -1.82066226405        
1.47843031929         2.39335313093         -1.99640978636        2.62218348697         -1.80503106584        
1.48808901708         2.36155218056         -1.9794534249         2.58571818993         -1.78953747934        
1.49774771487         2.33008745078         -1.96269433286        2.54969945772         -1.774225142          
1.50740641266         2.29891790121         -1.94607903585        2.51407193706         -1.75904486476        
1.51706511045         2.26800939554         -1.92957518131        2.47880198432         -1.74396840978        
1.52672380824         2.23746558437         -1.91325843198        2.44399563178         -1.72906382206        
1.53638250603         2.20721636843         -1.89703006329        2.40957533868         -1.71424213964        
1.54604120383         2.17732075928         -1.8810170714         2.37560655303         -1.69961734125        
1.55569990162         2.14772638881         -1.86507811417        2.34202948648         -1.68506365581        
1.56535859941         2.11842350681         -1.84918332237        2.30882165296         -1.67055213142        
1.5750172972          2.08923496902         -1.83331199262        2.27581219407         -1.65606668877        
1.58467599499         2.06060630789         -1.81765645617        2.24345554003         -1.64178008005        
1.59433469278         2.03200634395         -1.80183729585        2.21121047055         -1.62734543126        
1.60399339057         2.00403838058         -1.78625922857        2.17969006791         -1.61312926944        
1.61365208836         1.97652107349         -1.77077562729        2.14866984104         -1.59900264214        
1.62331078615         1.9491233101          -1.75527375254        2.11787205891         -1.58486806067        
1.63296948394         1.9222549293          -1.73993104089        2.08765839461         -1.57087961752        
1.64262818173         1.89587008965         -1.72473560427        2.05799719904         -1.55702767866        
1.65228687953         1.870023588           -1.70980988639        2.02894869268         -1.54342786035        
1.66194557732         1.84464585947         -1.69511011064        2.00044466155         -1.53003411686        
1.67160427511         1.81980520761         -1.68075130894        1.97255819098         -1.51694997175        
1.6812629729          1.79565086675         -1.66668116095        1.94543448843         -1.50413086507        
1.69092167069         1.77414958161         -1.6548585252         1.92121556856         -1.49334111441        
1.70058036848         1.76631942603         -1.65570820773        1.91182243283         -1.49398799399        
1.71023906627         1.75705545164         -1.65508097551        1.90088469883         -1.4933025518         
1.71989776406         1.74684276291         -1.65346177802        1.88892797868         -1.49172195895        
1.72955646185         1.73600015497         -1.65106337678        1.87628310466         -1.48943852456        
1.73921515964         1.7242626788          -1.64782381986        1.86271474576         -1.48639749386        
1.74887385744         1.71206573254         -1.64395216109        1.84864365344         -1.48278607718        
1.75853255523         1.69938373723         -1.63948478572        1.83405551276         -1.47863787116        
1.76819125302         1.68624021151         -1.63443451189        1.81897824925         -1.47396455104        
1.77784995081         1.67264944489         -1.6288192152         1.8034296061          -1.46878304828        
1.7875086486          1.6585840668          -1.62285831105        1.78739551785         -1.46328855308        
1.79716734639         1.64431922246         -1.61608192848        1.77111970222         -1.45706124082        
1.80682604418         1.62962806556         -1.60901062879        1.75441469721         -1.45056781723        
1.81648474197         1.61461985996         -1.60148950609        1.73737857532         -1.44366917454        
1.82614343976         1.59922768917         -1.59346957166        1.71995240034         -1.43632575599        
1.83580213755         1.5836770168          -1.58522986822        1.70235068046         -1.42877707491        
1.84546083534         1.56779518037         -1.5765179158         1.68441511279         -1.42080777951        
1.85511953314         1.55164750342         -1.56744073067        1.6662105701          -1.41250911474        
1.86477823093         1.53525846185         -1.55802946673        1.64776388552         -1.403911353          
1.87443692872         1.51863708067         -1.548286101          1.62908470835         -1.39501591994        
1.88409562651         1.50175287184         -1.53814406093        1.61014723968         -1.38575992211        
1.8937543243          1.48483283069         -1.52791704948        1.59116403064         -1.37643553222        
1.90341302209         1.46758985294         -1.51726733437        1.57187314757         -1.36673106882        
1.91307171988         1.45016237319         -1.50642837817        1.55240472671         -1.35685704481        
1.92273041767         1.43254715669         -1.49533123313        1.53275985197         -1.3467513949         
1.93238911546         1.41473068112         -1.48400393281        1.5129283167          -1.33643966735        
1.94204781325         1.39676608669         -1.47245485416        1.49295989355         -1.32592886365        
1.95170651105         1.37861868789         -1.46066944604        1.47282737474         -1.31520611263        
1.96136520884         1.36030642949         -1.44867612686        1.45254968262         -1.30429836582        
1.97102390663         1.34180905686         -1.4364601834         1.43210736931         -1.29319157397        
1.98068260442         1.3232174038          -1.42408277982        1.41159106389         -1.28194173667        
1.99034130221         1.30433743117         -1.4113325538         1.39081496799         -1.27035473354        
2                     1.28538616366         -1.3983740156         1.36998709301         -1.2585812291         
2.001                 1.2834260435          -1.39701938088        1.36783373191         -1.2573507643         
2.20311373849         0.882702574694        -1.09128417035        0.933841089763        -0.980522704308       
2.40522747698         0.539722481563        -0.765271044217       0.568065282634        -0.686573840859       
2.60734121547         0.289777573728        -0.487512725436       0.304558495187        -0.436807100547       
2.80945495396         0.133413765805        -0.277915298027       0.140865972372        -0.248745599875       
3.01156869245         0.0496654939011       -0.140557299701       0.0534305031648       -0.125697889078       
3.21368243094         0.0128502036769       -0.0616866649251      0.014751949738        -0.0551287408979      
3.41579616943         0.000675952449948     -0.022576531081       0.00159327044649      -0.0201675454595      
3.61790990792         -0.00139188932882     -0.00629320375748     -0.00100829139359     -0.00562103449311     
3.82002364641         -0.000703106989084    -0.000977890778517    -0.000591353220984    -0.000873938421346    
4.0221373849          -3.52461468268e-05    -1.00340567586e-05    -3.02104397097e-05    -9.00068190826e-06    
4.0231373849          -3.41080398598e-05    -9.59635523818e-06    -2.92329544355e-05    -8.60811261366e-06    
4.0401373849          -1.79518095804e-05    -3.90004942366e-06    -1.53659110011e-05    -3.4966866989e-06     
4.0571373849          -7.18569318196e-06    -6.63738760478e-07    -6.13980992846e-06    -5.89362919331e-07    
4.0741373849          -1.09160746657e-06    1.02774545162e-06     -9.26891107323e-07    9.32494480682e-07     
4.0911373849          1.12324989564e-07     2.96899666347e-06     1.04782228646e-07     2.62452165747e-06     
4.1081373849          2.05076855118e-07     6.98934829258e-06     1.88979687565e-07     6.0522259628e-06      
4.1251373849          2.77862916884e-07     1.11039139295e-05     2.54860415904e-07     9.53151354974e-06     
4.1421373849          3.28542084089e-07     1.48194093041e-05     3.00589695434e-07     1.26508666125e-05     
4.1431373849          3.30881297922e-07     1.50212294702e-05     3.02695647637e-07     1.28196412181e-05     
4.32332900553         2.17188037796e-07     2.36417324184e-05     1.97285904355e-07     1.9616883237e-05      
4.50352062615         3.49132684355e-08     1.20655062363e-05     3.15685569885e-08     9.82661647892e-06     
4.68371224678         -6.51974088009e-09    4.17254242364e-06     -5.96557068942e-09    3.34446128949e-06     
4.8639038674          -5.337086908e-09      1.05428760278e-06     -4.8531773227e-09     8.32996631057e-07     
5.04409548803         -1.38550860896e-09    1.74128096646e-07     -1.25822403377e-09    1.35780226029e-07     
5.22428710866         -8.27368639544e-11    7.93418995944e-09     -7.5084078336e-11     6.11261565695e-09     
5.40447872928         6.09699529249e-09     7.6721269378e-11      4.64732565077e-09     1.35473738404e-10     
5.58467034991         7.0848735036e-09      1.02686898878e-10     5.34828722519e-09     1.38654859294e-10     
5.76486197054         3.80939776865e-09     6.17409724219e-11     2.84681475182e-09     6.75609148341e-11     
5.94505359116         1.5053751065e-09      2.6735117212e-11      1.11341319422e-09     2.44740224704e-11     
6.12524521179         4.91067885135e-10     9.41714391409e-12     3.59440484087e-10     7.35953699048e-12     
6.30543683241         1.38717214683e-10     2.84081044439e-12     1.00482289658e-10     1.92391470233e-12     
6.48562845304         3.47783259843e-11     7.54085694344e-13     2.49318004026e-11     4.47041615502e-13     
6.66582007367         7.85215833651e-12     1.79030741603e-13     5.57111361909e-12     9.40097750536e-14     
6.84601169429         1.61122588486e-12     3.84153993085e-14     1.13152563419e-12     1.79452463377e-14     
7.02620331492         3.02530314643e-13     7.50812865756e-15     2.10313643695e-13     3.15048053264e-15     
7.20639493554         5.10584345683e-14     1.31392599985e-15     3.51395387836e-14     4.96700753171e-16     
7.38658655617         8.25852802311e-15     2.19647901692e-16     5.62766726691e-15     7.51439261749e-17     
7.5667781768          8.21828349677e-16     2.25273105272e-17     5.54548769747e-16     7.02119251215e-18     
7.74696979742         9.5995943408e-16      2.70540059423e-17     6.41489652423e-16     7.70006972374e-18     
7.92716141805         1.10977679891e-15     3.20882306352e-17     7.3452057566e-16      8.35730320347e-18     
8.10735303868         1.27141895948e-15     3.76463184096e-17     8.33591822357e-16     9.00767818703e-18     
8.2875446593          1.44501375088e-15     4.37436438664e-17     9.3858121914e-16      9.67032176882e-18     
8.46773627993         1.63067945043e-15     5.03947016119e-17     1.04941632336e-15     1.0315840308e-17      
8.64792790055         1.82852575473e-15     5.76131772041e-17     1.16602280158e-15     1.0943297485e-17      
8.82811952118         2.03865463275e-15     6.54120108556e-17     1.28832385604e-15     1.1552307309e-17      
9.00831114181         2.2611610732e-15      7.38034547728e-17     1.41624576808e-15     1.21429818481e-17     
9.18850276243         2.49613374149e-15     8.27991248899e-17     1.54973283187e-15     1.27427518557e-17     
9.36869438306         2.74365555922e-15     9.24100476538e-17     1.6886405013e-15      1.33735510501e-17     
9.54888600368         3.00380421702e-15     1.02646702428e-16     1.83289702108e-15     1.40032230033e-17     
9.72907762431         3.27665262982e-15     1.13519060005e-16     1.98242671244e-15     1.46344354111e-17     
9.90926924494         3.56226934226e-15     1.25036617668e-16     2.13715112078e-15     1.52701375914e-17     
10.0894608656         3.86071889083e-15     1.37208431152e-16     2.29699213328e-15     1.59135284214e-17     
10.2696524862         4.17206212814e-15     1.50043143864e-16     2.46187289038e-15     1.65680272358e-17     
10.4498441068         4.49635651422e-15     1.63549013621e-16     2.63171860099e-15     1.72372474369e-17     
10.6300357274         4.83365637866e-15     1.77733937173e-16     2.80645831444e-15     1.79249725832e-17     
10.8102273481         5.18401315731e-15     1.9260547273e-16      2.9860361314e-15      1.86351347372e-17     
10.9904189687         5.54747560633e-15     2.08170860687e-16     3.17036754637e-15     1.94515268364e-17     
11.1706105893         5.92408999631e-15     2.24437042724e-16     3.35931983536e-15     2.03171539457e-17     
11.3508022099         6.31390028855e-15     2.41410679437e-16     3.55284509242e-15     2.12308084403e-17     
11.5309938306         6.71694829565e-15     2.59098166629e-16     3.75087614821e-15     2.21974919049e-17     
11.7111854512         7.13327382788e-15     2.77505650394e-16     3.95334487701e-15     2.32222674847e-17     
11.8913770718         7.56291482705e-15     2.96639041093e-16     4.16018372988e-15     2.43102476305e-17     
12.0715686925         8.00590748899e-15     3.16504026327e-16     4.37132616981e-15     2.54665830485e-17     
12.2517603131         8.4622863759e-15      3.37106082996e-16     4.58670684883e-15     2.66964527422e-17     
12.4319519337         8.93208451952e-15     3.58450488511e-16     4.80626170276e-15     2.80050550467e-17     
12.6121435543         9.41533351611e-15     3.80542331244e-16     5.02992802118e-15     2.93975995615e-17     
12.792335175          9.91206361393e-15     4.03386520272e-16     5.25764452313e-15     3.08792999001e-17     
12.9725267956         1.04223037939e-14     4.26987794475e-16     5.48935146905e-15     3.24553671803e-17     
13.1527184162         1.09460818443e-14     4.51350731032e-16     5.72499086501e-15     3.41310041864e-17     
13.3329100368         1.14834244297e-14     4.76479753385e-16     5.96450690375e-15     3.59114001409e-17     
13.5131016575         1.20343571551e-14     5.02379138683e-16     6.20784715489e-15     3.780172603e-17       
13.6932932781         1.25989046247e-14     5.29053024767e-16     6.454967626e-15       3.98071304318e-17     
13.8734848987         1.31770904981e-14     5.56505416725e-16     6.70584856989e-15     4.1987472078e-17      
14.0536765193         1.37689375402e-14     5.84740193047e-16     6.96032395568e-15     4.43556507189e-17     
14.23386814           1.43744676702e-14     6.13761111414e-16     7.21836753719e-15     4.68651403122e-17     
14.4140597606         1.49937020052e-14     6.43571814141e-16     7.47993602838e-15     4.95213503136e-17     
14.5942513812         1.56266609021e-14     6.74175833305e-16     7.74498114988e-15     5.23296506851e-17     
14.7744430018         1.62733639961e-14     7.05576595579e-16     8.01345397668e-15     5.5295369765e-17      
14.9546346225         1.69338302376e-14     7.37777426791e-16     8.28530587608e-15     5.84237924026e-17     
15.1348262431         1.76080779251e-14     7.70781556227e-16     8.56048882405e-15     6.17201583351e-17     
15.3150178637         1.8296124738e-14      8.04592120697e-16     8.83895553308e-15     6.51896607822e-17     
15.4952094843         1.89979877658e-14     8.39212168382e-16     9.12065950713e-15     6.88374452404e-17     
15.675401105          1.97136835363e-14     8.74644662464e-16     9.40555506384e-15     7.26686084574e-17     
15.8555927256         2.04432280418e-14     9.10892484577e-16     9.69359734048e-15     7.6688197571e-17      
16.0357843462         2.11866367639e-14     9.47958438068e-16     9.98474229128e-15     8.09012093966e-17     
16.2159759669         2.19439246966e-14     9.85845251085e-16     1.02789466802e-14     8.5312589849e-17      
16.3961675875         2.27151063686e-14     1.02455557952e-15     1.05761680709e-14     8.99272334879e-17     
16.5763592081         2.35001958633e-14     1.06409200978e-15     1.08763648164e-14     9.47499831733e-17     
16.7565508287         2.4299206839e-14      1.10445706147e-15     1.11794960467e-14     9.97856298219e-17     
16.9367424494         2.51121525465e-14     1.14565318986e-15     1.1485521659e-14      1.05038912254e-16     
17.11693407           2.59390458473e-14     1.1876827883e-15      1.17944023066e-14     1.10514517123e-16     
17.2971256906         2.67798992294e-14     1.2305481905e-15      1.21060993904e-14     1.16217078918e-16     
17.4773173112         2.7634724823e-14      1.27425167272e-15     1.24205750524e-14     1.22151180037e-16     
17.6575089319         2.85035344153e-14     1.31879545578e-15     1.27377921716e-14     1.28321350914e-16     
17.8377005525         2.93863394643e-14     1.36418170707e-15     1.30577143648e-14     1.34732070206e-16     
18.0178921731         3.02831511121e-14     1.41041254243e-15     1.33803059929e-14     1.41387765027e-16     
18.1980837937         3.11939801973e-14     1.45749002791e-15     1.37055321775e-14     1.48292811225e-16     
18.3782754144         3.21188372671e-14     1.50541618151e-15     1.4033358832e-14      1.554515337e-16       
18.558467035          3.30577325883e-14     1.55419297482e-15     1.43637527193e-14     1.62868206752e-16     
18.7386586556         3.40106761582e-14     1.60382233453e-15     1.46966815567e-14     1.70547054467e-16     
18.9188502762         3.49776777148e-14     1.65430614401e-15     1.50321142167e-14     1.78492251127e-16     
19.0990418969         3.59587467464e-14     1.70564624466e-15     1.53700211513e-14     1.8670792164e-16      
19.2792335175         3.69538925009e-14     1.75784443729e-15     1.57103754463e-14     1.95198142003e-16     
19.4594251381         3.79631239947e-14     1.81090248349e-15     1.6053156467e-14      2.03966939768e-16     
19.6396167587         3.89864500208e-14     1.86482210681e-15     1.63983879327e-14     2.13038539133e-16     
19.8198083794         4.0023879157e-14      1.91960499399e-15     1.67459254663e-14     2.22528444487e-16     
20                    0                     0                     0                     0                     
