0.0779191396          0                     0                     0                     0                     
0.087577837391        0.00794039207002      -0.00187451602645     0.00955765888457      -0.00216327355723     
0.0972365351819       0.0479222416714       -0.0134685251697      0.0574669439952       -0.0154222604818      
0.106895232973        0.124834046744        -0.0413190916808      0.149245029483        -0.0470428534622      
0.116553930764        0.23099258457         -0.0906229222948      0.27561089943         -0.102715578359       
0.126212628555        0.351798944259        -0.163396274673       0.419538062458        -0.18462361179        
0.135871326346        0.473207668239        -0.253708707041       0.564757008721        -0.286095983967       
0.145530024137        0.588309870197        -0.353301979069       0.703110689322        -0.397899347421       
0.155188721928        0.694782729832        -0.456214654902       0.831692049087        -0.513356880629       
0.164847419719        0.79196538011         -0.558709730069       0.94955031348         -0.628300466307       
0.17450611751         0.880039460043        -0.658498425151       1.05676347667         -0.740174404635       
0.184164815301        0.959652141689        -0.754362333848       1.15398602472         -0.847635317041       
0.193823513091        1.03123942966         -0.845612744474       1.24165336586         -0.949895474367       
0.203482210882        1.09533424387         -0.931922766721       1.32035358313         -1.04660632484        
0.213140908673        1.1524550017          -1.0129850375         1.3906688499          -1.13742847149        
0.222799606464        1.2033118048          -1.08884279596        1.45341256418         -1.22242193921        
0.232458304255        1.24848911114         -1.15962593771        1.50926007809         -1.30172912662        
0.242117002046        1.28860862185         -1.22547130931        1.55892696824         -1.37550430903        
0.251775699837        1.32402916326         -1.28690016665        1.6028505673          -1.44433165439        
0.261434397628        1.35499264505         -1.34402371935        1.64132222001         -1.50833716607        
0.271093095419        1.3819058352          -1.39723469363        1.67483075697         -1.56796033702        
0.28075179321         1.40482496393         -1.44625066956        1.70345773263         -1.62283111533        
0.290410491001        1.42443507706         -1.49155739356        1.72802046802         -1.67359500031        
0.300069188792        1.44089113394         -1.53329915613        1.74870648703         -1.72037370626        
0.309727886583        1.45455537211         -1.5716707774         1.7659483081          -1.76337798916        
0.319386584374        1.46567331332         -1.60683685974        1.7800401919          -1.80279228353        
0.329045282165        1.47450661769         -1.63900501816        1.7912859697          -1.83881194057        
0.338703979956        1.48129745263         -1.6683115354         1.79999131092         -1.87163844946        
0.348362677747        1.48634764198         -1.69503648534        1.80651621533         -1.90158872417        
0.358021375538        1.4897713032          -1.71943193931        1.81099746592         -1.928925148          
0.367680073329        1.49160331535         -1.74172769829        1.81349069669         -1.95390361192        
0.37733877112         1.49204330555         -1.76208090192        1.81424440103         -1.97671416732        
0.386997468911        1.49107542039         -1.78057406482        1.81324639239         -1.99743510634        
0.396656166702        1.48877535705         -1.79731651592        1.81059399317         -2.01618668359        
0.406314864492        1.48524922794         -1.81245261345        1.80642249888         -2.03313206013        
0.415973562283        1.48057070691         -1.82606453311        1.80082616377         -2.0483628485         
0.425632260074        1.47476466944         -1.83819147427        1.79384008689         -2.06192592966        
0.435290957865        1.46790709968         -1.84894370873        1.78556120115         -2.07394275542        
0.444949655656        1.46016845965         -1.85855871241        1.7761853276          -2.08465979328        
0.454608353447        1.45138619113         -1.8663642219         1.76554609359         -2.09336578474        
0.464267051238        1.44185077341         -1.87322411266        1.75397690242         -2.101005461          
0.473925749029        1.43149177539         -1.87891784596        1.7413949368          -2.10730569891        
0.48358444682         1.4204160577          -1.88341449699        1.72794477992         -2.11228862797        
0.493243144611        1.40854822456         -1.88655395881        1.7135306737          -2.11574573209        
0.502901842402        1.39617780972         -1.88863900587        1.69849065767         -2.11795872106        
0.512560540193        1.38343403479         -1.88969652174        1.68298251198         -2.11907001183        
0.522219237984        1.37032535649         -1.8897061768         1.66701171091         -2.11901554805        
0.531877935775        1.3570297405          -1.88908678859        1.65079443229         -2.11825756072        
0.541536633566        1.34332441521         -1.88759468248        1.63406837069         -2.11651893615        
0.551195331357        1.32928800798         -1.8853336683         1.61693027926         -2.11391585318        
0.560854029148        1.31504502356         -1.88234860348        1.59952746323         -2.11049872855        
0.570512726939        1.30068721086         -1.87845153526        1.58195483325         -2.10605342835        
0.58017142473         1.28604621561         -1.87446490241        1.56405427675         -2.10150838429        
0.589830122521        1.27091274049         -1.86955302197        1.54555906505         -2.09590780951        
0.599488820312        1.25585746823         -1.86414603884        1.52713985861         -2.08976949423        
0.609147518103        1.24065925785         -1.85829725144        1.50854497093         -2.08313290993        
0.618806215893        1.22521697446         -1.85183786601        1.48965219932         -2.07581207432        
0.628464913684        1.20970628262         -1.84503452671        1.47067570579         -2.06810401086        
0.638123611475        1.19402714275         -1.83777647894        1.4514998607          -2.05988552021        
0.647782309266        1.17822670022         -1.83004886424        1.43217687876         -2.05113927278        
0.657441007057        1.16242208288         -1.82205524071        1.41284424971         -2.04209930123        
0.667099704848        1.14644193986         -1.81379998273        1.39331010769         -2.03276535627        
0.676758402639        1.13026532962         -1.80516677292        1.37354517804         -2.0229950821         
0.68641710043         1.11396077418         -1.79620031277        1.35363878233         -2.01286390518        
0.696075798221        1.09751649656         -1.78688751012        1.3335739907          -2.00234460081        
0.705734496012        1.08105421502         -1.77746261326        1.31349538253         -1.99169949376        
0.715393193803        1.06422357175         -1.76734391979        1.29299304771         -1.98023085754        
0.725051891594        1.04728975732         -1.75680811768        1.27238116287         -1.96833653409        
0.734710589385        1.03039092282         -1.74607042885        1.25181814873         -1.95621970336        
0.744369287176        1.01345303642         -1.7350055802         1.23121683198         -1.94373114159        
0.754027984967        0.996531538078        -1.72354187031        1.21064158317         -1.9308040055         
0.763686682758        0.979633548136        -1.71180985062        1.19009801211         -1.91758099282        
0.773345380549        0.962735910402        -1.6998256864         1.16956321478         -1.90407626803        
0.78300407834         0.945800626384        -1.68754813611        1.14898868401         -1.89024363427        
0.792662776131        0.928957161652        -1.67497643524        1.12853210868         -1.87607999505        
0.802321473922        0.912128775364        -1.6622095103         1.10810202718         -1.8617028353         
0.811980171713        0.895345002258        -1.64913932689        1.0877296184          -1.84698666575        
0.821638869504        0.878608142257        -1.63579554388        1.06741920181         -1.83196466682        
0.831297567294        0.861969316147        -1.62222457264        1.04723039335         -1.81668914922        
0.840956265085        0.845384459837        -1.60839052783        1.02711438052         -1.80111876428        
0.850614962876        0.828954871806        -1.59440363015        1.0071798817          -1.78538184866        
0.860273660667        0.812623505658        -1.58023779795        0.987369446156        -1.76944588318        
0.869932358458        0.796313886083        -1.5658701842         0.967593727804        -1.75328479917        
0.879591056249        0.780085829832        -1.5513650371         0.947921920394        -1.73697157692        
0.88924975404         0.763945670959        -1.53666771995        0.928359928122        -1.72044384652        
0.898908451831        0.747862462587        -1.5218474498         0.908872808255        -1.70374329368        
0.908567149622        0.731844787181        -1.50679665718        0.889473899566        -1.68682346153        
0.918225847413        0.715693455237        -1.49139478294        0.869931667216        -1.66951024612        
0.927884545204        0.699862515216        -1.47594977595        0.850767032869        -1.65215140983        
0.937543242995        0.683976959804        -1.460241249          0.831546554323        -1.63449932663        
0.947201940786        0.668126495044        -1.44433062538        0.812378767844        -1.61662279153        
0.956860638577        0.652313639771        -1.42812356402        0.793259916868        -1.59841515178        
0.966519336368        0.636432425129        -1.41144084775        0.774068409558        -1.57967697984        
0.976178034159        0.620362032351        -1.39402447988        0.754653397563        -1.56011967281        
0.98583673195         0.603104142802        -1.37342086678        0.733796186995        -1.53699800571        
0.995495429741        0.585268120186        -1.35115882655        0.712245318345        -1.51202259494        
1.00515412753         0.567831929678        -1.32933348898        0.691186902856        -1.48753809023        
1.01481282532         0.550823653141        -1.30791727727        0.670652193072        -1.46351285564        
1.02447152311         0.534132157803        -1.2868084762         0.650508781205        -1.43983489385        
1.0341302209          0.517770411574        -1.26597328281        0.630771637738        -1.41646521912        
1.0437889187          0.501777433817        -1.24548184235        0.611484893057        -1.39348254778        
1.05344761649         0.486059477026        -1.22512716368        0.592533214286        -1.37062999695        
1.06310631428         0.470646866899        -1.20504193516        0.573959795295        -1.3481067332         
1.07276501207         0.455546784575        -1.18516481062        0.555766991122        -1.32581838131        
1.08242370986         0.440668996804        -1.16543525638        0.537851927649        -1.30369592054        
1.09208240765         0.426177029592        -1.14595420373        0.520401292479        -1.28185202691        
1.10174110544         0.411977598163        -1.12661909283        0.503305687215        -1.26017438787        
1.11139980323         0.398108402987        -1.10754667265        0.486610289973        -1.23879301921        
1.12105850102         0.384589315294        -1.08864894452        0.470334112085        -1.21760870644        
1.13071719881         0.371301033515        -1.07008357812        0.454345398769        -1.19679757158        
1.14037589661         0.358315213919        -1.05167121201        0.438721123051        -1.17615952171        
1.1500345944          0.345611575993        -1.03350989874        0.423439887807        -1.15580413912        
1.15969329219         0.333196067534        -1.01562750898        0.408507219501        -1.13576191403        
1.16935198998         0.321053513727        -0.997900344013       0.393905726975        -1.11589582869        
1.17901068777         0.309093554412        -0.980390153615       0.379530573023        -1.09625666574        
1.18866938556         0.297393154763        -0.963045710706       0.365470222781        -1.07682141765        
1.19832808335         0.285987464335        -0.946100423726       0.351770536621        -1.05783439911        
1.20798678114         0.274769527469        -0.929247112353       0.338299726531        -1.03895183937        
1.21764547893         0.263765159168        -0.912607276674       0.325091485518        -1.02030921579        
1.22730417672         0.252951068101        -0.896100504265       0.312117602434        -1.00181542122        
1.23696287451         0.242405377182        -0.879884680595       0.299470279197        -0.983649596709       
1.24662157231         0.232087684641        -0.863707023991       0.287095355633        -0.965528101458       
1.2562802701          0.222042197396        -0.847848927645       0.275048759847        -0.94776524366        
1.26593896789         0.212157272158        -0.832070215509       0.263201798656        -0.930093725307       
1.27559766568         0.202533752117        -0.816533821571       0.25166829214         -0.91269407488        
1.28525636347         0.193129902362        -0.80122078998        0.240399861129        -0.895534311411       
1.29491506126         0.183938631209        -0.78603393015        0.229388543787        -0.878528557628       
1.30457375905         0.174951621693        -0.77100394975        0.218623934178        -0.861699534513       
1.31423245684         0.166197094667        -0.756195213205       0.208139005676        -0.845119265326       
1.32389115463         0.157653468603        -0.74158591589        0.197908611761        -0.828763370326       
1.33354985242         0.14933653971         -0.72706548625        0.187947451272        -0.812507715713       
1.34320855022         0.141131049972        -0.712802850665       0.178129653329        -0.796541245009       
1.35286724801         0.133181309843        -0.698648012206       0.168613883281        -0.780696569757       
1.3625259458          0.125454549996        -0.684723722817       0.159365666236        -0.765110716883       
1.37218464359         0.117918546788        -0.670960674079       0.150345909775        -0.749698823061       
1.38184334138         0.110571638595        -0.657364855427       0.141553990545        -0.734482945463       
1.39150203917         0.103415034833        -0.64397678463        0.132990839721        -0.719500249209       
1.40116073696         0.0964389248149       -0.630728286301       0.124644512057        -0.704674939778       
1.41081943475         0.0896353478495       -0.617664096929       0.116506003708        -0.690056783855       
1.42047813254         0.0830019490005       -0.604762167338       0.108572250766        -0.675621160078       
1.43013683033         0.0765044577927       -0.591994447287       0.100803328887        -0.661336036153       
1.43979552812         0.0702035269153       -0.579389856579       0.0932692274096       -0.647234009036       
1.44945422592         0.064083931014        -0.566936618214       0.0859510371789       -0.63329740951        
1.45911292371         0.0581342090977       -0.554640780348       0.078836618712        -0.619543101908       
1.4687716215          0.052357669751        -0.542505149377       0.0719287489041       -0.605969150547       
1.47843031929         0.0467474551322       -0.530518671208       0.0652189788949       -0.592562842875       
1.48808901708         0.0413009177603       -0.51866879176        0.0587041202063       -0.57930990535        
1.49774771487         0.03601236417         -0.506985270423       0.0523782552799       -0.566243822888       
1.50740641266         0.0308686533594       -0.495442411775       0.0462251332053       -0.553332405248       
1.51706511045         0.0258855495627       -0.484027105141       0.0402632313205       -0.540567475611       
1.52672380824         0.0210709652515       -0.472778103575       0.034501401184        -0.527989426377       
1.53638250603         0.0164107900805       -0.461674932731       0.0289229632723       -0.515575177095       
1.54604120383         0.011901301085        -0.450725093763       0.0235238906926       -0.503333071023       
1.55569990162         0.0075352797951       -0.439924884384       0.0182952898524       -0.491256878857       
1.56535859941         0.00331735165108      -0.42926071332        0.0132425643063       -0.479335739441       
1.5750172972          -0.000773423926016    -0.41871471525        0.0083409431513       -0.467547133678       
1.58467599499         -0.00472069155108     -0.408308859442       0.00360989749034      -0.455915933218       
1.59433469278         -0.00851399112698     -0.398046460014       -0.000939580196473    -0.444445825964       
1.60399339057         -0.0121817420081      -0.387946934332       -0.00533915046199     -0.433157133517       
1.61365208836         -0.0157021128296      -0.377961948486       -0.00956547062988     -0.421998371916       
1.62331078615         -0.019089618006       -0.368134966694       -0.0136340770374      -0.41101680136        
1.63296948394         -0.0223576692635      -0.358421712274       -0.0175613037616      -0.400161912831       
1.64262818173         -0.025481780035       -0.348849948455       -0.0213187954103      -0.389466653602       
1.65228687953         -0.0284763132669      -0.339442098114       -0.0249228678984      -0.378955144883       
1.66194557732         -0.0313426921936      -0.330175377535       -0.0283756309136      -0.368601522611       
1.67160427511         -0.0340941878129      -0.321080963429       -0.0316917208235      -0.358441429029       
1.6812629729          -0.0367306516927      -0.312155284892       -0.0348711710825      -0.34847006995        
1.69092167069         -0.0392895838107      -0.303735333799       -0.0379491274834      -0.33906384493        
1.70058036848         -0.0420563323341      -0.297675484732       -0.0412089328077      -0.332292849808       
1.71023906627         -0.0447101992934      -0.291347572871       -0.0443442909169      -0.325223233891       
1.71989776406         -0.0472584350877      -0.284837710289       -0.0473614691255      -0.317950908235       
1.72955646185         -0.04969056617        -0.27820751072        -0.050247594553       -0.310544686481       
1.73921515964         -0.0520097204596      -0.271445877954       -0.0530061079167      -0.30299246869        
1.74887385744         -0.0542171172385      -0.264599520515       -0.0556380303118      -0.295346080439       
1.75853255523         -0.0563095877039      -0.257674367129       -0.058139547168       -0.287612312061       
1.76819125302         -0.0582762014079      -0.250692534568       -0.0604981306363      -0.279815608198       
1.77784995081         -0.0601232657386      -0.243652398012       -0.062720773954       -0.271954329879       
1.7875086486          -0.0618470469576      -0.236570690254       -0.0648032199         -0.264047114394       
1.79716734639         -0.0634455476319      -0.229455830529       -0.0667430604628      -0.256103304045       
1.80682604418         -0.0649168189639      -0.222317895333       -0.0685380107776      -0.248134203996       
1.81648474197         -0.0662608652146      -0.215164852296       -0.0701880850548      -0.240148702498       
1.82614343976         -0.0674716361907      -0.20801059481        -0.0716864364915      -0.232162138241       
1.83580213755         -0.06854822844        -0.200848157354       -0.0730320442611      -0.224166881406       
1.84546083534         -0.0694945197814      -0.193705434319       -0.0742290194516      -0.21619401499        
1.85511953314         -0.07030624615        -0.186579473085       -0.0752726868786      -0.208240137767       
1.86477823093         -0.0709830614371      -0.179480393884       -0.0761625490928      -0.200316677516       
1.87443692872         -0.0715260180729      -0.172415477517       -0.0768999468709      -0.192431735655       
1.88409562651         -0.071932410922       -0.165392679841       -0.077481759295       -0.184593999162       
1.8937543243          -0.0722026008337      -0.158421308691       -0.0779082723015      -0.176813846257       
1.90341302209         -0.0719793475157      -0.151701172531       -0.077781481843       -0.169310610867       
1.91307171988         -0.0723296868793      -0.144647885826       -0.0782902728217      -0.161443377141       
1.92273041767         -0.0721885786156      -0.137864549406       -0.0782480643047      -0.153873851586       
1.93238911546         -0.071910973129       -0.131159615318       -0.0780502698207      -0.146392008794       
1.94204781325         -0.0714960833061      -0.124541294614       -0.0776960384963      -0.139007005597       
1.95170651105         -0.0709455074324      -0.118014322439       -0.0771872150343      -0.131724093438       
1.96136520884         -0.0702588824269      -0.111586154562       -0.0765233878151      -0.124551530589       
1.97102390663         -0.0694393950794      -0.105265227851       -0.075708072648       -0.117498744847       
1.98068260442         -0.0684839966388      -0.0990589692588      -0.074737932979       -0.110574041107       
1.99034130221         -0.067441057467       -0.0929839303852      -0.0736668948961      -0.103796207977       
2                     -0.0661785738513      -0.0870153442778      -0.0723480339847      -0.0971364792667      
2.3139245849          -0.00242777723525     -0.00030541177712     -0.00267369600841     -0.000344334638007    
2.3309245849          -0.00134420798346     -0.000130829579792    -0.00148009028233     -0.000147656490204    
2.3479245849          -0.000565152057244    -2.3478927654e-05     -0.000622075247078    -2.64503636128e-05    
2.3649245849          -8.47934517198e-05    3.96079997908e-05     -9.30781251958e-05    4.49593624341e-05     
2.3819245849          2.56913352339e-05     0.00018141547278      0.000337702329941     -0.000389749562694    
2.3989245849          4.98168195668e-05     0.000555445655319     0.00033972200878      4.21589370875e-05     
2.4159245849          7.14847943754e-05     0.000994721398861     0.000343823582006     0.000546163968565     
2.4329245849          8.9199496296e-05      0.00144947414762      0.000345863128127     0.00106691630139      
2.4339245849          9.01110341107e-05     0.00147612449537      0.000345891539304     0.00109742756056      
2.6131702524          8.96782118293e-05     0.00443985253455      0.000219186385368     0.00455538323677      
2.7924159199          4.49556452834e-06     0.00386883596022      5.62708465536e-05     0.00409442205399      
2.9716615874          -2.44898409798e-05    0.00202380655295      -9.97999924852e-06    0.00217750822721      
3.1509072549          -1.2109477864e-05     0.000541303523258     -1.01219452712e-05    0.000593452751962     
3.33015292241         1.6475023013e-05      5.06701457609e-07     1.89595357434e-05     -5.88212512326e-07    
3.50939858991         0.000353380844056     1.33681102159e-05     0.00040293979846      -1.91138063906e-05    
3.68864425741         0.000548831283671     2.41117680371e-05     0.000618750414882     -3.82972891474e-05    
3.86788992491         0.000532769284979     2.625958229e-05       0.000593112602563     -4.43287334626e-05    
4.04713559241         0.000404354961658     2.18553725374e-05     0.000444164217131     -3.83045359936e-05    
4.22638125991         0.000258911487852     1.51014454702e-05     0.000280487490173     -2.70947159585e-05    
4.40562692741         0.000144958207704     9.01659243066e-06     0.000154837643747     -1.64090461993e-05    
4.58487259491         7.23927637984e-05     4.75888961245e-06     7.62347443982e-05     -8.72886311542e-06    
4.76411826241         3.2648858745e-05      2.25223270497e-06     3.38957764646e-05     -4.14464195124e-06    
4.94336392991         1.3406839183e-05      9.65026199954e-07     1.37230266269e-05     -1.77565061335e-06    
5.12260959742         5.041611864e-06       3.76906475721e-07     5.08846046941e-06     -6.9162938394e-07     
5.30185526492         1.74349505447e-06     1.34853875451e-07     1.73537709887e-06     -2.46294203198e-07    
5.48110093242         5.56229869336e-07     4.43678787295e-08     5.46080631716e-07     -8.05240070147e-08    
5.66034659992         1.64109039033e-07     1.34623773086e-08     1.589442005e-07       -2.42492768833e-08    
5.83959226742         4.48636417386e-08     3.7759864332e-09      4.28747504061e-08     -6.74355326332e-09    
6.01883793492         1.13819158261e-08     9.80859064572e-10     1.07350862068e-08     -1.73536274338e-09    
6.19808360242         2.68316019526e-09     2.36327633654e-10     2.49809968011e-09     -4.13935648615e-10    
6.37732926992         5.88363300893e-10     5.28816604808e-11     5.40844649144e-10     -9.16472930688e-11    
6.55657493742         1.20116101299e-10     1.10013461631e-11     1.09039343234e-10     -1.88561324178e-11    
6.73582060492         2.2845774728e-11      2.12958781152e-12     2.04847794896e-11     -3.60850205916e-12    
6.91506627243         4.04985744906e-12     3.83787753593e-13     3.58753754095e-12     -6.42705981604e-13    
7.09431193993         6.78011936554e-13     6.52552965995e-14     5.93488145726e-13     -1.07973010555e-13    
7.27355760743         1.07983750327e-13     1.05456003065e-14     9.3419220763e-14      -1.72367985632e-14    
7.45280327493         2.20502353975e-14     2.1832557338e-15      1.88572170962e-14     -3.52451599782e-15    
7.63204894243         2.93114603737e-15     2.94024354845e-16     2.47839169158e-15     -4.6873239401e-16     
7.81129460993         3.20348813827e-15     3.25332559692e-16     2.678572493e-15       -5.12111524104e-16    
7.99054027743         3.48904559734e-15     3.58507718751e-16     2.88544279628e-15     -5.57171710716e-16    
8.16978594493         3.78789539439e-15     3.93575613154e-16     3.09888267151e-15     -6.03863208465e-16    
8.34903161243         4.10010994374e-15     4.30560810653e-16     3.31877523207e-15     -6.52135679023e-16    
8.52827727993         4.42575747318e-15     4.6948674864e-16      3.54500664499e-15     -7.01938395712e-16    
8.70752294744         4.76490236316e-15     5.10375809901e-16     3.77746611809e-15     -7.5322041869e-16     
8.88676861494         5.11760545137e-15     5.53249391864e-16     4.01604586917e-15     -8.05930744745e-16    
9.06601428244         5.48392430671e-15     5.98127970014e-16     4.26064108127e-15     -8.60018435185e-16    
9.24525994994         5.86391347652e-15     6.45031156059e-16     4.5111498476e-15      -9.1543272478e-16     
9.42450561744         6.25762471013e-15     6.93977751364e-16     4.76747310857e-15     -9.72123114334e-16    
9.60375128494         6.66510716136e-15     7.44985796132e-16     5.02951458325e-15     -1.03003944907e-15    
9.78299695244         7.0864075725e-15      7.98072614719e-16     5.2971806969e-15      -1.08913198476e-15    
9.96224261994         7.52157044168e-15     8.53254857466e-16     5.57038050601e-15     -1.14935144319e-15    
10.1414882874         7.97063817549e-15     9.10548539366e-16     5.84902562185e-15     -1.21064905842e-15    
10.3207339549         8.43365122837e-15     9.69969075848e-16     6.1330301336e-15      -1.27297661507e-15    
10.4999796224         8.91064823024e-15     1.03153131595e-15     6.42231053158e-15     -1.33628647965e-15    
10.6792252899         9.40166610337e-15     1.09524957311e-15     6.71678563129e-15     -1.40053162588e-15    
10.8584709574         9.90674016983e-15     1.16113765376e-15     7.01637649864e-15     -1.46566565482e-15    
11.0377166249         1.04259042503e-14     1.22920888398e-15     7.32100637677e-15     -1.53164281049e-15    
11.2169622925         1.09591907548e-14     1.29947613426e-15     7.63060061481e-15     -1.59841799154e-15    
11.39620796           1.15066307671e-14     1.37195184262e-15     7.94508659876e-15     -1.66594675958e-15    
11.5754536275         1.20682541218e-14     1.44664803627e-15     8.26439368495e-15     -1.73418534458e-15    
11.754699295          1.26440894763e-14     1.52357635171e-15     8.58845313623e-15     -1.80309064771e-15    
11.9339449625         1.32341643773e-14     1.60274805367e-15     8.91719806146e-15     -1.87262024206e-15    
12.11319063           1.38385053222e-14     1.68417405282e-15     9.25056335901e-15     -1.94273237147e-15    
12.2924362975         1.44571378168e-14     1.76786492228e-15     9.58848566554e-15     -2.01338594768e-15    
12.471681965          1.50900864282e-14     1.85383091329e-15     9.93090331267e-15     -2.08454054629e-15    
12.6509276325         1.57373748344e-14     1.94208196976e-15     1.0277756297e-14      -2.15615640132e-15    
12.8301733            1.63990258707e-14     2.03262774206e-15     1.06289862782e-14     -2.228194399e-15      
13.0094189675         1.70750615728e-14     2.12547759998e-15     1.09845366493e-14     -2.30061607055e-15    
13.188664635          1.77655032169e-14     2.22064064489e-15     1.13443528845e-14     -2.37338358439e-15    
13.3679103025         1.84703713576e-14     2.31812572129e-15     1.1708386638e-14      -2.44645874749e-15    
13.54715597           1.9189685863e-14      2.41794142759e-15     1.20765745747e-14     -2.51978877191e-15    
13.7264016375         1.99234659479e-14     2.52009612642e-15     1.24488599779e-14     -2.59335305546e-15    
13.905647305          2.06717302048e-14     2.62459795431e-15     1.28251957024e-14     -2.66711614132e-15    
14.0848929725         2.14344966327e-14     2.73145483081e-15     1.32055331303e-14     -2.74104316246e-15    
14.26413864           2.22117826648e-14     2.8406744672e-15      1.35898243787e-14     -2.81509983168e-15    
14.4433843075         2.30036051941e-14     2.95226437469e-15     1.39780225377e-14     -2.88925243144e-15    
14.622629975          2.38099805977e-14     3.0662318722e-15      1.43700817176e-14     -2.96346780375e-15    
14.8018756425         2.46309247593e-14     3.18258409377e-15     1.47659570465e-14     -3.03771333989e-15    
14.98112131           2.54664530911e-14     3.30132799554e-15     1.5165604653e-14      -3.11195697019e-15    
15.1603669775         2.63165805537e-14     3.42247036246e-15     1.55689816422e-14     -3.18616715386e-15    
15.339612645          2.71813216757e-14     3.54601781456e-15     1.5976046069e-14      -3.26031286876e-15    
15.5188583125         2.80606905715e-14     3.671976813e-15       1.63867569116e-14     -3.33436360141e-15    
15.69810398           2.89547009583e-14     3.80035366581e-15     1.68010740443e-14     -3.40828933692e-15    
15.8773496475         2.98633661728e-14     3.93115453335e-15     1.72189582109e-14     -3.48206054916e-15    
16.056595315          3.0786699186e-14      4.06438543346e-15     1.76403709991e-14     -3.55564819098e-15    
16.2358409825         3.17247126184e-14     4.2000522465e-15      1.80652748151e-14     -3.62902368454e-15    
16.41508665           3.26774187529e-14     4.33816072e-15        1.84936328596e-14     -3.70215891189e-15    
16.5943323175         3.36448295488e-14     4.4787164732e-15      1.8925409104e-14      -3.77502620557e-15    
16.773577985          3.46269566537e-14     4.6217250014e-15      1.93605682679e-14     -3.84759833944e-15    
16.9528236525         3.56238114154e-14     4.76719168001e-15     1.97990757971e-14     -3.91984851967e-15    
17.13206932           3.66354048932e-14     4.91512176853e-15     2.02408978426e-14     -3.99175037585e-15    
17.3113149875         3.76617478687e-14     5.06552041431e-15     2.068600124e-14       -4.0632779523e-15     
17.490560655          3.87028508556e-14     5.21839265613e-15     2.11343534898e-14     -4.13440569957e-15    
17.6698063225         3.975872411e-14       5.37374342768e-15     2.15859227388e-14     -4.20510846603e-15    
17.84905199           4.08293776388e-14     5.53157756084e-15     2.20406777615e-14     -4.27536148972e-15    
18.0282976575         4.19148212093e-14     5.69189978885e-15     2.24985879422e-14     -4.3451403903e-15     
18.207543325          4.30150643571e-14     5.85471474937e-15     2.29596232586e-14     -4.41442116123e-15    
18.3867889925         4.41301163944e-14     6.02002698735e-15     2.34237542649e-14     -4.48318016208e-15    
18.56603466           4.52599864173e-14     6.18784095783e-15     2.3890952076e-14      -4.551394111e-15      
18.7452803275         4.64046833136e-14     6.35816102867e-15     2.43611883524e-14     -4.61904007739e-15    
18.924525995          4.75642157694e-14     6.53099148306e-15     2.4834435285e-14      -4.68609547469e-15    
19.1037716625         4.87385922758e-14     6.70633652203e-15     2.53106655814e-14     -4.75253805339e-15    
19.28301733           4.99278211356e-14     6.88420026681e-15     2.57898524516e-14     -4.81834589414e-15    
19.4622629975         5.1131910469e-14      7.06458676114e-15     2.62719695948e-14     -4.88349740104e-15    
19.641508665          5.235086822e-14       7.24749997345e-15     2.67569911869e-14     -4.9479712951e-15     
19.8207543325         5.35847021614e-14     7.43294379897e-15     2.72448918674e-14     -5.01174660783e-15    
20                    0                     0                     0                     0                     
