0.0779191396          0                     0                     0                     0                     
0.087738250962        0.000272492121594     -0.0032598344791      0.00109957123153      -0.00884981827852     
0.0975573623239       2.24632966368e-05     -0.0161974153743      0.0022232625108       -0.0439708595035      
0.107376473686        -0.00154411198627     -0.0365913166907      0.00127740454035      -0.099344784698       
0.117195585048        -0.00437882941459     -0.0610517536768      -0.00205919852746     -0.165762049391       
0.12701469641         -0.00823191666629     -0.0870466302051      -0.00758619194056     -0.23633921895        
0.136833807772        -0.012845134614       -0.112930690993       -0.0149710453614      -0.306603159296       
0.146652919134        -0.0179989127774      -0.137690862338       -0.0239000337051      -0.373807957886       
0.156472030496        -0.0235225549563      -0.16075728597        -0.0340775789809      -0.436396711245       
0.166291141858        -0.0292815241082      -0.181829224286       -0.0452444377458      -0.49356308419        
0.17611025322         -0.0351697051581      -0.200788166971       -0.0571739104496      -0.544963043793       
0.185929364582        -0.04110820918        -0.217606805172       -0.0696770774311      -0.590543923197       
0.195748475943        -0.0470572260734      -0.232373683567       -0.0826259926708      -0.630534280163       
0.205567587305        -0.0529402075682      -0.245155552385       -0.095843741681       -0.665128937951       
0.215386698667        -0.058731108188       -0.256075964006       -0.109220080344       -0.694658710979       
0.225205810029        -0.0643991101761      -0.265249950029       -0.122648872758       -0.719434440784       
0.235024921391        -0.0699233127131      -0.272808876091       -0.136043897955       -0.739821069793       
0.244844032753        -0.0752883863755      -0.278872027272       -0.149335760677       -0.756122174377       
0.254663144115        -0.0804686720461      -0.283566746282       -0.162425080739       -0.768717502814       
0.264482255477        -0.0854666712529      -0.286993574688       -0.175293644705       -0.777858619509       
0.274301366839        -0.0902692200063      -0.289291523879       -0.187876809198       -0.783935940349       
0.284120478201        -0.0948516196064      -0.290461910686       -0.200061952653       -0.78694459005        
0.293939589563        -0.0992305919065      -0.29069468609        -0.211918743379       -0.787415192763       
0.303758700925        -0.103395312188       -0.290042346926       -0.223372804405       -0.785479572566       
0.313577812287        -0.107338245173       -0.288579930869       -0.234383890054       -0.781325280317       
0.323396923649        -0.111057660646       -0.286374865031       -0.244928926481       -0.775174773181       
0.333216035011        -0.114549152486       -0.283489122006       -0.254980612283       -0.767176658354       
0.343035146373        -0.117821462866       -0.280008164136       -0.264543656595       -0.757562286041       
0.352854257735        -0.120858209176       -0.275963412453       -0.273564209392       -0.746424326024       
0.362673369097        -0.123672117783       -0.27140680513        -0.282038686801       -0.733882761877       
0.372492480459        -0.126245877311       -0.266402916345       -0.289955426838       -0.720152292399       
0.382311591821        -0.128590590533       -0.260980929545       -0.29731361652        -0.705295718472       
0.392130703183        -0.130702918891       -0.255185074517       -0.304093397135       -0.689430028897       
0.401949814545        -0.132583485976       -0.249061547259       -0.310286052919       -0.672676920759       
0.411768925907        -0.134230965009       -0.242634509926       -0.315882538109       -0.65511663994        
0.421588037268        -0.135644962158       -0.235946728855       -0.320873372717       -0.636858635322       
0.43140714863         -0.136834492473       -0.229035572925       -0.325276022226       -0.618004723847       
0.441226259992        -0.137773765486       -0.221898152061       -0.328998569346       -0.598538478445       
0.451045371354        -0.138485918138       -0.214589974049       -0.332138682819       -0.57863213435        
0.460864482716        -0.138965873829       -0.207135184661       -0.334655803313       -0.558337802835       
0.470683594078        -0.13921195908        -0.199554687155       -0.336540466051       -0.537711402218       
0.48050270544         -0.139224195136       -0.191870960426       -0.337791144179       -0.516820601782       
0.490321816802        -0.139004030523       -0.184108052776       -0.338407704157       -0.49572553373        
0.500140928164        -0.138550492637       -0.17628094182        -0.338370453686       -0.474465904819       
0.509960039526        -0.137864693879       -0.168419205158       -0.337711434321       -0.453129667519       
0.519779150888        -0.136943300836       -0.160536895296       -0.336403327817       -0.43175018488        
0.52959826225         -0.135796109781       -0.152660940173       -0.334468958027       -0.410400450879       
0.539417373612        -0.134413712713       -0.144800676847       -0.331883796157       -0.389106004709       
0.549236484974        -0.132800631971       -0.136980414418       -0.328658350047       -0.367932287376       
0.559055596336        -0.130962735325       -0.129217268776       -0.324795608121       -0.346921896923       
0.568874707698        -0.128889463287       -0.121526609553       -0.320290351945       -0.32612370044        
0.57869381906         -0.126590322529       -0.113934852533       -0.315153328772       -0.305604794845       
0.588512930422        -0.124079589303       -0.106453836452       -0.309425182959       -0.285398297751       
0.598332041784        -0.12134164896        -0.0991044052782      -0.30305453089        -0.26555659112        
0.608151153146        -0.118382864808       -0.0919033871638      -0.296075984632       -0.246130110524       
0.617970264508        -0.115217546893       -0.084877839832       -0.288517206585       -0.227188642173       
0.62778937587         -0.111842278401       -0.0780376478479      -0.280371050636       -0.208759046641       
0.637608487232        -0.108272129627       -0.0714126107702      -0.27167201552        -0.190919588115       
0.647427598593        -0.104509414333       -0.0650160274751      -0.262439326138       -0.173708941113       
0.657246709955        -0.100574097296       -0.058872689336       -0.252719731995       -0.157190838472       
0.667065821317        -0.0964626302287      -0.0530015226943      -0.242502173128       -0.141415034259       
0.676884932679        -0.0922062145422      -0.0474246318144      -0.231878297718       -0.1264426402         
0.686704044041        -0.0878210959166      -0.042165886168       -0.220885584606       -0.112334008383       
0.696523155403        -0.083330307768       -0.0372305641064      -0.209592710003       -0.0991057203078      
0.706342266765        -0.0787637678059      -0.0326495616751      -0.198074948459       -0.0868364660393      
0.716161378127        -0.0741464392323      -0.0284285638971      -0.186404829921       -0.0755422762356      
0.725980489489        -0.069515090556       -0.0245767512827      -0.174678398489       -0.0652451260047      
0.735799600851        -0.0649055989289      -0.021096522433       -0.162993692465       -0.0559504128511      
0.745618712213        -0.060354550929       -0.0179835987232      -0.151448927652       -0.0476450877264      
0.755437823575        -0.0558964058889      -0.0152275325008      -0.140135758258       -0.0402995019571      
0.765256934937        -0.0515620798964      -0.0128098861974      -0.129137974643       -0.0338629661156      
0.775076046299        -0.0473833940142      -0.0107100747293      -0.118539459404       -0.0282787889227      
0.784895157661        -0.0433817503946      -0.00890155635752     -0.108397429359       -0.0234747316048      
0.794714269023        -0.0395756286303      -0.00735562510261     -0.0987604344249      -0.0193729010875      
0.804533380385        -0.0359730116663      -0.00604279595886     -0.0896498220145      -0.0158937549523      
0.814352491747        -0.0325837328542      -0.00493512102885     -0.0810907453406      -0.0129618573178      
0.824171603109        -0.029407240421       -0.00400553389221     -0.0730815007733      -0.0105043965447      
0.833990714471        -0.0264427927183      -0.00322937691802     -0.0656194871131      -0.00845519248524     
0.843809825833        -0.0236840825619      -0.0025844529933      -0.0586877283855      -0.0067546753561      
0.853628937195        -0.0211277986077      -0.00205144176477     -0.0522764228845      -0.00535118281488     
0.863448048557        -0.018763494278       -0.00161304332095     -0.0463579970384      -0.00419848419726     
0.873267159918        -0.0165829839617      -0.00125456919085     -0.0409103388858      -0.00325735570434     
0.88308627128         -0.0145776404577      -0.00096325197172     -0.0359102809203      -0.00249380092157     
0.892905382642        -0.0127386646186      -0.000728376728089    -0.0313342620593      -0.00187927635402     
0.902724494004        -0.0110560722308      -0.000540572724069    -0.0271559072881      -0.00138888741549     
0.912543605366        -0.00952205411977     -0.000392017224176    -0.0233542756343      -0.00100185947242     
0.922362716728        -0.0081278674253      -0.000275999916971    -0.0199062575646      -0.000700402809022    
0.93218182809         -0.00686560495555     -0.000186842684237    -0.0167909099501      -0.000469477625234    
0.942000939452        -0.00572794175672     -0.00011970090955     -0.013988838356       -0.000296270644319    
0.951820050814        -0.00470724929546     -7.04679547647e-05    -0.0114800228401      -0.000169932930229    
0.961639162176        -0.00379742620432     -3.56703964532e-05    -0.00924829141822     -8.12945307053e-05    
0.971458273538        -0.00299219046107     -1.23281073799e-05    -0.00727713270395     -2.25017319939e-05    
0.9812773849          -0.0022851356396      2.06559231001e-06     -0.00554983894507     1.30464347615e-05     
0.9822773849          -0.00221821889339     3.11686521546e-06     -0.00538655458704     1.55918314046e-05     
0.9992773849          -0.00123013672284     1.21386354768e-05     -0.00297972497575     3.60695336821e-05     
1.0162773849          -0.000518756615169    1.05452517366e-05     -0.00125258542837     2.95490664563e-05     
1.0332773849          -7.83519427799e-05    6.268856178e-06       -0.000186167001598    1.69020120387e-05     
1.0502773849          2.62255011203e-05     0.00010096718426      0.000474669551715     -0.000272535270451    
1.0672773849          4.92711512001e-05     0.000426936863913     0.000501071751922     0.000519393504749     
1.0842773849          6.72283265809e-05     0.000829538018994     0.000520976794114     0.00149240201938      
1.1012773849          7.97446189801e-05     0.00125954538384      0.000529752236316     0.0025278643197       
1.1022773849          8.03219802526e-05     0.00128509611846      0.000529925091175     0.00258928882249      
1.11074646617         8.45414454432e-05     0.0015010128269       0.000529866573154     0.00310801992802      
1.11921554745         8.76353213849e-05     0.00171484745894      0.000527277249566     0.0036211416254       
1.12768462872         8.969591694e-05       0.00192495652287      0.000522357933321     0.00412478715436      
1.13615371            9.08137470461e-05     0.00212998997932      0.00051531115482      0.00461580403162      
1.14462279127         9.10667869441e-05     0.00232858581454      0.000506284285222     0.00509106710778      
1.15309187255         9.05578341731e-05     0.00252027936642      0.000495579528455     0.00554944947939      
1.16156095382         8.93518367439e-05     0.00270391405402      0.000483303547174     0.0059883469039       
1.1700300351          8.75323732009e-05     0.00287907087307      0.000469681695762     0.00640679674774      
1.17849911637         8.51705523962e-05     0.00304523282174      0.000454885556449     0.00680364187601      
1.18696819765         8.23159117983e-05     0.00320130750638      0.000438985641751     0.007176446107        
1.19543727892         7.90777027144e-05     0.00334874828956      0.000422383852507     0.00752848722839      
1.20390636019         7.54751321791e-05     0.00348578487256      0.00040501445223      0.00785582702202      
1.21237544147         7.15731771529e-05     0.00361261348574      0.000387067531728     0.00815893864872      
1.22084452274         6.7422274427e-05      0.00372905410136      0.000368666589668     0.00843745507877      
1.22931360402         6.30735970525e-05     0.0038352238067       0.000349950179865     0.00869168396449      
1.23778268529         5.85680665487e-05     0.00393091091639      0.000331011212001     0.0089211905718       
1.24625176657         5.39497172097e-05     0.00401633680398      0.000311970068403     0.00912652228586      
1.25472084784         4.92545931223e-05     0.00409145638961      0.000292912267402     0.00930762244914      
1.26318992912         4.45152352715e-05     0.00415615473674      0.000273911626045     0.00946427356127      
1.27165901039         3.97670510368e-05     0.00421084092453      0.000255069060232     0.00959744978418      
1.28012809167         3.50358238642e-05     0.00425528982764      0.000236435664195     0.00970667963593      
1.28859717294         3.03518149573e-05     0.00429004529927      0.000218101104336     0.00979324283916      
1.29706625421         2.5737434802e-05      0.00431505326881      0.00020011302076      0.00985705403496      
1.30553533549         2.1214665758e-05      0.00433044121278      0.000182524299583     0.00989843938242      
1.31400441676         1.68043763672e-05     0.00433654522092      0.00016539070821      0.00991819973334      
1.32247349804         1.25242864284e-05     0.00433349839298      0.000148753356042     0.00991666989725      
1.33094257931         8.39185987356e-06     0.0043221128237       0.000132670237294     0.00989573657028      
1.33941166059         4.41827362931e-06     0.00430088980042      0.000117123456287     0.00985199340836      
1.34788074186         6.19805398183e-07     0.0042718449924       0.000102198237022     0.00979007815784      
1.35634982314         -2.99332505972e-06    0.00423452637795      8.79009262597e-05     0.00970897588941      
1.36481890441         -6.41133943975e-06    0.00418941157538      7.42595114156e-05     0.00960979871491      
1.37328798568         -9.62562487767e-06    0.00413659396641      6.1290065947e-05      0.00949277545415      
1.38175706696         -1.26289375072e-05    0.00407637533119      4.90097754792e-05     0.00935861028491      
1.39022614823         -1.54151853124e-05    0.00400902083934      3.74319492156e-05     0.00920792106011      
1.39869522951         -1.79804801948e-05    0.00393503869898      2.65686600176e-05     0.0090418816957       
1.40716431078         -2.03204967155e-05    0.00385453267968      1.64251946869e-05     0.00886073496509      
1.41563339206         -2.2432650694e-05     0.00376781927216      7.00646408822e-06     0.00866520986762      
1.42410247333         -2.43217150734e-05    0.00367617389282      -1.68579207567e-06    0.00845823961794      
1.43257155461         -2.59695202751e-05    0.00357724241793      -9.65113701351e-06    0.0082344046112       
1.44104063588         -2.73922903235e-05    0.00347378139022      -1.68927766741e-05    0.00800004145091      
1.44950971716         -2.85866075872e-05    0.00336541730065      -2.34155083046e-05    0.00775428341301      
1.45797879843         -2.95545951256e-05    0.00325248958565      -2.92266623346e-05    0.00749790227658      
1.4664478797          -3.02993960567e-05    0.00313536269311      -3.43359234525e-05    0.00723172569377      
1.47491696098         -3.08223107624e-05    0.00301414432641      -3.87517932388e-05    0.00695598715045      
1.48338604225         -3.11316340409e-05    0.00288957489847      -4.2492176074e-05     0.00667237817367      
1.49185512353         -3.12294380221e-05    0.00276171003485      -4.55683286974e-05    0.0063810085672       
1.5003242048          -3.11213950744e-05    0.00263090966542      -4.79966127291e-05    0.0060826884449       
1.50879328608         -3.08161363113e-05    0.00249772271999      -4.97988403787e-05    0.00577866366053      
1.51726236735         -3.03194707977e-05    0.00236240320155      -5.09932703437e-05    0.00546949699312      
1.52573144863         -2.96396737958e-05    0.00222536463588      -5.16026227425e-05    0.0051561187321       
1.5342005299          -2.87840528222e-05    0.00208690513049      -5.16484755933e-05    0.00483919052181      
1.54266961118         -2.77653264775e-05    0.00194767586491      -5.11625985718e-05    0.00452019156221      
1.55113869245         -2.65906840961e-05    0.0018078841253       -5.01674117515e-05    0.00419957094286      
1.55960777372         -2.52721352928e-05    0.00166804491773      -4.86945401346e-05    0.00387849061929      
1.568076855           -2.38221075036e-05    0.00152865591442      -4.67770428861e-05    0.00355807223653      
1.57654593627         -2.22512627168e-05    0.00139006573327      -4.44449638784e-05    0.0032390900741       
1.58501501755         -2.05766743106e-05    0.00125299239906      -4.1741519302e-05     0.00292317859691      
1.59348409882         -1.88104231251e-05    0.00111780215221      -3.87004999112e-05    0.00261115299502      
1.6019531801          -1.69719922915e-05    0.000985272240034     -3.53712591582e-05    0.00230478823356      
1.61042226137         -1.50749699118e-05    0.000855791411711     -3.17915429953e-05    0.00200495271196      
1.61889134265         -1.31418697549e-05    0.000730227213881     -2.80182445006e-05    0.00171363642107      
1.62736042392         -1.11932760586e-05    0.000609287052175     -2.41049508815e-05    0.00143245796254      
1.6358295052          -9.25372980197e-06    0.000493850581206     -2.01143885634e-05    0.00116344406882      
1.64429858647         -7.35372890183e-06    0.000385059968209     -1.61230805882e-05    0.000909246379022     
1.65276766774         -5.52501773443e-06    0.000284056153364     -1.22113336398e-05    0.000672523919595     
1.66123674902         -3.81036817746e-06    0.00019247597018      -8.48495353068e-06    0.000457122415841     
1.66970583029         -2.26502761643e-06    0.000112484960035     -5.07920253076e-06    0.000268168137445     
1.67817491157         -9.71648968034e-07    4.74677325113e-05     -2.19319340846e-06    0.000113739242397     
1.68664399284         -9.54396644311e-08    4.589110814e-06       -2.16753076527e-07    1.10922097356e-05     
1.69511307412         2.16656295217e-05     4.57542650134e-07     5.27442057406e-05     -1.29508290567e-06    
1.70358215539         7.99676589093e-05     1.71402825325e-06     0.000194499549265     -5.11918036409e-06    
1.71205123667         0.000161053643342     3.50196543377e-06     0.000391350364112     -1.09819828747e-05    
1.72052031794         0.00026141371652      5.76384475363e-06     0.000634607364362     -1.88989973162e-05    
1.72898939922         0.000379327875123     8.47726828145e-06     0.000919949381706     -2.89570860097e-05    
1.73745848049         0.000513770722452     1.16329950723e-05     0.0012447497384       -4.12645999828e-05    
1.74592756176         0.000664064722444     1.52281048108e-05     0.00160722798998      -5.59363911747e-05    
1.75439664304         0.000829730385541     1.92630851431e-05     0.00200608668966      -7.30828415065e-05    
1.76286572431         0.00101040978304      2.37403620374e-05     0.00244032958005      -9.28081466062e-05    
1.77133480559         0.00120582306857      2.86634721402e-05     0.00290915546682      -0.000115233779877    
1.77980388686         0.00141574181925      3.40365586831e-05     0.0034118758031       -0.000140440744325    
1.78827296814         0.00163997174315      3.98640457228e-05     0.00394792084795      -0.000168552417198    
1.79674204941         0.00187834096512      4.61504176111e-05     0.00451673608703      -0.000199674756542    
1.80521113069         0.00213069181547      5.2900064019e-05      0.00511780919116      -0.000233904107176    
1.81368021196         0.00239687491481      6.01171676642e-05     0.0057506447085       -0.000271331950264    
1.82214929323         0.00267674481897      6.78056209327e-05     0.00641475437232      -0.000312009033541    
1.83061837451         0.00297015675632      7.59689627011e-05     0.00710971583495      -0.000356030350915    
1.83908745578         0.0032769641505       8.46103297062e-05     0.00783503543293      -0.000403488663273    
1.84755653706         0.00359701672078      9.37324186694e-05     0.00859022458922      -0.00045445502218     
1.85602561833         0.00393015901616      0.000103337456571     0.00937478581243      -0.000508995011259    
1.86449469961         0.00427622928089      0.000113427177241     0.0101882087022       -0.000567168670406    
1.87296378088         0.00463505857753      0.000124002802938     0.0110299676962       -0.000629030432472    
1.88143286216         0.00500647011362      0.000135065029992     0.0118995205389       -0.000694629071461    
1.88990194343         0.00539027873036      0.000146614017735     0.0127963072149       -0.000764007661412    
1.89837102471         0.00578629052335      0.000158649380235     0.0137197492281       -0.00083720354555     
1.90684010598         0.00619430257115      0.000171170180394     0.0146692491518       -0.000914248315238    
1.91530918725         0.00661410275298      0.00018417492607      0.0156441903973       -0.000995167798354    
1.92377826853         0.00704546964151      0.000197661568013     0.0166439371625       -0.0010799820569      
1.9322473498          0.0074881724584       0.000211627499354     0.0176678345289       -0.00116870539347     
1.94071643108         0.00794197108373      0.000226069556527     0.0187152086823       -0.00126134636637     
1.94918551235         0.00840661611151      0.000240984021465     0.0197853672399       -0.00135790781323     
1.95765459363         0.00888184894466      0.000256366624954     0.0208775996642       -0.00145838688272     
1.9661236749          0.00936740192498      0.000272212551061     0.0219911777539       -0.0015627750743      
1.97459275618         0.00986299849359      0.000288516442559     0.0231253561997       -0.00167105828574     
1.98306183745         0.0103683533737       0.000305272407142     0.0242793731858       -0.00178321686749     
1.99153091873         0.0108831727877       0.000322474024807     0.0254524510644       -0.00189922568605     
2                     0.0114071546786       0.000340114355547     0.0266437970327       -0.0020190541917      
2.001                 0.0114696150973       0.000342225882241     0.0267856354566       -0.00203345364638     
2.18280808081         0.024292068535        0.000809048614033     0.0551634991269       -0.00541944503251     
2.36461616162         0.0374786284529       0.00135029202324      0.0827368856762       -0.00963693458361     
2.54642424242         0.0473669559698       0.00181086895782      0.101703162565        -0.0133911683658      
2.72823232323         0.0515337701983       0.00206405059028      0.107716325959        -0.0155632915894      
2.91004040404         0.0494883878792       0.00205806142414      0.100798682964        -0.0156586109183      
3.09184848485         0.0425422166768       0.00182498695557      0.0845237979729       -0.0139187546241      
3.27365656566         0.0330254570611       0.00145421395681      0.0640712787152       -0.0110673061642      
3.45546464646         0.0232937973357       0.00104881262372      0.0441719551761       -0.00793939879894     
3.63727272727         0.0149979250594       0.00068841668845      0.0278258450914       -0.0051713842716      
3.81908080808         0.00884877802822      0.000413052738132     0.0160772592216       -0.00307344505174     
4.00088888889         0.00479933938588      0.000227372143373     0.0085463956126       -0.00167354604284     
4.1826969697          0.00239925879433      0.000115171728967     0.00419078734231      -0.000837743386897    
4.36450505051         0.00110794554337      5.38139991267e-05     0.00189966889199      -0.000386556542957    
4.54631313131         0.000473457012313     2.32408708904e-05     0.000797416696525     -0.000164774098042    
4.72812121212         0.000187497888177     9.29231873426e-06     0.000310407497465     -6.49988008084e-05    
4.90992929293         6.88945975234e-05     3.44421196266e-06     0.000112181318205     -2.37622692145e-05    
5.09173737374         2.35113127492e-05     1.18475694675e-06     3.76759562959e-05     -8.06031826027e-06    
5.27354545455         7.458155834e-06       3.78567582805e-07     1.17681604728e-05     -2.53937942902e-06    
5.45535353535         2.20066297944e-06     1.12453125641e-07     3.42093199787e-06     -7.43662122536e-07    
5.63716161616         6.04370954211e-07     3.10744338602e-08     9.26018783098e-07     -2.02583355928e-07    
5.81896969697         1.54563251575e-07     7.99259829208e-09     2.3353281759e-07      -5.13659729382e-08    
6.00077777778         3.68261949698e-08     1.91444285348e-09     5.48926890278e-08     -1.21288276476e-08    
6.18258585859         8.17761182694e-09     4.27224267552e-10     1.20304054636e-08     -2.66812916683e-09    
6.36439393939         1.69303685455e-09     8.88578132809e-11     2.45913265717e-09     -5.47058559614e-10    
6.5462020202          3.26895438573e-10     1.72308861151e-11     4.68970266679e-10     -1.04581624653e-10    
6.72801010101         5.88859952619e-11     3.11646442093e-12     8.34681576072e-11     -1.86486076023e-11    
6.90981818182         9.91083846957e-12     5.26507370124e-13     1.38846743914e-11     -3.10638773454e-12    
7.09162626263         1.54358806418e-12     8.22945866562e-14     2.13801359793e-12     -4.78765430509e-13    
7.27343434343         2.17652885954e-13     1.16428769632e-14     2.98145354221e-13     -6.67955705258e-14    
7.45524242424         4.72732817145e-14     2.53679445483e-15     6.40602638491e-14     -1.43530987576e-14    
7.63705050505         6.1498206414e-15      3.31001426645e-16     8.24639102575e-15     -1.84714815054e-15    
7.81885858586         6.58754405976e-15     3.5556499229e-16      8.74313885746e-15     -1.95722898964e-15    
8.00066666667         7.04157767277e-15     3.81091233548e-16     9.2526278868e-15      -2.06938966966e-15    
8.18247474747         7.51198551012e-15     4.07584362657e-16     9.77474427703e-15     -2.18354294559e-15    
8.36428282828         7.99882848083e-15     4.35048360382e-16     1.0309378392e-14      -2.29960390596e-15    
8.54609090909         8.50216459673e-15     4.63486993201e-16     1.08564246106e-14     -2.41748992286e-15    
8.7278989899          9.02204917501e-15     4.92903828895e-16     1.14157811467e-14     -2.53712059789e-15    
8.90970707071         9.55853502226e-15     5.23302250699e-16     1.19873498762e-14     -2.65841770503e-15    
9.09151515152         1.01116726021e-14     5.54685470194e-16     1.25710361712e-14     -2.78130513176e-15    
9.27332323232         1.06815101881e-14     5.87056539059e-16     1.31667487413e-14     -2.90570881897e-15    
9.45513131313         1.1268094004e-14      6.20418359815e-16     1.37743994827e-14     -3.03155670048e-15    
9.63693939394         1.18714683516e-14     6.54773695657e-16     1.43939033347e-14     -3.15877864265e-15    
9.81874747475         1.2491675729e-14      6.90125179473e-16     1.50251781432e-14     -3.28730638453e-15    
10.0005555556         1.31287569385e-14     7.26475322133e-16     1.56681445316e-14     -3.41707347874e-15    
10.1823636364         1.37827511867e-14     7.63826520105e-16     1.6322725778e-14      -3.54801523343e-15    
10.3641717172         1.44536961768e-14     8.0218106248e-16      1.69888476998e-14     -3.68006865557e-15    
10.545979798          1.51416281934e-14     8.41541137457e-16     1.76664385439e-14     -3.8131723955e-15     
10.7277878788         1.58465821819e-14     8.81908838324e-16     1.83554288832e-14     -3.94726669307e-15    
10.9095959596         1.6568591821e-14      9.23286169009e-16     1.90557515194e-14     -4.08229332524e-15    
11.0914040404         1.73076895911e-14     9.65675049207e-16     1.97673413913e-14     -4.21819555536e-15    
11.2732121212         1.80639068375e-14     1.00907731915e-15     2.04901354885e-14     -4.354918084e-15      
11.455020202          1.88372738286e-14     1.05349474403e-15     2.12240727712e-14     -4.49240700146e-15    
11.6368282828         1.96278198113e-14     1.09892901811e-15     2.19690940954e-14     -4.63060974179e-15    
11.8186363636         2.04355730617e-14     1.14538176856e-15     2.2725142144e-14      -4.76947503858e-15    
12.0004444444         2.12605609334e-14     1.19285455904e-15     2.34921613639e-14     -4.90895288212e-15    
12.1822525253         2.21028099014e-14     1.24134889299e-15     2.42700979114e-14     -5.04899447826e-15    
12.3640606061         2.29623456047e-14     1.2908662168e-15      2.50588996044e-14     -5.18955220865e-15    
12.5458686869         2.38391928851e-14     1.34140792268e-15     2.58585158872e-14     -5.33057959256e-15    
12.7276767677         2.4733375824e-14      1.3929753514e-15      2.66688978104e-14     -5.47203124999e-15    
12.9094848485         2.56449177774e-14     1.44556979483e-15     2.74899980345e-14     -5.61386286624e-15    
13.0912929293         2.65738414079e-14     1.49919249834e-15     2.83217708757e-14     -5.75603115781e-15    
13.2731010101         2.75201687154e-14     1.55384466305e-15     2.91641724312e-14     -5.89849383949e-15    
13.4549090909         2.84839210661e-14     1.60952744793e-15     3.00171608835e-14     -6.0412095928e-15     
13.6367171717         2.94651192196e-14     1.66624197178e-15     3.0880697298e-14      -6.18413803557e-15    
13.8185252525         3.04637833546e-14     1.7239893151e-15      3.1754748359e-14      -6.32723969263e-15    
14.0003333333         3.14799330927e-14     1.78277052187e-15     3.26393158371e-14     -6.47046672811e-15    
14.1821414141         3.25135875219e-14     1.84258660116e-15     3.35342821549e-14     -6.61367504991e-15    
14.3639494949         3.35647652176e-14     1.90343852871e-15     3.4439580911e-14      -6.756933217e-15      
14.5457575758         3.46334842637e-14     1.96532724842e-15     3.53551969203e-14     -6.9002047421e-15     
14.7275656566         3.57197622716e-14     2.02825367373e-15     3.62810984067e-14     -7.0434539107e-15     
14.9093737374         3.68236163986e-14     2.09221868892e-15     3.72172515096e-14     -7.18664575785e-15    
15.0911818182         3.79450633655e-14     2.15722315039e-15     3.81636221494e-14     -7.32974604584e-15    
15.272989899          3.90841194732e-14     2.22326788779e-15     3.91201765754e-14     -7.47272124266e-15    
15.4547979798         4.02408006182e-14     2.29035370517e-15     4.00868815727e-14     -7.61553850128e-15    
15.6366060606         4.14151223078e-14     2.35848138203e-15     4.1063704549e-14      -7.7581656397e-15     
15.8184141414         4.26070996741e-14     2.42765167432e-15     4.20506135687e-14     -7.90057112172e-15    
16.0002222222         4.38167474877e-14     2.49786531536e-15     4.30475773637e-14     -8.04272403834e-15    
16.182030303          4.50440801707e-14     2.56912301682e-15     4.40545653311e-14     -8.18459408998e-15    
16.3638383838         4.62891118087e-14     2.64142546948e-15     4.5071547524e-14      -8.32615156917e-15    
16.5456464646         4.75518561627e-14     2.71477334411e-15     4.60984946394e-14     -8.46736734395e-15    
16.7274545455         4.883232668e-14       2.78916729224e-15     4.71353780032e-14     -8.6082128419e-15     
16.9092626263         5.01305365055e-14     2.86460794686e-15     4.81821695543e-14     -8.74866003458e-15    
17.0910707071         5.14464984911e-14     2.94109592316e-15     4.92388418287e-14     -8.88868142268e-15    
17.2728787879         5.27802252061e-14     3.01863181918e-15     5.03053679431e-14     -9.0282500216e-15     
17.4546868687         5.4131728946e-14      3.09721621644e-15     5.13817215789e-14     -9.16733934753e-15    
17.6364949495         5.55010217417e-14     3.17684968058e-15     5.24678769658e-14     -9.30592340405e-15    
17.8183030303         5.68881153678e-14     3.25753276189e-15     5.35638088666e-14     -9.44397666915e-15    
18.0001111111         5.82930213512e-14     3.33926599592e-15     5.46694925619e-14     -9.58147408267e-15    
18.1819191919         5.97157509782e-14     3.42204990394e-15     5.57849038356e-14     -9.71839103427e-15    
18.3637272727         6.11563153027e-14     3.50588499351e-15     5.69100189599e-14     -9.85470335168e-15    
18.5455353535         6.26147251528e-14     3.59077175892e-15     5.80448146823e-14     -9.99038728939e-15    
18.7273434343         6.40909911381e-14     3.67671068167e-15     5.91892682115e-14     -1.01254195177e-14    
18.9091515152         6.5585123656e-14      3.7637022309e-15      6.03433572049e-14     -1.02597771124e-14    
19.090959596          6.70971328984e-14     3.85174686381e-15     6.15070597557e-14     -1.03934375438e-14    
19.2727676768         6.86270288573e-14     3.94084502608e-15     6.2680354381e-14      -1.0526378668e-14     
19.4545757576         7.01748213311e-14     4.03099715223e-15     6.38632200101e-14     -1.06585787162e-14    
19.6363838384         7.174051993e-14       4.12220366603e-15     6.50556359732e-14     -1.0790016286e-14     
19.8181919192         7.33241340813e-14     4.21446498081e-15     6.62575819904e-14     -1.09206703324e-14    
20                    0                     0                     0                     0                     
