0.0779191396          0                     0                     0                     0                     
0.087577837391        0.0180111255668       0.00134058887932      0.0200627296066       0.000841202667571     
0.0972365351819       0.107470075612        0.00559427986997      0.118761875417        0.00323530207156      
0.106895232973        0.278729648899        0.00934896068261      0.305606340116        0.00451313176006      
0.116553930764        0.519750761013        0.00854912615291      0.565624634503        0.00166237623423      
0.126212628555        0.814061771874        -0.000212091946666    0.879695962313        -0.00784269531943     
0.135871326346        1.14614761313         -0.0191338490217      1.23047808225         -0.0255956154366      
0.145530024137        1.50358024899         -0.0498606261753      1.60432205054         -0.052827765939       
0.155188721928        1.87627609901         -0.0939889862794      1.99050573358         -0.0907457097207      
0.164847419719        2.2559639683          -0.15304011024        2.38060382482         -0.140524129461       
0.17450611751         2.63607180523         -0.228704832397       2.76815695253         -0.203500308229       
0.184164815301        3.00908791442         -0.32262955556        3.14639189086         -0.280991309345       
0.193823513091        3.36706079669         -0.43390925817        3.50847332903         -0.37226923304        
0.203482210882        3.70439705872         -0.559292507955       3.84971373309         -0.47474507188        
0.213140908673        4.01727533106         -0.694100964451       4.16693725755         -0.584677247663       
0.222799606464        4.30465375907         -0.833624786505       4.45935613918         -0.698296295084       
0.232458304255        4.5673670193          -0.973908438569       4.72771368215         -0.81242075438        
0.242117002046        4.80708749708         -1.11208335412        4.97348570773         -0.924750919281       
0.251775699837        5.02635402828         -1.2468379331         5.19893994766         -1.03424490815        
0.261434397628        5.2261918059          -1.3764391897         5.40499001006         -1.13949256441        
0.271093095419        5.40906431942         -1.50191554959        5.59387476316         -1.24135422209        
0.28075179321         5.57565074767         -1.62212199199        5.76634839155         -1.33890626069        
0.290410491001        5.72748339257         -1.73621504896        5.92380122176         -1.43147574512        
0.300069188792        5.86654118325         -1.84399376134        6.06801085918         -1.51890407987        
0.309727886583        5.99474628641         -1.94607809674        6.20071616478         -1.60169496253        
0.319386584374        6.11323452484         -2.04361027636        6.32298567661         -1.68076342932        
0.329045282165        6.22218560194         -2.13686330441        6.43514707127         -1.75633888219        
0.338703979956        6.32256572353         -2.2271162057         6.5381385267          -1.82944955184        
0.348362677747        6.41278873239         -2.31383595823        6.6307681406          -1.89967276105        
0.358021375538        6.49431245845         -2.39725144628        6.71439752901         -1.96719598206        
0.367680073329        6.56711721173         -2.4767817099         6.78915273591         -2.03155693026        
0.37733877112         6.63165218091         -2.55203351816        6.85547327125         -2.09244211305        
0.386997468911        6.68871975085         -2.62273418065        6.91414480418         -2.14963681912        
0.396656166702        6.73913048715         -2.68862683864        6.96589603959         -2.20293494708        
0.406314864492        6.78377530236         -2.7497700342         7.01156322559         -2.25238588262        
0.415973562283        6.82365326873         -2.80651324178        7.0520430405          -2.29827492371        
0.425632260074        6.85868035356         -2.85837086317        7.08729861496         -2.34019688045        
0.435290957865        6.89057066635         -2.90641384           7.1188552151          -2.37902174451        
0.444949655656        6.91954569335         -2.95123972939        7.14691807994         -2.41525003686        
0.454608353447        6.94594676638         -2.99333611782        7.17187315563         -2.44925358417        
0.464267051238        6.96990985689         -3.03313630529        7.19386717961         -2.48138945741        
0.473925749029        6.99147014694         -3.07123545676        7.21300393541         -2.51215071477        
0.48358444682         7.01065016521         -3.10780735149        7.22936810341         -2.54166143664        
0.493243144611        7.02725131725         -3.14299156046        7.24280388336         -2.57003860374        
0.502901842402        7.04106489255         -3.17696681018        7.25320619913         -2.59742296234        
0.512560540193        7.05272143646         -3.21006084914        7.26118754998         -2.62407909179        
0.522219237984        7.06118343978         -3.24186173768        7.26582991198         -2.64967718077        
0.531877935775        7.06763249893         -3.273015291          7.26835793559         -2.67474189915        
0.541536633566        7.07114307731         -3.30308941764        7.26785202795         -2.69892145924        
0.551195331357        7.07195658213         -3.33214049978        7.26462372744         -2.72226645704        
0.560854029148        7.07014642773         -3.36011540215        7.25874888522         -2.74473241552        
0.570512726939        7.06545540175         -3.38683143692        7.25000495647         -2.76617260974        
0.58017142473         7.05853985296         -3.41248417395        7.23906830295         -2.78674850556        
0.589830122521        7.04905048827         -3.4368128947         7.22559731092         -2.80624750895        
0.599488820312        7.03718328258         -3.45978992899        7.20979928504         -2.82465027908        
0.609147518103        7.02331071587         -3.481488087          7.19205009798         -2.84201701405        
0.618806215893        7.00666275597         -3.50138942373        7.17158089256         -2.85792924257        
0.628464913684        6.98846741257         -3.52038475844        7.14960712646         -2.87310799792        
0.638123611475        6.96825437837         -3.53701750102        7.12564764281         -2.88637409601        
0.647782309266        6.94660089844         -3.5527482209         7.10023873136         -2.89891205354        
0.657441007057        6.92316216049         -3.56674161513        7.0731095481          -2.9100432926         
0.667099704848        6.89825593543         -3.57923624761        7.0445263723          -2.91996341049        
0.676758402639        6.87213957925         -3.5901219986         7.01471981771         -2.92858292298        
0.68641710043         6.84484362236         -3.59956911152        6.98371892344         -2.93603963822        
0.696075798221        6.81625413888         -3.60745801158        6.95142321645         -2.94223632533        
0.705734496012        6.78692146149         -3.61402586065        6.91836287559         -2.94736483058        
0.715393193803        6.75664484272         -3.61917325524        6.88431542006         -2.95134487455        
0.725051891594        6.72561959525         -3.62299459129        6.84947308513         -2.9542526457         
0.734710589385        6.69383394237         -3.62555374499        6.81383466147         -2.95614044522        
0.744369287176        6.66167143131         -3.62698145826        6.7777533278          -2.95711249338        
0.754027984967        6.62886044628         -3.62725385002        6.74097111577         -2.95714987207        
0.763686682758        6.59551067393         -3.6264103788         6.70358829524         -2.95628284283        
0.773345380549        6.56184254068         -3.62466376608        6.66582440069         -2.95468564206        
0.78300407834         6.52790562928         -3.62226980443        6.62771650219         -2.95256191517        
0.792662776131        6.49308668031         -3.61843707831        6.58871702192         -2.94927600927        
0.802321473922        6.45863733938         -3.61397415717        6.54997766556         -2.9454761708         
0.811980171713        6.42361871206         -3.60889658541        6.51063575325         -2.94117899318        
0.821638869504        6.38824035198         -3.60314238666        6.47088880585         -2.93633174253        
0.831297567294        6.35257796213         -3.59671380678        6.43080529366         -2.93093580037        
0.840956265085        6.31655822823         -3.58974948433        6.39035466115         -2.92510599879        
0.850614962876        6.28015607665         -3.58220683886        6.34944347133         -2.91880759061        
0.860273660667        6.24338833286         -3.57406404589        6.3081866285          -2.91201968008        
0.869932358458        6.20567369049         -3.56480347624        6.26601252648         -2.90431287473        
0.879591056249        6.168045279           -3.55530770487        6.22385051186         -2.89641560759        
0.88924975404         6.13017004861         -3.54549297164        6.18141010542         -2.8882645262         
0.898908451831        6.09182014977         -3.5352936029         6.1384940584          -2.87980261869        
0.908567149622        6.05290037243         -3.52447278325        6.09499069302         -2.87082373126        
0.918225847413        6.01354945885         -3.51342825173        6.05105776067         -2.86167658746        
0.927884545204        5.97344571774         -3.50194720409        6.00638022013         -2.85217503995        
0.937543242995        5.93243814013         -3.48997069596        5.96083331597         -2.84226692122        
0.947201940786        5.89072827652         -3.47760620028        5.91461781479         -2.83204167748        
0.956860638577        5.84746340456         -3.46438295153        5.86690347243         -2.82111524733        
0.966519336368        5.80251163212         -3.45018611583        5.81756157416         -2.80939517351        
0.976178034159        5.75434459354         -3.43412650177        5.76506039566         -2.79615579806        
0.98583673195         5.69289398234         -3.41005841125        5.6993236678          -2.77639570763        
0.995495429741        5.6238952674          -3.38170336785        5.62617861077         -2.75314348449        
1.00515412753         5.55652486178         -3.35425316938        5.55477745012         -2.73063146644        
1.01481282532         5.49080281017         -3.3275190263         5.48509435218         -2.70870050851        
1.02447152311         5.42585819105         -3.30132082585        5.41634416784         -2.68720710614        
1.0341302209          5.36174666933         -3.2756446714         5.34854924065         -2.66613970323        
1.0437889187          5.29870922204         -3.25053915537        5.28194582594         -2.64553773292        
1.05344761649         5.23591729924         -3.22553800835        5.2157136105          -2.6250212013         
1.06310631428         5.17393893525         -3.200951683          5.15041211763         -2.60484425221        
1.07276501207         5.11236314121         -3.17658758933        5.08564552937         -2.58485033408        
1.08242370986         5.05149912553         -3.15254157348        5.02170242381         -2.56511728427        
1.09208240765         4.9912196067          -3.12880116473        4.95847208309         -2.54563489675        
1.10174110544         4.9311444721          -3.10506391263        4.89556545599         -2.52615680686        
1.11139980323         4.87185580282         -3.08164065902        4.8335559154          -2.50693579294        
1.12105850102         4.81291958758         -3.05837356099        4.77203032121         -2.48784503758        
1.13071719881         4.75450126658         -3.0352502637         4.71113038039         -2.46887460748        
1.14037589661         4.6965106216          -3.01219763654        4.65077047952         -2.4499646015         
1.1500345944          4.6390469842          -2.9893146134         4.59104965659         -2.43119568343        
1.15969329219         4.5820903809          -2.96656214622        4.53194244735         -2.41253596743        
1.16935198998         4.52557226624         -2.94384946085        4.47338029123         -2.39391223933        
1.17901068777         4.46956617421         -2.92121621807        4.41542906934         -2.375356249          
1.18866938556         4.4137212506          -2.89844562939        4.35773440299         -2.35669167686        
1.19832808335         4.35907765452         -2.87633080986        4.30135081071         -2.33856650802        
1.20798678114         4.30455003011         -2.85371067043        4.245137156           -2.32002998977        
1.21764547893         4.25073833031         -2.83132202698        4.18972988526         -2.30168771248        
1.22730417672         4.19720222817         -2.80892722237        4.13470547631         -2.28334446506        
1.23696287451         4.14461011738         -2.78678937685        4.08069799137         -2.26521415332        
1.24662157231         4.09199424815         -2.76428747158        4.0267222782          -2.24678975156        
1.2562802701          4.04020466004         -2.74192959571        3.97364971911         -2.22848791796        
1.26593896789         3.98891390389         -2.71969043859        3.92115255324         -2.21028539322        
1.27559766568         3.93827228647         -2.69741711539        3.86935627647         -2.19205940504        
1.28525636347         3.88838692644         -2.67530374763        3.81837061212         -2.17396669719        
1.29491506126         3.83885607637         -2.65304312412        3.76779860281         -2.15575660043        
1.30457375905         3.78983583548         -2.63072828612        3.71778411448         -2.13750598716        
1.31423245684         3.74157033159         -2.60856871156        3.66857293197         -2.119386655          
1.32389115463         3.69393612945         -2.58645156627        3.62003442991         -2.10130716333        
1.33354985242         3.64687604932         -2.56428823024        3.5721064355          -2.08318971689        
1.34320855022         3.60056823512         -2.54221073574        3.52494938855         -2.06514782365        
1.35286724801         3.55464865477         -2.52014922628        3.47822068084         -2.04712871655        
1.3625259458          3.50967546189         -2.49837185886        3.43245450497         -2.02934228262        
1.37218464359         3.46513914428         -2.4765836222         3.38716259439         -2.01154898305        
1.38184334138         3.42117646834         -2.45485396186        3.34247371384         -1.99380648884        
1.39150203917         3.37792036186         -2.43327272564        3.29850955215         -1.97618561752        
1.40116073696         3.33528743716         -2.41179303318        3.25519103461         -1.95864985558        
1.41081943475         3.29331012344         -2.39046182519        3.21254105387         -1.94123589563        
1.42047813254         3.2517760043          -2.36916839055        3.17037518585         -1.9238565293         
1.43013683033         3.21098439139         -2.34806078237        3.12895298503         -1.9066297178         
1.43979552812         3.17057061026         -2.32687741596        3.08796384637         -1.88934041652        
1.44945422592         3.1307428711          -2.30571732199        3.04756516506         -1.87206837679        
1.45911292371         3.09175944952         -2.28488319889        3.0079968043          -1.85506411569        
1.4687716215          3.05357783975         -2.26399981926        2.96919949806         -1.83802301777        
1.47843031929         3.01575220562         -2.24365587664        2.93081668776         -1.82142154938        
1.48808901708         2.9785302543          -2.22334810818        2.89303013988         -1.80485081745        
1.49774771487         2.9420228823          -2.20332503239        2.85595930205         -1.78851231466        
1.50740641266         2.90604135245         -2.18347902944        2.81942608719         -1.77231753029        
1.51706511045         2.87061578959         -2.16383805221        2.78345568703         -1.75629046198        
1.52672380824         2.8358038003          -2.14447197178        2.74810792029         -1.74048629083        
1.53638250603         2.80148622856         -2.12531788063        2.71326802106         -1.72485492356        
1.54604120383         2.76784377121         -2.10649276417        2.67910213113         -1.70949240903        
1.55569990162         2.73460155277         -2.08787390742        2.64536437909         -1.69429476816        
1.56535859941         2.70191618955         -2.06950395452        2.61218722593         -1.67930156695        
1.5750172972          2.66958086116         -2.05130722687        2.57938071412         -1.66444887389        
1.58467599499         2.63782421693         -2.03345400885        2.54716617517         -1.6498754399         
1.59433469278         2.60675557182         -2.0159329476         2.51561654385         -1.63557032571        
1.60399339057         2.57593430562         -1.99869644273        2.48439719448         -1.6214989635         
1.61365208836         2.54567314714         -1.98172066097        2.45371294943         -1.6076369499         
1.62331078615         2.51588122882         -1.96505812536        2.42353056773         -1.59403077603        
1.63296948394         2.48647654937         -1.94865973947        2.39375552116         -1.58063944796        
1.64262818173         2.45759805682         -1.93262606262        2.3645187066          -1.56754380745        
1.65228687953         2.42930326036         -1.91699834718        2.33588207615         -1.55477810285        
1.66194557732         2.40159558209         -1.90175779055        2.30783811071         -1.54232579585        
1.67160427511         2.37440750238         -1.88698191707        2.28034486222         -1.5302508348         
1.6812629729          2.3480491415          -1.87276468829        2.25367881668         -1.51863225609        
1.69092167069         2.32500679153         -1.8611885146         2.23023246851         -1.50915320731        
1.70058036848         2.31991061412         -1.86397918603        2.22401863142         -1.51132380025        
1.71023906627         2.31283233161         -1.86536809024        2.21591985423         -1.51236180137        
1.71989776406         2.30441210742         -1.8657786518         2.20655528987         -1.51260508205        
1.72955646185         2.29478372524         -1.86545017598        2.19606803193         -1.51224884311        
1.73921515964         2.28435894802         -1.86435236377        2.18482020102         -1.5112675622         
1.74887385744         2.27292279229         -1.86266026971        2.17264711591         -1.50980456798        
1.75853255523         2.26087489831         -1.86043793081        2.1598933888          -1.50791083631        
1.76819125302         2.24759971642         -1.85749393609        2.14604095322         -1.50543202455        
1.77784995081         2.23381164254         -1.85408005376        2.13170540195         -1.50257172074        
1.7875086486          2.21927764048         -1.85012244768        2.1166935549          -1.49927088766        
1.79716734639         2.20403358674         -1.84563816695        2.10103811028         -1.49554317537        
1.80682604418         2.18814255442         -1.84064363281        2.08480020873         -1.49140248298        
1.81648474197         2.17158341704         -1.83512276392        2.06796241929         -1.48683563595        
1.82614343976         2.15454600136         -1.82916494996        2.05069107959         -1.4819143452         
1.83580213755         2.13676732288         -1.82266474051        2.03276177839         -1.47655459946        
1.84546083534         2.11847273209         -1.81568211947        2.01437587966         -1.47080503219        
1.85511953314         2.09967273262         -1.80823810489        1.99554048342         -1.46468155638        
1.86477823093         2.08033865432         -1.80030332815        1.97623612304         -1.45816204433        
1.87443692872         2.06052321697         -1.79190592787        1.95650890844         -1.45126883145        
1.88409562651         2.04021706275         -1.78305143729        1.93634988433         -1.44400600204        
1.8937543243          2.01985923199         -1.77408117624        1.91613478963         -1.43664552822        
1.90341302209         1.99832247143         -1.76390916536        1.89492239179         -1.42832420702        
1.91307171988         1.97696635308         -1.75370799235        1.87385757473         -1.41997542057        
1.92273041767         1.95506883048         -1.74305391398        1.85232581559         -1.41126163599        
1.93238911546         1.93290772441         -1.73198247567        1.83057007114         -1.40221236506        
1.94204781325         1.91020042451         -1.72023013126        1.80834652576         -1.39260460889        
1.95170651105         1.88735450817         -1.708108829          1.78600698116         -1.38270880164        
1.96136520884         1.86429862881         -1.69558821397        1.76349232635         -1.37248776176        
1.97102390663         1.84112275357         -1.68274059399        1.74087957892         -1.36200527326        
1.98068260442         1.81774372879         -1.66951488467        1.71809859773         -1.35122058869        
1.99034130221         1.79421388356         -1.65586308243        1.69519339392         -1.34008852383        
2                     1.77057134051         -1.6419241464         1.67219855579         -1.32873277043        
2.001                 1.76810061828         -1.64048703699        1.66980051302         -1.3275617086         
2.19690051541         1.28639923632         -1.30895541686        1.20503311994         -1.05803833595        
2.39280103082         0.854328130872        -0.961015482675       0.793879529925        -0.775845435786       
2.58870154623         0.507687947511        -0.646879208085       0.469309489313        -0.521634622062       
2.78460206163         0.271508742877        -0.395136975261       0.250008112783        -0.318305609357       
2.98050257704         0.127528582247        -0.21986973947        0.117381220898        -0.176959238483       
3.17640309245         0.0515615985618       -0.109776228055       0.0476693948772       -0.0882879978053      
3.37230360786         0.0169017074492       -0.048720900023       0.0158851037897       -0.0391616719907      
3.56820412327         0.00388488401147      -0.0188433651043      0.00385979344756      -0.015139701759       
3.76410463868         0.000204141936362     -0.00611921964742     0.000363201131386     -0.0049152210144      
3.96000515408         -0.000318642464431    -0.00153142200336     -0.000213477981903    -0.00123010178542     
4.15590566949         -0.000148645795408    -0.000220612433742    -0.000113392997189    -0.000177301111663    
4.3518061849          -7.56151823062e-06    -2.39136802938e-06    -5.87769162803e-06    -1.9274913996e-06     
4.3528061849          -7.31388045175e-06    -2.28516272673e-06    -5.68493370459e-06    -1.84189313707e-06    
4.3698061849          -3.81610473064e-06    -9.13968497064e-07    -2.96341568894e-06    -7.36310980948e-07    
4.3868061849          -1.51294137284e-06    -1.50095367793e-07    -1.17334505787e-06    -1.19822570904e-07    
4.4038061849          -2.28689975209e-07    2.38738246903e-07     -1.76560367619e-07    1.94385310272e-07     
4.4208061849          1.98820863028e-08     6.48783912933e-07     1.65662636954e-08     5.18036630006e-07     
4.4378061849          3.56840132688e-08     1.46292987355e-06     2.94223910045e-08     1.14824318759e-06     
4.4548061849          4.76235665684e-08     2.27248411166e-06     3.91116719919e-08     1.77056945297e-06     
4.4718061849          5.55438952992e-08     2.98161706201e-06     4.55202020216e-08     2.31232214808e-06     
4.4728061849          5.58961568848e-08     3.01944975713e-06     4.58045482154e-08     2.34112426305e-06     
4.65335495019         3.27462436972e-08     4.1708944966e-06      2.66785953136e-08     3.15959726335e-06     
4.83390371548         5.03161868307e-09     1.89925378559e-06     4.08527958256e-09     1.41725514965e-06     
5.01445248078         -5.99733006187e-10    5.92379692189e-07     -4.92496210333e-10    4.36467896902e-07     
5.19500124607         -5.33489120846e-10    1.37642407364e-07     -4.35124703072e-10    1.00285779025e-07     
5.37555001136         -1.3797566863e-10     2.21233866576e-08     -1.12405154034e-10    1.59595478461e-08     
5.55609877665         -1.23958844255e-11    1.50309941384e-09     -1.00927604696e-11    1.07511198466e-09     
5.73664754194         2.41493734587e-10     2.4141797856e-12      1.71742368009e-10     2.40522456073e-12     
5.91719630723         3.87305893699e-10     4.47149911241e-12     2.73311933226e-10     3.03932326124e-12     
6.09774507253         2.01529930809e-10     2.60618934285e-12     1.40998644327e-10     1.18342328343e-12     
6.27829383782         7.31640534096e-11     1.0379527063e-12      5.07336689117e-11     2.95704132309e-13     
6.45884260311         2.15433471605e-11     3.30276859997e-13     1.48033172644e-11     5.04849482069e-14     
6.6393913684          5.44876314241e-12     8.9257564395e-14      3.70994389491e-12     4.35415190587e-15     
6.81994013369         1.21795369572e-12     2.11329360905e-14     8.21705609102e-13     -8.05803172433e-16    
7.00048889899         2.4431447507e-13      4.45902643492e-15     1.63326095215e-13     -4.85262917648e-16    
7.18103766428         4.51809857381e-14     8.62498701507e-16     2.99290260076e-14     -1.46200861298e-16    
7.36158642957         8.93717917749e-15     1.77620750744e-16     5.86686213715e-15     -3.9357049891e-17     
7.54213519486         5.70955691103e-16     1.17677671805e-17     3.71446296584e-16     -3.12437448955e-18    
7.72268396015         6.86042803238e-16     1.46152865642e-17     4.42343897948e-16     -4.4435154429e-18     
7.90323272545         8.12588970398e-16     1.78428079422e-17     5.19314222873e-16     -6.03143730424e-18    
8.08378149074         9.5075774688e-16      2.14652653397e-17     6.02316235107e-16     -7.90200582558e-18    
8.26433025603         1.10069942376e-15     2.54966617726e-17     6.91280870765e-16     -1.00396899717e-17    
8.44487902132         1.26255247365e-15     2.99501511038e-17     7.86135969291e-16     -1.24765183211e-17    
8.62542778661         1.43644480958e-15     3.48381108048e-17     8.86820982292e-16     -1.52218692429e-17    
8.8059765519          1.62249488177e-15     4.01722068028e-17     9.93269430254e-16     -1.82838668116e-17    
8.9865253172          1.82081263491e-15     4.59634514334e-17     1.10541321712e-15     -2.16694886114e-17    
9.16707408249         2.03150034555e-15     5.22222553726e-17     1.22318494708e-15     -2.53846654249e-17    
9.34762284778         2.25465335693e-15     5.89584742974e-17     1.34652811857e-15     -2.94221118339e-17    
9.52817161307         2.49036072583e-15     6.61814509185e-17     1.47533543819e-15     -3.37670089011e-17    
9.70872037836         2.73870579368e-15     7.39000529393e-17     1.60953589917e-15     -3.84443960666e-17    
9.88926914366         2.99976669258e-15     8.2122707417e-17      1.74905921849e-15     -4.34560474323e-17    
10.0698179089         3.27361679489e-15     9.08574319382e-17     1.8938328354e-15      -4.88030771789e-17    
10.2503666742         3.56032511395e-15     1.00111862968e-16     2.04378410441e-15     -5.44860004583e-17    
10.4309154395         3.85995666229e-15     1.09893281678e-16     2.19884084203e-15     -6.05047890299e-17    
10.6114642048         4.17257277269e-15     1.20208637538e-16     2.35893163399e-15     -6.68589220772e-17    
10.7920129701         4.49823138671e-15     1.31064569882e-16     2.52398611262e-15     -7.35474326099e-17    
10.9725617354         4.83698731467e-15     1.42467427689e-16     2.69393533892e-15     -8.05689498325e-17    
11.1531105007         5.18889247048e-15     1.54423287735e-16     2.86871264408e-15     -8.79217378266e-17    
11.333659266          5.55399608411e-15     1.66937971287e-16     3.04825743018e-15     -9.56037308692e-17    
11.5142080313         5.93234489452e-15     1.80017059485e-16     3.23251262254e-15     -1.03575653395e-16    
11.6947567966         6.32398332493e-15     1.93665907533e-16     3.42136108864e-15     -1.11849178062e-16    
11.8753055619         6.72895364255e-15     2.07889657804e-16     3.61475259725e-15     -1.20435682315e-16    
12.0558543272         7.14729610435e-15     2.2269325198e-16      3.81262527812e-15     -1.29331599613e-16    
12.2364030925         7.57904909041e-15     2.3808144229e-16      4.01491639447e-15     -1.38533168141e-16    
12.4169518577         8.02424922598e-15     2.54058801941e-16     4.22156371097e-15     -1.4803645173e-16     
12.597500623          8.48293149361e-15     2.70629734813e-16     4.43250583294e-15     -1.57837358982e-16    
12.7780493883         8.95512933611e-15     2.87798484471e-16     4.64768232942e-15     -1.67931660759e-16    
12.9585981536         9.44087475137e-15     3.05569142566e-16     4.86703378595e-15     -1.78315006172e-16    
13.1391469189         9.9401983798e-15      3.23945656663e-16     5.0905018286e-15      -1.88982937208e-16    
13.3196956842         1.0453129585e-14      3.4293183755e-16      5.31802913439e-15     -1.99930902105e-16    
13.5002444495         1.09796965285e-14     3.62531366072e-16     5.54955943497e-15     -2.11154267582e-16    
13.6807932148         1.15199262388e-14     3.8274779952e-16      5.78503751729e-15     -2.22648330034e-16    
13.8613419801         1.20738446752e-14     4.03584577617e-16     6.02440922381e-15     -2.34408325758e-16    
14.0418907454         1.26414767876e-14     4.25045028127e-16     6.2676214548e-15      -2.46429440318e-16    
14.2224395107         1.32228465718e-14     4.47132372123e-16     6.51462217573e-15     -2.58706817096e-16    
14.402988276          1.38179771206e-14     4.69849728929e-16     6.76536043473e-15     -2.71235565122e-16    
14.5835370412         1.44268906716e-14     4.93200120772e-16     7.01978639925e-15     -2.84010766218e-16    
14.7640858065         1.50496086526e-14     5.1718647715e-16      7.27785143101e-15     -2.97027481538e-16    
14.9446345718         1.56861517224e-14     5.41811638959e-16     7.53950824574e-15     -3.10280757534e-16    
15.1251833371         1.63365398103e-14     5.67078362369e-16     7.80471129543e-15     -3.23765631404e-16    
15.3057321024         1.70007921526e-14     5.92989322488e-16     8.07341793334e-15     -3.3747713607e-16     
15.4862808677         1.76789273263e-14     6.1954711682e-16      8.345595378e-15       -3.51410304712e-16    
15.666829633          1.83709632815e-14     6.46754268531e-16     8.62120044917e-15     -3.65499310223e-16    
15.8473783983         1.90769173712e-14     6.74613229536e-16     8.90012604725e-15     -3.79781100829e-16    
16.0279271636         1.97968063797e-14     7.03126383421e-16     9.18235244339e-15     -3.94262895087e-16    
16.2084759289         2.05306465487e-14     7.32296048211e-16     9.4678407689e-15      -4.089395274e-16      
16.3890246942         2.12784536026e-14     7.62124478987e-16     9.75655046223e-15     -4.23805849353e-16    
16.5695734595         2.20402427717e-14     7.92613870376e-16     1.00484409005e-14     -4.38856732354e-16    
16.7501222247         2.28160288146e-14     8.23766358906e-16     1.03434718289e-14     -4.54087070033e-16    
16.93067099           2.36058260384e-14     8.55584025247e-16     1.06416035157e-14     -4.69491780416e-16    
17.1112197553         2.44096483193e-14     8.88068896332e-16     1.09427968161e-14     -4.85065807889e-16    
17.2917685206         2.52275091201e-14     9.21222947385e-16     1.12470131989e-14     -5.00804124968e-16    
17.4723172859         2.60594215087e-14     9.55048103837e-16     1.15542147545e-14     -5.16701733894e-16    
17.6528660512         2.6905398174e-14      9.89546243163e-16     1.1864364195e-14      -5.32753668069e-16    
17.8334148165         2.7765451442e-14      1.02471919662e-15     1.2177424849e-14      -5.48954993336e-16    
18.0139635818         2.86395932904e-14     1.0605687509e-15      1.24933606535e-14     -5.65300809123e-16    
18.1945123471         2.95278353628e-14     1.09709664972e-15     1.28121361447e-14     -5.81786249463e-16    
18.3750611124         3.0430188982e-14      1.13430459535e-15     1.31337164468e-14     -5.98406483891e-16    
18.5556098777         3.13466651629e-14     1.17219425e-15        1.34580672619e-14     -6.15156718239e-16    
18.736158643          3.22772746242e-14     1.21076723726e-15     1.3785154858e-14      -6.32032195327e-16    
18.9167074082         3.32220277999e-14     1.25002514336e-15     1.41149460584e-14     -6.49028195563e-16    
19.0972561735         3.41809348503e-14     1.28996951846e-15     1.44474082299e-14     -6.66140037463e-16    
19.2778049388         3.51540056721e-14     1.33060187783e-15     1.47825092716e-14     -6.83363078085e-16    
19.4583537041         3.61412499087e-14     1.37192370303e-15     1.51202176046e-14     -7.00692713403e-16    
19.6389024694         3.71426769588e-14     1.41393644294e-15     1.54605021602e-14     -7.18124378604e-16    
19.8194512347         3.81582959859e-14     1.4566415149e-15      1.58033323702e-14     -7.35653548329e-16    
20                    0                     0                     0                     0                     
