0.0779191396          0                     0                     0                     0                     
0.087577837391        0.0187873247502       0.00152339861694      0.0228314174618       0.000957708953028     
0.0972365351819       0.112320815616        0.00649091741465      0.135201353474        0.00377435880673      
0.106895232973        0.291527963104        0.0114594164587       0.34774771445         0.00574256925277      
0.116553930764        0.543864919159        0.012330028574        0.643196829176        0.00382658212328      
0.126212628555        0.852033137908        0.00587581432296      0.999549917563        -0.00432839571703     
0.135871326346        1.20000372803         -0.0105108594137      1.39714372943         -0.0206602874109      
0.145530024137        1.57427143279         -0.0382050443409      1.81999391662         -0.0461398076717      
0.155188721928        1.96452793171         -0.0782807789686      2.25615190741         -0.0815580472931      
0.164847419719        2.363167064           -0.132551647018       2.6969655962          -0.128375046971       
0.17450611751         2.76258747632         -0.202254878895       3.13458464993         -0.187542182045       
0.184164815301        3.15714538257         -0.289077454404       3.56340570509         -0.260422677905       
0.193823513091        3.53959239861         -0.393911073914       3.97689812862         -0.347745838456       
0.203482210882        3.90288122853         -0.51510189764        4.36904289929         -0.44818574764        
0.213140908673        4.24218265128         -0.647705565008       4.73576495257         -0.557736391634       
0.222799606464        4.55572250551         -0.787686667175       5.07568207967         -0.673151663522       
0.232458304255        4.84336083644         -0.930520424561       5.38877204821         -0.790761900109       
0.242117002046        5.10627344316         -1.07284639181        5.67616068409         -0.907846110973       
0.251775699837        5.34671226159         -1.21238620051        5.93996299575         -1.02257146847        
0.261434397628        5.5668810719          -1.34775022905        6.18212967254         -1.13380432493        
0.271093095419        5.76866003974         -1.47921818824        6.40447920533         -1.24180209897        
0.28075179321         5.95254771437         -1.60607722701        6.60769333902         -1.34597136373        
0.290410491001        6.12015996708         -1.72727851993        6.7933294043          -1.44545661013        
0.300069188792        6.27285988683         -1.84289511525        6.96274110633         -1.54034141294        
0.309727886583        6.4122703559          -1.95201653817        7.11750999833         -1.62988122807        
0.319386584374        6.5402875575          -2.05480382873        7.25938359283         -1.7142070428         
0.329045282165        6.65874287129         -2.15200084957        7.39012334798         -1.79392645169        
0.338703979956        6.76832194515         -2.24454250467        7.51043649185         -1.86980282151        
0.348362677747        6.86982386555         -2.33346193212        7.6212252866          -1.94267616509        
0.358021375538        6.96295234127         -2.41925969262        7.72238000707         -2.01295894073        
0.367680073329        7.04794906073         -2.50232895746        7.81434048931         -2.08097933369        
0.37733877112         7.12440779741         -2.58249076063        7.89687449874         -2.14658821142        
0.386997468911        7.19296099265         -2.65961322506        7.97072619428         -2.20968925123        
0.396656166702        7.25344442764         -2.73318116139        8.03583655042         -2.26986722083        
0.406314864492        7.30647046181         -2.80276560263        8.09286993935         -2.32677184499        
0.415973562283        7.35276708868         -2.86817499146        8.1425476228          -2.38025388615        
0.425632260074        7.39296535199         -2.92920471226        8.18547096524         -2.43014831205        
0.435290957865        7.42787025075         -2.98585545281        8.22243780089         -2.47645386322        
0.444949655656        7.45818206818         -3.03822944253        8.25406821294         -2.51925746324        
0.454608353447        7.48448996459         -3.08660125944        8.28098500254         -2.55878272236        
0.464267051238        7.50771479639         -3.1312802529         8.30403774567         -2.59528302767        
0.473925749029        7.52794866684         -3.17270116435        8.32335718648         -2.62910805016        
0.48358444682         7.54571554324         -3.21112002726        8.33946858446         -2.66047351432        
0.493243144611        7.56079799603         -3.246833963          8.3521863533          -2.68961721167        
0.502901842402        7.57351596613         -3.2795825765         8.36190118418         -2.71630502773        
0.512560540193        7.58494854443         -3.31085531105        8.36961063632         -2.74178051984        
0.522219237984        7.59424762558         -3.34052373363        8.37452458433         -2.76593561241        
0.531877935775        7.60240039623         -3.36927588851        8.37781912555         -2.78933260979        
0.541536633566        7.60830665759         -3.39676850886        8.37834767166         -2.81168181202        
0.551195331357        7.61239162145         -3.42339097554        8.37662887644         -2.83330648696        
0.560854029148        7.61439234751         -3.44909658072        8.37246752233         -2.85416879752        
0.570512726939        7.61446404563         -3.47425082927        8.36598992313         -2.87456451095        
0.58017142473         7.61227761166         -3.49846805772        8.35709428247         -2.8941958821         
0.589830122521        7.60805800082         -3.52204336062        8.34590795825         -2.91328717586        
0.599488820312        7.60173232124         -3.54464627217        8.33242777563         -2.93155468809        
0.609147518103        7.59366697166         -3.56695425031        8.31706548119         -2.94961281596        
0.618806215893        7.58283771677         -3.58821568848        8.29877541782         -2.96680056979        
0.628464913684        7.57033405183         -3.60886929946        8.27876447557         -2.98348673643        
0.638123611475        7.55567427298         -3.62861979631        8.25653831407         -2.99943277836        
0.647782309266        7.53859913332         -3.64734859447        8.23185794637         -3.01453527694        
0.657441007057        7.51972649597         -3.66509799231        8.20536162482         -3.02883497632        
0.667099704848        7.49908636432         -3.68184237686        8.17706906166         -3.04230865078        
0.676758402639        7.4764077958          -3.69740578822        8.14673090424         -3.05481658643        
0.68641710043         7.45195379677         -3.7117850996         8.11461889443         -3.0663530424         
0.696075798221        7.4257177735          -3.72494898992        8.08071149892         -3.07689564979        
0.705734496012        7.3980638066          -3.73702267365        8.04541688703         -3.08654513669        
0.715393193803        7.36925092            -3.74711395442        8.00885570659         -3.09456468745        
0.725051891594        7.33819121916         -3.7568839158         7.97020285586         -3.10234172881        
0.734710589385        7.3063041924          -3.76495585104        7.93063338647         -3.10872031264        
0.744369287176        7.27315900544         -3.77173777951        7.88982185405         -3.11404442363        
0.754027984967        7.23899935212         -3.77722898112        7.84795001955         -3.11831332711        
0.763686682758        7.20365066384         -3.78134126633        7.80487440076         -3.12145496988        
0.773345380549        7.16736357243         -3.78421805703        7.76084843005         -3.12358794229        
0.78300407834         7.13030819249         -3.7858525119         7.71601535847         -3.12470530617        
0.792662776131        7.092211712           -3.78614550008        7.67009015973         -3.12472373014        
0.802321473922        7.05388049291         -3.78547544697        7.62392375234         -3.1239572686         
0.811980171713        7.01451826362         -3.78353641407        7.57669778456         -3.12215513151        
0.821638869504        6.97497859605         -3.78055289151        7.52918306208         -3.11949537065        
0.831297567294        6.93468451185         -3.77640895915        7.4808933547          -3.11588615875        
0.840956265085        6.89400413765         -3.77132930761        7.43217567404         -3.11151175938        
0.850614962876        6.85249264476         -3.76501526288        7.38254451447         -3.10612371661        
0.860273660667        6.81083648751         -3.75793894658        7.33273901864         -3.10011303344        
0.869932358458        6.76862675923         -3.7498592439         7.28230275138         -3.09327912818        
0.879591056249        6.72601760518         -3.74094746599        7.23142391556         -3.08576598262        
0.88924975404         6.68311799516         -3.73125722778        7.18018405201         -3.07761076508        
0.898908451831        6.64003259946         -3.7202954112         7.12864727455         -3.06841418421        
0.908567149622        6.59568107296         -3.70916415796        7.07591298534         -3.0590742331         
0.918225847413        6.55136176381         -3.69706166841        7.02309128747         -3.04893817753        
0.927884545204        6.50627497373         -3.68416793536        6.9694473762          -3.0381500401         
0.937543242995        6.46029823616         -3.67019206382        6.91486116105         -3.0264741622         
0.947201940786        6.41385404954         -3.65569959652        6.85974881909         -3.0143708336         
0.956860638577        6.36603094227         -3.64005643679        6.80317849933         -3.0013198668         
0.966519336368        6.31665014964         -3.6232108597         6.74495183511         -2.98727616798        
0.976178034159        6.26402705989         -3.60424375678        6.68328747984         -2.97148433207        
0.98583673195         6.19688296927         -3.57668364668        6.60622956575         -2.94861016977        
0.995495429741        6.1225343935          -3.54466515361        6.52147643323         -2.92206104756        
1.00515412753         6.049853056           -3.51337544253        6.43864241872         -2.89611624203        
1.01481282532         5.97852210055         -3.48230428039        6.35742496476         -2.87034175265        
1.02447152311         5.90868940762         -3.45194413639        6.27785100194         -2.84515464995        
1.0341302209          5.84057527132         -3.42228958078        6.20011060613         -2.8205532784         
1.0437889187          5.7738327695          -3.39334173476        6.1239309849          -2.7965347578         
1.05344761649         5.70761506277         -3.36463277776        6.04841034826         -2.77271607213        
1.06310631428         5.64249728363         -3.33648790975        5.97416457172         -2.7493665812         
1.07276501207         5.57807014292         -3.30864897202        5.90076270638         -2.72626951883        
1.08242370986         5.51468891548         -3.28124084863        5.8285572955          -2.70351599393        
1.09208240765         5.4522374701          -3.25442014452        5.75744476854         -2.68126162606        
1.10174110544         5.39019693134         -3.22791056543        5.68688188976         -2.6592671226         
1.11139980323         5.3290149463          -3.20188130626        5.61737161945         -2.63766740232        
1.12105850102         5.26865290176         -3.17640474883        5.54881993225         -2.61652088375        
1.13071719881         5.20852958329         -3.15116875831        5.4807377518          -2.59557831745        
1.14037589661         5.14935524255         -3.12631912095        5.41368996613         -2.57494740337        
1.1500345944          5.09057501103         -3.10176953959        5.34726203153         -2.55456884589        
1.15969329219         5.03245445819         -3.07764250721        5.28165753058         -2.53453793863        
1.16935198998         4.97475039812         -3.05378844311        5.21664424161         -2.51473248911        
1.17901068777         4.91777413594         -3.0303072982         5.15250487848         -2.49523384299        
1.18866938556         4.86075592365         -3.00681426302        5.08849512312         -2.47572767591        
1.19832808335         4.80519545912         -2.98420019725        5.02615043889         -2.45694654425        
1.20798678114         4.74945973237         -2.96140130089        4.96376286799         -2.43801370155        
1.21764547893         4.69450905414         -2.93903315081        4.90233869168         -2.41943721611        
1.22730417672         4.6398389355          -2.91681199956        4.84135439999         -2.40098399817        
1.23696287451         4.58609420763         -2.89508332648        4.78147427734         -2.38293824814        
1.24662157231         4.53208941287         -2.87310677732        4.72146130028         -2.36469094619        
1.2562802701          4.47888506825         -2.85152922292        4.66242054558         -2.34677379343        
1.26593896789         4.42612259729         -2.83012894203        4.60397861558         -2.32900512651        
1.27559766568         4.37386943716         -2.80890799837        4.54619604913         -2.3113855625         
1.28525636347         4.32230546863         -2.78798665978        4.48925857093         -2.29401606931        
1.29491506126         4.27087135476         -2.7670301878         4.43259342476         -2.27661965652        
1.30457375905         4.21979704939         -2.74612055493        4.37641884368         -2.25926571513        
1.31423245684         4.16965669            -2.72548033851        4.32131429409         -2.24213815316        
1.32389115463         4.11946695057         -2.70491328842        4.26632246014         -2.22507102839        
1.33354985242         4.06994335117         -2.68444587987        4.21211573955         -2.20808983961        
1.34320855022         4.02090837015         -2.66406524298        4.15852950027         -2.1911849639         
1.35286724801         3.97211245791         -2.64361684064        4.10530181598         -2.17422652727        
1.3625259458          3.92412193196         -2.62349554502        4.05300167867         -2.15754001155        
1.37218464359         3.87654745932         -2.60326884265        4.00121540605         -2.14076916226        
1.38184334138         3.82933812041         -2.58304495681        3.94991987674         -2.12400656481        
1.39150203917         3.78262419153         -2.56296054236        3.89923959262         -2.10736109318        
1.40116073696         3.73641017067         -2.54297076326        3.84916717309         -2.09079731392        
1.41081943475         3.69077601093         -2.52298452501        3.79975303568         -2.07423782905        
1.42047813254         3.64557511226         -2.50299594203        3.75087734806         -2.05768108556        
1.43013683033         3.6009069843          -2.48308556591        3.7026319637          -2.04119189817        
1.43979552812         3.55683335019         -2.46326114677        3.65506858932         -2.02477727385        
1.44945422592         3.51317431133         -2.44341851002        3.60800540187         -2.00835098329        
1.45911292371         3.47011008923         -2.42363256482        3.56161471537         -1.99197316736        
1.4687716215          3.42755453868         -2.40390761565        3.51581797364         -1.97564856452        
1.47843031929         3.38553942849         -2.38421414491        3.4706306177          -1.959351567          
1.48808901708         3.34398328362         -2.36451479468        3.42597350682         -1.94305444206        
1.49774771487         3.30307499957         -2.34494987722        3.38203582107         -1.92687242806        
1.50740641266         3.26266971841         -2.3254034858         3.33866365846         -1.91070893001        
1.51706511045         3.22279412808         -2.30581945976        3.29587558957         -1.89450787939        
1.52672380824         3.18363370514         -2.28651592212        3.25385320233         -1.87855639489        
1.53638250603         3.14499460455         -2.26727611027        3.21240594061         -1.86265585628        
1.54604120383         3.10696770781         -2.24824099305        3.17163417102         -1.84692657252        
1.55569990162         3.069430615           -2.22928556165        3.13140435056         -1.83126431437        
1.56535859941         3.03244395749         -2.2104244833         3.09177372372         -1.81568197179        
1.5750172972          2.99616442661         -2.19178267406        3.05285416842         -1.8002783102         
1.58467599499         2.95990350386         -2.1729472292         3.0140991485          -1.78472240716        
1.59433469278         2.92457554852         -2.15452935701        2.97625659912         -1.76950789135        
1.60399339057         2.88996492271         -2.13637232252        2.93920186592         -1.7545118568         
1.61365208836         2.85546805423         -2.11799755017        2.90232289233         -1.73933339546        
1.62331078615         2.82177814535         -2.09992526632        2.86628171262         -1.72440197121        
1.63296948394         2.78876255263         -2.0819681923         2.83092111132         -1.70956763114        
1.64262818173         2.75636962528         -2.0643837645         2.79623220593         -1.69504239152        
1.65228687953         2.72475485535         -2.04714977135        2.7623524889          -1.68080681359        
1.66194557732         2.69383154135         -2.03027245819        2.72920175763         -1.66686472228        
1.67160427511         2.6637780127          -2.01382946948        2.69695009631         -1.65328012933        
1.6812629729          2.6345767065          -1.99791249504        2.66559628            -1.64012677034        
1.69092167069         2.60927365321         -1.98481749898        2.63821040579         -1.62929067029        
1.70058036848         2.60416178177         -1.98698654292        2.63125130966         -1.63098421344        
1.71023906627         2.59700642245         -1.9875743555         2.6222123903          -1.63137691187        
1.71989776406         2.58841497183         -1.98706380539        2.61173352763         -1.63086800023        
1.72955646185         2.57875491184         -1.98568977262        2.60017779641         -1.62964889166        
1.73921515964         2.56812307316         -1.98357488255        2.58765031339         -1.62782111392        
1.74887385744         2.5565816962          -1.98076786382        2.57421883298         -1.62542345456        
1.75853255523         2.54425964035         -1.97734791652        2.56001169471         -1.62252268398        
1.76819125302         2.53123246113         -1.97337223755        2.5451014493          -1.6191641368         
1.77784995081         2.51743707932         -1.96880948546        2.52944426189         -1.61532299471        
1.7875086486          2.50290125772         -1.96371058051        2.513068907           -1.61104134047        
1.79716734639         2.48777686593         -1.95814248589        2.49611601802         -1.60637306545        
1.80682604418         2.47198308458         -1.95209832255        2.47852027848         -1.60131515475        
1.81648474197         2.45557136741         -1.94556165696        2.46033116764         -1.59585284058        
1.82614343976         2.4384584326          -1.9384735503         2.44149038726         -1.58993904136        
1.83580213755         2.42108183997         -1.93130167765        2.42236407414         -1.58395011374        
1.84546083534         2.4029658229          -1.92351594984        2.40256130999         -1.57746028135        
1.85511953314         2.38432125552         -1.91533968078        2.38226534653         -1.57065185169        
1.86477823093         2.36513693805         -1.90675285152        2.36146761316         -1.56350791364        
1.87443692872         2.34546482842         -1.89774409756        2.34021643348         -1.55601313726        
1.88409562651         2.32532613673         -1.88843723249        2.3185359537          -1.54828113381        
1.8937543243          2.30472292772         -1.87879302359        2.29643210701         -1.54027341913        
1.90341302209         2.28372343682         -1.86879784926        2.27396556258         -1.53197739554        
1.91307171988         2.26213797901         -1.85851214843        2.25098435287         -1.52344538375        
1.92273041767         2.24015471825         -1.84786060648        2.22764538801         -1.51461401218        
1.93238911546         2.21773000306         -1.836861249          2.20391674608         -1.50549727443        
1.94204781325         2.19506655543         -1.82560105986        2.17998085238         -1.49616752459        
1.95170651105         2.17151198681         -1.81381378983        2.15527142242         -1.4864077772         
1.96136520884         2.14823735179         -1.80200826458        2.1308029507          -1.47663070983        
1.97102390663         2.12430799506         -1.78973858376        2.10577586401         -1.46647576424        
1.98068260442         2.10002519805         -1.77715519822        2.08045158393         -1.45606507657        
1.99034130221         2.0754422795          -1.76426122702        2.05487807129         -1.44540104329        
2                     2.05058005073         -1.75107439345        2.02907311936         -1.43449772102        
2.001                 2.04799706668         -1.74970573875        2.02639495366         -1.43336625922        
2.19488004499         1.51673120765         -1.42718587528        1.48597346639         -1.16757505734        
2.38876008998         1.02635367419         -1.05597620168        0.996219382913        -0.862788423607       
2.58264013498         0.63643968305         -0.723340279675       0.612226146752        -0.590217405441       
2.77652017997         0.353724964001        -0.454640442277       0.338324581827        -0.370509567514       
2.97040022496         0.177082204249        -0.259526448946       0.16864849529         -0.211268576461       
3.16428026995         0.0778281163863       -0.134911585862       0.0741090114722       -0.109722446988       
3.35816031495         0.0294803502221       -0.0629681172748      0.0282227929574       -0.051173511881       
3.55204035994         0.00907831283661      -0.0261559192782      0.00885892702222      -0.0212448385734      
3.74592040493         0.00197615137214      -0.00948830358646     0.00205343655701      -0.00770382143034     
3.93980044992         0.000110664321267     -0.00289924556357     0.000204182541156     -0.00235360128918     
4.13368049492         -0.000136189113244    -0.000686262907283    -8.74799162409e-05    -0.000557201141348    
4.32756053991         -6.15192758554e-05    -9.48848292958e-05    -4.6848679862e-05     -7.71078450202e-05    
4.5214405849          -3.13288945976e-06    -1.04383876908e-06    -2.44704632064e-06    -8.51628545113e-07    
4.5224405849          -3.02965462748e-06    -9.97096173549e-07    -2.36629552311e-06    -8.1349821136e-07     
4.5394405849          -1.57423105838e-06    -3.95589248232e-07    -1.22829070485e-06    -3.22577344989e-07    
4.5564405849          -6.21146839712e-07    -6.37957431243e-08    -4.83929792112e-07    -5.14505007443e-08    
4.5734405849          -9.35874826132e-08    1.02822229344e-07     -7.25463683408e-08    8.49205600805e-08     
4.5904405849          7.54070248203e-09     2.71376390936e-07     6.38865366458e-09     2.18938558338e-07     
4.6074405849          1.33955800068e-08     5.98871589174e-07     1.12102355616e-08     4.73554330694e-07     
4.6244405849          1.77296384121e-08     9.19617040215e-07     1.47685647733e-08     7.20763200453e-07     
4.6414405849          2.05271841442e-08     1.19603884283e-06     1.70567271885e-08     9.32135881251e-07     
4.6424405849          2.06488812433e-08     1.21064214406e-06     1.71559481563e-08     9.43252459645e-07     
4.82311775449         1.13946840346e-08     1.56341097793e-06     9.40355083292e-09     1.18375290003e-06     
5.00379492408         1.70146126706e-09     6.71239043405e-07     1.39880124658e-09     4.9876413193e-07      
5.18447209367         -1.58907105895e-10    1.98387132905e-07     -1.32565747615e-10    1.45044778171e-07     
5.36514926326         -1.49945973292e-10    4.4051518953e-08      -1.23924345456e-10    3.17369148502e-08     
5.54582643285         -3.83886064076e-11    6.9216657156e-09      -3.16821649657e-11    4.91907663385e-09     
5.72650360244         -3.84586781112e-12    5.21974246182e-10     -3.17183898788e-12    3.66227298104e-10     
5.90718077203         3.58066177887e-11     3.20544441311e-13     2.48201719719e-11     8.67585109134e-13     
6.08785794162         7.87842943559e-11     8.15605551093e-13     5.39912933353e-11     1.72916540336e-12     
6.2685351112          4.06999810903e-11     4.72352656797e-13     2.75978579317e-11     8.12576024173e-13     
6.44921228079         1.41856458228e-11     1.8070745685e-13      9.52120930078e-12     2.61827776566e-13     
6.62988945038         3.96889512745e-12     5.46572328018e-14     2.63712774031e-12     6.85140860542e-14     
6.81056661997         9.48904464546e-13     1.39668814469e-14     6.24220070769e-13     1.5429889382e-14      
6.99124378956         2.00300912718e-13     3.12338379488e-15     1.30464258151e-13     3.08599457236e-15     
7.17192095915         3.79010206379e-14     6.21749267514e-16     2.44453182824e-14     5.55823933764e-16     
7.35259812874         7.07267690857e-15     1.21367795702e-16     4.51766810485e-15     9.90174379571e-17     
7.53327529833         4.62173370676e-16     8.25745228173e-18     2.92384266588e-16     6.18973287572e-18     
7.71395246792         2.61745342431e-15     4.84998422894e-17     1.64024642268e-15     3.36629233537e-17     
7.89462963751         6.8070955262e-16      1.30377440038e-17     4.22578141929e-16     8.41375164149e-18     
8.0753068071          8.07136265384e-16     1.59343012351e-17     4.96448992208e-16     9.61169369585e-18     
8.25598397669         9.45224800203e-16     1.91867147054e-17     5.76072659695e-16     1.08693267304e-17     
8.43666114628         1.09512536391e-15     2.28075968811e-17     6.61409634059e-16     1.2162604911e-17      
8.61733831587         1.25697642655e-15     2.68087924916e-17     7.52424251169e-16     1.35140204979e-17     
8.79801548546         1.43090596184e-15     3.12014447728e-17     8.49001624848e-16     1.49287014453e-17     
8.97869265505         1.61703253029e-15     3.59960544311e-17     9.5108984334e-16      1.63789230776e-17     
9.15936982464         1.81546622598e-15     4.12025322765e-17     1.05863208363e-15     1.78614736484e-17     
9.34004699422         2.02630950577e-15     4.68302463385e-17     1.17158914708e-15     1.93937705242e-17     
9.52072416381         2.24965791767e-15     5.28880641598e-17     1.28983261842e-15     2.10084291082e-17     
9.7014013334          2.48560074234e-15     5.93843908631e-17     1.41329730691e-15     2.26626745204e-17     
9.88207850299         2.73422155996e-15     6.63272035019e-17     1.54192124648e-15     2.43555255208e-17     
10.0627556726         2.99559875268e-15     7.37240821347e-17     1.67563936611e-15     2.60862443986e-17     
10.2434328422         3.2698059513e-15      8.15822380015e-17     1.81439023456e-15     2.7854318512e-17      
10.4241100118         3.55691243356e-15     8.99085391307e-17     1.95813810399e-15     2.96827993354e-17     
10.6047871814         3.85698348033e-15     9.87095336604e-17     2.10674004961e-15     3.16152657801e-17     
10.7854643509         4.17008069496e-15     1.07991471123e-16     2.26013210944e-15     3.3598761169e-17      
10.9661415205         4.49626229043e-15     1.17760321909e-16     2.41825558933e-15     3.56342214341e-17     
11.1468186901         4.83558334816e-15     1.28021795095e-16     2.58104652988e-15     3.77227133734e-17     
11.3274958597         5.1880960518e-15      1.38781354817e-16     2.74844098457e-15     3.9865422383e-17      
11.5081730293         5.55384989902e-15     1.50044235307e-16     2.92037631615e-15     4.2063641166e-17      
11.6888501989         5.93289189365e-15     1.61815454761e-16     3.09679241656e-15     4.43187593495e-17     
11.8695273685         6.32526672048e-15     1.74099828113e-16     3.27763505242e-15     4.66322539439e-17     
12.0502045381         6.73101690454e-15     1.86901978849e-16     3.46288227452e-15     4.90321581537e-17     
12.2308817077         7.15018295649e-15     2.00226349928e-16     3.65238128102e-15     5.15763223586e-17     
12.4115588772         7.58280350569e-15     2.14077213904e-16     3.84607580391e-15     5.41966389031e-17     
12.5922360468         8.02891542211e-15     2.28458682318e-16     4.0439182939e-15      5.68953581624e-17     
12.7729132164         8.48855392819e-15     2.43374714419e-16     4.24585356508e-15     5.96747707736e-17     
12.953590386          8.96175270175e-15     2.5882912528e-16      4.45182565711e-15     6.25372018525e-17     
13.1342675556         9.44854397076e-15     2.74825593354e-16     4.66177903876e-15     6.54850057173e-17     
13.3149447252         9.94895860063e-15     2.91367667517e-16     4.87565902066e-15     6.85205610743e-17     
13.4956218948         1.0463026175e-14      3.08458773648e-16     5.09341196488e-15     7.16462666297e-17     
13.6762990644         1.09907750703e-14     3.26102220772e-16     5.31498544828e-15     7.48645370909e-17     
13.856976234          1.1532232525e-14      3.4430120681e-16      5.54032846169e-15     7.81777995247e-17     
14.0376534035         1.20874247034e-14     3.63058823963e-16     5.76939175246e-15     8.15884900436e-17     
14.2183305731         1.26563767557e-14     3.8237806376e-16      6.00212858898e-15     8.50990507918e-17     
14.3990077427         1.32391128726e-14     4.0226182179e-16      6.2384970964e-15      8.8711927206e-17      
14.5796849123         1.38356563374e-14     4.22712902154e-16     6.47847635962e-15     9.24295655287e-17     
14.7603620819         1.44460295737e-14     4.43734021639e-16     6.72200207653e-15     9.63738264821e-17     
14.9410392515         1.50702541904e-14     4.65327813661e-16     6.96893355202e-15     1.00450198317e-16     
15.1217164211         1.57083510229e-14     4.87496831961e-16     7.21926423992e-15     1.04650369563e-16     
15.3023935907         1.6360340173e-14      5.102435541e-16       7.47295499082e-15     1.08977094933e-16     
15.4830707603         1.70262410446e-14     5.33570384752e-16     7.72996364005e-15     1.13433115877e-16     
15.6637479299         1.77060723788e-14     5.57479658812e-16     7.99024753656e-15     1.18021159191e-16     
15.8444250994         1.83998522851e-14     5.81973644335e-16     8.25376424749e-15     1.22743935767e-16     
16.025102269          1.91075982723e-14     6.07054545309e-16     8.52047182671e-15     1.2760413948e-16      
16.2057794386         1.98293272763e-14     6.32724504286e-16     8.79032893501e-15     1.32604446194e-16     
16.3864566082         2.05650556869e-14     6.58985604868e-16     9.06329489865e-15     1.37747512879e-16     
16.5671337778         2.13147993725e-14     6.85839874063e-16     9.33932973962e-15     1.43035976835e-16     
16.7478109474         2.20785737043e-14     7.13289284522e-16     9.61839419195e-15     1.48472454998e-16     
16.928488117          2.28563935778e-14     7.41335756657e-16     9.90044971166e-15     1.54059543345e-16     
17.1091652866         2.36482734339e-14     7.69981160654e-16     1.01854584846e-14     1.59799816368e-16     
17.2898424562         2.44542272792e-14     7.99227318385e-16     1.0473383436e-14      1.65695826623e-16     
17.4705196257         2.52742687038e-14     8.29076005228e-16     1.07641882438e-14     1.71750104348e-16     
17.6511967953         2.61084108994e-14     8.59528951793e-16     1.1057837362e-14      1.77965157131e-16     
17.8318739649         2.69566666761e-14     8.90587845565e-16     1.13542960582e-14     1.84343469646e-16     
18.0125511345         2.78190484779e-14     9.22254332478e-16     1.16535304791e-14     1.90887503431e-16     
18.1932283041         2.86955683977e-14     9.54530018398e-16     1.19555077656e-14     1.97599696711e-16     
18.3739054737         2.95862381916e-14     9.87416470553e-16     1.22601962697e-14     2.04482464272e-16     
18.5545826433         3.0491069292e-14      1.02091521889e-15     1.25675660031e-14     2.11538197361e-16     
18.7352598129         3.14100728208e-14     1.05502775736e-15     1.28775897367e-14     2.18769263631e-16     
18.9159369825         3.23432596013e-14     1.08975554517e-15     1.31902466736e-14     2.26178007112e-16     
19.0966141521         3.32906401695e-14     1.12510000795e-15     1.35055620558e-14     2.33778324163e-16     
19.2772913216         3.42522247854e-14     1.16106253889e-15     1.38233991763e-14     2.41717957018e-16     
19.4579684912         3.5228023443e-14      1.19764449983e-15     1.41436888665e-14     2.4985198423e-16      
19.6386456608         3.62180458805e-14     1.23484722225e-15     1.44664334455e-14     2.58182848092e-16     
19.8193228304         3.72223015897e-14     1.27267200832e-15     1.4791610857e-14      2.66712965654e-16     
20                    0                     0                     0                     0                     
