0.0779191396          0                     0                     0                     0                     
0.087577837391        0.014282242232        -7.21766954595e-05    0.019453041096        -0.000432974699467    
0.0972365351819       0.0852107530052       -0.00166906286331     0.115279151514        -0.00364663303213     
0.106895232973        0.220986295136        -0.00817286564637     0.296822447354        -0.0129600932239      
0.116553930764        0.411889332762        -0.0231441087192      0.549394896179        -0.0315550591984      
0.126212628555        0.644716872482        -0.049312599304       0.854271425207        -0.0618220246809      
0.135871326346        0.907179083179        -0.0892701763104      1.19455964654         -0.10610746643        
0.145530024137        1.18830205396         -0.145593989938       1.55583979701         -0.166812337088       
0.155188721928        1.47791374847         -0.220940975267       1.92549692743         -0.246495637027       
0.164847419719        1.76464731436         -0.316307684623       2.29047577118         -0.346095540687       
0.17450611751         2.03830223564         -0.428084600116       2.63943123784         -0.461956456447       
0.184164815301        2.29301466046         -0.55062891863        2.96582518463         -0.588411313823       
0.193823513091        2.52684166992         -0.677934013347       3.26730049153         -0.719425663166       
0.203482210882        2.74015604423         -0.805874122336       3.54404142752         -0.850865652419       
0.213140908673        2.93420878078         -0.931710493478       3.79724076947         -0.97998200307        
0.222799606464        3.11054402631         -1.05325794397        4.02848141555         -1.10459920143        
0.232458304255        3.2716021908          -1.17033294753        4.24035015323         -1.22453814778        
0.242117002046        3.41837300549         -1.28280514263        4.43395195951         -1.3396850763         
0.251775699837        3.55189958458         -1.39058194897        4.61056155723         -1.44993954223        
0.261434397628        3.67270805698         -1.49322802245        4.77084536368         -1.55488246528        
0.271093095419        3.7819060484          -1.59020708122        4.91610954795         -1.65398281941        
0.28075179321         3.88118974919         -1.68146978656        5.04830310309         -1.74720539677        
0.290410491001        3.97162698568         -1.76726454988        5.16863583162         -1.83480508065        
0.300069188792        4.05429319851         -1.84821409461        5.2783747554          -1.91741476651        
0.309727886583        4.12988236885         -1.92503089112        5.37841262992         -1.99575640528        
0.319386584374        4.19853925251         -1.99820519709        5.46904312559         -2.07033311682        
0.329045282165        4.26064517197         -2.06816695201        5.55083663656         -2.14158239574        
0.338703979956        4.31611310255         -2.13483861874        5.62382958986         -2.20943205967        
0.348362677747        4.36499340535         -2.19803097395        5.68820859688         -2.27369947995        
0.358021375538        4.40796694973         -2.25773121577        5.74479972797         -2.33436565652        
0.367680073329        4.44534034878         -2.31329752428        5.79402020799         -2.39081045956        
0.37733877112         4.47789242288         -2.36562198167        5.83679716801         -2.44393222128        
0.386997468911        4.50597590258         -2.41435189432        5.87358054734         -2.49337713854        
0.396656166702        4.53003685467         -2.45952816783        5.90490234289         -2.53919120491        
0.406314864492        4.55065290055         -2.50138229241        5.93145618            -2.58161059578        
0.415973562283        4.56839968967         -2.54014936914        5.95391906185         -2.62087538789        
0.425632260074        4.58304887913         -2.57591578899        5.97207520831         -2.65707422399        
0.435290957865        4.59550492524         -2.60924572766        5.98698499161         -2.69077776147        
0.444949655656        4.60582824034         -2.63998073235        5.99872705159         -2.72182626149        
0.454608353447        4.61417293783         -2.66885092525        6.00756832014         -2.7509587927         
0.464267051238        4.62062132924         -2.69585840573        6.01361844373         -2.77817543886        
0.473925749029        4.62533414597         -2.7212835699         6.01712943438         -2.8037663682         
0.48358444682         4.62829433505         -2.74529477372        6.01812588464         -2.82790513276        
0.493243144611        4.62946496701         -2.76797739333        6.01657356728         -2.85066907399        
0.502901842402        4.62901683034         -2.78928888458        6.01275014165         -2.8720117852         
0.512560540193        4.62702235719         -2.80975780965        6.0067581681          -2.89251937784        
0.522219237984        4.62317751812         -2.82915052053        5.99826276725         -2.91190613573        
0.531877935775        4.61798091417         -2.8478640706         5.98798075813         -2.93059072084        
0.541536633566        4.61095700753         -2.86553869421        5.97529686857         -2.94820206765        
0.551195331357        4.60229186226         -2.8823161077         5.96050597193         -2.96488654129        
0.560854029148        4.59192820215         -2.89816291122        5.94356255687         -2.98061606479        
0.570512726939        4.57982938144         -2.91287808435        5.92442186266         -2.99518329666        
0.58017142473         4.56634748799         -2.92669206773        5.90355621137         -3.00882728509        
0.589830122521        4.55138591339         -2.9394798176         5.88083418251         -3.02141883072        
0.599488820312        4.53499943934         -2.95124406064        5.85634766148         -3.03296417194        
0.609147518103        4.51743238051         -2.96206391964        5.83041285008         -3.04354504584        
0.618806215893        4.49822310702         -2.97162811559        5.80244267261         -3.05284445087        
0.628464913684        4.47808433701         -2.98017323224        5.77332132231         -3.06110687496        
0.638123611475        4.45679159844         -2.9876521755         5.7427907229          -3.06828254562        
0.647782309266        4.43445640908         -2.99406553718        5.71097581368         -3.07437148089        
0.657441007057        4.41114583474         -2.99935876665        5.67797368351         -3.07932139227        
0.667099704848        4.38708096247         -3.00377851592        5.6440340676          -3.08339031805        
0.676758402639        4.36182743286         -3.00677453775        5.60866999793         -3.08600544862        
0.68641710043         4.33597852542         -3.0085000606         5.57254561788         -3.0873182471         
0.696075798221        4.30961970757         -3.00934427048        5.53574347526         -3.08774187931        
0.705734496012        4.28296823092         -3.00936227925        5.4985542413          -3.08733235641        
0.715393193803        4.25573397252         -3.00839944356        5.46061179118         -3.08592609806        
0.725051891594        4.22825494315         -3.00659061779        5.4223180564          -3.08366169323        
0.734710589385        4.20020155666         -3.00391511095        5.38330380061         -3.08051124101        
0.744369287176        4.17200184621         -3.0004624068         5.34407128625         -3.07657442579        
0.754027984967        4.14350544527         -2.99624339488        5.30443430898         -3.07185727542        
0.763686682758        4.11471521451         -2.99129792262        5.26440131182         -3.06640248291        
0.773345380549        4.0857496107          -2.9857268496         5.22412681029         -3.06031128818        
0.78300407834         4.0565902592          -2.97953666298        5.18358723964         -3.05358459222        
0.792662776131        4.02722581757         -2.97263597317        5.14274026107         -3.04614573186        
0.802321473922        3.99791159258         -2.96538473241        5.10195707467         -3.03834435629        
0.811980171713        3.96827754663         -2.95756130663        5.06076308329         -3.02996080271        
0.821638869504        3.93852318316         -2.94928565294        5.01940335563         -3.02111969892        
0.831297567294        3.90858551235         -2.9404970181         4.97780803852         -3.01175583254        
0.840956265085        3.87859081854         -2.93129257526        4.93612837177         -3.00195640945        
0.850614962876        3.84832863937         -2.92168392969        4.89408834655         -2.99177573717        
0.860273660667        3.81800737544         -2.9118998751         4.85199942749         -2.98141083996        
0.869932358458        3.78738532633         -2.90168721474        4.80954445245         -2.97060849451        
0.879591056249        3.75652816038         -2.89118289202        4.76681674585         -2.95950797571        
0.88924975404         3.72545959277         -2.88036825658        4.72385473176         -2.94808661757        
0.898908451831        3.69407263229         -2.86925217268        4.68054040443         -2.93635778367        
0.908567149622        3.66235020693         -2.85779652321        4.63683127677         -2.92427792107        
0.918225847413        3.63022056268         -2.84599140263        4.59268620574         -2.91184323827        
0.927884545204        3.59770051873         -2.8337381747         4.54809299414         -2.89894757486        
0.937543242995        3.5647658934          -2.82112582034        4.50301981553         -2.88568463768        
0.947201940786        3.53088696998         -2.80793230488        4.45691845365         -2.87182739003        
0.956860638577        3.49638640454         -2.79411403101        4.41007781927         -2.85733137457        
0.966519336368        3.46071333866         -2.77935841624        4.36187936335         -2.84188136891        
0.976178034159        3.42348933126         -2.76325538869        4.31175102342         -2.82505187594        
0.98583673195         3.37815859792         -2.74059620649        4.25156938365         -2.80152232117        
0.995495429741        3.3286127499          -2.71433849774        4.18619244627         -2.77432047473        
1.00515412753         3.2800483645          -2.68871054359        4.12218389948         -2.74776747888        
1.01481282532         3.23244507824         -2.66374510943        4.05950964392         -2.7218965922         
1.02447152311         3.18547379486         -2.63910950016        3.99776235052         -2.69636880881        
1.0341302209          3.13912892199         -2.61483360556        3.93692163536         -2.67121489601        
1.0437889187          3.09346811354         -2.59095392425        3.87707221126         -2.6464730998         
1.05344761649         3.04809469996         -2.56710793689        3.8177016091          -2.62177278498        
1.06310631428         3.00332215436         -2.54353020113        3.75920287721         -2.59735040247        
1.07276501207         2.95889489182         -2.52005328608        3.70126252977         -2.57304049148        
1.08242370986         2.91504110142         -2.49678901557        3.64414700654         -2.54895390227        
1.09208240765         2.87161678411         -2.47372604954        3.58769520497         -2.52508247317        
1.10174110544         2.82837991538         -2.45065087881        3.53161020373         -2.50120878166        
1.11139980323         2.78546038464         -2.42718340225        3.47604348587         -2.47693273726        
1.12105850102         2.74329041965         -2.40400226144        3.42148247112         -2.45296394805        
1.13071719881         2.70166127085         -2.38084400121        3.36766251664         -2.42902084672        
1.14037589661         2.66049224365         -2.35775607239        3.31449364756         -2.40517881994        
1.1500345944          2.61997612576         -2.33487994875        3.26219506175         -2.38156017232        
1.15969329219         2.57995808807         -2.3121185722         3.21059458126         -2.3580660593         
1.16935198998         2.54042909257         -2.28943079379        3.15967288854         -2.33465402193        
1.17901068777         2.5013586315          -2.26682513535        3.10939725396         -2.31133200406        
1.18866938556         2.46265134632         -2.24411802911        3.05963270359         -2.28791355858        
1.19832808335         2.42491740653         -2.22192957447        3.01113822991         -2.26503083966        
1.20798678114         2.38729067536         -2.19947728539        2.96285028669         -2.24188679107        
1.21764547893         2.35041911131         -2.17737449214        2.9155364059          -2.21910105146        
1.22730417672         2.31398375436         -2.15512429688        2.86881654901         -2.19617675923        
1.23696287451         2.27822022478         -2.13322338361        2.82299412209         -2.17361297497        
1.24662157231         2.24279286747         -2.1111613592         2.77760520929         -2.150888935          
1.2562802701          2.20798438279         -2.08935703074        2.73304258623         -2.12843450848        
1.26593896789         2.17371680728         -2.06767462893        2.68919005362         -2.10610970857        
1.27559766568         2.13999085575         -2.0461696877         2.64604821934         -2.08397223884        
1.28525636347         2.10689409223         -2.02491267103        2.60372370655         -2.0620914788         
1.29491506126         2.07426865315         -2.00372775225        2.5620124045          -2.04028936072        
1.30457375905         2.04192740819         -1.98259251682        2.52070665187         -2.018543075          
1.31423245684         2.010271581           -1.96190025361        2.48029443105         -1.99725227186        
1.32389115463         1.97929418305         -1.94110721592        2.44070151496         -1.97586365993        
1.33354985242         1.94876484048         -1.92066353165        2.40171408922         -1.95483549384        
1.34320855022         1.91862552016         -1.90038945789        2.36325894201         -1.93398395981        
1.35286724801         1.88893979938         -1.88024401156        2.32538791695         -1.91326665951        
1.3625259458          1.8598517947          -1.86045631429        2.28829104427         -1.89291984648        
1.37218464359         1.83101874307         -1.84077210255        2.25155186867         -1.87267976613        
1.38184334138         1.80294445363         -1.82131263325        2.21575229677         -1.85267930102        
1.39150203917         1.77519428746         -1.80214593331        2.18039739277         -1.83298477908        
1.40116073696         1.74801599898         -1.78335292805        2.14575923344         -1.81367257747        
1.41081943475         1.72117303778         -1.764781461          2.11157820558         -1.79458807763        
1.42047813254         1.69464480012         -1.74638322814        2.07783524527         -1.7756838144         
1.43013683033         1.66853099692         -1.72827943817        2.04464093907         -1.75708183431        
1.43979552812         1.64280968624         -1.71046540304        2.01197143119         -1.73877679469        
1.44945422592         1.61738229202         -1.69284840933        1.97970946188         -1.72067577147        
1.45911292371         1.59232026622         -1.67552327075        1.94793948077         -1.70287554677        
1.4687716215          1.56749912421         -1.65836816901        1.91652745501         -1.68524849514        
1.47843031929         1.54311536607         -1.64152614619        1.88567894839         -1.66794542729        
1.48808901708         1.5188114393          -1.62469756805        1.85500268377         -1.65065746043        
1.49774771487         1.4948189441          -1.60800765113        1.82475733778         -1.63351041153        
1.50740641266         1.47121932154         -1.59157476097        1.79502319506         -1.61662961003        
1.51706511045         1.44792607185         -1.57534497939        1.76570476077         -1.59995996119        
1.52672380824         1.42495081733         -1.55934552066        1.73682011152         -1.58352926626        
1.53638250603         1.40234073281         -1.54353099784        1.70841308581         -1.56728992927        
1.54604120383         1.37983882004         -1.52792640281        1.68021093097         -1.55126641791        
1.55569990162         1.35768501123         -1.51245900291        1.65246656151         -1.53538623126        
1.56535859941         1.33578994986         -1.49714051216        1.62508105565         -1.51966208812        
1.5750172972          1.31408126069         -1.48189528624        1.59796933472         -1.50401747571        
1.58467599499         1.2927272565          -1.46684189661        1.57132318659         -1.48857287947        
1.59433469278         1.27164239837         -1.45198455457        1.54503878464         -1.47333564232        
1.60399339057         1.25099604622         -1.43736390815        1.51932601092         -1.45834348123        
1.61365208836         1.23035785639         -1.42279669188        1.49366721731         -1.44340805357        
1.62331078615         1.21010611772         -1.4084445103         1.46851535737         -1.42869515081        
1.63296948394         1.19008961602         -1.39417353371        1.44368402667         -1.41406826771        
1.64262818173         1.17036833935         -1.38007969162        1.41924562544         -1.39962478666        
1.65228687953         1.1509597108          -1.36620760422        1.39522039803         -1.38540981674        
1.66194557732         1.13196740999         -1.35250946931        1.37172263711         -1.37137534557        
1.67160427511         1.11331465436         -1.33906371056        1.34866774911         -1.35760048391        
1.6812629729          1.09509858874         -1.32593696309        1.32616825235         -1.34415229996        
1.69092167069         1.07854280826         -1.31461389254        1.30570280904         -1.33253586933        
1.70058036848         1.07032963154         -1.31332873427        1.29535790399         -1.33109637819        
1.71023906627         1.06124476658         -1.3108875514         1.28396581267         -1.32848556256        
1.71989776406         1.05156510318         -1.30761882716        1.27187209239         -1.32503833934        
1.72955646185         1.04145220108         -1.30368253964        1.2592655431          -1.32091554934        
1.73921515964         1.03093716098         -1.29915967873        1.24618898372         -1.31620139894        
1.74887385744         1.02007812819         -1.29406601049        1.23270891023         -1.31090965036        
1.75853255523         1.00902049713         -1.28849643718        1.21898582702         -1.3051428142         
1.76819125302         0.997688595048        -1.28248712635        1.20494264446         -1.29893255807        
1.77784995081         0.986130945021        -1.27606419931        1.19063559115         -1.29230509215        
1.7875086486          0.97441113236         -1.26924446755        1.17614252664         -1.28527940212        
1.79716734639         0.962375972691        -1.26195387113        1.1612795859          -1.27777681205        
1.80682604418         0.950074101161        -1.25424895719        1.14612626553         -1.26985119525        
1.81648474197         0.937798432395        -1.2462403401         1.13099081424         -1.26162188594        
1.82614343976         0.92526639737         -1.23785207247        1.1155693893          -1.25301269879        
1.83580213755         0.912753552422        -1.22930002321        1.10015883189         -1.24423819537        
1.84546083534         0.900096637748        -1.22040850776        1.08459181773         -1.23512268856        
1.85511953314         0.887269515894        -1.21119834897        1.06883762554         -1.22568617213        
1.86477823093         0.874432160237        -1.20179965952        1.05307237301         -1.21606013338        
1.87443692872         0.861498805334        -1.192130661          1.03720966361         -1.20616322426        
1.88409562651         0.848359968605        -1.182197395          1.02112463051         -1.19600175703        
1.8937543243          0.83526999122         -1.17207247227        1.00509884994         -1.18564691548        
1.90341302209         0.822073860429        -1.16174792738        0.988963457434        -1.17509773864        
1.91307171988         0.808840755992        -1.15125185031        0.972796947261        -1.16437634836        
1.92273041767         0.795501190569        -1.14057025567        0.956525198668        -1.15347008527        
1.93238911546         0.782115257798        -1.12970397119        0.940215613361        -1.14237899893        
1.94204781325         0.768653932132        -1.11866151052        0.923837576512        -1.13111178926        
1.95170651105         0.755148547758        -1.10744673568        0.907425133526        -1.11967201435        
1.96136520884         0.741582451554        -1.09606545539        0.890962525569        -1.10806677542        
1.97102390663         0.728016477918        -1.08453085481        0.874518904423        -1.0963091027         
1.98068260442         0.714396263035        -1.07283607815        0.858033655737        -1.08439220623        
1.99034130221         0.700786319676        -1.06097450806        0.841574165575        -1.072308672          
2                     0.687042391722        -1.04919680631        0.825005312207        -1.06031411682        
2.001                 0.68574022132         -1.04772254135        0.823407232096        -1.05881358564        
2.22251916927         0.394640304511        -0.746806860879       0.474678877349        -0.753392898956       
2.44403833854         0.182367405079        -0.463626740604       0.222504469905        -0.467047604019       
2.66555750781         0.0592598248573       -0.246426327096       0.0763452974295       -0.247956317854       
2.88707667709         0.00570972843733      -0.107741956521       0.0116706821626       -0.108313648017       
3.10859584636         -0.0074334786227      -0.0351323418502      -0.00585076208307     -0.035299679866       
3.33011501563         -0.00454937120419     -0.00605653420407     -0.00428761819284     -0.00608649068629     
3.5516341849          -0.000212486170681    -5.13377210813e-05    -0.000203629903528    -5.17868406311e-05    
3.5526341849          -0.000205779586961    -4.91567753937e-05    -0.00019718546728     -4.95871223687e-05    
3.5696341849          -0.000109791652874    -2.0433165921e-05     -0.000105034503704    -2.0602071013e-05     
3.5866341849          -4.45681832337e-05    -3.64587942211e-06    -4.25451654582e-05    -3.64234874649e-06    
3.6036341849          -6.7909581952e-06     5.46085531339e-06     -6.42872207423e-06    5.57268127617e-06     
3.6206341849          9.3163283808e-07      1.74104642512e-05     9.77570365197e-07     1.72198706584e-05     
3.6376341849          1.73144512564e-06     4.37213864385e-05     1.79584699169e-06     4.2271594832e-05      
3.6546341849          2.39036622872e-06     7.17458423034e-05     2.46801272707e-06     6.87295457211e-05     
3.6716341849          2.87715860942e-06     9.81153417576e-05     2.96323091119e-06     9.34467061176e-05     
3.6726341849          2.90059906381e-06     9.95819856528e-05     2.98703420433e-06     9.4816226575e-05      
3.85205578726         2.21798477173e-06     0.000188657435211     2.267348874e-06       0.000174348189665     
4.03147738963         3.66134806185e-07     0.000113174440994     3.72155166538e-07     0.000102524296734     
4.21089899199         -1.28045212102e-07    4.51518578846e-05     -1.31583285403e-07    4.02107008412e-05     
4.39032059435         -9.66397894997e-08    1.26756245323e-05     -9.8858417874e-08     1.11172883919e-05     
4.56974219672         -2.36872377589e-08    2.04267394556e-06     -2.42007787836e-08    1.76689540638e-06     
4.74916379908         -8.17225683447e-12    5.45012256314e-10     -8.34360735484e-12    4.65610112271e-10     
4.92858540145         3.03396243659e-07     5.45024753151e-09     2.56533939745e-07     8.35116877251e-09     
5.10800700381         2.95162967298e-07     6.08012166572e-09     2.46934325401e-07     7.44489103836e-09     
5.28742860617         1.71536155303e-07     3.93939692503e-09     1.41917481187e-07     4.03690006376e-09     
5.46685020854         7.73144963659e-08     1.94139204924e-09     6.32405781461e-08     1.71211227162e-09     
5.6462718109          2.93590418675e-08     7.94741753728e-10     2.37412620945e-08     6.1555998245e-10      
5.82569341326         9.75193514752e-09     2.81551136118e-10     7.79625134636e-09     1.94380630499e-10     
6.00511501563         2.89174767994e-09     8.83049070749e-11     2.28556655488e-09     5.50286638926e-11     
6.18453661799         7.75058601199e-10     2.48669768792e-11     6.0571369343e-10      1.4133907088e-11      
6.36395822036         1.89300082411e-10     6.34667983484e-12     1.46287485492e-10     3.31860566773e-12     
6.54337982272         4.23713292902e-11     1.47782934008e-12     3.23834242986e-11     7.15324698613e-13     
6.72280142508         8.72741045331e-12     3.1546872468e-13      6.59745575045e-12     1.42642754779e-13     
6.90222302745         1.65788074452e-12     6.19086893815e-14     1.2397502288e-12      2.6273388761e-14      
7.08164462981         2.93750271925e-13     1.13008131119e-14     2.1732656322e-13      4.52077606177e-15     
7.26106623217         5.02449680665e-14     1.98665505534e-15     3.67837114924e-14     7.53789129349e-16     
7.44048783454         9.24271104676e-15     3.74821268038e-16     6.69628902285e-15     1.35593469291e-16     
7.6199094369          1.28108906477e-15     5.31868674398e-17     9.1863047979e-16      1.84100129587e-17     
7.79933103927         6.72670204025e-15     2.85446014271e-16     4.77472802673e-15     9.48520992972e-17     
7.97875264163         1.63891177804e-15     7.09819021256e-17     1.15172174996e-15     2.2713488885e-17      
8.15817424399         1.83586024967e-15     8.10477947931e-17     1.27745546523e-15     2.50656452812e-17     
8.33759584636         2.04497265966e-15     9.19166693047e-17     1.4091415885e-15      2.76002587824e-17     
8.51701744872         2.26634436138e-15     1.03605366931e-16     1.54668856163e-15     3.02840615275e-17     
8.69643905108         2.5000643009e-15      1.16129849978e-16     1.69000843248e-15     3.31241536441e-17     
8.87586065345         2.74621561029e-15     1.29505266291e-16     1.83900955423e-15     3.61279044037e-17     
9.05528225581         3.00487613202e-15     1.43746007779e-16     1.99360070126e-15     3.93029088847e-17     
9.23470385818         3.27611888395e-15     1.58865763621e-16     2.15369242509e-15     4.26569492104e-17     
9.41412546054         3.56001247293e-15     1.74877568734e-16     2.31919892132e-15     4.61979599503e-17     
9.5935470629          3.85662146392e-15     1.91793848e-16        2.49004702035e-15     4.99339972955e-17     
9.77296866527         4.16600671012e-15     2.09626456696e-16     2.66615110519e-15     5.39465568067e-17     
9.95239026763         4.48822564921e-15     2.28386717521e-16     2.84735234717e-15     5.81974637423e-17     
10.13181187           4.82333256981e-15     2.48085454561e-16     3.03359007852e-15     6.26832489337e-17     
10.3112334724         5.17137885172e-15     2.68733024494e-16     3.22478345174e-15     6.74130851205e-17     
10.4906550747         5.53241318308e-15     2.9033934531e-16      3.42085074004e-15     7.23961498398e-17     
10.6700766771         5.90648175698e-15     3.12913922772e-16     3.62171108414e-15     7.76416097222e-17     
10.8494982794         6.29362845009e-15     3.36465874847e-16     3.8272849835e-15      8.31586066698e-17     
11.0289198818         6.69389498496e-15     3.61003954285e-16     4.03749450976e-15     8.89562457175e-17     
11.2083414842         7.10732107813e-15     3.8653656951e-16      4.25226344233e-15     9.50435844038e-17     
11.3877630865         7.53394457519e-15     4.13071803994e-16     4.47151740086e-15     1.0142962349e-16      
11.5671846889         7.97380157445e-15     4.40617434224e-16     4.69518403643e-15     1.08123298884e-16     
11.7466062913         8.42692654022e-15     4.69180946404e-16     4.92319339695e-15     1.15133474648e-16     
11.9260278936         8.89335240681e-15     4.98769551983e-16     5.15547881699e-15     1.22468936964e-16     
12.105449496          9.37311067409e-15     5.29390202126e-16     5.39198003389e-15     1.30138388964e-16     
12.2848710984         9.86623149552e-15     5.61049601204e-16     5.63267220013e-15     1.38172797324e-16     
12.4642927007         1.03727437593e-14     5.93754219378e-16     5.87739627183e-15     1.46652512576e-16     
12.6437143031         1.08926751635e-14     6.27510304372e-16     6.12608433736e-15     1.55504384973e-16     
12.8231359055         1.1426052285e-14      6.62323892473e-16     6.37868703319e-15     1.64737262265e-16     
13.0025575078         1.19729006441e-14     6.98200818835e-16     6.6351454163e-15      1.74359890595e-16     
13.1819791102         1.25332447636e-14     7.35146727139e-16     6.89539961108e-15     1.84380912599e-16     
13.3614007125         1.31071082246e-14     7.7316707865e-16      7.1593901789e-15      1.94808865929e-16     
13.5408223149         1.36945137171e-14     8.12267160729e-16     7.42705853342e-15     2.05652182122e-16     
13.7202439173         1.42954830887e-14     8.52452094824e-16     7.69834709694e-15     2.16919185798e-16     
13.8996655196         1.49100373882e-14     8.93726843993e-16     7.97319936279e-15     2.28618094143e-16     
14.079087122          1.55381969078e-14     9.36096219987e-16     8.2515599173e-15      2.40757016645e-16     
14.2585087244         1.61799812215e-14     9.79564889921e-16     8.53337444246e-15     2.53343955054e-16     
14.4379303267         1.68354092214e-14     1.02413738256e-15     8.81858970885e-15     2.66386803544e-16     
14.6173519291         1.75044991517e-14     1.06981809428e-15     9.10715356358e-15     2.79893349049e-16     
14.7967735315         1.81872686404e-14     1.11661129465e-15     9.399014916e-15       2.93871271753e-16     
14.9761951338         1.88837347288e-14     1.16452113173e-15     9.69412372286e-15     3.08328145724e-16     
15.1556167362         1.95939138999e-14     1.21355163712e-15     9.99243097405e-15     3.23271439658e-16     
15.3350383385         2.03178221041e-14     1.26370673069e-15     1.02938886803e-14     3.38708517735e-16     
15.5144599409         2.10554747844e-14     1.31499022504e-15     1.05984498636e-14     3.54646640565e-16     
15.6938815433         2.18068868988e-14     1.36740582982e-15     1.09060685528e-14     3.71092966211e-16     
15.8733031456         2.2572072943e-14      1.42095715574e-15     1.12166997857e-14     3.88054551281e-16     
16.052724748          2.33510469704e-14     1.4756477184e-15      1.15302996227e-14     4.05538352081e-16     
16.2321463504         2.41438226114e-14     1.53148094197e-15     1.18468251775e-14     4.23551225812e-16     
16.4115679527         2.49504130922e-14     1.5884601626e-15      1.21662346796e-14     4.42099931819e-16     
16.5909895551         2.57708312516e-14     1.64658863174e-15     1.24884875925e-14     4.61191132858e-16     
16.7704111575         2.66050895576e-14     1.7058695193e-15      1.28135448521e-14     4.80831396413e-16     
16.9498327598         2.74532001229e-14     1.76630591656e-15     1.31413693874e-14     5.01027196013e-16     
17.1292543622         2.83151747191e-14     1.82790083908e-15     1.34719274975e-14     5.21784912584e-16     
17.3086759645         2.9191024791e-14      1.89065722937e-15     1.38051942497e-14     5.43110835807e-16     
17.4880975669         3.00807614695e-14     1.95457795949e-15     1.41411867008e-14     5.65066264619e-16     
17.6675191693         3.09843955841e-14     2.01966583349e-15     1.44797169386e-14     5.87704808195e-16     
17.8469407716         3.19019376746e-14     2.08592358976e-15     1.48207733514e-14     6.10940179368e-16     
18.026362374          3.28333980025e-14     2.15335390331e-15     1.5164335741e-14      6.34778572556e-16     
18.2057839764         3.37787865615e-14     2.22195938789e-15     1.55103735079e-14     6.59226096957e-16     
18.3852055787         3.47381130876e-14     2.29174259802e-15     1.58588539241e-14     6.84288777864e-16     
18.5646271811         3.5711387069e-14      2.36270603099e-15     1.62097437571e-14     7.09972557979e-16     
18.7440487835         3.66986177547e-14     2.43485212871e-15     1.65630098129e-14     7.36283298712e-16     
18.9234703858         3.7699814164e-14      2.50818327952e-15     1.69186191637e-14     7.63226781482e-16     
19.1028919882         3.8714985094e-14      2.58270181989e-15     1.72765392561e-14     7.90808708997e-16     
19.2823135905         3.97441391283e-14     2.6584100361e-15      1.76367379646e-14     8.19034706531e-16     
19.4617351929         4.07872846438e-14     2.73531016579e-15     1.79991836191e-14     8.47910323182e-16     
19.6411567953         4.18444298186e-14     2.81340439949e-15     1.83638450179e-14     8.77441033121e-16     
19.8205783976         4.29155826385e-14     2.89269488207e-15     1.8730691432e-14      9.07632236826e-16     
20                    0                     0                     0                     0                     
