0.0779191396          0                     0                     0                     0                     
0.087577837391        0.0090052855183       -0.00156515599044     0.0155516798074       -0.00247902567603     
0.0972365351819       0.0545829013406       -0.011240339049       0.0933327677186       -0.0173297967019      
0.106895232973        0.14265367083         -0.0343204323565      0.241944464474        -0.0517947003235      
0.116553930764        0.266554518201        -0.075036639782       0.44903440981         -0.111237728132       
0.126212628555        0.414545258988        -0.137390534896       0.695060007176        -0.200692514158       
0.135871326346        0.57105626656         -0.22160791891        0.955894340891        -0.320118010354       
0.145530024137        0.723585203708        -0.321479670099       1.21240201376         -0.460853584788       
0.155188721928        0.86624167126         -0.429236903605       1.45503699357         -0.61219420667        
0.164847419719        0.997327616571        -0.539343967507       1.68045849076         -0.766528663739       
0.17450611751         1.11672317899         -0.648159314713       1.88782248528         -0.918834650607       
0.184164815301        1.22520178278         -0.753991905608       2.07780535306         -1.06680958993        
0.193823513091        1.32325606697         -0.855689507552       2.25084224162         -1.20886914375        
0.203482210882        1.41163291586         -0.952504071682       2.40786213363         -1.34399452306        
0.213140908673        1.49117804944         -1.04402008463        2.55000424113         -1.47162691898        
0.222799606464        1.56282229438         -1.13030189272        2.67860861146         -1.5918670342         
0.232458304255        1.62706952143         -1.21152523361        2.79442607322         -1.70496171398        
0.242117002046        1.68428123105         -1.28773589142        2.89806452322         -1.81098314076        
0.251775699837        1.7355678228          -1.35941575426        2.99124986904         -1.91062054964        
0.261434397628        1.78055665451         -1.42616064394        3.07349215896         -2.00332948679        
0.271093095419        1.82008255936         -1.48797831731        3.14609272925         -2.08910855609        
0.28075179321         1.85527060295         -1.54550912637        3.21081935145         -2.16888285046        
0.290410491001        1.88614466609         -1.59879741715        3.26773603107         -2.242708558          
0.300069188792        1.91339198791         -1.64823781049        3.31795052453         -2.31113410177        
0.309727886583        1.93715943214         -1.69418665597        3.36177786447         -2.37466087255        
0.319386584374        1.9577529175          -1.73692372133        3.39972778774         -2.43367369047        
0.329045282165        1.97539471886         -1.77670945592        3.43223965578         -2.48854074706        
0.338703979956        1.99026497876         -1.81376207212        3.45964736603         -2.53956397809        
0.348362677747        2.00247163712         -1.84826680763        3.48220422588         -2.58700685754        
0.358021375538        2.01204057626         -1.880285252          3.50000977999         -2.63095816184        
0.367680073329        2.01933587785         -1.91000745911        3.51369346511         -2.67169061506        
0.37733877112         2.02432392991         -1.93738434853        3.52322669702         -2.70913709167        
0.386997468911        2.02724411143         -1.96259950536        3.52905273501         -2.74355855286        
0.396656166702        2.02815194092         -1.98565096743        3.5312830696          -2.77495661111        
0.406314864492        2.02740129917         -2.00666217508        3.5304950095          -2.80350507645        
0.415973562283        2.02502842196         -2.02569426217        3.52677797505         -2.82929416137        
0.425632260074        2.02120929832         -2.04283132805        3.52042184189         -2.85244156069        
0.435290957865        2.0161099198          -2.05820779355        3.51171597391         -2.87313832824        
0.444949655656        2.00990808939         -2.07186017935        3.50096737126         -2.89143839865        
0.454608353447        2.00249560176         -2.08392052406        3.48798014545         -2.90751409899        
0.464267051238        1.99423152925         -2.09451787267        3.47338766839         -2.92155936972        
0.473925749029        1.98508657208         -2.10376093265        3.45715710981         -2.93372465626        
0.48358444682         1.97507897711         -2.11136071319        3.4393131663          -2.94359138579        
0.493243144611        1.9644999549          -2.1177571334         3.42031040236         -2.9518083543         
0.502901842402        1.95338977522         -2.12331599164        3.40023636128         -2.95885850333        
0.512560540193        1.94174142944         -2.12788168631        3.37912734311         -2.96453323545        
0.522219237984        1.9293393245          -2.1314101853         3.35664138865         -2.96876460127        
0.531877935775        1.91671270196         -2.13437199859        3.33365406396         -2.97220180552        
0.541536633566        1.90338113223         -2.13639965115        3.30941682173         -2.97433873007        
0.551195331357        1.8898463688          -2.13789321991        3.28471509112         -2.97572894342        
0.560854029148        1.87529326195         -2.13832402309        3.25836567505         -2.97564475456        
0.570512726939        1.8604382979          -2.13820173874        3.2314189142          -2.97479078289        
0.58017142473         1.84515534575         -2.1375244755         3.20374382108         -2.97316767307        
0.589830122521        1.82946528364         -2.13621846933        3.17536575656         -2.97067108451        
0.599488820312        1.81323040719         -2.13426801299        3.14608715179         -2.96727890403        
0.609147518103        1.79664379443         -2.13181407645        3.11623933549         -2.96319291906        
0.618806215893        1.77970494957         -2.12878189399        3.08575983565         -2.95829594407        
0.628464913684        1.76211558619         -2.12491310892        3.05431654149         -2.95226681401        
0.638123611475        1.7443123485          -2.12060160883        3.0224871126          -2.94561621509        
0.647782309266        1.72613813255         -2.11567625825        2.99008988739         -2.93812653746        
0.657441007057        1.70767711309         -2.11019983504        2.95723537375         -2.9298795357         
0.667099704848        1.68903490773         -2.10409499304        2.92408720935         -2.92076985399        
0.676758402639        1.67019045228         -2.09754027211        2.89059875001         -2.91106712901        
0.68641710043         1.65119109267         -2.09055788864        2.85686998481         -2.90077749861        
0.696075798221        1.63185417721         -2.0830123328         2.822619021           -2.88971477845        
0.705734496012        1.61242335666         -2.07506289307        2.78823887107         -2.87810171803        
0.715393193803        1.59283352769         -2.06660516505        2.75360983115         -2.86579250159        
0.725051891594        1.57309391716         -2.05767096259        2.71876095052         -2.85283245326        
0.734710589385        1.55327367689         -2.04831006827        2.68379577889         -2.839291594          
0.744369287176        1.53336705901         -2.03855765591        2.64871710582         -2.82522041351        
0.754027984967        1.51317610748         -2.02809496384        2.61321387136         -2.8101604906         
0.763686682758        1.49313136209         -2.01726266593        2.57793365633         -2.7945986606         
0.773345380549        1.47314230378         -2.00614149853        2.54275362573         -2.77865122118        
0.78300407834         1.45324209538         -1.99470431989        2.50772032152         -2.76227793718        
0.792662776131        1.43313320535         -1.9827970517         2.47239078713         -2.74526633646        
0.802321473922        1.41337307258         -1.97075355519        2.43759932664         -2.72807034445        
0.811980171713        1.39359769512         -1.95833134248        2.40280893616         -2.71036183261        
0.821638869504        1.37384291791         -1.94569634747        2.36806411753         -2.69238627036        
0.831297567294        1.3542435137          -1.9328419385         2.33355703322         -2.67411291595        
0.840956265085        1.33460558035         -1.91984099883        2.29903305056         -2.6556467607         
0.850614962876        1.31489862668         -1.90651148689        2.26441618449         -2.6367322504         
0.860273660667        1.29532116708         -1.89311531123        2.23004027894         -2.617733671          
0.869932358458        1.2756904297          -1.87944437796        2.1956154303          -2.59836221523        
0.879591056249        1.25601767484         -1.86558405369        2.16116265621         -2.57873577469        
0.88924975404         1.23633559014         -1.85152332799        2.12673836466         -2.55884021124        
0.898908451831        1.21665447904         -1.83726164116        2.09236108975         -2.53867444286        
0.908567149622        1.19688613393         -1.82272166951        2.05789068423         -2.51813446856        
0.918225847413        1.17708388245         -1.80796044055        2.02341309713         -2.49729534664        
0.927884545204        1.15720338791         -1.79289251899        1.98885998547         -2.47604432755        
0.937543242995        1.13724729186         -1.77744004052        1.95422714901         -2.45427060356        
0.947201940786        1.11733612427         -1.76177660616        1.91970346898         -2.43223240845        
0.956860638577        1.09715975768         -1.74565975109        1.88478181633         -2.40957337632        
0.966519336368        1.07687682335         -1.72902448983        1.84971034758         -2.38620778419        
0.976178034159        1.05600634896         -1.71139069605        1.81372139228         -2.36147572067        
0.98583673195         1.03289021234         -1.68977754183        1.77391768235         -2.33126661054        
0.995495429741        1.00849264005         -1.66575414817        1.73200198928         -2.29772981461        
1.00515412753         0.984752601187        -1.64224686522        1.69123305071         -2.26492270903        
1.01481282532         0.961571693683        -1.61917881886        1.65145701167         -2.23273993938        
1.02447152311         0.938844902712        -1.59639232037        1.61249029962         -2.20095923041        
1.0341302209          0.916541274404        -1.57383922978        1.57428183452         -2.16951487589        
1.0437889187          0.89476738609         -1.5515907265         1.53698839834         -2.13850597324        
1.05344761649         0.873355525724        -1.52949888581        1.5003272585          -2.10773115867        
1.06310631428         0.852373437914        -1.50769020237        1.4644283792          -2.07735930792        
1.07276501207         0.831718139635        -1.48604608144        1.42910504042         -2.0472241323         
1.08242370986         0.811499081501        -1.46465870442        1.39454310972         -2.01745426515        
1.09208240765         0.791677968992        -1.44351076546        1.36067773351         -1.9880253194         
1.10174110544         0.772192367349        -1.42249245079        1.3273973832          -1.95878600065        
1.11139980323         0.753109462899        -1.40177726596        1.29482001415         -1.92997412672        
1.12105850102         0.734394522239        -1.38123392303        1.2628831053          -1.90140970861        
1.13071719881         0.716035789236        -1.36089590054        1.23156594901         -1.87314168595        
1.14037589661         0.69803820153         -1.34083449361        1.20086585274         -1.84526518749        
1.1500345944          0.680392907484        -1.32104331029        1.17078755422         -1.8177700902         
1.15969329219         0.663071052701        -1.30149160923        1.14127634626         -1.79061313668        
1.16935198998         0.646051803847        -1.28217250919        1.11230054347         -1.76378485085        
1.17901068777         0.629332749481        -1.26311463724        1.08386200986         -1.73732440497        
1.18866938556         0.612811057555        -1.24416103795        1.05579047647         -1.71101686186        
1.19832808335         0.596640156607        -1.22552713379        1.02834705599         -1.68514658682        
1.20798678114         0.58077006927         -1.20702823027        1.00141450499         -1.65947761527        
1.21764547893         0.565204863675        -1.1888245223         0.975024067637        -1.63422482764        
1.22730417672         0.549914941325        -1.17086698472        0.949115440522        -1.60931824296        
1.23696287451         0.534885480331        -1.15311866642        0.92368607011         -1.58470677866        
1.24662157231         0.520065287622        -1.13547788164        0.898627897839        -1.56025131935        
1.2562802701          0.505556752642        -1.11804935977        0.874112884024        -1.53609622971        
1.26593896789         0.4912723582          -1.10087603834        0.850005904351        -1.51230099009        
1.27559766568         0.477311564574        -1.08398337208        0.826453605801        -1.48889754271        
1.28525636347         0.463476321144        -1.0671457399         0.803159975468        -1.4655785248         
1.29491506126         0.449946675132        -1.05051176835        0.780387690771        -1.44254666801        
1.30457375905         0.436616873548        -1.03400867753        0.757974521783        -1.41970213161        
1.31423245684         0.423580214248        -1.01774768309        0.736062931637        -1.397197166          
1.32389115463         0.410770302307        -1.00166042927        0.714554536056        -1.37493870999        
1.33354985242         0.398206446599        -0.985732379268       0.693470586755        -1.35290517449        
1.34320855022         0.385890791955        -0.969989718467       0.672816253499        -1.33113368326        
1.35286724801         0.373777349861        -0.954368344057       0.652515266424        -1.30953620303        
1.3625259458          0.361864029797        -0.938878895991       0.632571542097        -1.28811807713        
1.37218464359         0.350237165648        -0.923561089271       0.613106014491        -1.26694447829        
1.38184334138         0.338870961301        -0.908420678056       0.594078676013        -1.24602217987        
1.39150203917         0.327816453675        -0.893403655937       0.575555945188        -1.22527513198        
1.40116073696         0.316884099308        -0.878694415372       0.55728513467         -1.20495668302        
1.41081943475         0.306227871945        -0.864102457609       0.539462743274        -1.18480427656        
1.42047813254         0.295792350219        -0.849684371317       0.522016710676        -1.16489592609        
1.43013683033         0.285569671891        -0.835453541336       0.504936322573        -1.14525036266        
1.43979552812         0.275576861465        -0.821433514382       0.488243750699        -1.12589778704        
1.44945422592         0.265759758132        -0.807554675609       0.471857895425        -1.10674516216        
1.45911292371         0.256145336102        -0.793864450723       0.455819349536        -1.08785515468        
1.4687716215          0.246720587521        -0.780350562793       0.44010934523         -1.06921196648        
1.47843031929         0.237466425891        -0.767011941879       0.424697109622        -1.0508140071         
1.48808901708         0.228394806403        -0.753783348687       0.409597000334        -1.03257290843        
1.49774771487         0.219440940286        -0.740698885592       0.394717009509        -1.01452991583        
1.50740641266         0.210706701296        -0.727755873793       0.380203703944        -0.996685001613       
1.51706511045         0.202152719982        -0.714964637211       0.365997676246        -0.979054485154       
1.52672380824         0.193789305605        -0.702333924905       0.352115707964        -0.961648940835       
1.53638250603         0.185600333375        -0.68983276821        0.338527191534        -0.944425332175       
1.54604120383         0.177590746613        -0.67749892439        0.32524520169         -0.927435758057       
1.55569990162         0.169749820204        -0.665290826855       0.312247994403        -0.910623001435       
1.56535859941         0.162090448194        -0.653222740975       0.299552678604        -0.894005962301       
1.5750172972          0.154592894291        -0.641263835072       0.287129128783        -0.877542780682       
1.58467599499         0.147274304434        -0.629473272783       0.275005827562        -0.861314038006       
1.59433469278         0.140113276693        -0.617811259875       0.2631480545          -0.845265656152       
1.60399339057         0.133134826942        -0.606363795729       0.251598680708        -0.82951553834        
1.61365208836         0.126271111003        -0.594940869485       0.240242750235        -0.813798550916       
1.62331078615         0.119604680979        -0.583718152169       0.229214337639        -0.798361086172       
1.63296948394         0.113101422959        -0.572625760931       0.218454630062        -0.783106430114       
1.64262818173         0.106758996953        -0.561695206973       0.207963282553        -0.768076734621       
1.65228687953         0.100577210725        -0.550947696429       0.197741605916        -0.753300977697       
1.66194557732         0.0945342665298       -0.540373667123       0.187757182539        -0.738766930385       
1.67160427511         0.0886644459673       -0.529973795438       0.178057494104        -0.724472978645       
1.6812629729          0.0829365057932       -0.51979356867        0.168603321276        -0.710483643232       
1.69092167069         0.0774387106881       -0.510397438523       0.159573334045        -0.697569214045       
1.70058036848         0.0725933832104       -0.504928376338       0.151869104801        -0.690024617203       
1.71023906627         0.0677129443739       -0.498959583349       0.144084945462        -0.681796289398       
1.71989776406         0.0628703073715       -0.49269668727        0.136342009543        -0.673169898329       
1.72955646185         0.0580601535038       -0.486177927648       0.128636813222        -0.664196308184       
1.73921515964         0.0532861491908       -0.479452800908       0.120979019266        -0.654943204371       
1.74887385744         0.0485653241719       -0.472532373171       0.113394018918        -0.645425860761       
1.75853255523         0.0439013785094       -0.465441310865       0.105888880564        -0.635677831298       
1.76819125302         0.0392970868744       -0.458196163382       0.0984696132509       -0.625721834596       
1.77784995081         0.034774634452        -0.45079069957        0.0911669877906       -0.615549667134       
1.7875086486          0.0302782644619       -0.443262543108       0.0839051600074       -0.605209801378       
1.79716734639         0.0258889304913       -0.435615311769       0.0767997713122       -0.594711271056       
1.80682604418         0.0215848354456       -0.427862045771       0.0698196574552       -0.584070508617       
1.81648474197         0.0173698708918       -0.420006195905       0.062971113623        -0.573292058375       
1.82614343976         0.013237774309        -0.412067119664       0.0562468621605       -0.562402749578       
1.83580213755         0.00921488363722      -0.404056033704       0.0496852019918       -0.551417384306       
1.84546083534         0.00525213286672      -0.39596995161        0.0432138043444       -0.5403320879         
1.85511953314         0.00139033755222      -0.387790659445       0.0368941346341       -0.529120996333       
1.86477823093         -0.00235745231839     -0.379569089796       0.0307450021332       -0.517855510284       
1.87443692872         -0.00599584174072     -0.371300808614       0.0247594842135       -0.506528532305       
1.88409562651         -0.00952040897217     -0.362991265222       0.0189441027047       -0.4951477355         
1.8937543243          -0.0129361192829      -0.354656410863       0.0132928040534       -0.483735144945       
1.90341302209         -0.0162526361049      -0.346281618382       0.00779082790219      -0.472269823488       
1.91307171988         -0.0194401928079      -0.337889531392       0.00248175272258      -0.460783169211       
1.92273041767         -0.0225101523037      -0.329491147012       -0.00265021965538     -0.449290728577       
1.93238911546         -0.0254549611865      -0.321094287124       -0.00759471294627     -0.437802640039       
1.94204781325         -0.02828651983        -0.3126961606         -0.0123679905543      -0.426315586276       
1.95170651105         -0.0310019043586      -0.304304168347       -0.0169664491921      -0.414838172498       
1.96136520884         -0.0335809544018      -0.295932577878       -0.0213606405355      -0.403391171662       
1.97102390663         -0.0360396942571      -0.287582291204       -0.02557324065        -0.391975581768       
1.98068260442         -0.0383736718028      -0.279271194324       -0.0295976467231      -0.380615501506       
1.99034130221         -0.0405834181979      -0.270973240995       -0.0334358098471      -0.369275553597       
2                     -0.0426654878237      -0.262728565771       -0.0370809803936      -0.358010364843       
2.001                 -0.0428411507963      -0.261902382711       -0.037403205302       -0.356879995914       
2.28339669245         -0.0490326948922      -0.062048756001       -0.0617564648872      -0.0843800776406      
2.5657933849          -0.00195853005463     -0.00029885150115     -0.00249379912143     -0.00040696322649     
2.5667933849          -0.00189998455959     -0.000286704748719    -0.00241892826091     -0.000390418541301    
2.5837933849          -0.00104443253555     -0.000123255595273    -0.00132647575049     -0.000167708672026    
2.6007933849          -0.000436257175907    -2.31059612445e-05    -0.000552285034183    -3.11066817863e-05    
2.6177933849          -6.5855373978e-05     3.50294190292e-05     -8.21213651383e-05    4.83285446878e-05     
2.6347933849          1.69725567352e-05     0.00014699573819      2.39240349415e-05     0.000193090300222     
2.6517933849          3.24980308668e-05     0.000430536236282     4.54564458322e-05     0.000550248262575     
2.6687933849          4.62428671515e-05     0.000757373977961     6.44716405751e-05     0.000958154656599     
2.6857933849          5.73014757518e-05     0.00108984126817      7.9740127176e-05      0.00136997512546      
2.6867933849          5.78649093194e-05     0.00110914452349      8.0517177851e-05      0.00139379509878      
2.86713928714         5.51630700813e-05     0.00305996525916      7.627527363e-05       0.00371596744423      
3.04748518938         4.9474790243e-06      0.00248156925119      6.74829117754e-06     0.00294459513622      
3.22783109162         -1.14356476051e-05    0.00124048379919      -1.58440886132e-05    0.00144362127543      
3.40817699386         -6.33265854814e-06    0.000353337360568     -8.75640618053e-06    0.000404369032164     
3.5885228961          -1.80704231442e-07    7.21672335957e-06     -2.49653056008e-07    8.14499147268e-06     
3.76886879834         9.74909770909e-05     3.02701996593e-06     0.000108914174846     4.8892414511e-06      
3.94921470058         0.000161039150009     5.83557098807e-06     0.000177619223716     7.67215936595e-06     
4.12956060283         0.000148911211744     6.0739318468e-06      0.00016199553844      6.82437265469e-06     
4.30990650507         0.000104745680817     4.6961585132e-06      0.000112344893593     4.65296519352e-06     
4.49025240731         6.14748777358e-05     2.97937774282e-06     6.49985568264e-05     2.66070384973e-06     
4.67059830955         3.13670862486e-05     1.62330269294e-06     3.2695257522e-05      1.33151286956e-06     
4.85094421179         1.42263269969e-05     7.78862200025e-07     1.46208496795e-05     5.93857043136e-07     
5.03129011403         5.81275803223e-06     3.34207825832e-07     5.89094346922e-06     2.39824788591e-07     
5.21163601627         2.15853926138e-06     1.29573596897e-07     2.15759065667e-06     8.81947465824e-08     
5.39198191851         7.32946223537e-07     4.57166309707e-08     7.22774850208e-07     2.97691300437e-08     
5.57232782075         2.28577633125e-07     1.47556967097e-08     2.2241257708e-07      9.25447886293e-09     
5.75267372299         6.56868254231e-08     4.37402856712e-09     6.30804096553e-08     2.6554585897e-09      
5.93301962523         1.7438471626e-08      1.19442717163e-09     1.65318847814e-08     7.0495452946e-10      
6.11336552747         4.28540041566e-09     3.01186221071e-10     4.01156663787e-09     1.73719713973e-10     
6.29371142971         9.76389742948e-10     7.02659886907e-11     9.02680525693e-10     3.97541741723e-11     
6.47405733195         2.06519888213e-10     1.51902201724e-11     1.88604460668e-10     8.45439078053e-12     
6.65440323419         4.06033700094e-11     3.04749476601e-12     3.66373054172e-11     1.67279452612e-12     
6.83474913643         7.42592217861e-12     5.67922890091e-13     6.62178943744e-12     3.08131311495e-13     
7.01509503867         1.26420778493e-12     9.83928129478e-14     1.11429504621e-12     5.28694367025e-14     
7.19544094092         1.95427169371e-13     1.5461157051e-14      1.70302010758e-13     8.24710678351e-15     
7.37578684316         2.61010544973e-14     2.0969280368e-15      2.24914768489e-14     1.11247302484e-15     
7.5561327454          2.4316768449e-15      1.98198025617e-16     2.07237207087e-15     1.04719298486e-16     
7.73647864764         2.67911144449e-15     2.2135504165e-16      2.25855694071e-15     1.16612031171e-16     
7.91682454988         2.9396809597e-15      2.4602206654e-16      2.4518497037e-15      1.29359471879e-16     
8.09717045212         3.21347446867e-15     2.7222177166e-16      2.6521321053e-15      1.42990433779e-16     
8.27751635436         3.50057560833e-15     2.99975639445e-16     2.85928813491e-15     1.57533283279e-16     
8.4578622566          3.80106304301e-15     3.29304050381e-16     3.07320469586e-15     1.73015917321e-16     
8.63820815884         4.115010882e-15       3.60226362017e-16     3.29377255033e-15     1.89465746171e-16     
8.81855406108         4.44248905267e-15     3.92760980839e-16     3.52088872082e-15     2.06909680925e-16     
8.99889996332         4.78356363491e-15     4.26925427806e-16     3.75447298748e-15     2.25374125005e-16     
9.17924586556         5.13829716164e-15     4.62736398176e-16     3.9944001462e-15      2.4499612181e-16      
9.3595917678          5.50674888946e-15     5.00209816238e-16     4.24049092136e-15     2.65714175495e-16     
9.53993767004         5.88897504306e-15     5.3936088545e-16      4.49267474655e-15     2.87548404452e-16     
9.72028357228         6.28502903651e-15     5.80204134453e-16     4.7508568619e-15      3.10524272011e-16     
9.90062947453         6.69496167385e-15     6.22753459363e-16     5.01494195059e-15     3.34666728651e-16     
10.0809753768         7.1188213315e-15      6.67022162695e-16     5.28483607134e-15     3.6000021611e-16      
10.261321279          7.55665412443e-15     7.13022989247e-16     5.56044717482e-15     3.86548672749e-16     
10.4416671812         8.0085040577e-15      7.60768159228e-16     5.84168528082e-15     4.14335539932e-16     
10.6220130835         8.47441316515e-15     8.10269398879e-16     6.12846254002e-15     4.43383769245e-16     
10.8023589857         8.95442163629e-15     8.61537968813e-16     6.42069324943e-15     4.73715830382e-16     
10.982704888          9.44856793284e-15     9.14584690292e-16     6.71829384817e-15     5.05353719575e-16     
11.1630507902         9.95688889578e-15     9.69419969605e-16     7.02118290727e-15     5.38318968425e-16     
11.3433966924         1.04794198438e-14     1.02605382072e-15     7.32928112211e-15     5.72632653066e-16     
11.5237425947         1.10161946645e-14     1.08449588634e-15     7.64251131649e-15     6.08315403539e-16     
11.7040884969         1.15672458976e-14     1.14475545757e-15     7.9607984705e-15      6.45387413329e-16     
11.8844343992         1.21326048133e-14     1.20684149216e-15     8.28406979399e-15     6.83868448995e-16     
12.0647803014         1.27123014835e-14     1.27076263163e-15     8.61225489139e-15     7.23777859835e-16     
12.2451262037         1.33063648488e-14     1.33652721717e-15     8.94528613097e-15     7.65134587541e-16     
12.4254721059         1.39148227798e-14     1.40414330464e-15     9.2830995615e-15      8.07957175818e-16     
12.6058180081         1.45377021353e-14     1.47361867848e-15     9.62563784531e-15     8.52263779921e-16     
12.7861639104         1.51750288151e-14     1.54496086482e-15     9.97287197194e-15     8.98072176094e-16     
12.9665098126         1.58268278101e-14     1.61817714378e-15     1.032470857e-14       9.45550128905e-16     
13.1468557149         1.64931232488e-14     1.69327456097e-15     1.06809799164e-14     9.94588651438e-16     
13.3272016171         1.71739384408e-14     1.77025993837e-15     1.10416708037e-14     1.04519575763e-15     
13.5075475193         1.78692959171e-14     1.84913988449e-15     1.1406728483e-14      1.09738835621e-15     
13.6878934216         1.85792174684e-14     1.92992080396e-15     1.17760970602e-14     1.15118302087e-15     
13.8682393238         1.93037241802e-14     2.01260890661e-15     1.21497204024e-14     1.20659599847e-15     
14.0485852261         2.00428364668e-14     2.09721021594e-15     1.25275429411e-14     1.26364321719e-15     
14.2289311283         2.07965741022e-14     2.18373057721e-15     1.29095099664e-14     1.32234029438e-15     
14.4092770305         2.15649562495e-14     2.27217566499e-15     1.32955677478e-14     1.38270254434e-15     
14.5896229328         2.23480014887e-14     2.36255099038e-15     1.36856635819e-14     1.44474498583e-15     
14.769968835          2.31457278427e-14     2.45486190777e-15     1.40797458066e-14     1.50848234943e-15     
14.9503147373         2.39581528017e-14     2.54911362128e-15     1.44777637975e-14     1.57392908472e-15     
15.1306606395         2.47852933467e-14     2.64531119082e-15     1.48796679559e-14     1.64109936726e-15     
15.3110065417         2.56271659708e-14     2.74345953788e-15     1.52854096905e-14     1.71000710542e-15     
15.491352444          2.64837867e-14        2.84356345101e-15     1.56949413971e-14     1.78066594697e-15     
15.6716983462         2.73551711129e-14     2.94562759094e-15     1.61082164367e-14     1.85308928558e-15     
15.8520442485         2.82413343587e-14     3.0496564956e-15      1.65251891124e-14     1.92729026706e-15     
16.0323901507         2.9142291175e-14      3.15565458474e-15     1.69458146469e-14     2.00328179546e-15     
16.2127360529         3.0058055904e-14      3.26362616438e-15     1.73700491596e-14     2.08107653906e-15     
16.3930819552         3.09886425082e-14     3.37357543108e-15     1.77978496441e-14     2.16068693609e-15     
16.5734278574         3.19340645854e-14     3.48550647593e-15     1.82291739461e-14     2.24212520037e-15     
16.7537737597         3.28943353825e-14     3.59942328841e-15     1.86639807424e-14     2.32540332676e-15     
16.9341196619         3.38694678092e-14     3.71532976003e-15     1.91022295198e-14     2.41053309648e-15     
17.1144655642         3.48594744503e-14     3.83322968785e-15     1.95438805551e-14     2.49752608226e-15     
17.2948114664         3.5864367578e-14      3.95312677775e-15     1.99888948957e-14     2.58639365333e-15     
17.4751573686         3.68841591635e-14     4.07502464764e-15     2.0437234341e-14      2.67714698032e-15     
17.6555032709         3.79188608875e-14     4.19892683049e-15     2.08888614244e-14     2.76979703998e-15     
17.8358491731         3.89684841512e-14     4.32483677721e-15     2.13437393963e-14     2.86435461977e-15     
18.0161950754         4.00330400857e-14     4.45275785942e-15     2.18018322076e-14     2.96083032237e-15     
18.1965409776         4.11125395618e-14     4.58269337209e-15     2.22631044946e-14     3.05923456997e-15     
18.3768868798         4.22069931988e-14     4.7146465361e-15      2.27275215639e-14     3.15957760852e-15     
18.5572327821         4.33164113731e-14     4.84862050061e-15     2.31950493794e-14     3.26186951183e-15     
18.7375786843         4.44408042269e-14     4.98461834543e-15     2.36656545497e-14     3.36612018558e-15     
18.9179245866         4.55801816755e-14     5.12264308321e-15     2.41393043166e-14     3.47233937113e-15     
19.0982704888         4.67345534148e-14     5.26269766157e-15     2.46159665456e-14     3.58053664937e-15     
19.278616391          4.79039289291e-14     5.40478496517e-15     2.50956097172e-14     3.69072144434e-15     
19.4589622933         4.90883174974e-14     5.54890781763e-15     2.55782029217e-14     3.80290302676e-15     
19.6393081955         5.02877282001e-14     5.69506898344e-15     2.60637158546e-14     3.91709051758e-15     
19.8196540978         5.15021699255e-14     5.84327116973e-15     2.65521188171e-14     4.03329289124e-15     
20                    0                     0                     0                     0                     
