0.0779191396          0                     0                     0                     0                     
0.087577837391        0.0180111255668       0.00134058887932      0.0224276213147       0.000823177989305     
0.0972365351819       0.107470075612        0.00559427986997      0.13266896056         0.00308228157954      
0.106895232973        0.278729648899        0.00934896068261      0.341119037691        0.00400249148975      
0.116553930764        0.519750761013        0.00854912615291      0.630821117615        0.000488582889596     
0.126212628555        0.814061771874        -0.000212091946666    0.980258469522        -0.010055778292       
0.135871326346        1.14614761313         -0.0191338490217      1.36999565103         -0.0292613595221      
0.145530024137        1.50358024899         -0.0498606261753      1.78475828318         -0.0583993708401      
0.155188721928        1.87627609901         -0.0939889862794      2.21260013304         -0.0987196264527      
0.164847419719        2.2559639683          -0.15304011024        2.64419660785         -0.151445534145       
0.17450611751         2.63607180523         -0.228704832397       3.07244017625         -0.217977361733       
0.184164815301        3.00908791442         -0.32262955556        3.4900117064          -0.299697859032       
0.193823513091        3.36706079669         -0.43390925817        3.88960449286         -0.395846458914       
0.203482210882        3.70439705872         -0.559292507955       4.26623192273         -0.503714688135       
0.213140908673        4.01727533106         -0.694100964451       4.61652092538         -0.619381283735       
0.222799606464        4.30465375907         -0.833624786505       4.9396475325          -0.7388956478         
0.232458304255        4.5673670193          -0.973908438569       5.23640194165         -0.858919230364       
0.242117002046        4.80708749708         -1.11208335412        5.5083612172          -0.977040209844       
0.251775699837        5.02635402828         -1.2468379331         5.75795951202         -1.09216785579        
0.261434397628        5.2261918059          -1.3764391897         5.98617735559         -1.20281934259        
0.271093095419        5.40906431942         -1.50191554959        6.19542791988         -1.309903834          
0.28075179321         5.57565074767         -1.62212199199        6.38655706803         -1.41245142157        
0.290410491001        5.72748339257         -1.73621504896        6.56106495616         -1.50975686819        
0.300069188792        5.86654118325         -1.84399376134        6.72086643546         -1.60165403396        
0.309727886583        5.99474628641         -1.94607809674        6.86783785604         -1.68867227734        
0.319386584374        6.11323452484         -2.04361027636        7.00314268309         -1.77177087464        
0.329045282165        6.22218560194         -2.13686330441        7.12717438141         -1.85119301354        
0.338703979956        6.32256572353         -2.2271162057         7.24096016573         -1.92801740871        
0.348362677747        6.41278873239         -2.31383595823        7.34327575805         -2.00180275597        
0.358021375538        6.49431245845         -2.39725144628        7.43559825877         -2.07274601296        
0.367680073329        6.56711721173         -2.4767817099         7.51809939686         -2.14036342404        
0.37733877112         6.63165218091         -2.55203351816        7.59126255228         -2.20432658576        
0.386997468911        6.68871975085         -2.62273418065        7.655950478           -2.26441106344        
0.396656166702        6.73913048715         -2.68862683864        7.71294963564         -2.32040046915        
0.406314864492        6.78377530236         -2.7497700342         7.76317048709         -2.37234703016        
0.415973562283        6.82365326873         -2.80651324178        7.80757981122         -2.42055088723        
0.425632260074        6.85868035356         -2.85837086317        7.84614952147         -2.46458383221        
0.435290957865        6.89057066635         -2.90641384           7.88051876824         -2.50536026809        
0.444949655656        6.91954569335         -2.95123972939        7.91091140402         -2.54340989405        
0.454608353447        6.94594676638         -2.99333611782        7.93776331653         -2.57911807207        
0.464267051238        6.96990985689         -3.03313630529        7.96123948231         -2.61286123148        
0.473925749029        6.99147014694         -3.07123545676        7.98147023434         -2.6451601988         
0.48358444682         7.01065016521         -3.10780735149        7.99856260803         -2.67614184721        
0.493243144611        7.02725131725         -3.14299156046        8.01235505882         -2.70593011174        
0.502901842402        7.04106489255         -3.17696681018        8.02275621224         -2.73467212662        
0.512560540193        7.05272143646         -3.21006084914        8.03043502673         -2.76264561044        
0.522219237984        7.06118343978         -3.24186173768        8.03440840606         -2.78950511243        
0.531877935775        7.06763249893         -3.273015291          8.03603307491         -2.81580228294        
0.541536633566        7.07114307731         -3.30308941764        8.03429941577         -2.8411671028         
0.551195331357        7.07195658213         -3.33214049978        8.02956558239         -2.86565391517        
0.560854029148        7.07014642773         -3.36011540215        8.02191594357         -2.88921561818        
0.570512726939        7.06545540175         -3.38683143692        8.01111376611         -2.91169834209        
0.58017142473         7.05853985296         -3.41248417395        7.99790737778         -2.93327239874        
0.589830122521        7.04905048827         -3.4368128947         7.98192357022         -2.95371406521        
0.599488820312        7.03718328258         -3.45978992899        7.96339288541         -2.97300370005        
0.609147518103        7.02331071587         -3.481488087          7.9427299054          -2.99120479612        
0.618806215893        7.00666275597         -3.50138942373        7.9190898818          -3.00787790241        
0.628464913684        6.98846741257         -3.52038475844        7.89380708248         -3.02378048424        
0.638123611475        6.96825437837         -3.53701750102        7.86635101795         -3.03767347356        
0.647782309266        6.94660089844         -3.5527482209         7.83730242153         -3.0508018517         
0.657441007057        6.92316216049         -3.56674161513        7.80637982666         -3.06245224427        
0.667099704848        6.89825593543         -3.57923624761        7.77386581846         -3.07283059943        
0.676758402639        6.87213957925         -3.5901219986         7.74000758936         -3.08184275826        
0.68641710043         6.84484362236         -3.59956911152        7.70483814624         -3.08963352973        
0.696075798221        6.81625413888         -3.60745801158        7.66824992456         -3.09610064275        
0.705734496012        6.78692146149         -3.61402586065        7.6308216103          -3.10144560115        
0.715393193803        6.75664484272         -3.61917325524        7.5923044516          -3.10558407156        
0.725051891594        6.72561959525         -3.62299459129        7.55290937088         -3.10859605012        
0.734710589385        6.69383394237         -3.62555374499        7.51263759717         -3.11053665528        
0.744369287176        6.66167143131         -3.62698145826        7.47187077497         -3.11151493771        
0.754027984967        6.62886044628         -3.62725385002        7.43032875274         -3.11151116433        
0.763686682758        6.59551067393         -3.6264103788         7.38811982993         -3.11055673123        
0.773345380549        6.56184254068         -3.62466376608        7.34548525763         -3.10883515891        
0.78300407834         6.52790562928         -3.62226980443        7.30246328695         -3.10655967742        
0.792662776131        6.49308668031         -3.61843707831        7.25846581627         -3.1030636675         
0.802321473922        6.45863733938         -3.61397415717        7.21473805778         -3.09902645651        
0.811980171713        6.42361871206         -3.60889658541        7.17034771237         -3.09446675954        
0.821638869504        6.38824035198         -3.60314238666        7.12550943923         -3.0893284819         
0.831297567294        6.35257796213         -3.59671380678        7.0802970539          -3.0836129834         
0.840956265085        6.31655822823         -3.58974948433        7.03468590373         -3.0774416087         
0.850614962876        6.28015607665         -3.58220683886        6.98855912181         -3.07077766135        
0.860273660667        6.24338833286         -3.57406404589        6.94206334181         -3.06359868347        
0.869932358458        6.20567369049         -3.56480347624        6.89457291675         -3.05545123968        
0.879591056249        6.168045279           -3.55530770487        6.84708681582         -3.04710355958        
0.88924975404         6.13017004861         -3.54549297164        6.7992947526          -3.03849022437        
0.898908451831        6.09182014977         -3.5352936029         6.75098664149         -3.02955049558        
0.908567149622        6.05290037243         -3.52447278325        6.70203633371         -3.02006434246        
0.918225847413        6.01354945885         -3.51342825173        6.65262116624         -3.01040418966        
0.927884545204        5.97344571774         -3.50194720409        6.60239657872         -3.00037136887        
0.937543242995        5.93243814013         -3.48997069596        6.55123084791         -2.98991019925        
0.947201940786        5.89072827652         -3.47760620028        6.49934427117         -2.9791152219         
0.956860638577        5.84746340456         -3.46438295153        6.4458299675          -2.96758231119        
0.966519336368        5.80251163212         -3.45018611583        6.39054705404         -2.95521443906        
0.976178034159        5.75434459354         -3.43412650177        6.33181338182         -2.94124792099        
0.98583673195         5.69289398234         -3.41005841125        6.25856487628         -2.92042238293        
0.995495429741        5.6238952674          -3.38170336785        6.17721899167         -2.89592339341        
1.00515412753         5.55652486178         -3.35425316938        6.0978185367          -2.87220389735        
1.01481282532         5.49080281017         -3.3275190263         6.02032618948         -2.84909519378        
1.02447152311         5.42585819105         -3.30132082585        5.94389668011         -2.82644720665        
1.0341302209          5.36174666933         -3.2756446714         5.86854768469         -2.80424767249        
1.0437889187          5.29870922204         -3.25053915537        5.79453735268         -2.78253802214        
1.05344761649         5.23591729924         -3.22553800835        5.72096670561         -2.76091848435        
1.06310631428         5.17393893525         -3.200951683          5.64844794677         -2.73965667763        
1.07276501207         5.11236314121         -3.17658758933        5.57654946983         -2.71858801314        
1.08242370986         5.05149912553         -3.15254157348        5.50558368928         -2.69779427587        
1.09208240765         4.9912196067          -3.12880116473        5.43543224675         -2.67726475421        
1.10174110544         4.9311444721          -3.10506391263        5.36566617021         -2.65674023197        
1.11139980323         4.87185580282         -3.08164065902        5.2969126549          -2.63648652712        
1.12105850102         4.81291958758         -3.05837356099        5.22872266176         -2.61637067678        
1.13071719881         4.75450126658         -3.0352502637         5.16124647198         -2.59638219626        
1.14037589661         4.6965106216          -3.01219763654        5.09439092426         -2.57645800979        
1.1500345944          4.6390469842          -2.9893146134         5.02826467114         -2.55668299517        
1.15969329219         4.5820903809          -2.96656214622        4.96283838742         -2.53702357636        
1.16935198998         4.52557226624         -2.94384946085        4.89803666729         -2.51740289133        
1.17901068777         4.46956617421         -2.92121621807        4.83393016283         -2.49785419851        
1.18866938556         4.4137212506          -2.89844562939        4.77012920746         -2.47819207048        
1.19832808335         4.35907765452         -2.87633080986        4.70779349242         -2.45909867252        
1.20798678114         4.30455003011         -2.85371067043        4.64565979977         -2.43957253025        
1.21764547893         4.25073833031         -2.83132202698        4.5844335279          -2.42025204021        
1.22730417672         4.19720222817         -2.80892722237        4.52365315522         -2.40093154233        
1.23696287451         4.14461011738         -2.78678937685        4.4640073134          -2.38183587963        
1.24662157231         4.09199424815         -2.76428747158        4.40441198665         -2.36243134288        
1.2562802701          4.04020466004         -2.74192959571        4.34582686346         -2.3431569501         
1.26593896789         3.98891390389         -2.71969043859        4.28789234708         -2.32398765396        
1.27559766568         3.93827228647         -2.69741711539        4.23074105111         -2.30479462417        
1.28525636347         3.88838692644         -2.67530374763        4.17449374359         -2.28574246052        
1.29491506126         3.83885607637         -2.65304312412        4.11871583779         -2.26656736833        
1.30457375905         3.78983583548         -2.63072828612        4.06356257206         -2.2473504359         
1.31423245684         3.74157033159         -2.60856871156        4.00930378991         -2.22827270048        
1.32389115463         3.69393612945         -2.58645156627        3.95579467654         -2.20923806004        
1.33354985242         3.64687604932         -2.56428823024        3.90296596244         -2.19016334035        
1.34320855022         3.60056823512         -2.54221073574        3.85098999388         -2.17116921452        
1.35286724801         3.55464865477         -2.52014922628        3.79949536953         -2.15220118352        
1.3625259458          3.50967546189         -2.49837185886        3.74906296177         -2.13347813724        
1.37218464359         3.46513914428         -2.4765836222         3.6991615058          -2.11474831262        
1.38184334138         3.42117646834         -2.45485396186        3.64993043377         -2.09607260928        
1.39150203917         3.37792036186         -2.43327272564        3.60150092541         -2.07752496956        
1.40116073696         3.33528743716         -2.41179303318        3.5537870107          -2.05906737482        
1.41081943475         3.29331012344         -2.39046182519        3.50681185998         -2.04073807962        
1.42047813254         3.2517760043          -2.36916839055        3.46037863145         -2.0224460731         
1.43013683033         3.21098439139         -2.34806078237        3.41476405493         -2.00431478654        
1.43979552812         3.17057061026         -2.32687741596        3.36963809568         -1.98611768208        
1.44945422592         3.1307428711          -2.30571732199        3.3251632606          -1.96793833759        
1.45911292371         3.09175944952         -2.28488319889        3.28159873832         -1.95004115801        
1.4687716215          3.05357783975         -2.26399981926        3.23887639922         -1.9321058602         
1.47843031929         3.01575220562         -2.24365587664        3.19662251422         -1.9146332539         
1.48808901708         2.9785302543          -2.22334810818        3.15502352286         -1.89719321269        
1.49774771487         2.9420228823          -2.20332503239        3.11421190807         -1.87999752111        
1.50740641266         2.90604135245         -2.18347902944        3.07399449876         -1.86295289499        
1.51706511045         2.87061578959         -2.16383805221        3.03439785252         -1.8460848479         
1.52672380824         2.8358038003          -2.14447197178        2.9954879147          -1.8294510574         
1.53638250603         2.80148622856         -2.12531788063        2.95713964651         -1.81299909288        
1.54604120383         2.76784377121         -2.10649276417        2.91953230591         -1.79683014905        
1.55569990162         2.73460155277         -2.08787390742        2.8824019215          -1.78083398808        
1.56535859941         2.70191618955         -2.06950395452        2.84588884954         -1.76505327132        
1.5750172972          2.66958086116         -2.05130722687        2.80978822676         -1.74942027188        
1.58467599499         2.63782421693         -2.03345400885        2.77434110284         -1.73408095553        
1.59433469278         2.60675557182         -2.0159329476         2.7396202755          -1.71902334355        
1.60399339057         2.57593430562         -1.99869644273        2.70527951114         -1.70421226766        
1.61365208836         2.54567314714         -1.98172066097        2.67152231774         -1.6896206859         
1.62331078615         2.51588122882         -1.96505812536        2.6383232928          -1.67529846264        
1.63296948394         2.48647654937         -1.94865973947        2.60557643299         -1.66120223099        
1.64262818173         2.45759805682         -1.93262606262        2.57342355542         -1.64741678319        
1.65228687953         2.42930326036         -1.91699834718        2.54193331726         -1.63397829455        
1.66194557732         2.40159558209         -1.90175779055        2.51109534901         -1.62086907514        
1.67160427511         2.37440750238         -1.88698191707        2.48086854489         -1.60815663357        
1.6812629729          2.3480491415          -1.87276468829        2.45154922337         -1.59592462046        
1.69092167069         2.32500679153         -1.8611885146         2.42574118502         -1.58594060893        
1.70058036848         2.31991061412         -1.86397918603        2.41868098842         -1.58819899602        
1.71023906627         2.31283233161         -1.86536809024        2.4095748558          -1.58926808152        
1.71989776406         2.30441210742         -1.8657786518         2.39909724152         -1.58950172536        
1.72955646185         2.29478372524         -1.86545017598        2.38740680214         -1.58910538845        
1.73921515964         2.28435894802         -1.86435236377        2.37489073741         -1.58805191221        
1.74887385744         2.27292279229         -1.86266026971        2.3613783281          -1.58649235492        
1.75853255523         2.26087489831         -1.86043793081        2.34723655757         -1.58447994591        
1.76819125302         2.24759971642         -1.85749393609        2.33191667488         -1.58185291105        
1.77784995081         2.23381164254         -1.85408005376        2.3160740474          -1.57882484424        
1.7875086486          2.21927764048         -1.85012244768        2.29950471791         -1.57533398427        
1.79716734639         2.20403358674         -1.84563816695        2.28224393974         -1.57139463347        
1.80682604418         2.18814255442         -1.84064363281        2.26435827739         -1.5670215199         
1.81648474197         2.17158341704         -1.83512276392        2.24582938446         -1.56220077535        
1.82614343976         2.15454600136         -1.82916494996        2.22683497653         -1.5570075482         
1.83580213755         2.13676732288         -1.82266474051        2.20713665684         -1.55135395869        
1.84546083534         2.11847273209         -1.81568211947        2.18695032242         -1.54529106146        
1.85511953314         2.09967273262         -1.80823810489        2.16628316451         -1.53883532673        
1.86477823093         2.08033865432         -1.80030332815        2.14511559137         -1.53196389095        
1.87443692872         2.06052321697         -1.79190592787        2.12349686115         -1.52470011245        
1.88409562651         2.04021706275         -1.78305143729        2.10141727731         -1.51704819744        
1.8937543243          2.01985923199         -1.77408117624        2.07927641053         -1.50929282456        
1.90341302209         1.99832247143         -1.76390916536        2.05607833668         -1.50053090367        
1.91307171988         1.97696635308         -1.75370799235        2.0330365113          -1.49173920533        
1.92273041767         1.95506883048         -1.74305391398        2.0094983513          -1.4825645558         
1.93238911546         1.93290772441         -1.73198247567        1.98572320811         -1.47303803908        
1.94204781325         1.91020042451         -1.72023013126        1.96145141845         -1.4629232033         
1.95170651105         1.88735450817         -1.708108829          1.93705767545         -1.45250834367        
1.96136520884         1.86429862881         -1.69558821397        1.91247955229         -1.44175132108        
1.97102390663         1.84112275357         -1.68274059399        1.8877989474          -1.43072040483        
1.98068260442         1.81774372879         -1.66951488467        1.86294146951         -1.4193729399         
1.99034130221         1.79421388356         -1.65586308243        1.83795371985         -1.40765994994        
2                     1.77057134051         -1.6419241464         1.81287298119         -1.39571389218        
2.001                 1.76810061828         -1.64048703699        1.81025844084         -1.39448190065        
2.19690051541         1.28639923632         -1.30895541686        1.30421559421         -1.11107922766        
2.39280103082         0.854328130872        -0.961015482675       0.857853112285        -0.814518794117       
2.58870154623         0.507687947511        -0.646879208085       0.506613122795        -0.547503156068       
2.78460206163         0.271508742877        -0.395136975261       0.269687196366        -0.334020475223       
2.98050257704         0.127528582247        -0.21986973947        0.126620442582        -0.18566436229        
3.17640309245         0.0515615985618       -0.109776228055       0.0514716425773       -0.0926196557439      
3.37230360786         0.0169017074492       -0.048720900023       0.0172089959717       -0.0410797980568      
3.56820412327         0.00388488401147      -0.0188433651043      0.00422534124788      -0.0158806725716      
3.76410463868         0.000204141936362     -0.00611921964742     0.000429116172437     -0.00515588670515     
3.96000515408         -0.000318642464431    -0.00153142200336     -0.000213558081616    -0.00129046730605     
4.15590566949         -0.000148645795408    -0.000220612433742    -0.00011747719562     -0.000186056344648    
4.3518061849          -7.56151823062e-06    -2.39136802938e-06    -6.11883598445e-06    -2.02502550758e-06    
4.3528061849          -7.31388045175e-06    -2.28516272673e-06    -5.91810702074e-06    -1.93510585527e-06    
4.3698061849          -3.81610473064e-06    -9.13968497064e-07    -3.08429758936e-06    -7.73558000718e-07    
4.3868061849          -1.51294137284e-06    -1.50095367793e-07    -1.22083137649e-06    -1.25669039124e-07    
4.4038061849          -2.28689975209e-07    2.38738246903e-07     -1.83512306256e-07    2.04665778077e-07     
4.4208061849          1.98820863028e-08     6.48783912933e-07     1.75120864037e-08     5.42496555736e-07     
4.4378061849          3.56840132688e-08     1.46292987355e-06     3.10327104709e-08     1.19804635597e-06     
4.4548061849          4.76235665684e-08     2.27248411166e-06     4.12172028697e-08     1.84421165971e-06     
4.4718061849          5.55438952992e-08     2.98161706201e-06     4.79488932653e-08     2.40580365902e-06     
4.4728061849          5.58961568848e-08     3.01944975713e-06     4.82474219059e-08     2.43563323606e-06     
4.65335495019         3.27462436972e-08     4.1708944966e-06      2.80659733063e-08     3.26745870963e-06     
4.83390371548         5.03161868307e-09     1.89925378559e-06     4.29449804397e-09     1.4594198986e-06      
5.01445248078         -5.99733006187e-10    5.92379692189e-07     -5.19005703412e-10    4.47692760037e-07     
5.19500124607         -5.33489120846e-10    1.37642407364e-07     -4.57865586293e-10    1.02465700732e-07     
5.37555001136         -1.3797566863e-10     2.21233866576e-08     -1.18249651871e-10    1.62403219316e-08     
5.55609877665         -1.23958844255e-11    1.50309941384e-09     -1.06161837201e-11    1.08898796965e-09     
5.73664754194         2.41493734587e-10     2.4141797856e-12      1.72807721397e-10     6.23621013656e-12     
5.91719630723         3.87305893699e-10     4.47149911241e-12     2.73949523153e-10     9.05983484478e-12     
6.09774507253         2.01529930809e-10     2.60618934285e-12     1.41020076504e-10     4.31047834034e-12     
6.27829383782         7.31640534096e-11     1.0379527063e-12      5.06630073245e-11     1.45538250426e-12     
6.45884260311         2.15433471605e-11     3.30276859997e-13     1.47639039552e-11     4.02758127569e-13     
6.6393913684          5.44876314241e-12     8.9257564395e-14      3.69584705637e-12     9.65212114347e-14     
6.81994013369         1.21795369572e-12     2.11329360905e-14     8.17736602937e-13     2.05432864311e-14     
7.00048889899         2.4431447507e-13      4.45902643492e-15     1.62380786774e-13     3.93755504616e-15     
7.18103766428         4.51809857381e-14     8.62498701507e-16     2.97299381915e-14     6.99265765869e-16     
7.36158642957         8.93717917749e-15     1.77620750744e-16     5.82303185642e-15     1.33009148675e-16     
7.54213519486         5.70955691103e-16     1.17677671805e-17     3.68379650372e-16     8.1987770251e-18      
7.72268396015         6.86042803238e-16     1.46152865642e-17     4.3838450277e-16      9.51145211523e-18     
7.90323272545         8.12588970398e-16     1.78428079422e-17     5.14313513205e-16     1.09219019556e-17     
8.08378149074         9.5075774688e-16      2.14652653397e-17     5.96109104984e-16     1.23927647518e-17     
8.26433025603         1.10069942376e-15     2.54966617726e-17     6.83740799473e-16     1.39300544932e-17     
8.44487902132         1.26255247365e-15     2.99501511038e-17     7.77104400513e-16     1.55688941406e-17     
8.62542778661         1.43644480958e-15     3.48381108048e-17     8.76131656836e-16     1.72690948756e-17     
8.8059765519          1.62249488177e-15     4.01722068028e-17     9.80764954719e-16     1.90278015014e-17     
8.9865253172          1.82081263491e-15     4.59634514334e-17     1.09096224419e-15     2.08531689842e-17     
9.16707408249         2.03150034555e-15     5.22222553726e-17     1.20660326716e-15     2.27963872498e-17     
9.34762284778         2.25465335693e-15     5.89584742974e-17     1.32760740831e-15     2.48071996639e-17     
9.52817161307         2.49036072583e-15     6.61814509185e-17     1.45391144234e-15     2.68851360894e-17     
9.70872037836         2.73870579368e-15     7.39000529393e-17     1.58544704229e-15     2.90299768067e-17     
9.88926914366         2.99976669258e-15     8.2122707417e-17      1.72214975553e-15     3.12417325858e-17     
10.0698179089         3.27361679489e-15     9.08574319382e-17     1.86397982939e-15     3.35500091816e-17     
10.2503666742         3.56032511395e-15     1.00111862968e-16     2.01078551806e-15     3.59891193373e-17     
10.4309154395         3.85995666229e-15     1.09893281678e-16     2.16250424483e-15     3.85112385001e-17     
10.6114642048         4.17257277269e-15     1.20208637538e-16     2.31907248619e-15     4.11179064389e-17     
10.7920129701         4.49823138671e-15     1.31064569882e-16     2.4804224018e-15      4.38107911065e-17     
10.9725617354         4.83698731467e-15     1.42467427689e-16     2.64648644437e-15     4.65916754439e-17     
11.1531105007         5.18889247048e-15     1.54423287735e-16     2.81719873782e-15     4.94624452789e-17     
11.333659266          5.55399608411e-15     1.66937971287e-16     2.99249678919e-15     5.24250782393e-17     
11.5142080313         5.93234489452e-15     1.80017059485e-16     3.17232822129e-15     5.54816336069e-17     
11.6947567966         6.32398332493e-15     1.93665907533e-16     3.35665209126e-15     5.87021059104e-17     
11.8753055619         6.72895364255e-15     2.07889657804e-16     3.54529982875e-15     6.20688462298e-17     
12.0558543272         7.14729610435e-15     2.2269325198e-16      3.7382381259e-15      6.55499213828e-17     
12.2364030925         7.57904909041e-15     2.3808144229e-16      3.93541067797e-15     6.91481844252e-17     
12.4169518577         8.02424922598e-15     2.54058801941e-16     4.1367580743e-15      7.28665198596e-17     
12.597500623          8.48293149361e-15     2.70629734813e-16     4.34222087775e-15     7.67078376434e-17     
12.7780493883         8.95512933611e-15     2.87798484471e-16     4.55174039308e-15     8.06750677535e-17     
12.9585981536         9.44087475137e-15     3.05569142566e-16     4.76525898403e-15     8.47711552596e-17     
13.1391469189         9.9401983798e-15      3.23945656663e-16     4.98272027555e-15     8.89990558628e-17     
13.3196956842         1.0453129585e-14      3.4293183755e-16      5.20406936425e-15     9.33617318586e-17     
13.5002444495         1.09796965285e-14     3.62531366072e-16     5.42925314998e-15     9.78621484876e-17     
13.6807932148         1.15199262388e-14     3.8274779952e-16      5.65822104205e-15     1.02503270641e-16     
13.8613419801         1.20738446752e-14     4.03584577617e-16     5.89092701246e-15     1.07288059891e-16     
14.0418907454         1.26414767876e-14     4.25045028127e-16     6.1273413372e-15      1.12219471808e-16     
14.2224395107         1.32228465718e-14     4.47132372123e-16     6.36742041405e-15     1.17406289917e-16     
14.402988276          1.38179771206e-14     4.69849728929e-16     6.61099795279e-15     1.22782601961e-16     
14.5835370412         1.44268906716e-14     4.93200120772e-16     6.85806712132e-15     1.28326677777e-16     
14.7640858065         1.50496086526e-14     5.1718647715e-16      7.108586463e-15       1.3404178723e-16      
14.9446345718         1.56861517224e-14     5.41811638959e-16     7.36251093459e-15     1.39931179109e-16     
15.1251833371         1.63365398103e-14     5.67078362369e-16     7.61979494212e-15     1.45998079714e-16     
15.3057321024         1.70007921526e-14     5.92989322488e-16     7.88039313992e-15     1.52245691597e-16     
15.4862808677         1.76789273263e-14     6.1954711682e-16      8.14426072704e-15     1.58677192459e-16     
15.666829633          1.83709632815e-14     6.46754268531e-16     8.41135357743e-15     1.65295734188e-16     
15.8473783983         1.90769173712e-14     6.74613229536e-16     8.68162830274e-15     1.72104442015e-16     
16.0279271636         1.97968063797e-14     7.03126383421e-16     8.95504228445e-15     1.79106413785e-16     
16.2084759289         2.05306465487e-14     7.32296048211e-16     9.2315536915e-15      1.8630471934e-16      
16.3890246942         2.12784536026e-14     7.62124478987e-16     9.51112149168e-15     1.93702399988e-16     
16.5695734595         2.20402427717e-14     7.92613870376e-16     9.79370546168e-15     2.0130246806e-16      
16.7501222247         2.28160288146e-14     8.23766358906e-16     1.00792662e-14        2.09107906551e-16     
16.93067099           2.36058260384e-14     8.55584025247e-16     1.03677651473e-14     2.17121668824e-16     
17.1112197553         2.44096483193e-14     8.88068896332e-16     1.06591646194e-14     2.25346678386e-16     
17.2917685206         2.52275091201e-14     9.21222947385e-16     1.09534278653e-14     2.33785828723e-16     
17.4723172859         2.60594215087e-14     9.55048103837e-16     1.12505191674e-14     2.42441983181e-16     
17.6528660512         2.6905398174e-14      9.89546243163e-16     1.15504040294e-14     2.51317974905e-16     
17.8334148165         2.7765451442e-14      1.02471919662e-15     1.18530495545e-14     2.60416606818e-16     
18.0139635818         2.86395932904e-14     1.0605687509e-15      1.21584253291e-14     2.69740651637e-16     
18.1945123471         2.95278353628e-14     1.09709664972e-15     1.24665061051e-14     2.79292851933e-16     
18.3750611124         3.0430188982e-14      1.13430459535e-15     1.27772881684e-14     2.89075920215e-16     
18.5556098777         3.13466651629e-14     1.17219425e-15        1.30907378464e-14     2.99233838878e-16     
18.736158643          3.22772746242e-14     1.21076723726e-15     1.34066803054e-14     3.09665444457e-16     
18.9167074082         3.32220277999e-14     1.25002514336e-15     1.3725139704e-14      3.20346407116e-16     
19.0972561735         3.41809348503e-14     1.28996951846e-15     1.40460939308e-14     3.31279531381e-16     
19.2778049388         3.51540056721e-14     1.33060187783e-15     1.43695156072e-14     3.42467590445e-16     
19.4583537041         3.61412499087e-14     1.37192370303e-15     1.46953759299e-14     3.53913326375e-16     
19.6389024694         3.71426769588e-14     1.41393644294e-15     1.50236457184e-14     3.65619450344e-16     
19.8194512347         3.81582959859e-14     1.4566415149e-15      1.53542958149e-14     3.77588642869e-16     
20                    0                     0                     0                     0                     
