0.0779191396          0                     0                     0                     0                     
0.087577837391        0.00840965596901      -0.00169257562583     0.0150722046568       -0.00276086943624     
0.0972365351819       0.0509093919266       -0.0122266734592      0.0903633447724       -0.0194537819821      
0.106895232973        0.13300228356         -0.0374772317797      0.234182439707        -0.0584974655188      
0.116553930764        0.24789641794         -0.0822111516331      0.433755501355        -0.1263016027         
0.126212628555        0.382474749508        -0.149803164988       0.667034832975        -0.227257856881       
0.135871326346        0.521286958093        -0.237674727623       0.909289855277        -0.357361670656       
0.145530024137        0.654256369517        -0.337747653732       1.14413948726         -0.504866875602       
0.155188721928        0.777885414106        -0.442963787486       1.3652079532          -0.65958223352        
0.164847419719        0.891215839161        -0.548933077578       1.5701638614          -0.815166534195       
0.17450611751         0.994330472941        -0.653007569566       1.75851725136         -0.967795829858       
0.184164815301        1.08759444134         -0.753613997512       1.93041693707         -1.11519919236        
0.193823513091        1.17167175953         -0.849706732854       2.08660876449         -1.25587407276        
0.203482210882        1.24732511902         -0.940904796986       2.22810794013         -1.38928033871        
0.213140908673        1.31502272703         -1.02680096262        2.35555053521         -1.51481069897        
0.222799606464        1.37562845292         -1.10770813289        2.4702843751          -1.63296339283        
0.232458304255        1.42953582582         -1.18347996674        2.57293407146         -1.74352812235        
0.242117002046        1.47739666652         -1.25416608562        2.66454272147         -1.84659036391        
0.251775699837        1.51987100431         -1.31995917821        2.74619280675         -1.94244346747        
0.261434397628        1.55749707221         -1.38110889164        2.81876561775         -2.03145632541        
0.271093095419        1.59075496195         -1.43791111282        2.88306459804         -2.11406171681        
0.28075179321         1.62005192634         -1.49083008634        2.93984405276         -2.19094104624        
0.290410491001        1.64557962694         -1.54007772904        2.98946517559         -2.26240470548        
0.300069188792        1.66757686205         -1.58588609479        3.03240510904         -2.32879935136        
0.309727886583        1.68629592701         -1.62842048545        3.06914024759         -2.3903692764         
0.319386584374        1.70205568117         -1.66786983045        3.10023750928         -2.44739994755        
0.329045282165        1.71487864449         -1.70437184317        3.12582198902         -2.50011720033        
0.338703979956        1.72509960215         -1.73807793043        3.14646469376         -2.54872147055        
0.348362677747        1.73287449491         -1.76907983636        3.16248935792         -2.59335822426        
0.358021375538        1.73843374664         -1.79744651094        3.17428837531         -2.63413443178        
0.367680073329        1.74202692689         -1.82333465389        3.18231675539         -2.67127952723        
0.37733877112         1.74366846594         -1.84657856253        3.18661949275         -2.70453280698        
0.386997468911        1.74391069771         -1.86778122751        3.18812882469         -2.73480449897        
0.396656166702        1.74274310922         -1.88696387716        3.1868564892          -2.76212498113        
0.406314864492        1.74022627069         -1.90442027532        3.18295906814         -2.78691636839        
0.415973562283        1.73678199268         -1.91984059783        3.17706983405         -2.80873286196        
0.425632260074        1.73214517202         -1.93379271403        3.16887873833         -2.82839556384        
0.435290957865        1.72651881842         -1.94631889894        3.15872324635         -2.84597107411        
0.444949655656        1.71987873834         -1.95741940018        3.14658510521         -2.8614587112         
0.454608353447        1.71243706003         -1.96731102297        3.13285591967         -2.87517701658        
0.464267051238        1.70408161222         -1.97597883266        3.117370616           -2.88710260867        
0.473925749029        1.69490143919         -1.98353142886        3.10031167277         -2.89739772142        
0.48358444682         1.68495728723         -1.99002543715        3.08179934894         -2.90614462946        
0.493243144611        1.67422141023         -1.99546600047        3.06180084555         -2.91335209018        
0.502901842402        1.66278165664         -1.99991906635        3.04051194369         -2.91912391231        
0.512560540193        1.65071742675         -2.00336737863        3.01804747415         -2.92342710812        
0.522219237984        1.63799541904         -2.00588018322        2.99435027206         -2.92639296475        
0.531877935775        1.6248582693          -2.00779054773        2.96987347478         -2.92848233037        
0.541536633566        1.61104717857         -2.00877455918        2.94417945812         -2.92922376863        
0.551195331357        1.59670147603         -2.00894771073        2.91754472952         -2.92879149302        
0.560854029148        1.58184662072         -2.00831810641        2.88999284702         -2.92719431391        
0.570512726939        1.56646271736         -2.00682056259        2.86149848546         -2.92433696382        
0.58017142473         1.55067325127         -2.00462456893        2.83230003742         -2.92047053942        
0.589830122521        1.53466876507         -2.00176264749        2.80267627738         -2.9156420776         
0.599488820312        1.51825133013         -1.99813805859        2.7723345386          -2.90971313702        
0.609147518103        1.50160914652         -1.99390380328        2.74159393006         -2.90290775777        
0.618806215893        1.48442694306         -1.98867204365        2.70991162012         -2.89464860265        
0.628464913684        1.46722666602         -1.98287719982        2.67817039069         -2.88557551012        
0.638123611475        1.44993177955         -1.97653144431        2.64623159806         -2.87571550446        
0.647782309266        1.43250720079         -1.9696145941         2.61404549848         -2.86503531515        
0.657441007057        1.41501594455         -1.96220088395        2.58172884685         -2.8536484836         
0.667099704848        1.39753319693         -1.95425177224        2.5493950755          -2.84148895183        
0.676758402639        1.37912740098         -1.94534971731        2.51568204161         -2.8280259945         
0.68641710043         1.36257682635         -1.93720230948        2.4845945596          -2.81556579408        
0.696075798221        1.34496613129         -1.92809750273        2.45197011197         -2.80177357455        
0.705734496012        1.32735029582         -1.91872237545        2.41932881315         -2.78759417531        
0.715393193803        1.30970564784         -1.90903194601        2.38663511698         -2.77296390592        
0.725051891594        1.29200760045         -1.89903629689        2.35385580494         -2.75789704408        
0.734710589385        1.27428143892         -1.88876233543        2.32104297373         -2.74243350305        
0.744369287176        1.25649682702         -1.87823696845        2.28815287834         -2.72661094605        
0.754027984967        1.2387019256          -1.86744704869        2.25526807724         -2.71041226245        
0.763686682758        1.22079048738         -1.85637686622        2.22221217026         -2.69381473709        
0.773345380549        1.20287049134         -1.84508817727        2.18917779453         -2.67690735482        
0.78300407834         1.18488735219         -1.83355831637        2.15607981047         -2.65966078057        
0.792662776131        1.16686168574         -1.82166824935        2.12293545023         -2.64189753457        
0.802321473922        1.14890336923         -1.80972518954        2.08993526149         -2.62408464128        
0.811980171713        1.13088108422         -1.79755827467        2.05687319693         -2.6059542754         
0.821638869504        1.11276980882         -1.78517774024        2.02370669688         -2.58752127047        
0.831297567294        1.09455509154         -1.77260429611        1.99042833397         -2.56881956759        
0.840956265085        1.07644131084         -1.75972020418        1.95734277922         -2.54967532894        
0.850614962876        1.05802198394         -1.74648447459        1.92382041702         -2.53003082196        
0.860273660667        1.03957411082         -1.73292034748        1.89030741926         -2.50990606851        
0.869932358458        1.02119976253         -1.7190937685         1.85694696697         -2.48941837632        
0.879591056249        1.00285619391         -1.7050238942         1.82368572048         -2.46859325074        
0.88924975404         0.984527224198        -1.69065311514        1.79048999525         -2.44734735179        
0.898908451831        0.966296323327        -1.67597329679        1.75748208332         -2.42566595891        
0.908567149622        0.948119403757        -1.66102754402        1.72458152478         -2.40362022269        
0.918225847413        0.929997344542        -1.645856376          1.69179829209         -2.38125698258        
0.927884545204        0.911923850179        -1.63037923079        1.65913245249         -2.35846372378        
0.937543242995        0.8938011298          -1.61457249113        1.62640750136         -2.33520358802        
0.947201940786        0.87584465598         -1.59852287988        1.59397936254         -2.31160371509        
0.956860638577        0.857768974217        -1.58198025197        1.56137229259         -2.28730046332        
0.966519336368        0.839693707556        -1.56496843165        1.5287680908          -2.26233068562        
0.976178034159        0.82138197508         -1.54710804672        1.4957399708          -2.23614434384        
0.98583673195         0.801523630369        -1.52550792517        1.45985906724         -2.20456789343        
0.995495429741        0.780769318217        -1.502262707          1.42242501855         -2.17063207376        
1.00515412753         0.760603222067        -1.47945067521        1.38603974572         -2.13733280696        
1.01481282532         0.740934786052        -1.45709561814        1.35056655864         -2.10470649942        
1.02447152311         0.72173278458         -1.43511689999        1.3159478795          -2.07263493039        
1.0341302209          0.702823124654        -1.41343954292        1.28189530051         -2.04100817039        
1.0437889187          0.684334032539        -1.39218023826        1.24862572096         -2.00999777736        
1.05344761649         0.666000736196        -1.37093655171        1.21569622156         -1.97901466592        
1.06310631428         0.648198721711        -1.35007455333        1.18369999539         -1.94859452569        
1.07276501207         0.630685127475        -1.32946036119        1.15225535678         -1.91854529819        
1.08242370986         0.613495742322        -1.309126251          1.12141906981         -1.88891410581        
1.09208240765         0.59665464214         -1.28908285969        1.09122577            -1.85971022722        
1.10174110544         0.5800337408          -1.26916416162        1.0614665581          -1.83069737769        
1.11139980323         0.563731946947        -1.2495387358         1.03230702413         -1.80211826457        
1.12105850102         0.547750181903        -1.23013650834        1.0037333322          -1.77387353452        
1.13071719881         0.532017022092        -1.21095410926        0.975639937735        -1.74595569119        
1.14037589661         0.516535490504        -1.19198435608        0.948026848699        -1.71835301926        
1.1500345944          0.501346522352        -1.17316925028        0.920956956596        -1.69098517409        
1.15969329219         0.486439790309        -1.15457927643        0.89441193815         -1.66395051857        
1.16935198998         0.471791750159        -1.13617934268        0.868350882116        -1.63720059867        
1.17901068777         0.457445658037        -1.11799261813        0.842838338051        -1.61076678621        
1.18866938556         0.443310340762        -1.09989644358        0.817722556357        -1.58447242456        
1.19832808335         0.42951504386         -1.08219616999        0.793236938377        -1.55875777778        
1.20798678114         0.415943016586        -1.06453851811        0.769156703705        -1.53311408927        
1.21764547893         0.402601167681        -1.04708035235        0.745512057311        -1.50776374493        
1.22730417672         0.389542296074        -1.02973919843        0.722369251512        -1.48258361142        
1.23696287451         0.376828251067        -1.01272091292        0.69984740283         -1.45788065666        
1.24662157231         0.364319114164        -0.995720250643       0.677689374952        -1.43321237352        
1.2562802701          0.352133663991        -0.978978142902       0.656104287119        -1.40892445461        
1.26593896789         0.340183578024        -0.962473027288       0.634953942728        -1.38498518845        
1.27559766568         0.328504469881        -0.946176834268       0.614285847455        -1.36135339851        
1.28525636347         0.317089856926        -0.93011676446        0.594094335531        -1.33806855106        
1.29491506126         0.305942236097        -0.914239758963       0.574372369406        -1.31505456285        
1.30457375905         0.294951490607        -0.898515096593       0.55495145019         -1.29226564839        
1.31423245684         0.284174840974        -0.883004832946       0.535927936872        -1.26979274622        
1.32389115463         0.273652656189        -0.867721801898       0.517357805249        -1.24765284434        
1.33354985242         0.263332166769        -0.852624385725       0.499157979495        -1.22578641625        
1.34320855022         0.253201050031        -0.837733534059       0.481310791036        -1.20422337578        
1.35286724801         0.243273300294        -0.82295931998        0.463829475647        -1.1828357574         
1.3625259458          0.233495810631        -0.808347190425       0.44663973345         -1.16167972749        
1.37218464359         0.223958132605        -0.793896672548       0.42987311152         -1.1407654671         
1.38184334138         0.21466878661         -0.779621018205       0.413541324455        -1.12010970429        
1.39150203917         0.205537176475        -0.765557754525       0.397503427022        -1.09976294043        
1.40116073696         0.196605706848        -0.751582438822       0.381826504197        -1.0795524293         
1.41081943475         0.187880303513        -0.737800033897       0.366514977462        -1.05962401669        
1.42047813254         0.179356801491        -0.724189386671       0.351559417129        -1.03994743391        
1.43013683033         0.171017054107        -0.710705257013       0.336934252753        -1.02045854158        
1.43979552812         0.162872131093        -0.697408394265       0.322655426554        -1.00124397856        
1.44945422592         0.154926741221        -0.684253952488       0.30872488592         -0.982239576247       
1.45911292371         0.147163874164        -0.671274622305       0.29511970725         -0.963492184141       
1.4687716215          0.139522331281        -0.65841175147        0.281745055346        -0.94491713651        
1.47843031929         0.132130946011        -0.645699729154       0.268787896752        -0.926557924901       
1.48808901708         0.124901436311        -0.633136168423       0.256123467824        -0.908420651881       
1.49774771487         0.117858996454        -0.620748421947       0.243786313831        -0.890540548608       
1.50740641266         0.110996588016        -0.608517724706       0.231763115699        -0.872889944511       
1.51706511045         0.104292785044        -0.596424610997       0.220021926498        -0.85544328376        
1.52672380824         0.0977453772694       -0.584513299908       0.208559020412        -0.838260585388       
1.53638250603         0.0913802745152       -0.572714788366       0.197408166391        -0.821245460484       
1.54604120383         0.0851662898109       -0.561101269931       0.186528260418        -0.804499380903       
1.55569990162         0.0791001295445       -0.549628954877       0.175909569232        -0.787960134444       
1.56535859941         0.0731540277713       -0.53826438311        0.165507737768        -0.771578248204       
1.5750172972          0.0673751412046       -0.527004310563       0.155394278792        -0.755349719489       
1.58467599499         0.0617615733536       -0.515920110316       0.145567947828        -0.739378367631       
1.59433469278         0.0562996500499       -0.504950562366       0.13600350145         -0.723575682839       
1.60399339057         0.0509945495782       -0.49417071439        0.126714892457        -0.708049124115       
1.61365208836         0.0458341240147       -0.483488029456       0.11767353431         -0.69266598932        
1.62331078615         0.0408375897862       -0.472971915514       0.108914399173        -0.677525421674       
1.63296948394         0.0359564822652       -0.462569649291       0.100358597646        -0.662551643879       
1.64262818173         0.0312141309851       -0.452314181252       0.0920436695172       -0.64779122954        
1.65228687953         0.0266119451794       -0.442208337757       0.0839738721497       -0.633247605696       
1.66194557732         0.0221613582911       -0.432259633745       0.0761638818036       -0.618933591604       
1.67160427511         0.0178520909757       -0.422487222507       0.0685991468281       -0.604875510156       
1.6812629729          0.0136773553136       -0.412899416556       0.0612704140083       -0.591085295384       
1.69092167069         0.00963690638506      -0.403968654862       0.0542223405724       -0.578239099662       
1.70058036848         0.00575421067481      -0.398152843165       0.0477320714743       -0.569854497807       
1.71023906627         0.00191229467983      -0.391960214688       0.0412789223206       -0.560931378092       
1.71989776406         -0.00186103535097     -0.385519219671       0.0349186014829       -0.551655267678       
1.72955646185         -0.00555717835304     -0.378885069807       0.0286677470964       -0.542105471597       
1.73921515964         -0.00917281564246     -0.372087212605       0.0225341269809       -0.532324020342       
1.74887385744         -0.0127033261094      -0.36515131731        0.0165264764433       -0.522347458294       
1.75853255523         -0.0161488936022      -0.358092065231       0.0106461537702       -0.512197251329       
1.76819125302         -0.019516938972       -0.350900503542       0.00488165297948      -0.501858979574       
1.77784995081         -0.0227704474904      -0.34360749223        -0.000709683441227    -0.491378692217       
1.7875086486          -0.0259251836184      -0.336239300959       -0.00615036263259     -0.480793418289       
1.79716734639         -0.0289772820133      -0.328789940181       -0.011434341842       -0.470094750031       
1.80682604418         -0.0319311382402      -0.32127233985        -0.0165676588107      -0.459300959351       
1.81648474197         -0.0347725004508      -0.313692658663       -0.0215287316338      -0.448419988421       
1.82614343976         -0.0374630443036      -0.306037030155       -0.0262604136259      -0.437431255587       
1.83580213755         -0.0401191588854      -0.298387295479       -0.0309326786896      -0.426457935808       
1.84546083534         -0.0426246339394      -0.290680668822       -0.035375540198       -0.415403474197       
1.85511953314         -0.0450096632168      -0.282939656529       -0.0396328475303      -0.404301984219       
1.86477823093         -0.0472649541915      -0.275182275736       -0.0436903000721      -0.393179618921       
1.87443692872         -0.0494029501385      -0.267419749325       -0.0475654775958      -0.382052435775       
1.88409562651         -0.0514178458997      -0.259650586798       -0.0512503214591      -0.370918064967       
1.8937543243          -0.0533195199848      -0.251896390992       -0.0547582217294      -0.359808391214       
1.90341302209         -0.0550682831053      -0.244131019604       -0.0580328185651      -0.348683385017       
1.91307171988         -0.0567021345038      -0.236397252657       -0.0611272911954      -0.337606529566       
1.92273041767         -0.058207893154       -0.22868851695        -0.0640230977289      -0.326567683685       
1.93238911546         -0.0595844084787      -0.221009724093       -0.0667183388379      -0.31557393316        
1.94204781325         -0.0608282112682      -0.2133709482         -0.0692080277828      -0.304639465526       
1.95170651105         -0.0619450056888      -0.205783027062       -0.0714998292283      -0.29377972509        
1.96136520884         -0.0629276461492      -0.198239964196       -0.0735842203105      -0.282986363335       
1.97102390663         -0.0637777799678      -0.190755134453       -0.0754630326456      -0.272278162837       
1.98068260442         -0.0645017287392      -0.183338368003       -0.0771452241181      -0.261669209396       
1.99034130221         -0.0650950609767      -0.175988580647       -0.0786246180925      -0.251157816646       
2                     -0.0655562581503      -0.168715190279       -0.0798990202596      -0.240757410492       
2.001                 -0.0655965968944      -0.16796688968        -0.0800194323321      -0.239687497136       
2.4377589849          -0.0022508643792      -0.000316421817005    -0.0029938328143      -0.000451216069639    
2.4387589849          -0.00218405766912     -0.000303582182366    -0.00290456445465     -0.000432900562766    
2.4557589849          -0.00120505979766     -0.000130590553212    -0.00159852512718     -0.000186043627974    
2.4727589849          -0.000505073923975    -2.42656143787e-05    -0.000667721691162    -3.41682602652e-05    
2.4897589849          -7.60653922736e-05    3.78658066465e-05     -9.89408997263e-05    5.47405702815e-05     
2.5067589849          2.11395450497e-05     0.000166179711467     3.11843168071e-05     0.000227934276823     
2.5237589849          4.06679458222e-05     0.000497660291055     5.95649396878e-05     0.000663723374846     
2.5407589849          5.80660303839e-05     0.000883430381992     8.47886981963e-05     0.00116615858731      
2.5577589849          7.21667345701e-05     0.00127940807428      0.000105193106782     0.00167798563339      
2.5587589849          7.28884673663e-05     0.00130250983174      0.000106236382033     0.00170773254297      
2.7385655933          7.08596860921e-05     0.00375778583338      0.000102655739617     0.00475886347095      
2.91837220171         4.98646857452e-06     0.00316448118877      7.09670824243e-06     0.00391445739852      
3.09817881011         -1.69467512265e-05    0.00162222661381      -2.45946520988e-05    0.001967733408        
3.27798541851         -8.90818565805e-06    0.000451285711327     -1.29048740213e-05    0.00053832119976      
3.45779202692         -3.3511754411e-10     1.22703752402e-08     -4.85074941202e-10    1.44422870735e-08     
3.63759863532         0.000191867960755     6.46288449476e-06     0.000223547790033     1.03165488969e-05     
3.81740524372         0.000305492889198     1.19661359216e-05     0.000351241266002     1.56636442352e-05     
3.99721185212         0.000289287664188     1.27203856836e-05     0.000327894918475     1.42987338434e-05     
4.17701846053         0.000211430971378     1.01969667898e-05     0.000236173025137     1.01482377064e-05     
4.35682506893         0.00012967774687      6.74865812971e-06     0.000142742436287     6.07849758177e-06     
4.53663167733         6.93523614918e-05     3.84816027811e-06     7.52273506438e-05     3.19011841719e-06     
4.71643828574         3.30276285439e-05     1.93615325462e-06     3.53106984464e-05     1.49839521613e-06     
4.89624489414         1.41872548771e-05     8.72411830526e-07     1.49518622734e-05     6.3691944509e-07      
5.07605150254         5.54383426306e-06     3.55551900021e-07     5.76095771921e-06     2.46992156616e-07     
5.25585811095         1.9823605073e-06      1.3198112019e-07      2.03159952974e-06     8.80131054779e-08     
5.43566471935         6.51453058843e-07     4.48500887313e-08     6.58576657904e-07     2.88765304727e-08     
5.61547132775         1.973850837e-07       1.4006502714e-08      1.96886863613e-07     8.74976512565e-09     
5.79527793616         5.52787238814e-08     4.03186073559e-09     5.44207127955e-08     2.45680845741e-09     
5.97508454456         1.43372869614e-08     1.07229440162e-09     1.39336274176e-08     6.40235518557e-10     
6.15489115296         3.44926474382e-09     2.63984857342e-10     3.30988351435e-09     1.54939025973e-10     
6.33469776136         7.70712548708e-10     6.02518006854e-11     7.30411627279e-10     3.48594770691e-11     
6.51450436977         1.60115004455e-10     1.27658275608e-11     1.49898303055e-10     7.29835072621e-12     
6.69431097817         3.09531323701e-11     2.51335822324e-12     2.86325835631e-11     1.42290432573e-12     
6.87411758657         5.57805460987e-12     4.60708202967e-13     5.09957279618e-12     2.58944034848e-13     
7.05392419498         9.35649913595e-13     7.85177157148e-14     8.45547675195e-13     4.38990050511e-14     
7.23373080338         1.45959529696e-13     1.24326744784e-14     1.30411188777e-13     6.92419732931e-15     
7.41353741178         2.01132103165e-14     1.7374025089e-15      1.77707092469e-14     9.65063265198e-16     
7.59334402019         2.68510944536e-15     2.35024916398e-16     2.34643167906e-15     1.30341948207e-16     
7.77315062859         2.94617682627e-15     2.61108899636e-16     2.54687084383e-15     1.44714478886e-16     
7.95295723699         3.22051120388e-15     2.88805165163e-16     2.7545634086e-15      1.6009153802e-16      
8.1327638454          3.50819780757e-15     3.18135935033e-16     2.96939280521e-15     1.76504956924e-16     
8.3125704538          3.80931681683e-15     3.49122282416e-16     3.1912472477e-15      1.93985976446e-16     
8.4923770622          4.12394378505e-15     3.81784214648e-16     3.42002516379e-15     2.12565233539e-16     
8.67218367061         4.45215001825e-15     4.16140748729e-16     3.65565416216e-15     2.32327432137e-16     
8.85199027901         4.79400291446e-15     4.52209980089e-16     3.89791136882e-15     2.53319501946e-16     
9.03179688741         5.14956626864e-15     4.90009145338e-16     4.14671244971e-15     2.75518054418e-16     
9.21160349581         5.51890054734e-15     5.29554679613e-16     4.40196019403e-15     2.98952504493e-16     
9.39141010422         5.90206313676e-15     5.70862269093e-16     4.66355404508e-15     3.23651651714e-16     
9.57121671262         6.29910856717e-15     6.13946899148e-16     4.93139443779e-15     3.49643684803e-16     
9.75102332102         6.71008871655e-15     6.5882289857e-16      5.20538369391e-15     3.76956187951e-16     
9.93082992943         7.13505299564e-15     7.05503980261e-16     5.48542630715e-15     4.05616148511e-16     
10.1106365378         7.57404851652e-15     7.54003278712e-16     5.7714290464e-15      4.35649965828e-16     
10.2904431462         8.02712024642e-15     8.0433338459e-16      6.0633009901e-15      4.67083460982e-16     
10.4702497546         8.4943111484e-15      8.56506376686e-16     6.36095353259e-15     4.99941887248e-16     
10.650056363          8.97566231012e-15     9.10533851474e-16     6.66430038098e-15     5.34249941113e-16     
10.8298629714         9.47121306214e-15     9.66426950492e-16     6.97325755472e-15     5.70031773707e-16     
11.0096695798         9.98100108646e-15     1.02419638574e-15     7.28774339956e-15     6.0731100253e-16      
11.1894761882         1.05050625166e-14     1.08385246327e-15     7.60767863263e-15     6.46110723379e-16     
11.3692827967         1.10434320298e-14     1.14540510512e-15     7.93298645002e-15     6.86453522384e-16     
11.5490894051         1.1596142932e-14      1.2088638697e-15      8.26359276663e-15     7.28361488091e-16     
11.7288960135         1.21632272369e-14     1.27423797088e-15     8.59942677602e-15     7.71856223526e-16     
11.9087026219         1.27447157385e-14     1.34153629566e-15     8.94042248443e-15     8.16958858184e-16     
12.0885092303         1.3340638079e-14      1.41076742082e-15     9.28652496069e-15     8.63690059928e-16     
12.2683158387         1.39510228113e-14     1.48193962838e-15     9.6377208787e-15      9.12135847608e-16     
12.4481224471         1.45758974575e-14     1.55506092012e-15     9.99378545807e-15     9.62351289323e-16     
12.6279290555         1.52152885631e-14     1.63013903116e-15     1.035468314e-14       1.01427080979e-15     
12.8077356639         1.58692217477e-14     1.70718144272e-15     1.07203634592e-14     1.06791396593e-15     
12.9875422723         1.65377217522e-14     1.78619539404e-15     1.1090767608e-14      1.12329990901e-15     
13.1673488807         1.72208124826e-14     1.86718789367e-15     1.1465835713e-14      1.18044739509e-15     
13.3471554891         1.79185170519e-14     1.95016572999e-15     1.18455082969e-14     1.23937479522e-15     
13.5269620975         1.86308578177e-14     2.03513548119e-15     1.22297267513e-14     1.30010010542e-15     
13.7067687059         1.93578564193e-14     2.12210352457e-15     1.26184335203e-14     1.36264095639e-15     
13.8865753143         2.0099533811e-14      2.21107604544e-15     1.30115721725e-14     1.42701462301e-15     
14.0663819227         2.08559102941e-14     2.30205904539e-15     1.34090874244e-14     1.4932380336e-15      
14.2461885311         2.16270055467e-14     2.39505835017e-15     1.38109251405e-14     1.56132777889e-15     
14.4259951395         2.24128386521e-14     2.49007961713e-15     1.42170323204e-14     1.63130012084e-15     
14.6058017479         2.3213428125e-14      2.58712834221e-15     1.46273570794e-14     1.70317100113e-15     
14.7856083563         2.40287919362e-14     2.68620986659e-15     1.50418486253e-14     1.77695604948e-15     
14.9654149647         2.48589475369e-14     2.78732938302e-15     1.54604572339e-14     1.85267059168e-15     
15.1452215731         2.570391188e-14       2.89049194171e-15     1.58831342228e-14     1.93032965748e-15     
15.3250281815         2.65637014415e-14     2.99570245604e-15     1.63098319258e-14     2.00994798817e-15     
15.5048347899         2.74383322404e-14     3.10296570789e-15     1.67405036666e-14     2.09154004397e-15     
15.6846413983         2.83278198569e-14     3.21228635273e-15     1.71751037335e-14     2.17512001123e-15     
15.8644480067         2.92321794509e-14     3.32366892446e-15     1.76135873546e-14     2.26070180941e-15     
16.0442546151         3.01514257779e-14     3.43711784e-15        1.80559106733e-14     2.34829909783e-15     
16.2240612235         3.10855732058e-14     3.55263740368e-15     1.85020307252e-14     2.43792528227e-15     
16.4038678319         3.20346357291e-14     3.67023181136e-15     1.89519054151e-14     2.5295935213e-15      
16.5836744403         3.29986269841e-14     3.7899051544e-15      1.94054934951e-14     2.62331673255e-15     
16.7634810487         3.39775602617e-14     3.91166142347e-15     1.98627545441e-14     2.71910759866e-15     
16.9432876571         3.4971448521e-14      4.03550451209e-15     2.03236489472e-14     2.81697857312e-15     
17.1230942656         3.59803044011e-14     4.1614382201e-15      2.07881378772e-14     2.91694188597e-15     
17.302900874          3.70041402331e-14     4.2894662569e-15      2.12561832762e-14     3.01900954927e-15     
17.4827074824         3.80429680509e-14     4.41959224459e-15     2.17277478388e-14     3.12319336241e-15     
17.6625140908         3.90967996025e-14     4.55181972096e-15     2.22027949962e-14     3.22950491733e-15     
17.8423206992         4.01656463591e-14     4.68615214233e-15     2.26812889018e-14     3.33795560354e-15     
18.0221273076         4.12495195255e-14     4.82259288628e-15     2.31631944186e-14     3.44855661297e-15     
18.201933916          4.23484300493e-14     4.96114525424e-15     2.3648477107e-14      3.56131894472e-15     
18.3817405244         4.34623886291e-14     5.10181247402e-15     2.41371032167e-14     3.67625340967e-15     
18.5615471328         4.45914057234e-14     5.24459770215e-15     2.46290396793e-14     3.79337063493e-15     
18.7413537412         4.57354915585e-14     5.38950402623e-15     2.51242541051e-14     3.91268106818e-15     
18.9211603496         4.68946561362e-14     5.53653446707e-15     2.56227147841e-14     4.03419498188e-15     
19.100966958          4.80689092408e-14     5.68569198081e-15     2.61243906932e-14     4.15792247735e-15     
19.2807735664         4.92582604466e-14     5.83697946093e-15     2.66292515116e-14     4.28387348876e-15     
19.4605801748         5.04627191244e-14     5.9903997402e-15      2.71372676493e-14     4.41205778695e-15     
19.6403867832         5.16822944479e-14     6.14595559253e-15     2.76484102965e-14     4.54248498323e-15     
19.8201933916         5.29169953998e-14     6.30364973473e-15     2.81626515071e-14     4.67516453297e-15     
20                    0                     0                     0                     0                     
