0.0779191396          0                     0                     0                     0                     
0.0877948878836       -0.000935911551759    -0.00080271810079     -0.00397505725388     -0.00373803081967     
0.0976706361672       -0.0045547564803      -0.00438569038616     -0.019012311944       -0.0205748534036      
0.107546384451        -0.0101680993646      -0.0102821966298      -0.0418982367809      -0.0484268407899      
0.117422132734        -0.0168561619873      -0.017373126208       -0.0688233958432      -0.0820087451458      
0.127297881018        -0.0239611631095      -0.0247599753091      -0.0972186257515      -0.117029736296       
0.137173629302        -0.0310611266536      -0.0318511512742      -0.125502691915       -0.150647580936       
0.147049377585        -0.0378958398601      -0.0382931890651      -0.1527272995         -0.181157884081       
0.156925125869        -0.0443081016123      -0.0438949729528      -0.178326151192       -0.207637678837       
0.166800874152        -0.0502107213899      -0.0485748392534      -0.201985643025       -0.229692178201       
0.176676622436        -0.0555588098823      -0.0523197239336      -0.223538019899       -0.247259526022       
0.18655237072         -0.0603330265199      -0.0551557876281      -0.242901813529       -0.260468818089       
0.196428119003        -0.0645312388693      -0.0571333615869      -0.260054875281       -0.269567133193       
0.206303867287        -0.0681627954293      -0.0583190540807      -0.275013897711       -0.274879365075       
0.21617961557         -0.0712410892032      -0.0587839809455      -0.287808712872       -0.276753127683       
0.226055363854        -0.073785818235       -0.0586014312382      -0.298494473727       -0.275546241624       
0.235931112138        -0.0758144215841      -0.0578447411679      -0.307116040205       -0.271616706404       
0.245806860421        -0.0773491212678      -0.0565847771946      -0.313740332152       -0.265309504835       
0.255682608705        -0.0784121064667      -0.0548919713274      -0.318435116603       -0.25696726605        
0.265558356989        -0.0790232902091      -0.0528292177993      -0.321262626034       -0.246895469231       
0.275434105272        -0.0792038354028      -0.0504607013736      -0.322291798415       -0.235404544589       
0.285309853556        -0.0789751652534      -0.0478432884746      -0.321597038364       -0.222769869756       
0.295185601839        -0.0783603039637      -0.045034157957       -0.319260906098       -0.209267421744       
0.305061350123        -0.0773799602831      -0.0420848399744      -0.315360367241       -0.195143700793       
0.314937098407        -0.0760575870627      -0.0390455427702      -0.309987130886       -0.180639730978       
0.32481284669         -0.0744160476517      -0.0359641574917      -0.303232031738       -0.165982743529       
0.334688594974        -0.0724833127934      -0.0328831447766      -0.295211862897       -0.151374963655       
0.344564343257        -0.0702837954996      -0.0298437130894      -0.286030730551       -0.137009884281       
0.354440091541        -0.0678486979349      -0.0268835167828      -0.275823701601       -0.12306368566        
0.364315839825        -0.0652082108889      -0.0240356246174      -0.264724145509       -0.109689767248       
0.374191588108        -0.062398165059       -0.0213253612679      -0.25289095337        -0.0970064742328      
0.384067336392        -0.0594506435272      -0.0187865311183      -0.24046868358        -0.0851613156264      
0.393943084675        -0.0564029687771      -0.016427138259       -0.227624704042       -0.0741933917816      
0.403818832959        -0.0532913314235      -0.0142620568215      -0.214521853243       -0.0641650464941      
0.413694581243        -0.0501501706878      -0.0122973556969      -0.20131466521        -0.0550983818561      
0.423570329526        -0.0470135110087      -0.0105331083938      -0.188154766066       -0.0469880312118      
0.43344607781         -0.0439102082078      -0.00896449714096     -0.17517028844        -0.0398054096377      
0.443321826093        -0.0408666161431      -0.00758177530912     -0.162476814324       -0.0335000083735      
0.453197574377        -0.0379043357401      -0.00637344319939     -0.150167766351       -0.0280129723101      
0.463073322661        -0.035041239251       -0.00532521951203     -0.138318815214       -0.0232736878471      
0.472949070944        -0.0322900647399      -0.00442181459747     -0.126982628089       -0.0192076219398      
0.482824819228        -0.0296610659365      -0.00364824000137     -0.116199603373       -0.015742152547       
0.492700567511        -0.0271580480302      -0.00298924965555     -0.105983017081       -0.0128044617429      
0.502576315795        -0.0247869472327      -0.00243115759952     -0.0963528563946      -0.0103293061646      
0.512452064079        -0.0225478275882      -0.00196102776683     -0.0873051920617      -0.00825551976251     
0.522327812362        -0.0204398247976      -0.00156707001333     -0.0788317494086      -0.00652776936597     
0.532203560646        -0.018462741451       -0.00123870368266     -0.0709263408164      -0.00509667301235     
0.54207930893         -0.0166119343184      -0.000967325805126    -0.0635653748096      -0.00392179128409     
0.551955057213        -0.0148844976331      -0.000744028594945    -0.0567319773856      -0.0029623263722      
0.561830805497        -0.0132766741413      -0.000561897688733    -0.050406038689       -0.00218630312609     
0.57170655378         -0.0117833656546      -0.000414676062236    -0.0445625379849      -0.00156504810626     
0.581582302064        -0.0104008981157      -0.000297039013287    -0.0391820760647      -0.00107419303771     
0.591458050348        -0.00912445722854     -0.000204215700189    -0.0342412313593      -0.000692111874798    
0.601333798631        -0.00794924164882     -0.000132210529174    -0.029716926377       -0.000400688485831    
0.611209546915        -0.00687046020275     -7.74646666983e-05    -0.0255864753087      -0.000183939070068    
0.621085295198        -0.00588511764639     -3.69994950598e-05    -0.021834190031       -2.84574891511e-05    
0.630961043482        -0.00498747307189     -8.19627964019e-06    -0.0184344675165      7.74053673452e-05     
0.640836791766        -0.00417384310043     1.11615571867e-05     -0.0153696806877      0.000143514603234     
0.650712540049        -0.00344033647162     2.3008933036e-05      -0.0126217274011      0.000178413542264     
0.660588288333        -0.00278342008111     2.89755882958e-05     -0.0101740876315      0.00018928527181      
0.670464036616        -0.0021995756629      3.04700730373e-05     -0.00801056013113     0.000182290163209     
0.6803397849          -0.00168575147136     2.86887594854e-05     -0.00611689013468     0.000162644518684     
0.6813397849          -0.00163751709591     2.83688652047e-05     -0.00593967136804     0.000160135648623     
0.6983397849          -0.000921002246625    2.02899050997e-05     -0.00331966743123     0.000108470779639     
0.7153397849          -0.000394956369471    9.99907610097e-06     -0.00141396161169     5.16841224811e-05     
0.7323397849          -6.46058309533e-05    1.03471714243e-06     -0.000227365475002    5.0127945521e-06      
0.7493397849          8.82836908282e-06     6.97892588855e-05     4.38004265042e-05     0.000262522759499     
0.7663397849          1.68313504308e-05     0.000327890658779     8.06822454399e-05     0.00115565627695      
0.7833397849          2.25380290428e-05     0.00065518363592      0.000106744395047     0.00228385320777      
0.8003397849          2.61172291217e-05     0.0010109855893       0.000122881072223     0.0035030770613       
0.8013397849          2.6268066044e-05      0.00103225835763      0.000123553043799     0.0035757231479       
0.810089129536        2.73371499807e-05     0.00121881970121      0.000128272439591     0.00421160231468      
0.818838474172        2.79821043875e-05     0.00140449908937      0.000131032354555     0.00484223296875      
0.827587818807        2.82463342472e-05     0.00158751319651      0.000132038017087     0.00546153779442      
0.836337163443        2.81721949538e-05     0.00176642821488      0.000131488787913     0.00606468882016      
0.845086508079        2.77971782613e-05     0.00193989317039      0.000129560559884     0.00664717900049      
0.853835852715        2.71610362805e-05     0.00210706893692      0.000126439156706     0.00720628490952      
0.86258519735         2.62951173677e-05     0.00226686585719      0.000122270738798     0.00773844627675      
0.871334541986        2.52317006603e-05     0.00241855406013      0.000117205423886     0.0082413520111       
0.880083886622        2.40003984267e-05     0.00256149605484      0.000111380584577     0.00871301885634      
0.888833231258        2.2628325875e-05      0.00269512275371      0.00010492171567      0.00915170601378      
0.897582575893        2.11404815899e-05     0.00281893215701      9.79442580952e-05     0.00955590818483      
0.906331920529        1.95600881963e-05     0.00293250098018      9.05552240821e-05     0.0099243923599       
0.915081265165        1.79090688265e-05     0.00303554165273      8.28554373639e-05     0.0102563876923       
0.923830609801        1.62074219962e-05     0.00312779999827      7.49366698389e-05     0.0105512363158       
0.932579954436        1.44732597641e-05     0.00320901166711      6.68818504328e-05     0.010808245342        
0.941329299072        1.27237687119e-05     0.00327906105509      5.87695320703e-05     0.0110272214621       
0.950078643708        1.09737313059e-05     0.00333759779511      5.06670798321e-05     0.0112071790598       
0.958827988344        9.23831868182e-06     0.0033847304969       4.26435885605e-05     0.0113486719944       
0.96757733298         7.52981033442e-06     0.00342002956902      3.47547478023e-05     0.0114504436181       
0.976326677615        5.8595854736e-06      0.00344277509997      2.70520489767e-05     0.0115102682919       
0.985076022251        4.23399931931e-06     0.00344799128865      1.95637221328e-05     0.0115117180304       
0.993825366887        2.67291406307e-06     0.00343798211763      1.23802724293e-05     0.01146271971         
1.00257471152         1.19178675514e-06     0.00341843936267      5.57194157073e-06     0.0113824294115       
1.01132405616         -2.0404814696e-07     0.00338946047672      -8.37733355368e-07    0.0112712926321       
1.02007340079         -1.50989619801e-06    0.00335135582371      -6.82813171883e-06    0.0111304549258       
1.02882274543         -2.72170146328e-06    0.00330423466606      -1.2381551269e-05     0.0109603842828       
1.03757209007         -3.83594663897e-06    0.0032482952582       -1.74827390706e-05    0.0107618365259       
1.0463214347          -4.85087880022e-06    0.00318455523408      -2.21244814711e-05    0.0105382705424       
1.05507077934         -5.76360793761e-06    0.00311258474833      -2.62943718298e-05    0.0102883400279       
1.06382012397         -6.57333310471e-06    0.00303311818907      -2.99895124316e-05    0.0100145442241       
1.07256946861         -7.2790423205e-06     0.00294638957896      -3.3206023705e-05     0.00971771642312      
1.08131881324         -7.88116836464e-06    0.0028530302014       -3.59465931408e-05    0.00939999067789      
1.09006815788         -8.37963709293e-06    0.0027532540069       -3.82115688658e-05    0.00906211412319      
1.09881750252         -8.7763985121e-06     0.0026478112126       -4.00105007532e-05    0.00870658980341      
1.10756684715         -9.07246657048e-06    0.00253697022159      -4.13486373714e-05    0.00833432392088      
1.11631619179         -9.2694799828e-06     0.00242110092959      -4.22340440946e-05    0.00794654810201      
1.12506553642         -9.37066976981e-06    0.00230088652313      -4.26820072183e-05    0.00754551258735      
1.13381488106         -9.37878574429e-06    0.00217676166466      -4.27055823727e-05    0.00713264126005      
1.14256422569         -9.29698798888e-06    0.00204918196394      -4.23196571314e-05    0.00670941767591      
1.15131357033         -9.12920392852e-06    0.0019186986976       -4.15425743327e-05    0.00627762944913      
1.16006291497         -8.88040057224e-06    0.00178599770179      -4.03973663389e-05    0.00583949456433      
1.1688122596          -8.55494911654e-06    0.00165156158598      -3.89043117186e-05    0.00539655656597      
1.17756160424         -8.15790077746e-06    0.00151595108859      -3.70867411824e-05    0.00495060582105      
1.18631094887         -7.6955400305e-06     0.00137989358285      -3.49735483299e-05    0.00450396787151      
1.19506029351         -7.17336797412e-06    0.00124390958857      -3.2590020175e-05     0.00405828393067      
1.20380963815         -6.59890245118e-06    0.00110881991222      -2.99705617649e-05    0.00361616662424      
1.21255898278         -5.97927625475e-06    0.000975312375551     -2.71477782056e-05    0.00317978589755      
1.22130832742         -5.32312041084e-06    0.000844263366609     -2.41610269717e-05    0.00275191824642      
1.23005767205         -4.63905807276e-06    0.000716483518199     -2.10495748575e-05    0.00233511761823      
1.23880701669         -3.93760679554e-06    0.000593016391309     -1.78612284724e-05    0.00193268942439      
1.24755636132         -3.23002751518e-06    0.000474944813671     -1.464710307e-05      0.00154805976648      
1.25630570596         -2.52997389977e-06    0.000363627752871     -1.14690961132e-05    0.00118554840815      
1.2650550506          -1.85321960593e-06    0.000260636320868     -8.39863657649e-06    0.000850161990249     
1.27380439523         -1.21985169227e-06    0.000168039257139     -5.52660992563e-06    0.000548528355508     
1.28255373987         -6.57131623218e-07    8.87461336392e-05     -2.97628936906e-06    0.000290024720783     
1.2913030845          -2.08607556747e-07    2.76433255188e-05     -9.44550011702e-07    9.05112737386e-05     
1.30005242914         2.42675368132e-06     1.86490520159e-08     7.98375940715e-06     9.07846691826e-08     
1.30880177377         4.65686748972e-05     3.64162595159e-07     0.000153232967249     1.68171375205e-06     
1.31755111841         0.000119547351782     9.50628396902e-07     0.000393278494274     3.70553561893e-06     
1.32630046305         0.000213952710163     1.72892396919e-06     0.000703561200974     5.37413437496e-06     
1.33504980768         0.000326899802654     2.68284300436e-06     0.00107433123167      6.15522939179e-06     
1.34379915232         0.00045675394876      3.80484072159e-06     0.00150002048503      5.61106145392e-06     
1.35254849695         0.000602465467348     5.09126294037e-06     0.00197704900183      3.46427719363e-06     
1.36129784159         0.000763301851997     6.54045411705e-06     0.00250263327686      -5.25440858858e-07    
1.37004718622         0.000938700332983     8.15169920964e-06     0.00307472457941      -6.70844603863e-06    
1.37879653086         0.00112820657326      9.92480904712e-06     0.0036916367933       -1.53421994282e-05    
1.3875458755          0.00133163860403      1.18616634054e-05     0.00435260480301      -2.66687174063e-05    
1.39629522013         0.00154858950654      1.39618935983e-05     0.00505625766019      -4.07388682445e-05    
1.40504456477         0.00177886828866      1.62267964032e-05     0.00580137504655      -5.75977130579e-05    
1.4137939094          0.00202225879063      1.86572376278e-05     0.00658708031296      -7.7632839927e-05     
1.42254325404         0.00227848533815      2.12533290793e-05     0.00741229272687      -0.000101014137306    
1.43129259868         0.00254792249282      2.4021100199e-05      0.00827803664238      -0.000127931195473    
1.44004194331         0.00282983693467      2.69560798191e-05     0.00918174576483      -0.000158514173086    
1.44879128795         0.00312422764209      3.00604674033e-05     0.0101232733135       -0.000192915655482    
1.45754063258         0.00343126138713      3.33380114107e-05     0.0111032499512       -0.000231204437257    
1.46628997722         0.00375064566648      3.67879402781e-05     0.0121200182781       -0.000272860959335    
1.47503932185         0.0040821286921       4.04097043733e-05     0.0131724221169       -0.00031857471592     
1.48378866649         0.00442609599861      4.42089616501e-05     0.014261613195        -0.000368494519335    
1.49253801113         0.00478210102654      4.81830582278e-05     0.0153859768544       -0.00042269926285     
1.50128735576         0.0051502878504       5.23351251109e-05     0.0165457949978       -0.000481309700225    
1.5100367004          0.00553048426639      5.66650448781e-05     0.0177403342475       -0.000544414394476    
1.51878604503         0.00592237640686      6.11711246212e-05     0.0189684190165       -0.00061208004293     
1.52753538967         0.00632647311669      6.58600826279e-05     0.020231527343        -0.000684452657579    
1.5362847343          0.00674239951161      7.07294832171e-05     0.0215283432269       -0.00076158478456     
1.54503407894         0.00716994875922      7.57785004585e-05     0.0228582511547       -0.000843538266964    
1.55378342358         0.00760941676829      8.10115534123e-05     0.0242220712256       -0.000929395075279    
1.56253276821         0.00806063371083      8.64281175125e-05     0.0256180123511       -0.00101987966206     
1.57128211285         0.00852324432622      9.20255748719e-05     0.0270451531242       -0.00111522371609     
1.58003145748         0.00899775273151      9.78105075499e-05     0.0285049786193       -0.00121555757201     
1.58878080212         0.00948402002635      0.000103782573653     0.0299968937762       -0.00132092798527     
1.59753014675         0.00998236302915      0.000109946375547     0.0315217363228       -0.0014314422097      
1.60627949139         0.0104910590987       0.000116283965658     0.0330739063209       -0.00154690950309     
1.61502883603         0.0110124433181       0.000122822143485     0.0346606125291       -0.00166772368889     
1.62377818066         0.0115450447756       0.000129545614283     0.0362770600476       -0.00179372223479     
1.6325275253          0.0120893481371       0.000136460728929     0.0379246253674       -0.00192502875222     
1.64127686993         0.0126463322159       0.000143579551255     0.0396062319362       -0.00206185291396     
1.65002621457         0.0132140473019       0.000150880933343     0.0413156419071       -0.00220392863996     
1.65877555921         0.0137947505091       0.000158391501083     0.0430598193473       -0.00235167598796     
1.66752490384         0.0143886153938       0.000166114374177     0.0448392693509       -0.00250518353771     
1.67627424848         0.0149947060494       0.000174039806984     0.046651590848        -0.00266396675513     
1.68502359311         0.0156176702331       0.000182222943449     0.0485095155997       -0.00282779068483     
1.69377293775         0.0163150067612       0.000191339849147     0.0505910953831       -0.00300868801274     
1.70252228238         0.017095730991        0.000201508686631     0.0529233519528       -0.00320900237849     
1.71127162702         0.0178885717501       0.000211898353711     0.0552848142419       -0.00341584247218     
1.72002097166         0.0186954638379       0.000222532340871     0.0576813208793       -0.003629596219       
1.72877031629         0.0195170374856       0.000233418964867     0.0601146415948       -0.00385041752423     
1.73751966093         0.0203534653353       0.00024456116583      0.062585122655        -0.004078374902       
1.74626900556         0.0212047117232       0.000255959385882     0.0650924670379       -0.00431349497047     
1.7550183502          0.0220706273011       0.00026761265921      0.0676360313871       -0.00455577883916     
1.76376769483         0.0229509915982       0.000279519100927     0.0702149601292       -0.00480520941788     
1.77251703947         0.0238455346783       0.000291676154943     0.0728282541577       -0.00506175510476     
1.78126638411         0.0247539492613       0.000304080732176     0.0754748096894       -0.00532537183778     
1.79001572874         0.0256758980542       0.000316729293823     0.0781534422161       -0.00559600433371     
1.79876507338         0.0266110184864       0.000329617905021     0.0808629025318       -0.00587358689437     
1.80751441801         0.0275589276751       0.000342742292954     0.0836018937009       -0.00615804435389     
1.81626376265         0.0285192161625       0.000356097766403     0.0863690546405       -0.00644929057626     
1.82501310728         0.0294914669028       0.000369679450037     0.0891630218085       -0.00674723263559     
1.83376245192         0.0304752394622       0.000383482086593     0.0919823889275       -0.00705176725287     
1.84251179656         0.0314700797876       0.000397500157479     0.0948257542256       -0.00736278296899     
1.85126114119         0.0324755194849       0.000411727873203     0.0976917743213       -0.00768015999148     
1.86001048583         0.033491076699        0.000426159184025     0.100579723468        -0.00800373333499     
1.86875983046         0.0345162569141       0.000440787789824     0.10348674179         -0.00833068425201     
1.8775091751          0.0355505536946       0.000455607149441     0.106410151156        -0.00866341527292     
1.88625851974         0.0365934493842       0.000470610489682     0.109348966136        -0.00900177317236     
1.89500786437         0.0376444157688       0.000485790814031     0.112301672366        -0.00934559766275     
1.90375720901         0.03870291473         0.000501140911408     0.115266664078        -0.00969472161809     
1.91250655364         0.0397683988632       0.000516653364619     0.118242293367        -0.0100489712963      
1.92125589828         0.0408403120966       0.000532320558956     0.121226886269        -0.0104081665684      
1.93000524291         0.0419180902959       0.000548134690743     0.124218750377        -0.0107721211502      
1.93875458755         0.0430011618561       0.000564087775842     0.127216179429        -0.011140642837       
1.94750393219         0.0440889483026       0.000580171658385     0.130217456645        -0.0115135337445      
1.95625327682         0.0451808648629       0.00059637801925      0.133220857344        -0.0118905905489      
1.96500262146         0.0462763210613       0.000612698384924     0.13622465128         -0.0122716047354      
1.97375196609         0.0473747212899       0.000629124136177     0.139227104723        -0.0126563628468      
1.98250131073         0.0484754653687       0.000645646516659     0.142226482368        -0.0130446467309      
1.99125065536         0.049577949152        0.000662256642228     0.145221049314        -0.0134362338054      
2                     0.0506815650563       0.000678945509308     0.148209072751        -0.0138308973043      
2.001                 0.0508077467565       0.000680857557446     0.148550092398        -0.0138761906699      
2.18280808081         0.0729316527349       0.00102915735114      0.206228200287        -0.0223367698748      
2.36461616162         0.0900168858572       0.00132232932085      0.246532402369        -0.0297006871761      
2.54642424242         0.0982415483817       0.00149046421951      0.261013074068        -0.0341223834095      
2.72823232323         0.0962842883228       0.00150007488078      0.248573140528        -0.0346262709778      
2.91004040404         0.0854942388804       0.0013619901355       0.214768228364        -0.0314902684852      
3.09184848485         0.0691413326944       0.00112261861639      0.169239864947        -0.0258867765071      
3.27365656566         0.0511099736071       0.000843605561445     0.122058938766        -0.019342840251       
3.45546464646         0.0346307667324       0.000579881017933     0.0807916321359       -0.0131864624782      
3.63727272727         0.0215621898576       0.000365664011226     0.0491912229481       -0.00823147897894     
3.81908080808         0.0123652066391       0.000212079883575     0.0276132433814       -0.00472074321042     
4.00088888889         0.0065448791621       0.000113397400931     0.014319949871        -0.00249386511387     
4.1826969697          0.00320331146424      5.60113968929e-05     0.00687286223839      -0.0012163218994      
4.36450505051         0.00145205219793      2.56017665776e-05     0.00305751451542      -0.000548734514296    
4.54631313131         0.000610417111534     1.08445144285e-05     0.00126237126542      -0.00022934920422     
4.72812121212         0.000238237505429     4.26202443974e-06     0.000484229648108     -8.89233317199e-05    
4.90992929293         8.6403017906e-05      1.55567232767e-06     0.000172721722683     -3.20134710029e-05    
5.09173737374         2.91416733852e-05     5.27809052681e-07     5.73273800309e-05     -1.07101126272e-05    
5.27354545455         9.14633047911e-06     1.66569807029e-07     1.77159547101e-05     -3.33279398089e-06    
5.45535353535         2.67279265405e-06     4.89255997309e-08     5.10012911963e-06     -9.65276132552e-07    
5.63716161616         7.27571836902e-07     1.3381976918e-08      1.36837545974e-06     -2.60351177156e-07    
5.81896969697         1.84568736211e-07     3.40991193954e-09     3.42297786962e-07     -6.5423929842e-08     
6.00077777778         4.36484994964e-08     8.09795144482e-10     7.98589395518e-08     -1.53235975383e-08    
6.18258585859         9.62605367065e-09     1.79294317941e-10     1.73816889046e-08     -3.34647816095e-09    
6.36439393939         1.98024423384e-09     3.70212368542e-11     3.53039595113e-09     -6.81642444273e-10    
6.5462020202          3.80092596485e-10     7.13092317255e-12     6.69294938642e-10     -1.29535104106e-10    
6.72801010101         6.80923086823e-11     1.28173002924e-12     1.18468762095e-10     -2.29735798263e-11    
6.90981818182         1.1401488408e-11      2.1529156176e-13      1.96061123065e-11     -3.80807744984e-12    
7.09162626263         1.76722522988e-12     3.34699605466e-14     3.00459072491e-12     -5.84303094891e-13    
7.27343434343         2.48064721652e-13     4.71153526723e-15     4.17113854428e-13     -8.1191035679e-14     
7.45524242424         5.3650688753e-14      1.02175799834e-15     8.924577243e-14       -1.73826201143e-14    
7.63705050505         6.95167396717e-15     1.3273423999e-16      1.14431430963e-14     -2.22961977366e-15    
7.81885858586         7.41851571515e-15     1.41997558011e-16     1.20873776797e-14     -2.35542015101e-15    
8.00066666667         7.90170662871e-15     1.51603087699e-16     1.27469361927e-14     -2.4836705551e-15     
8.18247474747         8.40130291126e-15     1.61552359905e-16     1.34217066133e-14     -2.61430358375e-15    
8.36428282828         8.91735812185e-15     1.718468357e-16       1.41116040208e-14     -2.74725396909e-15    
8.54609090909         9.44992335999e-15     1.82487911119e-16     1.48166274545e-14     -2.88229964818e-15    
8.7278989899          9.99904743327e-15     1.93476921476e-16     1.55363236864e-14     -3.01932851008e-15    
8.90970707071         1.05647770099e-14     2.04815145295e-16     1.62706549644e-14     -3.15844458568e-15    
9.09151515152         1.11471567578e-14     2.16503807917e-16     1.7019541389e-14      -3.2995880112e-15     
9.27332323232         1.17462294716e-14     2.28544084792e-16     1.77828881801e-14     -3.44270069361e-15    
9.45513131313         1.23620361896e-14     2.40937104514e-16     1.85605992598e-14     -3.58772624582e-15    
9.63693939394         1.29946163e-14        2.53683951605e-16     1.93525799998e-14     -3.73460992388e-15    
9.81874747475         1.36440076399e-14     2.66785669084e-16     2.01587380662e-14     -3.88329856619e-15    
10.0005555556         1.43102465858e-14     2.80243260838e-16     2.09789837041e-14     -4.03374053484e-15    
10.1823636364         1.49933681368e-14     2.94057693819e-16     2.18132298118e-14     -4.18588565902e-15    
10.3641717172         1.56934059926e-14     3.08229900067e-16     2.26613919251e-14     -4.33968518069e-15    
10.545979798          1.64103926247e-14     3.22760778602e-16     2.35233881602e-14     -4.4950917022e-15     
10.7277878788         1.71443593432e-14     3.37651197167e-16     2.4399139137e-14      -4.65205913612e-15    
10.9095959596         1.78953363582e-14     3.5290199386e-16      2.52885678939e-14     -4.81054265699e-15    
11.0914040404         1.86633528372e-14     3.6851397865e-16      2.61915997987e-14     -4.97049865513e-15    
11.2732121212         1.94484369587e-14     3.84487934785e-16     2.71081624604e-14     -5.13188469229e-15    
11.455020202          2.02506159621e-14     4.00824620118e-16     2.80381856419e-14     -5.29465945918e-15    
11.6368282828         2.10699161941e-14     4.17524768337e-16     2.89816011761e-14     -5.45878273481e-15    
11.8186363636         2.19063631521e-14     4.34589090123e-16     2.99383428836e-14     -5.62421534748e-15    
12.0004444444         2.27599815252e-14     4.52018274227e-16     3.09083464952e-14     -5.79091913744e-15    
12.1822525253         2.3630795232e-14      4.69812988487e-16     3.18915495771e-14     -5.95885692115e-15    
12.3640606061         2.45188274567e-14     4.87973880782e-16     3.28878914592e-14     -6.12799245703e-15    
12.5458686869         2.54241006823e-14     5.06501579923e-16     3.38973131672e-14     -6.29829041263e-15    
12.7276767677         2.63466367225e-14     5.25396696499e-16     3.49197573573e-14     -6.46971633327e-15    
12.9094848485         2.72864567513e-14     5.44659823669e-16     3.5955168255e-14      -6.64223661185e-15    
13.0912929293         2.82435813308e-14     5.64291537905e-16     3.70034915957e-14     -6.81581846008e-15    
13.2731010101         2.92180304375e-14     5.84292399703e-16     3.80646745687e-14     -6.99042988081e-15    
13.4549090909         3.02098234874e-14     6.04662954244e-16     3.9138665764e-14      -7.16603964156e-15    
13.6367171717         3.12189793594e-14     6.25403732025e-16     4.02254151213e-14     -7.34261724908e-15    
13.8185252525         3.22455164171e-14     6.46515249451e-16     4.13248738817e-14     -7.52013292505e-15    
14.0003333333         3.32894525302e-14     6.679980094e-16       4.24369945416e-14     -7.69855758272e-15    
14.1821414141         3.43508050941e-14     6.89852501754e-16     4.3561730809e-14      -7.87786280446e-15    
14.3639494949         3.54295910486e-14     7.12079203906e-16     4.46990375616e-14     -8.05802082031e-15    
14.5457575758         3.65258268959e-14     7.34678581235e-16     4.58488708072e-14     -8.23900448735e-15    
14.7275656566         3.76395287174e-14     7.57651087566e-16     4.70111876457e-14     -8.42078726985e-15    
14.9093737374         3.87707121896e-14     7.80997165598e-16     4.81859462335e-14     -8.60334322028e-15    
15.0911818182         3.99193925994e-14     8.04717247314e-16     4.93731057488e-14     -8.78664696104e-15    
15.272989899          4.10855848585e-14     8.28811754375e-16     5.05726263595e-14     -8.97067366688e-15    
15.4547979798         4.22693035173e-14     8.53281098486e-16     5.17844691921e-14     -9.15539904805e-15    
15.6366060606         4.34705627777e-14     8.78125681756e-16     5.30085963023e-14     -9.34079933407e-15    
15.8184141414         4.4689376506e-14      9.03345897028e-16     5.42449706476e-14     -9.52685125814e-15    
16.0002222222         4.59257582441e-14     9.28942128206e-16     5.54935560603e-14     -9.7135320421e-15     
16.182030303          4.71797212215e-14     9.54914750559e-16     5.67543172235e-14     -9.90081938204e-15    
16.3638383838         4.84512783657e-14     9.81264131013e-16     5.8027219647e-14      -1.00886914344e-14    
16.5456464646         4.97404423125e-14     1.00799062843e-15     5.93122296459e-14     -1.02771268025e-14    
16.7274545455         5.10472254159e-14     1.03509459388e-15     6.060931432e-14       -1.04661045239e-14    
16.9092626263         5.23716397576e-14     1.06257637088e-15     6.19184415349e-14     -1.06556040576e-14    
17.0910707071         5.37136971559e-14     1.09043629567e-15     6.32395799046e-14     -1.08456052725e-14    
17.2728787879         5.50734091739e-14     1.11867469742e-15     6.4572698776e-14      -1.10360884356e-14    
17.4546868687         5.64507871286e-14     1.14729189844e-15     6.59177682152e-14     -1.12270342009e-14    
17.6364949495         5.78458420978e-14     1.17628821443e-15     6.72747589957e-14     -1.1418423599e-14     
17.8183030303         5.92585849284e-14     1.20566395469e-15     6.86436425888e-14     -1.16102380263e-14    
18.0001111111         6.0689026243e-14      1.23541942225e-15     7.00243911571e-14     -1.18024592354e-14    
18.1819191919         6.21371764472e-14     1.26555491415e-15     7.14169775509e-14     -1.19950693252e-14    
18.3637272727         6.36030457363e-14     1.29607072155e-15     7.2821375309e-14      -1.21880507318e-14    
18.5455353535         6.50866441014e-14     1.32696712993e-15     7.42375586641e-14     -1.23813862195e-14    
18.7273434343         6.65879813354e-14     1.35824441928e-15     7.56655025551e-14     -1.25750588722e-14    
18.9091515152         6.81070670394e-14     1.38990286421e-15     7.71051826485e-14     -1.27690520847e-14    
19.090959596          6.96439106279e-14     1.42194273414e-15     7.85565753722e-14     -1.29633495549e-14    
19.2727676768         7.11985213344e-14     1.45436429346e-15     8.00196579673e-14     -1.31579352762e-14    
19.4545757576         7.27709082165e-14     1.48716780162e-15     8.14944085671e-14     -1.33527935294e-14    
19.6363838384         7.43610801608e-14     1.52035351333e-15     8.29808063189e-14     -1.35479088756e-14    
19.8181919192         7.59690458883e-14     1.55392167864e-15     8.44788315755e-14     -1.37432661495e-14    
20                    0                     0                     0                     0                     
