0.0779191396          0                     0                     0                     0                     
0.087577837391        0.0196015677111       0.00166306064546      0.0208729118732       0.00105024038981      
0.0972365351819       0.117447053787        0.0071845578972       0.12386382831         0.00431777263716      
0.106895232973        0.305092467334        0.0131339014625       0.318986939179        0.00728392857061      
0.116553930764        0.569390482584        0.0154098741456       0.590577358976        0.00708206812137      
0.126212628555        0.892214042562        0.010638371382        0.918572090736        0.00136960053129      
0.135871326346        1.25680182053         -0.00332724145297     1.28503599775         -0.011314145488       
0.145530024137        1.64914778642         -0.0284586623304      1.67540654766         -0.0323672192454      
0.155188721928        2.05824615833         -0.0656449990211      2.07854632784         -0.0623780286897      
0.164847419719        2.47571649101         -0.115760756929       2.4861963965          -0.10196397713        
0.17450611751         2.89515316318         -0.18040615331        2.89223906481         -0.152308489275       
0.184164815301        3.31052304852         -0.260588849028       3.29131305781         -0.214169792503       
0.193823513091        3.7163207855          -0.358271178787       3.67878738018         -0.289021060404       
0.203482210882        4.1057849335          -0.473263891529       4.04935879275         -0.376716090249       
0.213140908673        4.47273997842         -0.603021362392       4.39829171029         -0.475360262827       
0.222799606464        4.81319113914         -0.742170659277       4.72263322506         -0.580936640919       
0.232458304255        5.12730328588         -0.886517500231       5.02259928558         -0.690319759554       
0.242117002046        5.41529538482         -1.03243569517        5.29848761829         -0.800797089162       
0.251775699837        5.67884100982         -1.1771084356         5.55177768473         -0.910263117891       
0.261434397628        5.91969891884         -1.31835737598        5.78393430429         -1.01709032828        
0.271093095419        6.14050750715         -1.45507935598        5.99715402392         -1.12045784186        
0.28075179321         6.34325572036         -1.58725899886        6.1931684681          -1.22035459305        
0.290410491001        6.52909299521         -1.71516835402        6.37302407929         -1.31699068895        
0.300069188792        6.69848956736         -1.83855330021        6.53727583862         -1.41018175646        
0.309727886583        6.85209315814         -1.95635121209        6.68662053979         -1.49913584435        
0.319386584374        6.99135113117         -2.06681759753        6.82228753489         -1.58254021705        
0.329045282165        7.11928923953         -2.17078295037        6.9467796325          -1.66102455804        
0.338703979956        7.23709872485         -2.26871522447        7.06110842617         -1.73497558218        
0.348362677747        7.34635164424         -2.36099847935        7.16664235331         -1.80464740225        
0.358021375538        7.44765168113         -2.44898767108        7.26394845937         -1.87106233613        
0.367680073329        7.5417642098          -2.53317208884        7.35378084293         -1.93458478977        
0.37733877112         7.62873844606         -2.61454587044        7.43627344344         -1.99596425468        
0.386997468911        7.70840372614         -2.69348060177        7.51144800095         -2.05548378133        
0.396656166702        7.78060508597         -2.77003927918        7.57927782242         -2.11319035788        
0.406314864492        7.84538012734         -2.84419935574        7.63992550718         -2.16907137453        
0.415973562283        7.90277605393         -2.91562130406        7.69352417366         -2.22287568389        
0.425632260074        7.9528093091          -2.98390935546        7.7401463446          -2.27430795466        
0.435290957865        7.99628383486         -3.04887517233        7.78053183656         -2.32323056365        
0.444949655656        8.03325799432         -3.10993137414        7.81473730837         -2.36920256146        
0.454608353447        8.06453314226         -3.16713944048        7.84350644372         -2.41227068329        
0.464267051238        8.09098296576         -3.22040141887        7.86753880004         -2.45236428875        
0.473925749029        8.11288304624         -3.26963839919        7.88711204799         -2.48942235019        
0.48358444682         8.13097826409         -3.31504288897        7.90285170014         -2.5235930059         
0.493243144611        8.14566843499         -3.35667765405        7.91506833444         -2.55491862566        
0.502901842402        8.15757222335         -3.39497382563        7.92433269239         -2.58372827665        
0.512560540193        8.16710340354         -3.4301747629         7.9310091171          -2.61020173121        
0.522219237984        8.17416539465         -3.46253015537        7.93495498377         -2.63452170074        
0.531877935775        8.1802361628          -3.49267607387        7.93761065206         -2.65717695179        
0.541536633566        8.18414312181         -3.52058698261        7.93786530679         -2.67813958089        
0.551195331357        8.18662494461         -3.54675097361        7.93642443948         -2.69778139099        
0.560854029148        8.18758256161         -3.57134376423        7.93322223048         -2.7162315024         
0.570512726939        8.18687264111         -3.59460097409        7.92814118399         -2.73366730704        
0.58017142473         8.18454504768         -3.61660644678        7.9213513898          -2.75015413817        
0.589830122521        8.18057527375         -3.63696314761        7.91280406585         -2.76537813559        
0.599488820312        8.17556287045         -3.65679660234        7.90300436591         -2.78020479597        
0.609147518103        8.16946938113         -3.67616437654        7.89200680374         -2.7946768359         
0.618806215893        8.16122316576         -3.69468972759        7.87883024259         -2.80850808689        
0.628464913684        8.15180502256         -3.71289839999        7.86446091265         -2.82209449873        
0.638123611475        8.14078220977         -3.73043054724        7.84849482722         -2.83516137787        
0.647782309266        8.12791847525         -3.74789719121        7.83078326504         -2.84817083085        
0.657441007057        8.11360584757         -3.7643550286         7.81166559848         -2.86041929099        
0.667099704848        8.09749092975         -3.78048447359        7.79088864175         -2.87241374957        
0.676758402639        8.07950315282         -3.79600920233        7.7683814478          -2.88394767599        
0.68641710043         8.05981237287         -3.81094385323        7.74432238556         -2.8950339254         
0.696075798221        8.03825340831         -3.82516058556        7.71856782813         -2.90557580963        
0.705734496012        8.01530227728         -3.83880678827        7.6915717357          -2.91568307733        
0.715393193803        7.99039003555         -3.8516118049         7.66282987303         -2.9251543139         
0.725051891594        7.96386054841         -3.86363095488        7.63265160453         -2.93403176119        
0.734710589385        7.93567499063         -3.87483515638        7.60101781576         -2.9422989206         
0.744369287176        7.9059583579          -3.88512892884        7.56804760059         -2.94987933776        
0.754027984967        7.87470380036         -3.89432360671        7.53371202951         -2.95661834607        
0.763686682758        7.84199222087         -3.9026446752         7.4980862375          -2.96271321631        
0.773345380549        7.80783168381         -3.91012142175        7.46120763687         -2.96817819431        
0.78300407834         7.77236008396         -3.91656957449        7.4231871349          -2.97286546551        
0.792662776131        7.73526562935         -3.92190358208        7.38373708229         -2.97671646598        
0.802321473922        7.69764695839         -3.9265401796         7.34383423883         -2.9800388542         
0.811980171713        7.65802821024         -3.92970594328        7.30224524821         -2.98225751849        
0.821638869504        7.61755432267         -3.93162045573        7.25986643709         -2.98353492031        
0.831297567294        7.57601325641         -3.93257823394        7.21654812713         -2.98408775462        
0.840956265085        7.53350776624         -3.9324148964         7.17240383307         -2.98379809942        
0.850614962876        7.48963400597         -3.93087505123        7.12702377796         -2.9824706829         
0.860273660667        7.44518576042         -3.92833504105        7.08115307361         -2.98038985881        
0.869932358458        7.39960143445         -3.9245188861         7.03426281061         -2.97734815242        
0.879591056249        7.35335468371         -3.9196429892         6.98677090122         -2.97350751031        
0.88924975404         7.30623680479         -3.91355313473        6.93849975915         -2.96875173893        
0.898908451831        7.25842553518         -3.90635661987        6.88959813776         -2.96316244669        
0.908567149622        7.20960411904         -3.89791427317        6.83976576565         -2.95663761392        
0.918225847413        7.16001788882         -3.8883594851         6.78924293543         -2.94926695822        
0.927884545204        7.10951396801         -3.87752397742        6.73785890086         -2.94093340176        
0.937543242995        7.057988717           -3.86547248966        6.6855189664          -2.93168216785        
0.947201940786        7.00566402891         -3.85227298609        6.63243770324         -2.921564481          
0.956860638577        6.95243286707         -3.83776076124        6.5784068843          -2.9104519351         
0.966519336368        6.89626828875         -3.82117832029        6.52178384219         -2.89776987922        
0.976178034159        6.83705420637         -3.80221102227        6.46220661198         -2.88329517222        
0.98583673195         6.76229808212         -3.773950713          6.3879572096          -2.86176919837        
0.995495429741        6.67925183424         -3.74035909324        6.30590536962         -2.83620359946        
1.00515412753         6.59842436964         -3.70733970585        6.22598333827         -2.81107547907        
1.01481282532         6.51998460519         -3.67462082926        6.14829412434         -2.78617796836        
1.02447152311         6.44271467957         -3.64281051568        6.07182575132         -2.76197014833        
1.0341302209          6.36715628987         -3.61110733801        5.99695052571         -2.73784403909        
1.0437889187          6.29311798294         -3.57974049197        5.92357182348         -2.71397829427        
1.05344761649         6.22002572489         -3.54849093831        5.85109493593         -2.69020123851        
1.06310631428         6.14829098089         -3.51766315088        5.77993329574         -2.66674374253        
1.07276501207         6.0776109008          -3.48702890465        5.70978468625         -2.64343036055        
1.08242370986         6.00767789701         -3.45657588555        5.6404636251          -2.62026184306        
1.09208240765         5.93928561727         -3.42665999252        5.57257286218         -2.59749791849        
1.10174110544         5.87145239316         -3.39679924004        5.50526512166         -2.57477604691        
1.11139980323         5.80489282032         -3.36744841425        5.43919698074         -2.55244140549        
1.12105850102         5.73926868833         -3.33843195004        5.3740604705          -2.53036011303        
1.13071719881         5.67451575368         -3.30973802474        5.30979698031         -2.50852288663        
1.14037589661         5.61036032294         -3.28131093899        5.24618190893         -2.48689004498        
1.1500345944          5.54760770704         -3.25343349038        5.18387874514         -2.46567124055        
1.15969329219         5.48544512555         -3.22589999655        5.12223184051         -2.44471691397        
1.16935198998         5.42361670582         -3.19820408657        5.06102085607         -2.42363387704        
1.17901068777         5.36282989088         -3.1709395828         5.00081732528         -2.40287536985        
1.18866938556         5.3025325626          -3.14389988072        4.94111731142         -2.38229020427        
1.19832808335         5.24408698276         -3.11788574116        4.88320322603         -2.36248305265        
1.20798678114         5.1856378628          -3.09185247854        4.82535626356         -2.34266317675        
1.21764547893         5.12824544726         -3.06638206402        4.76856012908         -2.32326828027        
1.22730417672         5.07136940075         -3.04121205618        4.71232606453         -2.30410158979        
1.23696287451         5.0156510094          -3.01670821918        4.65724511155         -2.28544031178        
1.24662157231         4.95981221087         -2.9921460826         4.60212735167         -2.26673711875        
1.2562802701          4.90493375713         -2.9681016808         4.54798736993         -2.24842358372        
1.26593896789         4.85126812946         -2.94466298557        4.49495621592         -2.23055451598        
1.27559766568         4.79727214751         -2.92124726001        4.44185915343         -2.21273518299        
1.28525636347         4.74446897182         -2.89855684624        4.38989094801         -2.19545381901        
1.29491506126         4.69200677076         -2.87608245184        4.33831808004         -2.17833639094        
1.30457375905         4.63992716701         -2.85384924898        4.28719122598         -2.16140370759        
1.31423245684         4.58844245162         -2.83207256093        4.23671153573         -2.14481505536        
1.32389115463         4.53758104349         -2.81061062879        4.18689235185         -2.12846583536        
1.33354985242         4.48705600884         -2.78940771747        4.13748758589         -2.11231384331        
1.34320855022         4.43722528449         -2.76856184373        4.08878839747         -2.09643147447        
1.35286724801         4.38750614224         -2.74781397864        4.04030014428         -2.08062504156        
1.3625259458          4.33853805202         -2.72750918274        3.99259400575         -2.06515506579        
1.37218464359         4.28990459926         -2.70734159604        3.94527955238         -2.04978878414        
1.38184334138         4.24162474538         -2.68738882932        3.89838516473         -2.03458641937        
1.39150203917         4.19386479525         -2.6676932481         3.85205467683         -2.01957952829        
1.40116073696         4.14651087503         -2.6481940233         3.8061882591          -2.00472287537        
1.41081943475         4.09962490544         -2.62890878166        3.76082900592         -1.99002932728        
1.42047813254         4.05305788186         -2.60975125302        3.71585197044         -1.97543437701        
1.43013683033         4.00695859687         -2.59077777432        3.67138596963         -1.96097948505        
1.43979552812         3.96132090866         -2.57199437756        3.62742685303         -1.94667036169        
1.44945422592         3.91602424811         -2.55330036543        3.58385461435         -1.93243025251        
1.45911292371         3.87117521201         -2.53475064908        3.54077061169         -1.91830050125        
1.4687716215          3.8267970536          -2.51636632478        3.49819130949         -1.90429774323        
1.47843031929         3.78273622516         -2.49806191712        3.45597966187         -1.8903572411         
1.48808901708         3.73897177435         -2.47980508611        3.4141144057          -1.87645537648        
1.49774771487         3.69583924318         -2.46172418894        3.37288785092         -1.86268839389        
1.50740641266         3.6529800613          -2.44369142638        3.33198680292         -1.84895955567        
1.51706511045         3.61049934155         -2.42572752128        3.2914989335          -1.83528522687        
1.52672380824         3.56870912772         -2.40800344603        3.25167664303         -1.82179166098        
1.53638250603         3.52705190188         -2.39006857709        3.21207084482         -1.80814427779        
1.54604120383         3.48613606412         -2.37246459805        3.17317448655         -1.79474708679        
1.55569990162         3.44541743175         -2.35478580022        3.13454435467         -1.78129792094        
1.56535859941         3.40532544749         -2.33730841757        3.09649964391         -1.76799754424        
1.5750172972          3.36541465647         -2.31970562076        3.05869396242         -1.75460735993        
1.58467599499         3.32628565172         -2.30230010991        3.02162683427         -1.74136746202        
1.59433469278         3.28731190686         -2.28484257253        2.98477599238         -1.7280909812         
1.60399339057         3.24921491789         -2.26769681939        2.9487567173          -1.71505153949        
1.61365208836         3.21136097367         -2.25045861341        2.91300079028         -1.70194419467        
1.62331078615         3.17416711822         -2.23339344084        2.87788380491         -1.68897022146        
1.63296948394         3.1374378192          -2.21640776412        2.84322376708         -1.67605664538        
1.64262818173         3.10135039777         -2.19964053755        2.80917835195         -1.66331441387        
1.65228687953         3.06588364033         -2.18293770777        2.77573918041         -1.6506148577         
1.66194557732         3.03116543826         -2.16652074988        2.74300346971         -1.63813526042        
1.67160427511         2.99728081482         -2.15044178143        2.71105238185         -1.62591411688        
1.6812629729          2.96436860371         -2.1347994466         2.68000911352         -1.61402628468        
1.69092167069         2.93573205411         -2.12197671402        2.65285696208         -1.60427129097        
1.70058036848         2.92990118316         -2.12531265164        2.6463136024          -1.60672739751        
1.71023906627         2.92152054855         -2.1268875622         2.63747464638         -1.60786355581        
1.71989776406         2.91160677172         -2.127185205          2.62725282868         -1.60803158168        
1.72955646185         2.90048923342         -2.12644895163        2.61594491157         -1.60741853994        
1.73921515964         2.88824551154         -2.12479139613        2.60362723421         -1.60610989907        
1.74887385744         2.87506155557         -2.12232536797        2.59046272337         -1.60418958343        
1.75853255523         2.86077709762         -2.11890109714        2.57633728998         -1.60154628414        
1.76819125302         2.84589240485         -2.11485598082        2.56164835344         -1.59843240862        
1.77784995081         2.83015470246         -2.11010912006        2.54620830282         -1.59478971506        
1.7875086486          2.81352460979         -2.10452657974        2.52998961961         -1.59051430194        
1.79716734639         2.79641070259         -2.0978484108         2.51330097206         -1.58540738381        
1.80682604418         2.778326438           -2.09110463081        2.49581335936         -1.58025220512        
1.81648474197         2.75991996302         -2.08358453144        2.47799571343         -1.57451143854        
1.82614343976         2.74099124093         -2.07554701228        2.4597130471          -1.56838035446        
1.83580213755         2.7215024727          -2.06697739934        2.44093441483         -1.5618477688         
1.84546083534         2.70149932166         -2.05789900452        2.4217022852          -1.55493030336        
1.85511953314         2.68106114571         -2.04834620125        2.40208400379         -1.54765389318        
1.86477823093         2.6600840462          -2.03832527316        2.38199974933         -1.54002393126        
1.87443692872         2.63869332942         -2.02787847798        2.3615515096          -1.53207090577        
1.88409562651         2.61686057053         -2.01700535448        2.34072243204         -1.52379610425        
1.8937543243          2.59460670978         -2.00574076998        2.31953182247         -1.51522554994        
1.90341302209         2.57194067823         -1.99409417229        2.2979896997          -1.5063661563         
1.91307171988         2.54890305021         -1.98208608213        2.27613279335         -1.49723328955        
1.92273041767         2.525514232           -1.96973827685        2.25397852564         -1.48784375408        
1.93238911546         2.50172022419         -1.95705320497        2.23148657208         -1.47819932774        
1.94204781325         2.47762056748         -1.94406397824        2.20874036147         -1.46832502903        
1.95170651105         2.45319878179         -1.93078320142        2.18572870236         -1.45823031284        
1.96136520884         2.42847056671         -1.91724323349        2.16246740913         -1.44793962867        
1.97102390663         2.40339386034         -1.90337020159        2.13892615629         -1.43739736396        
1.98068260442         2.37803992183         -1.88926868514        2.11516343064         -1.42668254401        
1.99034130221         2.35238103866         -1.87489697753        2.09116059269         -1.41576460036        
2                     2.32642825531         -1.86022582785        2.06692876118         -1.40462135226        
2.001                 2.32375991257         -1.8588296426         2.06443254024         -1.40355908191        
2.20817499884         1.7260209579          -1.50386718036        1.51659107279         -1.13432346144        
2.41534999768         1.14104094386         -1.10021053329        0.994489497064        -0.828982920817       
2.62252499652         0.685331262836        -0.72557512587        0.592465836712        -0.546138238539       
2.82969999535         0.369665319456        -0.438566357409       0.317340502926        -0.329754700016       
3.03687499419         0.175494337947        -0.238037779623       0.150016193244        -0.178807752121       
3.24404999303         0.0734204583236       -0.116062661688       0.0625905732077       -0.0871089708616      
3.45122499187         0.0260990017103       -0.0502559205366      0.0222948620354       -0.037693023617       
3.65839999071         0.00759352666397      -0.0191799755112      0.00655442095664      -0.0143778142382      
3.86557498955         0.00162176228917      -0.00632611739287     0.00144949172706      -0.00474044137055     
4.07274998838         0.000151507555495     -0.00174201458602     0.000166443081829     -0.00130510058016     
4.27992498722         -5.34752476702e-05    -0.000369458193921    -3.07113516054e-05    -0.000276807952558    
4.48709998606         -2.62643904955e-05    -4.59846977615e-05    -1.85968451067e-05    -3.44724934985e-05    
4.6942749849          -1.20000559224e-06    -4.21225651179e-07    -8.72218622634e-07    -3.16670628716e-07    
4.6952749849          -1.16023839344e-06    -4.02194889746e-07    -8.43285596155e-07    -3.02364394697e-07    
4.7122749849          -6.00489866829e-07    -1.5830827557e-07     -4.36127640874e-07    -1.18953058766e-07    
4.7292749849          -2.35815996488e-07    -2.50732870567e-08    -1.71079450292e-07    -1.86634283759e-08    
4.7462749849          -3.54032058614e-08    4.09177083493e-08     -2.55878030382e-08    3.10700445683e-08     
4.7632749849          2.65686917252e-09     1.04974491201e-07     2.05976563334e-09     7.83119006449e-08     
4.7802749849          4.66684384842e-09     2.26715179021e-07     3.58256259096e-09     1.66473941133e-07     
4.7972749849          6.12288175273e-09     3.44086171699e-07     4.6829184691e-09      2.50883959651e-07     
4.8142749849          7.03512008394e-09     4.43523850088e-07     5.37003675219e-09     3.21940501865e-07     
4.8152749849          7.07381441351e-09     4.48722497994e-07     5.39909623874e-09     3.25641593225e-07     
4.99391880861         3.73244266697e-09     5.44925825487e-07     2.83373017014e-09     3.86736653979e-07     
5.17256263231         5.63661259886e-10     2.24566204962e-07     4.26740283822e-10     1.57096202665e-07     
5.35120645602         -3.39726468913e-11    6.42985734222e-08     -2.61079394218e-11    4.44358347151e-08     
5.52985027973         -4.06092396212e-11    1.40263265674e-08     -3.08723809537e-11    9.58911050242e-09     
5.70849410344         -1.08347140929e-11    2.23820387625e-09     -8.22696417587e-12    1.51534371583e-09     
5.88713792714         -1.29397452556e-12    1.99265469266e-10     -9.81985886629e-13    1.33751571789e-10     
6.06578175085         1.5691372896e-12      1.24431612274e-14     1.0462291134e-12      1.47905545578e-14     
6.24442557456         1.47886390252e-11     1.36035227519e-13     9.79725866815e-12     1.09239989135e-13     
6.42306939826         8.26249617664e-12     8.53810920657e-14     5.43111031199e-12     4.61318756344e-14     
6.60171322197         2.9002628801e-12      3.29443909267e-14     1.89078285927e-12     1.1373865236e-14      
6.78035704568         8.01534249564e-13     9.85358585903e-15     5.18178190881e-13     1.91259318344e-15     
6.95900086938         1.88603249759e-13     2.48021351606e-15     1.20897728674e-13     1.7916399754e-16      
7.13764469309         3.84846539644e-14     5.3651986203e-16      2.44598410372e-14     -1.38417306511e-17    
7.3162885168          7.15107215249e-15     1.04937099498e-16     4.50646989008e-15     -1.14983623556e-17    
7.49493234051         1.61684124837e-15     2.48300176778e-17     1.01029879786e-15     -4.44157031572e-18    
7.67357616421         4.38598728392e-16     7.01557705366e-18     2.71753000941e-16     -1.67761730651e-18    
7.85221998792         5.38568921613e-16     8.93712169256e-18     3.30904821249e-16     -2.61055445579e-18    
8.03086381163         6.49593009822e-16     1.11454451194e-17     3.95813486987e-16     -3.75713354859e-18    
8.20950763533         7.71845644063e-16     1.36532683432e-17     4.66429402568e-16     -5.14599039157e-18    
8.38815145904         9.0548719439e-16      1.64724928745e-17     5.42717758264e-16     -6.79394306561e-18    
8.56679528275         1.05066527268e-15     1.96142754677e-17     6.24635976221e-16     -8.7148741023e-18     
8.74543910646         1.20751608316e-15     2.308909427e-17       7.12146068533e-16     -1.09119106203e-17    
8.92408293016         1.3761656103e-15      2.69068075064e-17     8.05169303113e-16     -1.33815662559e-17    
9.10272675387         1.55673066053e-15     3.10767056848e-17     9.03650433212e-16     -1.61489828796e-17    
9.28137057758         1.7493197756e-15      3.56075581708e-17     1.00753285699e-15     -1.92223717202e-17    
9.46001440128         1.95403403441e-15     4.05076548585e-17     1.1167569702e-15      -2.26089896169e-17    
9.63865822499         2.1709677586e-15      4.57848435601e-17     1.23126224713e-15     -2.6315215333e-17     
9.8173020487          2.40020913484e-15     5.14465636446e-17     1.35098874148e-15     -3.0346620334e-17     
9.9959458724          2.64184076547e-15     5.74998763828e-17     1.47588600106e-15     -3.47069087997e-17    
10.1745896961         2.89594015703e-15     6.39514923896e-17     1.60587311669e-15     -3.93621150444e-17    
10.3532335198         3.16258015494e-15     7.08077965009e-17     1.74087153517e-15     -4.43467270106e-17    
10.5318773435         3.44182933147e-15     7.80748703775e-17     1.88082431061e-15     -4.96630315103e-17    
10.7105211672         3.73375233288e-15     8.57585130882e-17     2.02566890041e-15     -5.53127868362e-17    
10.8891649909         4.03841019102e-15     9.38642598926e-17     2.1753423747e-15      -6.12972673263e-17    
11.0678088146         4.35586060349e-15     1.02397399415e-16     2.32978209288e-15     -6.76173043401e-17    
11.2464526384         4.68615818653e-15     1.11362989377e-16     2.48892598369e-15     -7.42733239285e-17    
11.4250964621         5.02935470345e-15     1.2076587104e-16      2.65271273582e-15     -8.12653814591e-17    
11.6037402858         5.38549927177e-15     1.30610682475e-16     2.82108198715e-15     -8.85931934421e-17    
11.7823841095         5.75463855118e-15     1.40901870795e-16     2.99397459476e-15     -9.62561667854e-17    
11.9610279332         6.13681691472e-15     1.51643703429e-16     3.17133320305e-15     -1.04253425687e-16    
12.1396717569         6.53207660476e-15     1.62840278542e-16     3.35310426369e-15     -1.12583836361e-16    
12.3183155806         6.94045787553e-15     1.74495534672e-16     3.5392493333e-15      -1.21226379548e-16    
12.4969594043         7.36199912359e-15     1.86613259666e-16     3.72966115556e-15     -1.30162851023e-16    
12.675603228          7.79673700743e-15     1.99197098964e-16     3.92429118586e-15     -1.39420399924e-16    
12.8542470517         8.24470655728e-15     2.12250563297e-16     4.12308854975e-15     -1.48996683582e-16    
13.0328908754         8.7059412762e-15      2.25777035852e-16     4.32599991646e-15     -1.58889197613e-16    
13.2115346991         9.18047323313e-15     2.39779778936e-16     4.53297202787e-15     -1.69095291193e-16    
13.3901785228         9.66833314879e-15     2.54261940202e-16     4.74395219349e-15     -1.79612181118e-16    
13.5688223465         1.0169550475e-14      2.69226558454e-16     4.95888845419e-15     -1.90436964761e-16    
13.7474661703         1.06841534683e-14     2.8467656907e-16      5.17772964927e-15     -2.01566632001e-16    
13.926109994          1.12121692578e-14     3.00614809083e-16     5.40042544636e-15     -2.12998076225e-16    
14.1047538177         1.17536239082e-14     3.17044021933e-16     5.62692635462e-15     -2.24728104451e-16    
14.2833976414         1.23085424787e-14     3.33966861928e-16     5.85718372949e-15     -2.36753446674e-16    
14.4620414651         1.28769490776e-14     3.51385898423e-16     6.09114977308e-15     -2.49070764467e-16    
14.6406852888         1.34588669126e-14     3.69303619754e-16     6.32877753253e-15     -2.61676658918e-16    
14.8193291125         1.40543183386e-14     3.87722436928e-16     6.57002089776e-15     -2.74567677946e-16    
14.9979729362         1.46633249015e-14     4.06644687102e-16     6.81483460032e-15     -2.87740323037e-16    
15.1766167599         1.528590738e-14       4.26072636856e-16     7.06317421456e-15     -3.01191055467e-16    
15.3552605836         1.59220858234e-14     4.46008485277e-16     7.31499616385e-15     -3.14916302024e-16    
15.5339044073         1.65718795885e-14     4.66454366875e-16     7.57025773522e-15     -3.28912460297e-16    
15.712548231          1.72353073727e-14     4.87412354326e-16     7.8289171097e-15      -3.43175903537e-16    
15.8911920547         1.79123872465e-14     5.08884461073e-16     8.09093342235e-15     -3.57702985144e-16    
16.0698358784         1.86031366826e-14     5.30872643781e-16     8.35626688557e-15     -3.72490042802e-16    
16.2484797022         1.93075725842e-14     5.53378804659e-16     8.62487906725e-15     -3.87533402282e-16    
16.4271235259         2.00257113113e-14     5.76404793662e-16     8.89673365445e-15     -4.02829380945e-16    
16.6057673496         2.07575687055e-14     5.99952410574e-16     9.17179972266e-15     -4.18374290974e-16    
16.7844111733         2.15031601132e-14     6.24023406987e-16     9.45006211805e-15     -4.3412879893e-16     
16.963054997          2.22625004076e-14     6.48619488178e-16     9.73140963478e-15     -4.50084438332e-16    
17.1416988207         2.30356040095e-14     6.73742314885e-16     1.00158233803e-14     -4.66271932295e-16    
17.3203426444         2.38224849068e-14     6.99393505005e-16     1.03032730913e-14     -4.82687407132e-16    
17.4989864681         2.46231566732e-14     7.25574635201e-16     1.05937250707e-14     -4.99326996421e-16    
17.6776302918         2.54376324853e-14     7.52287242427e-16     1.08871451073e-14     -5.16186842991e-16    
17.8562741155         2.62659251395e-14     7.79532825395e-16     1.11834991088e-14     -5.33263100758e-16    
18.0349179392         2.71080470675e-14     8.07312845951e-16     1.14827533183e-14     -5.50551936397e-16    
18.2135617629         2.79640103511e-14     8.35628730403e-16     1.17848744031e-14     -5.68049530879e-16    
18.3922055866         2.88338267363e-14     8.6448187078e-16      1.20898294938e-14     -5.85752080874e-16    
18.5708494103         2.97175076468e-14     8.93873626032e-16     1.23975862018e-14     -6.03655800034e-16    
18.7494932341         3.06150641962e-14     9.23805323178e-16     1.2708112625e-14      -6.2175692016e-16     
18.9281370578         3.15265072007e-14     9.54278258402e-16     1.30213773479e-14     -6.40051692271e-16    
19.1067808815         3.24518471899e-14     9.852936981e-16       1.33373494379e-14     -6.58536387567e-16    
19.2854247052         3.33910944179e-14     1.01685287988e-15     1.36559984395e-14     -6.77207298309e-16    
19.4640685289         3.43442588739e-14     1.0489570135e-15      1.39772943679e-14     -6.9606073861e-16     
19.6427123526         3.53113502914e-14     1.08160728183e-15     1.43012077011e-14     -7.15093045154e-16    
19.8213561763         3.62923781582e-14     1.11480484168e-15     1.46277093723e-14     -7.34300577837e-16    
20                    0                     0                     0                     0                     
