0.0779191396          0                     0                     0                     0                     
0.087577837391        0.00733115792656      -0.0019166223217      0.0127910939344       -0.00308363818004     
0.0972365351819       0.0441238641484       -0.0138320659879      0.0764236403555       -0.0218558088237      
0.106895232973        0.114446022476        -0.0428603351614      0.197078526393        -0.066785366166       
0.116553930764        0.20942004267         -0.0944019860594      0.359637685913        -0.145500551022       
0.126212628555        0.31382516972         -0.167874112235       0.539566928409        -0.256817072888       
0.135871326346        0.416441148118        -0.255600455512       0.718629770296        -0.389226485545       
0.145530024137        0.512780943012        -0.349963764848       0.888962283212        -0.531374887798       
0.155188721928        0.601452714684        -0.446184131209       1.04762179864         -0.676152707834       
0.164847419719        0.682179231455        -0.541346627771       1.19360342196         -0.81921693978        
0.17450611751         0.755092479169        -0.633485496696       1.32670727988         -0.957640136384       
0.184164815301        0.820597423529        -0.721753058242       1.44731624589         -1.09016239513        
0.193823513091        0.879126940378        -0.80541298104        1.55594541995         -1.21569363079        
0.203482210882        0.931226161007        -0.884146219824       1.65334970608         -1.33376298642        
0.213140908673        0.977521891845        -0.957765209966       1.74046474603         -1.44408873406        
0.222799606464        1.01862839225         -1.02676691713        1.81826243529         -1.54743489239        
0.232458304255        1.0549100053          -1.09087045949        1.88733187924         -1.64337715092        
0.242117002046        1.08658976487         -1.1505718294         1.94804019167         -1.73266935839        
0.251775699837        1.11420159553         -1.20596873618        2.00131941021         -1.81546345944        
0.261434397628        1.138044796           -1.25714732087        2.04766523172         -1.89189600112        
0.271093095419        1.15850549566         -1.30433262863        2.08773391145         -1.96230928989        
0.28075179321         1.17597687624         -1.34778238473        2.12220751827         -2.02709528523        
0.290410491001        1.1907573276          -1.38774925534        2.15159447043         -2.08663215143        
0.300069188792        1.2030718794          -1.42443539482        2.17629661711         -2.14122753754        
0.309727886583        1.21314567875         -1.45816339842        2.19673281472         -2.19136407853        
0.319386584374        1.22119287409         -1.4891221061         2.21329558212         -2.23732860887        
0.329045282165        1.2273069942          -1.5175463637         2.22618080292         -2.27947279           
0.338703979956        1.2316091925          -1.54356171767        2.23562808024         -2.31798777577        
0.348362677747        1.23423326743         -1.5673194889         2.24189668335         -2.35310348134        
0.358021375538        1.23532142311         -1.58891911043        2.24525090888         -2.38497101757        
0.367680073329        1.23500556853         -1.60864235398        2.24593460846         -2.41402935079        
0.37733877112         1.23308960014         -1.62621739945        2.24366696899         -2.43984559676        
0.386997468911        1.23008553578         -1.64205921976        2.23932131335         -2.46306275409        
0.396656166702        1.22585258214         -1.65614257054        2.2326629339          -2.48364064926        
0.406314864492        1.22065319211         -1.66859503448        2.22416372001         -2.5017761039         
0.415973562283        1.21453538741         -1.67947480132        2.21391010306         -2.5175505892         
0.425632260074        1.20756626893         -1.68886314275        2.20202772116         -2.53109340197        
0.435290957865        1.19985589364         -1.69687049493        2.18872153504         -2.54256944832        
0.444949655656        1.19146586509         -1.70352939358        2.17409422305         -2.55202658925        
0.454608353447        1.18248630033         -1.70900172064        2.15832069683         -2.55970941508        
0.464267051238        1.17298609249         -1.71333386535        2.14152484349         -2.56569059711        
0.473925749029        1.16295709702         -1.71668979071        2.12370351732         -2.57020162269        
0.48358444682         1.15255988922         -1.71884640534        2.10512036671         -2.57292965863        
0.493243144611        1.14168003891         -1.7201341638         2.08562216718         -2.57435870102        
0.502901842402        1.13052364312         -1.72055858205        2.06554329584         -2.57449728149        
0.512560540193        1.11905811916         -1.72029402169        2.04483899349         -2.57362038311        
0.522219237984        1.10717816088         -1.71926169235        2.02335593353         -2.57159594828        
0.531877935775        1.09505412817         -1.71770229155        2.00140778213         -2.56878430074        
0.541536633566        1.08256138996         -1.71542616465        1.97877601343         -2.56490302481        
0.551195331357        1.0697632547          -1.7125564605         1.95558671588         -2.56013666124        
0.560854029148        1.05667380573         -1.70909397895        1.93186793743         -2.5544864937         
0.570512726939        1.0432892481          -1.70503115714        1.90762051087         -2.54794424553        
0.58017142473         1.02961949649         -1.70048252604        1.88288135247         -2.54067918968        
0.589830122521        1.01558316983         -1.69524294061        1.85751816294         -2.53237918894        
0.599488820312        1.00136500474         -1.68944656565        1.83183521796         -2.52324846677        
0.609147518103        0.987039163907        -1.68323168756        1.80596786729         -2.51350306094        
0.618806215893        0.972574363994        -1.6763144747         1.77982413704         -2.50273142516        
0.628464913684        0.958001406819        -1.66913973886        1.75350170596         -2.49158148755        
0.638123611475        0.94326226754         -1.66148802804        1.72689911146         -2.47972368928        
0.647782309266        0.928402468207        -1.65339418241        1.70009136434         -2.4672163745         
0.657441007057        0.913461951964        -1.64488315114        1.67314848814         -2.45409334904        
0.667099704848        0.898463148056        -1.63597600608        1.64611156035         -2.44038869849        
0.676758402639        0.883394988552        -1.62664871006        1.61895931088         -2.42606526992        
0.68641710043         0.868325294001        -1.61695375299        1.59180442463         -2.4112015592         
0.696075798221        0.853192181374        -1.60683531425        1.56454934471         -2.39571581184        
0.705734496012        0.838186119223        -1.59645892333        1.53749852071         -2.37985527383        
0.715393193803        0.82314361937         -1.58576033553        1.51038861002         -2.36352854594        
0.725051891594        0.808153864292        -1.57484000422        1.48337009746         -2.34687774184        
0.734710589385        0.793164952653        -1.56365734319        1.45636993102         -2.32984411961        
0.744369287176        0.778261914514        -1.55218174119        1.42950911065         -2.31238047977        
0.754027984967        0.763379929781        -1.54048815538        1.40270002251         -2.29459948442        
0.763686682758        0.748504984148        -1.52857239983        1.37591545599         -2.27649436969        
0.773345380549        0.733688223251        -1.51647560099        1.34924980362         -2.25812874415        
0.78300407834         0.718841096828        -1.50410367554        1.32255228597         -2.23936180874        
0.792662776131        0.704038406717        -1.49148244428        1.29593644849         -2.22021876116        
0.802321473922        0.689347330457        -1.47880225449        1.26954068012         -2.20100254635        
0.811980171713        0.674713656877        -1.46593357821        1.24325689195         -2.18151528194        
0.821638869504        0.66010091071         -1.45287664382        1.21703346502         -2.16175167423        
0.831297567294        0.645563099784        -1.43963293817        1.19095881621         -2.14172008992        
0.840956265085        0.631097840071        -1.42628375553        1.16503054989         -2.12154089626        
0.850614962876        0.616653566895        -1.41275180797        1.13915904275         -2.10109958216        
0.860273660667        0.6022635191          -1.39903091076        1.11341077018         -2.08038582369        
0.869932358458        0.587889854283        -1.38514511797        1.08772045501         -2.05943361789        
0.879591056249        0.573583925833        -1.37109528878        1.06216847168         -2.03824608324        
0.88924975404         0.559339540556        -1.35686962394        1.03674317561         -2.01680409333        
0.898908451831        0.54516840299         -1.3424734895         1.01146952287         -1.99511887774        
0.908567149622        0.53102708013         -1.32786325565        0.986268794541        -1.97312342238        
0.918225847413        0.51699408766         -1.31308712353        0.961271755623        -1.95089009579        
0.927884545204        0.503017189186        -1.29807420697        0.93639004452         -1.92831433274        
0.937543242995        0.489091524449        -1.28283572612        0.911611013956        -1.90541063678        
0.947201940786        0.475225312223        -1.26737049516        0.886955795318        -1.88217740578        
0.956860638577        0.46141205567         -1.25151535724        0.862393517551        -1.85836518645        
0.966519336368        0.447670694114        -1.23530823998        0.837955739491        -1.83404294233        
0.976178034159        0.433909130375        -1.2184330084         0.81346017837         -1.80873889357        
0.98583673195         0.419363943921        -1.19877995879        0.787480462101        -1.7793182794         
0.995495429741        0.404596887795        -1.17765666888        0.761046240824        -1.7477273425         
1.00515412753         0.390205484746        -1.1569969823         0.735299547115        -1.71683332793        
1.01481282532         0.376178641182        -1.1367453491         0.7102180542          -1.6865545526         
1.02447152311         0.362471845132        -1.11680802843        0.685720678067        -1.65675162781        
1.0341302209          0.34911437162         -1.09719580959        0.661851770021        -1.62744007009        
1.0437889187          0.336031055997        -1.0778887586         0.6384903586          -1.59858932699        
1.05344761649         0.323208002796        -1.05878044014        0.615603331489        -1.57004177841        
1.06310631428         0.310758205889        -1.04002799457        0.593377664528        -1.54203148645        
1.07276501207         0.298393466174        -1.02137047673        0.571352566378        -1.51416831642        
1.08242370986         0.286351704619        -1.00301254786        0.549903070976        -1.48675960229        
1.09208240765         0.274478889989        -0.984806707885       0.528785419335        -1.45957521497        
1.10174110544         0.262908985784        -0.966775032215       0.508203132554        -1.43266060469        
1.11139980323         0.25160510025         -0.949000902717       0.488104082176        -1.4061368379         
1.12105850102         0.24058098295         -0.931431441829       0.468504410999        -1.37992368914        
1.13071719881         0.229788913289        -0.914064080507       0.449327428193        -1.35401832423        
1.14037589661         0.219232982781        -0.896867521092       0.430575396224        -1.32837434969        
1.1500345944          0.208904780498        -0.879903873222       0.412241554516        -1.303084355          
1.15969329219         0.198831678308        -0.863071525408       0.394355546575        -1.27799311019        
1.16935198998         0.189064345911        -0.846537079027       0.37700348278         -1.25335261895        
1.17901068777         0.1794951237          -0.830153826883       0.360013728132        -1.22894266479        
1.18866938556         0.170113890222        -0.813902196219       0.34336217376         -1.20473400965        
1.19832808335         0.160996029265        -0.798026493714       0.327190702466        -1.18108904708        
1.20798678114         0.152100142676        -0.782195770214       0.311397757893        -1.15751218303        
1.21764547893         0.143395735729        -0.766514123659       0.295960394219        -1.1341646891         
1.22730417672         0.134948805327        -0.751074120554       0.280969195553        -1.1111816496         
1.23696287451         0.126734464248        -0.73590517414        0.266392721739        -1.08860510213        
1.24662157231         0.118716685187        -0.720822895577       0.252158696085        -1.06616418857        
1.2562802701          0.110918803462        -0.705988546462       0.238315874775        -1.04409605069        
1.26593896789         0.103307671594        -0.691337537843       0.224808573634        -1.02230492534        
1.27559766568         0.0958941518037       -0.676894979191       0.211653031954        -1.0008282398         
1.28525636347         0.088679314465        -0.662667900683       0.198851518595        -0.979675716029       
1.29491506126         0.0816227687706       -0.648565638283       0.18633354372         -0.958712235848       
1.30457375905         0.0747488976102       -0.634582477516       0.174137961041        -0.937927864226       
1.31423245684         0.0680926547951       -0.620837709081       0.162324159985        -0.917502959458       
1.32389115463         0.0616208063971       -0.607252059287       0.150834837206        -0.897318208096       
1.33354985242         0.0553472724206       -0.593831129676       0.139689605517        -0.877383404713       
1.34320855022         0.0492541173984       -0.580597692102       0.128861912509        -0.857730986304       
1.35286724801         0.043340528022        -0.567499732543       0.118345232029        -0.838283835037       
1.3625259458          0.0376090891303       -0.554616617342       0.108149040846        -0.819158847578       
1.37218464359         0.032065371621        -0.54185367377        0.0982740345965       -0.800216780352       
1.38184334138         0.0266414827614       -0.529271678068       0.0886198303734       -0.781543264275       
1.39150203917         0.0214248215427       -0.516856675543       0.079319670506        -0.763122849278       
1.40116073696         0.016381326142        -0.504609219277       0.0703186620783       -0.744954132742       
1.41081943475         0.011508732265        -0.492515802387       0.0616126083024       -0.727017868708       
1.42047813254         0.00679171510958      -0.480592724056       0.0531780672234       -0.709337827295       
1.43013683033         0.00223218571219      -0.468829612983       0.0450161704184       -0.691898229419       
1.43979552812         -0.00216257965424     -0.457239155375       0.0371383936093       -0.674717125585       
1.44945422592         -0.00642968160725     -0.445763935466       0.0294855912094       -0.657709211512       
1.45911292371         -0.0105222399064      -0.434456790585       0.0221302598227       -0.640954264905       
1.4687716215          -0.0144608015927      -0.423304980012       0.0150395197894       -0.624432367302       
1.47843031929         -0.0182467781536      -0.412298025011       0.00820977473589      -0.608128449337       
1.48808901708         -0.0218841427671      -0.401434449125       0.00163399985876      -0.59204071187        
1.49774771487         -0.0253850756939      -0.39072716662        -0.00470621478196     -0.576185522169       
1.50740641266         -0.0287311980874      -0.380156344243       -0.0107841111627      -0.560535452924       
1.51706511045         -0.0319335293824      -0.369731923279       -0.0166169029075      -0.545105648322       
1.52672380824         -0.0349939681781      -0.359466593146       -0.0222073309714      -0.529913747953       
1.53638250603         -0.0379074904327      -0.349333422517       -0.0275504944489      -0.51492044929        
1.54604120383         -0.040699096106       -0.339356612214       -0.0326831399246      -0.500160357835       
1.55569990162         -0.0433448639351      -0.329515942118       -0.0375702268131      -0.485604613849       
1.56535859941         -0.0458552710167      -0.319812769708       -0.0422290894951      -0.471254844174       
1.5750172972          -0.0482332614113      -0.310237248617       -0.0466651374178      -0.457096740858       
1.58467599499         -0.0504851465918      -0.300809586319       -0.0508871889694      -0.443159188239       
1.59433469278         -0.0526020660689      -0.291514964643       -0.054883182216       -0.429420986947       
1.60399339057         -0.0545945866856      -0.282388178459       -0.0586669425185      -0.415932958347       
1.61365208836         -0.0564504983468      -0.273363990229       -0.0622258778478      -0.402598984108       
1.62331078615         -0.0582037707315      -0.264501278188       -0.0656073341558      -0.389505896683       
1.63296948394         -0.0598107860815      -0.255780212036       -0.0687478226715      -0.376624366669       
1.64262818173         -0.0613069296729      -0.247187393507       -0.0717015144562      -0.363934288258       
1.65228687953         -0.0626840735285      -0.238748344663       -0.0744550319002      -0.351473497383       
1.66194557732         -0.0639461530505      -0.230453226418       -0.0770156857841      -0.33922721263        
1.67160427511         -0.0650963454452      -0.222310534791       -0.079387920159       -0.327207979524       
1.6812629729          -0.066141539912       -0.214329598462       -0.0815817998286      -0.315429357425       
1.69092167069         -0.0671551758659      -0.206742575607       -0.0836889532994      -0.304232891085       
1.70058036848         -0.0685647509272      -0.200798794531       -0.0862486837773      -0.295456291496       
1.71023906627         -0.0698481259593      -0.194655888236       -0.0886260193503      -0.286389471681       
1.71989776406         -0.0709731313627      -0.188427530126       -0.0907676648423      -0.277198400575       
1.72955646185         -0.071958471608       -0.182130383923       -0.0926993939157      -0.267908062055       
1.73921515964         -0.0728057527669      -0.175785702731       -0.094422415987       -0.258549719075       
1.74887385744         -0.0735161887998      -0.16940556524        -0.0959377263732      -0.249141207841       
1.75853255523         -0.0740854729245      -0.163008397102       -0.0972381772272      -0.239709467797       
1.76819125302         -0.0745180989718      -0.156600735873       -0.0983300617384      -0.230264231687       
1.77784995081         -0.0748041356573      -0.150191938207       -0.0991984860353      -0.220819161457       
1.7875086486          -0.0749523633968      -0.143798665285       -0.0998557005067      -0.211398866025       
1.79716734639         -0.0749572007967      -0.137427025758       -0.100293409208       -0.202012210073       
1.80682604418         -0.0748178223002      -0.131088418587       -0.100510094718       -0.192675911575       
1.81648474197         -0.0745373278425      -0.124791274111       -0.100510131928       -0.183402437162       
1.82614343976         -0.0741093361954      -0.118543808012       -0.10028396072        -0.174203655146       
1.83580213755         -0.0735381994547      -0.112354030582       -0.0998378990206      -0.165091470952       
1.84546083534         -0.072818416189       -0.106234336145       -0.0991637273492      -0.156083974629       
1.85511953314         -0.071955662299       -0.100194298882       -0.0982695696569      -0.147195255179       
1.86477823093         -0.0709502699706      -0.0942398627432      -0.0971560837122      -0.138434024968       
1.87443692872         -0.0698013086627      -0.0883855112324      -0.0958216238172      -0.129821484216       
1.88409562651         -0.06850564285        -0.0826349299985      -0.0942617634238      -0.12136294079        
1.8937543243          -0.0670696302664      -0.0770034112103      -0.092485660024       -0.113080892794       
1.90341302209         -0.0654941620614      -0.0714973719782      -0.0904948005222      -0.10498473782        
1.91307171988         -0.0637791227962      -0.066130890122       -0.0882889141807      -0.0970950316648      
1.92273041767         -0.0619280721415      -0.0609113608385      -0.085873402868       -0.0894226160135      
1.93238911546         -0.0599447946782      -0.0558520036919      -0.0832538250482      -0.0819868344496      
1.94204781325         -0.0578334369275      -0.0509640478588      -0.0804363767257      -0.0748041038736      
1.95170651105         -0.0555982448156      -0.0462600092663      -0.0774273700957      -0.0678927484007      
1.96136520884         -0.0532468147435      -0.0417513737775      -0.0742381364205      -0.0612695611802      
1.97102390663         -0.0507864190512      -0.0374523126811      -0.0708793836325      -0.0549552362443      
1.98068260442         -0.0482264184281      -0.0333748904649      -0.0673650602143      -0.048967407838       
1.99034130221         -0.0455795844007      -0.0295329319833      -0.063714016879       -0.0433262716349      
2                     -0.0428603962052      -0.0259380488824      -0.0599476508938      -0.0380487897148      
2.1922901849          -0.00259289721547     -0.000298516104342    -0.00358309684449     -0.000437637988685    
2.2092901849          -0.00144112926524     -0.000127835114301    -0.00198717088816     -0.000187171571728    
2.2262901849          -0.000608135844463    -2.27175708946e-05    -0.000836131289729    -3.27945495606e-05    
2.2432901849          -9.13336100539e-05    3.93503139458e-05     -0.000123757966662    5.85187821076e-05     
2.2602901849          2.87696166285e-05     0.000190166907615     9.7936337097e-05      0.00025255074193      
2.2772901849          5.60214728818e-05     0.000596267951072     0.000134351319697     0.000807137179361     
2.2942901849          8.0574616574e-05      0.00107772948112      0.000167513287783     0.00146048725904      
2.3112901849          0.000100728445934     0.00158048565855      0.000194481201723     0.00213895907531      
2.3122901849          0.000101768066027     0.00161008280621      0.000195858447335     0.00217878875426      
2.49277701975         0.000100929634441     0.00506061319648      0.00017202539999      0.00670582618836      
2.6732638546          7.43275975716e-07     0.00450982115578      1.05000966602e-05     0.0058780084474       
2.85375068944         -3.16010650151e-05    0.00235050296896      -4.38836427255e-05    0.00302539851524      
3.03423752429         -1.33286304926e-05    0.00055824807643      -1.92848828821e-05    0.000712950378573     
3.21472435914         9.14224543984e-05     2.95465120213e-06     0.00011708554         2.9778272111e-06      
3.39521119399         0.000645907517128     2.54404774375e-05     0.000816821747928     1.73828174189e-05     
3.57569802884         0.000952584388035     4.32907674994e-05     0.00118796597904      2.03863610785e-05     
3.75618486368         0.000928779004949     4.7116473624e-05      0.00114137334596      1.5429486058e-05      
3.93667169853         0.000718674859916     3.98150446931e-05     0.000870031288135     9.06491338353e-06     
4.11715853338         0.000471776436298     2.81062149382e-05     0.000562562087583     4.34825400227e-06     
4.29764536823         0.000271421267003     1.71917653987e-05     0.000318822717543     1.74275822968e-06     
4.47813220308         0.000139412186001     9.30717473456e-06     0.000161330408601     5.74779677394e-07     
4.65861903792         6.46790420925e-05     4.52027783613e-06     7.37514162789e-05     1.4390526983e-07      
4.83910587277         2.73169452805e-05     1.98768819731e-06     3.07002091642e-05     1.87814140106e-08     
5.01959270762         1.05610707893e-05     7.96532753661e-07     1.17008764655e-05     -5.13635455981e-09    
5.20007954247         3.75278381703e-06     2.92296896872e-07     4.09985975341e-06     -5.23012491569e-09    
5.38056637732         1.22942651521e-06     9.85825226505e-08     1.32475098798e-06     -2.54334876965e-09    
5.56105321216         3.72211509946e-07     3.06455846114e-08     3.95686836861e-07     -9.45822894751e-10    
5.74154004701         1.04336195024e-07     8.8005564136e-09      1.09456666397e-07     -2.95925207082e-10    
5.92202688186         2.71205910392e-08     2.33894142067e-09     2.80848513241e-08     -8.05412286716e-11    
6.10251371671         6.54520735094e-09     5.76162537907e-10     6.69217995182e-09     -1.92106109659e-11    
6.28300055156         1.46810240099e-09     1.31712110442e-10     1.4824300863e-09      -4.08084601979e-12    
6.4634873864          3.06325954288e-10     2.79719477621e-11     3.05546773611e-10     -7.71405076149e-13    
6.64397422125         5.94987822969e-11     5.5233449719e-12      5.86378930848e-11     -1.28733114096e-13    
6.8244610561          1.07656157776e-11     1.01491147913e-12     1.04853611722e-11     -1.85928084285e-14    
7.00494789095         1.82025765305e-12     1.74102119518e-13     1.75245493596e-12     -2.21783671261e-15    
7.18543472579         2.85931150024e-13     2.77230879243e-14     2.72168277266e-13     -1.84831884753e-16    
7.36592156064         4.30567670618e-14     4.22856065118e-15     4.05293293776e-14     -8.06786613601e-19    
7.54640839549         1.40933823056e-14     1.40097403131e-15     1.31214727954e-14     9.27124414203e-18     
7.72689523034         3.32952481189e-15     3.34796094439e-16     3.06671907523e-15     4.58579902805e-18     
7.90738206519         3.62645844623e-15     3.68644186005e-16     3.30508049878e-15     7.74009200931e-18     
8.08786890003         3.93727118593e-15     4.04399728459e-16     3.55128631085e-15     1.15408575807e-17     
8.26835573488         4.26204295711e-15     4.42086411286e-16     3.80515183103e-15     1.60531096322e-17     
8.44884256973         4.60084922368e-15     4.81726811288e-16     4.06656914505e-15     2.12887720492e-17     
8.62932940458         4.95376134368e-15     5.23342468613e-16     4.33542773566e-15     2.72934320599e-17     
8.80981623943         5.32084688932e-15     5.66953956128e-16     4.61161616079e-15     3.41119942879e-17     
8.99030307427         5.70216993527e-15     6.12580942827e-16     4.89502487509e-15     4.17886524708e-17     
9.17078990912         6.09779131883e-15     6.6024225191e-16      5.18554676521e-15     5.03668683654e-17     
9.35127674397         6.50776887546e-15     7.09955914046e-16     5.48307729928e-15     5.98893567375e-17     
9.53176357882         6.93215765226e-15     7.61739216317e-16     5.78751455996e-15     7.03980754951e-17     
9.71225041367         7.37101010214e-15     8.15608747264e-16     6.09875923093e-15     8.19342201627e-17     
9.89273724851         7.82437626051e-15     8.71580438394e-16     6.41671456126e-15     9.45382220087e-17     
10.0732240834         8.29230390663e-15     9.29669602507e-16     6.74128631799e-15     1.08249749241e-16     
10.2537109182         8.77483871109e-15     9.89890969117e-16     7.07238273236e-15     1.23107710766e-16     
10.4341977531         9.27202437083e-15     1.05225871725e-15     7.40991444259e-15     1.3915026209e-16      
10.6146845879         9.78390273315e-15     1.11678650583e-15     7.75379443523e-15     1.56414812978e-16     
10.7951714228         1.03105139095e-14     1.18348750191e-15     8.10393798654e-15     1.7493803658e-16      
10.9756582576         1.08518963806e-14     1.2523744069e-15      8.4602626051e-15      1.94755879737e-16     
11.1561450925         1.14080870927e-14     1.32345948095e-15     8.82268797684e-15     2.15903574242e-16     
11.3366319273         1.19791215473e-14     1.39675456568e-15     9.19113591376e-15     2.38415648867e-16     
11.5171187621         1.25650338835e-14     1.47227110543e-15     9.56553030827e-15     2.62325941975e-16     
11.697605597          1.31658569542e-14     1.55002016701e-15     9.94579709563e-15     2.87667614585e-16     
11.8780924318         1.37816223977e-14     1.63001245826e-15     1.0331864229e-14      3.14473163768e-16     
12.0585792667         1.44123607028e-14     1.71225834534e-15     1.07236616747e-14     3.42774436253e-16     
12.2390661015         1.50581012704e-14     1.79676786896e-15     1.11211214445e-14     3.72602642186e-16     
12.4195529364         1.57188724705e-14     1.88355075965e-15     1.15241776984e-14     4.03988368932e-16     
12.6000397712         1.63947016949e-14     1.97261645197e-15     1.19327670112e-14     4.36961594888e-16     
12.7805266061         1.70856154075e-14     2.06397409801e-15     1.23468290949e-14     4.71551703227e-16     
12.9610134409         1.77916391897e-14     2.15763257995e-15     1.27663093931e-14     5.07787495558e-16     
13.1415002758         1.85127977843e-14     2.25360052201e-15     1.31911854035e-14     5.45713132614e-16     
13.3219871106         1.92491151358e-14     2.35188630157e-15     1.36213184992e-14     5.85429720365e-16     
13.5024739455         2.00006144285e-14     2.45249805979e-15     1.40566422696e-14     6.26884880176e-16     
13.6829607803         2.07673181217e-14     2.55544371155e-15     1.4497114976e-14      6.70105615933e-16     
13.8634476152         2.15492479838e-14     2.66073095485e-15     1.49426848318e-14     7.15118418285e-16     
14.04393445           2.23464251231e-14     2.76836727973e-15     1.53932991e-14        7.61949276958e-16     
14.2244212849         2.31588700177e-14     2.87835997666e-15     1.58489054401e-14     8.10623692816e-16     
14.4049081197         2.39866025433e-14     2.99071614451e-15     1.63094523049e-14     8.61166689675e-16     
14.5853949546         2.48296419992e-14     3.1054426981e-15      1.67748890836e-14     9.1360282584e-16      
14.7658817894         2.56880071333e-14     3.22254637535e-15     1.72451661535e-14     9.67956205396e-16     
14.9463686243         2.65617161654e-14     3.34203374409e-15     1.77202348936e-14     1.02425048922e-15     
15.1268554591         2.74507868091e-14     3.46391120845e-15     1.82000476793e-14     1.08250890571e-15     
15.307342294          2.83552362927e-14     3.58818501504e-15     1.86845578677e-14     1.14275426132e-15     
15.4878291288         2.92750813789e-14     3.71486125873e-15     1.91737197783e-14     1.2050089507e-15      
15.6683159636         3.02103383837e-14     3.84394588818e-15     1.96674886716e-14     1.26929496672e-15     
15.8488027985         3.11610231936e-14     3.97544471115e-15     2.01658207255e-14     1.33563391013e-15     
16.0292896333         3.21271512829e-14     4.10936339946e-15     2.06686730119e-14     1.40404699902e-15     
16.2097764682         3.31087377293e-14     4.24570749382e-15     2.11760034734e-14     1.47455507796e-15     
16.390263303          3.4105797229e-14      4.38448240834e-15     2.16877708996e-14     1.54717862704e-15     
16.5707501379         3.51183441111e-14     4.52569343492e-15     2.22039349044e-14     1.62193777047e-15     
16.7512369727         3.61463923513e-14     4.66934574736e-15     2.27244559036e-14     1.6988522851e-15      
16.9317238076         3.71899555849e-14     4.81544440536e-15     2.32492950929e-14     1.77794160866e-15     
17.1122106424         3.8249047119e-14      4.96399435829e-15     2.37784144271e-14     1.85922484775e-15     
17.2926974773         3.93236799442e-14     5.11500044879e-15     2.43117765988e-14     1.94272078562e-15     
17.4731843121         4.0413866746e-14      5.26846741627e-15     2.48493450191e-14     2.02844788975e-15     
17.653671147          4.15196199155e-14     5.42439990019e-15     2.53910837979e-14     2.11642431925e-15     
17.8341579818         4.26409515594e-14     5.58280244327e-15     2.59369577253e-14     2.20666793196e-15     
18.0146448167         4.37778735098e-14     5.74367949447e-15     2.64869322531e-14     2.29919629147e-15     
18.1951316515         4.49303973335e-14     5.90703541198e-15     2.70409734778e-14     2.39402667383e-15     
18.3756184864         4.6098534341e-14      6.07287446593e-15     2.75990481233e-14     2.49117607419e-15     
18.5561053212         4.72822955947e-14     6.24120084113e-15     2.81611235244e-14     2.59066121317e-15     
18.7365921561         4.84816919172e-14     6.41201863961e-15     2.87271676111e-14     2.69249854309e-15     
18.9170789909         4.9696733899e-14      6.58533188309e-15     2.92971488928e-14     2.79670425402e-15     
19.0975658258         5.09274319059e-14     6.76114451536e-15     2.98710364442e-14     2.90329427965e-15     
19.2780526606         5.21737960865e-14     6.93946040454e-15     3.04487998901e-14     3.01228430305e-15     
19.4585394955         5.34358363782e-14     7.12028334527e-15     3.10304093919e-14     3.1236897622e-15      
19.6390263303         5.47135625145e-14     7.30361706084e-15     3.16158356338e-14     3.23752585542e-15     
19.8195131652         5.60069840309e-14     7.48946520518e-15     3.22050498103e-14     3.35380754663e-15     
20                    0                     0                     0                     0                     
