0.0779191396          0                     0                     0                     0                     
0.087577837391        0.00967553957182      -0.00147492146216     0.0108167343664       -0.00159983365319     
0.0972365351819       0.0586207729966       -0.0104684020563      0.0652245034768       -0.0112015867797      
0.106895232973        0.153177489401        -0.0318708739327      0.169769194476        -0.0337347887065      
0.116553930764        0.28657716393         -0.0693899217774      0.316565015609        -0.0728093461448      
0.126212628555        0.447678629813        -0.126792404817       0.493235379839        -0.132099915513       
0.135871326346        0.622295094231        -0.206381438597       0.684547593358        -0.213846528161       
0.145530024137        0.795724111807        -0.304681009666       0.874977174649        -0.314478429154       
0.155188721928        0.959485407972        -0.413806517018       1.0554865148          -0.425990421909       
0.164847419719        1.11073795488         -0.527320660677       1.2228981762          -0.541890528893       
0.17450611751         1.24894914426         -0.64100558669        1.37646061946         -0.657889139495       
0.184164815301        1.37459559035         -0.752334394176       1.51653831154         -0.771425129806       
0.193823513091        1.48849990386         -0.859888754764       1.64389119827         -0.881069253405       
0.203482210882        1.59125888915         -0.962525938311       1.75910398203         -0.985672165176       
0.213140908673        1.68401443151         -1.06014764621        1.86333434514         -1.0851344715         
0.222799606464        1.76751571116         -1.15234026644        1.95735887358         -1.17904343189        
0.232458304255        1.84269704238         -1.23900771646        2.04214806954         -1.26730713704        
0.242117002046        1.91044064547         -1.32039964367        2.11863050111         -1.35018148855        
0.251775699837        1.97143179684         -1.39696667472        2.18754670926         -1.4281262751         
0.261434397628        2.02595267531         -1.4689302868         2.2492143465          -1.50136813788        
0.271093095419        2.07444573791         -1.53653509102        2.30412888349         -1.57015873437        
0.28075179321         2.11728233787         -1.59985588086        2.35271004104         -1.63457719907        
0.290410491001        2.15481052227         -1.65894420458        2.39534309246         -1.69467801201        
0.300069188792        2.18767301662         -1.71388285545        2.43272490172         -1.7505482819         
0.309727886583        2.2162333768          -1.76482568136        2.46525372463         -1.80234492328        
0.319386584374        2.24100917273         -1.81197776044        2.4934872184          -1.85027744721        
0.329045282165        2.26242903043         -1.85563321942        2.51789487166         -1.89464559465        
0.338703979956        2.2807250792          -1.89584470446        2.53873076483         -1.93550076553        
0.348362677747        2.29618366909         -1.9330432088         2.55632375585         -1.97327892961        
0.358021375538        2.30926812621         -1.96755675618        2.57116476254         -2.00830943257        
0.367680073329        2.32006683479         -1.9996804344         2.58336973448         -2.04087881043        
0.37733877112         2.32863997127         -2.02951869167        2.5930315292          -2.07114560044        
0.386997468911        2.33519225047         -2.05732650799        2.60036954915         -2.09932078555        
0.396656166702        2.33953765558         -2.08307724911        2.60522050232         -2.12541417987        
0.406314864492        2.34198445125         -2.10702603529        2.60791531885         -2.14966671869        
0.415973562283        2.34261019844         -2.12913445684        2.60854663157         -2.17203181733        
0.425632260074        2.34135557863         -2.14934136373        2.6070683914          -2.19246148675        
0.435290957865        2.33873430823         -2.1680852981         2.60402035466         -2.21140858618        
0.444949655656        2.334437078           -2.18517207563        2.59909264897         -2.22866038028        
0.454608353447        2.32866784675         -2.20080578905        2.59252072712         -2.24443432007        
0.464267051238        2.32150076431         -2.21485378305        2.58437562027         -2.25858991838        
0.473925749029        2.31309898634         -2.22735886414        2.57484236168         -2.27117297983        
0.48358444682         2.30355256554         -2.23846728645        2.56402216633         -2.28233166471        
0.493243144611        2.29290801052         -2.24809471444        2.5519631437          -2.29198011009        
0.502901842402        2.28136111207         -2.25641718884        2.53888300481         -2.3002980318         
0.512560540193        2.26899532087         -2.26347367119        2.52487147684         -2.3073224726         
0.522219237984        2.2557537084          -2.26919074711        2.5098687457          -2.31298751344        
0.531877935775        2.24209614074         -2.2739844756         2.49437911618         -2.31771083046        
0.541536633566        2.22764614791         -2.27755420924        2.47798975935         -2.32117425669        
0.551195331357        2.21286478727         -2.28024740509        2.46120160109         -2.3237573606         
0.560854029148        2.19749665076         -2.28191861385        2.44374967879         -2.32529952834        
0.570512726939        2.18167696631         -2.28263295385        2.42577169701         -2.32586677169        
0.58017142473         2.16549723934         -2.28273349141        2.40738443349         -2.32580572066        
0.589830122521        2.14887764506         -2.28201875398        2.38849495823         -2.32491617357        
0.599488820312        2.13203260257         -2.28074023768        2.36933487792         -2.32345176187        
0.609147518103        2.1144809355          -2.27839483432        2.34940128639         -2.32086803978        
0.618806215893        2.09673159007         -2.27539955214        2.32923295793         -2.31765144101        
0.628464913684        2.07885552056         -2.27200050396        2.30891514206         -2.31402451049        
0.638123611475        2.06076683425         -2.26798870639        2.28835204962         -2.30977352322        
0.647782309266        2.04247618235         -2.26352701398        2.26755018428         -2.30506341248        
0.657441007057        2.02396561358         -2.25872972625        2.24650612187         -2.30002004752        
0.667099704848        2.00516154254         -2.25356310833        2.22514131366         -2.29460017053        
0.676758402639        1.98605523359         -2.24792712321        2.20345311948         -2.2887029081         
0.68641710043         1.96668037452         -2.241964938          2.18147494074         -2.28247191543        
0.696075798221        1.94700755239         -2.23555287531        2.15918013171         -2.27578370092        
0.705734496012        1.92710881179         -2.22882418741        2.1366502014          -2.26877322893        
0.715393193803        1.90690226894         -2.22164796472        2.11379555296         -2.26130706243        
0.725051891594        1.88645859037         -2.2140663274         2.09069286123         -2.25342930819        
0.734710589385        1.86569887011         -2.20615487081        2.06726550063         -2.24521146642        
0.744369287176        1.84472731196         -2.19782876646        2.04362302371         -2.23657879137        
0.754027984967        1.82362945719         -2.18906394578        2.01985187794         -2.22750161404        
0.763686682758        1.80211889385         -2.17984559817        1.99565572219         -2.21796451771        
0.773345380549        1.78055349448         -2.17025063098        1.9714099123          -2.20804657788        
0.78300407834         1.75883849869         -2.16029079611        1.94701292978         -2.19775857471        
0.792662776131        1.73679875262         -2.14970729212        1.92228284292         -2.18683892141        
0.802321473922        1.71483887214         -2.13891067217        1.89765451966         -2.17570225117        
0.811980171713        1.69265867679         -2.12754226382        1.87280216989         -2.16398950721        
0.821638869504        1.67061003816         -2.11582425977        1.84808297908         -2.15190475773        
0.831297567294        1.64847589316         -2.10376336559        1.82328830252         -2.13949899511        
0.840956265085        1.62627426587         -2.09138365207        1.79843199792         -2.12677093118        
0.850614962876        1.6040289883          -2.07856806739        1.77353390298         -2.11360060453        
0.860273660667        1.5817764202          -2.06546264842        1.74864100252         -2.10013886225        
0.869932358458        1.55950392164         -2.05196897579        1.7237340095          -2.08628460608        
0.879591056249        1.53720090876         -2.03816348916        1.69880440124         -2.07211559811        
0.88924975404         1.51474150588         -2.02381715395        1.67372026561         -2.05739707852        
0.898908451831        1.49241583925         -2.0091007865         1.64878708504         -2.0423040493         
0.908567149622        1.47010524758         -1.99406849372        1.62387116243         -2.0268921381         
0.918225847413        1.44814678572         -1.97861330303        1.59932441897         -2.01105289522        
0.927884545204        1.42570501329         -1.96305111838        1.57429770158         -1.99510858868        
0.937543242995        1.40363429397         -1.94715797204        1.54965222109         -1.97882743742        
0.947201940786        1.38130986404         -1.93065481829        1.52475706721         -1.96193184878        
0.956860638577        1.35901463298         -1.91374170347        1.49989093604         -1.94462127073        
0.966519336368        1.3365808009          -1.89625010123        1.47487344642         -1.92672693588        
0.976178034159        1.31363330041         -1.87777929737        1.44929680725         -1.90784242602        
0.98583673195         1.28790212634         -1.85503417132        1.42065816672         -1.88461716002        
0.995495429741        1.26079545446         -1.82996867087        1.39051165638         -1.85902110873        
1.00515412753         1.23428238601         -1.80548538182        1.36104099628         -1.83403625848        
1.01481282532         1.20843411361         -1.78156922914        1.33231439744         -1.80963012367        
1.02447152311         1.18299191949         -1.75801377324        1.30405528271         -1.78559302345        
1.0341302209          1.15799616651         -1.73482656633        1.27630340307         -1.76193318074        
1.0437889187          1.13347095628         -1.71206209663        1.24908766648         -1.73870563647        
1.05344761649         1.1092426529          -1.68945175579        1.22221565412         -1.71563749599        
1.06310631428         1.08539577834         -1.66715458093        1.19578233461         -1.69289052618        
1.07276501207         1.06188445012         -1.64506990999        1.16973577994         -1.67036269851        
1.08242370986         1.03873886988         -1.62320861418        1.14410834797         -1.64806442704        
1.09208240765         1.01601256692         -1.60176203913        1.11895194008         -1.62619260709        
1.10174110544         0.993609392504        -1.58025045605        1.09416304502         -1.60425998952        
1.11139980323         0.971450686793        -1.55908273864        1.06966744414         -1.5826788609         
1.12105850102         0.949674508578        -1.53816348029        1.04560369431         -1.56135334338        
1.13071719881         0.928051937006        -1.51733875528        1.02173056371         -1.54012567807        
1.14037589661         0.906761411771        -1.49655426764        0.998234748962        -1.51893964954        
1.1500345944          0.885889448323        -1.47602359915        0.975203864945        -1.49800457423        
1.15969329219         0.865385412606        -1.45567832627        0.952590314091        -1.47727233182        
1.16935198998         0.845219403725        -1.43548781625        0.930357303976        -1.45670020571        
1.17901068777         0.825408777           -1.41545274269        0.908522922883        -1.43628874588        
1.18866938556         0.805922619805        -1.39545754321        0.887049268311        -1.415921105          
1.19832808335         0.786949318736        -1.37595144738        0.86614474251         -1.39605422951        
1.20798678114         0.768191347622        -1.35644414599        0.84548268003         -1.37618860572        
1.21764547893         0.749849818319        -1.33720124647        0.825284201947        -1.35659398621        
1.22730417672         0.731825950807        -1.31811581673        0.805438742549        -1.33716142457        
1.23696287451         0.714157019368        -1.29934122325        0.785991720466        -1.31804637891        
1.24662157231         0.696834744502        -1.28066204538        0.766921080818        -1.29902959079        
1.2562802701          0.679855207448        -1.26199216505        0.748232072796        -1.28002576688        
1.26593896789         0.663045935242        -1.24378137852        0.729751540043        -1.26148988873        
1.27559766568         0.646672698617        -1.22574391078        0.711741798721        -1.24312493419        
1.28525636347         0.630684293332        -1.20799930275        0.694158441198        -1.22506783005        
1.29491506126         0.614902391504        -1.19040033723        0.676808576894        -1.20715984271        
1.30457375905         0.59938139469         -1.17298268924        0.659751437279        -1.18943758683        
1.31423245684         0.584186691454        -1.1558439039         0.64305811686         -1.1720002082         
1.32389115463         0.56924116108         -1.13893806273        0.626644811705        -1.15480108067        
1.33354985242         0.554377425646        -1.12211995202        0.610338561451        -1.13769242959        
1.34320855022         0.540038167746        -1.10556733698        0.594598400961        -1.12085374928        
1.35286724801         0.525815211844        -1.08914718424        0.578995910734        -1.10415227976        
1.3625259458          0.511889711602        -1.07301287577        0.563726683568        -1.0877431766         
1.37218464359         0.498204076675        -1.0570542602         0.548723480994        -1.07150927752        
1.38184334138         0.484721996693        -1.04124876001        0.533952973305        -1.05543718954        
1.39150203917         0.471498312355        -1.02568441547        0.51946988219         -1.03961106818        
1.40116073696         0.458482596971        -1.01024859589        0.505222969867        -1.02391799141        
1.41081943475         0.445687042775        -0.995008476961       0.491221809636        -1.00842515383        
1.42047813254         0.43312033218         -0.979934884252       0.477476271839        -0.993102777152       
1.43013683033         0.420748819012        -0.965021610729       0.463951318565        -0.977944508779       
1.43979552812         0.408612785634        -0.950288248386       0.450688434067        -0.962970221857       
1.44945422592         0.396672816967        -0.935669920457       0.43764489983         -0.948114468173       
1.45911292371         0.384949581538        -0.921221204564       0.424841673439        -0.933429337326       
1.4687716215          0.373482850793        -0.906942138311       0.41232189085         -0.918920662588       
1.47843031929         0.362186156345        -0.892794579063       0.399994275721        -0.904546998181       
1.48808901708         0.351090499871        -0.878774736333       0.387889037485        -0.890304306805       
1.49774771487         0.340183701939        -0.864882981621       0.375996124844        -0.876193384576       
1.50740641266         0.329513939096        -0.851143493682       0.364361274421        -0.86223604181        
1.51706511045         0.319073157316        -0.837538558339       0.352978428909        -0.848417454041       
1.52672380824         0.308864574901        -0.824111214748       0.341850564198        -0.834780556061       
1.53638250603         0.298880880121        -0.810798933449       0.33096734559         -0.821259752694       
1.54604120383         0.289086197994        -0.79772056953        0.32029548873         -0.807979113699       
1.55569990162         0.279506772828        -0.784782715281       0.309859131634        -0.794842061303       
1.56535859941         0.270111178927        -0.771989471364       0.299625554057        -0.781852729575       
1.5750172972          0.260896577781        -0.759330814659       0.289591154618        -0.769000880422       
1.58467599499         0.251914064884        -0.746924813386       0.279810778176        -0.756406202897       
1.59433469278         0.243028942064        -0.73454770903        0.270142803031        -0.743840947882       
1.60399339057         0.234370286978        -0.722452324429       0.260723677637        -0.731563149118       
1.61365208836         0.22592986175         -0.710454124655       0.251540624468        -0.719384287573       
1.62331078615         0.217522551088        -0.698671276235       0.242405950878        -0.707426152372       
1.63296948394         0.209337367183        -0.686992304909       0.233511729327        -0.695574002378       
1.64262818173         0.201256000437        -0.675415689887       0.224735957601        -0.683824712945       
1.65228687953         0.193389055367        -0.664047183115       0.216194923495        -0.672288335381       
1.66194557732         0.185691666378        -0.65285575266        0.207840799966        -0.660932619995       
1.67160427511         0.178173818834        -0.641865716992       0.19968496047         -0.649781910223       
1.6812629729          0.170853583209        -0.631088607876       0.191744598228        -0.638847341993       
1.69092167069         0.163881585981        -0.621243510532       0.184193870707        -0.62885775258        
1.70058036848         0.158245048316        -0.616155894777       0.178142667707        -0.623684752925       
1.71023906627         0.152507873095        -0.610533514844       0.171978982911        -0.617970985784       
1.71989776406         0.146726988667        -0.604525483579       0.165765909096        -0.61186768275        
1.72955646185         0.140931167524        -0.598213499116       0.159535216699        -0.605457282732       
1.73921515964         0.135124089864        -0.591631382918       0.153291302276        -0.59877424154        
1.74887385744         0.129305623199        -0.584856984107       0.147035954561        -0.591897325454       
1.75853255523         0.123542709508        -0.57775722519        0.140835633693        -0.584690959855       
1.76819125302         0.117791295529        -0.570493901856       0.134648800396        -0.577320373657       
1.77784995081         0.112089284185        -0.56307021662        0.128513380881        -0.569788182937       
1.7875086486          0.106395054746        -0.55546240058        0.122386849176        -0.562070393749       
1.79716734639         0.100828025464        -0.547749104632       0.116393167125        -0.554246597883       
1.80682604418         0.0953817397486       -0.540023713485       0.110523396641        -0.546409395274       
1.81648474197         0.0897748315211       -0.531866413491       0.104493726833        -0.538139953177       
1.82614343976         0.084328791908        -0.523738073226       0.098629953588        -0.529898615857       
1.83580213755         0.0789445693369       -0.515495023098       0.0928321054619       -0.52154199547        
1.84546083534         0.0736014978211       -0.507119861494       0.0870786505868       -0.513052134179       
1.85511953314         0.0683517716932       -0.498633018906       0.081424103781        -0.504449780959       
1.86477823093         0.0631955563084       -0.490073143529       0.0758685268636       -0.495774471736       
1.87443692872         0.0581240162007       -0.48141966124        0.0704027722466       -0.487005282021       
1.88409562651         0.0531478989035       -0.47269337449        0.0650380594038       -0.478163293344       
1.8937543243          0.0482697516938       -0.463905851235       0.0597770536473       -0.46926009868        
1.90341302209         0.0434828393874       -0.45505194882        0.0546128444503       -0.46029043349        
1.91307171988         0.0388030078676       -0.446160244615       0.0495621969812       -0.45128339141        
1.92273041767         0.0342135421211       -0.437206181354       0.0446072621585       -0.442213821759       
1.93238911546         0.029735673533        -0.428216797615       0.0397705420437       -0.43310898625        
1.94204781325         0.0253753739991       -0.419204872856       0.0350580790253       -0.42398228123        
1.95170651105         0.0211301889729       -0.410177117337       0.0304674402596       -0.414840231303       
1.96136520884         0.0170213224274       -0.401151973624       0.0260205414733       -0.405701604431       
1.97102390663         0.0129795253574       -0.392094387553       0.0216458838135       -0.396530875924       
1.98068260442         0.00907945750212      -0.383053727882       0.0174207106776       -0.387378020783       
1.99034130221         0.00528348213213      -0.374008751845       0.0133057944513       -0.378221107569       
2                     0.00161471187685      -0.36497182616        0.00932548088007      -0.369073057401       
2.001                 0.001243484893        -0.364038783672       0.00892243485445      -0.368128569438       
2.34901389245         -0.0478628567031      -0.0890053590358      -0.0468995090934      -0.0899689583207      
2.6970277849          -0.00164087075942     -0.00026967495806     -0.00163249070523     -0.000274233118333    
2.6980277849          -0.00159146010051     -0.000258667905342    -0.00158330117852     -0.000263046513075    
2.7150277849          -0.000871443488721    -0.000110908450472    -0.000866655567592    -0.000112781267441    
2.7320277849          -0.000362665315193    -2.07659828978e-05    -0.000360467013404    -2.09717445783e-05    
2.7490277849          -5.48183687669e-05    3.11738554524e-05     -5.42896391428e-05    3.2032978156e-05      
2.7660277849          1.31752991629e-05     0.000125105271137     0.000158846095588     -0.000140899701747    
2.7830277849          2.51150663252e-05     0.000358298131591     0.000157939210544     0.000102747134255     
2.8000277849          3.56170799517e-05     0.000624421075903     0.000158010186933     0.000378766746417     
2.8170277849          4.40012462594e-05     0.000892552081491     0.000157195924069     0.000656217417025     
2.8180277849          4.44263035539e-05     0.000908040183941     0.000157108961018     0.000672237951807     
2.99700666214         4.18676790556e-05     0.00238690344064      9.15483785016e-05     0.00223375289909      
3.17598553938         4.92629378357e-06     0.00187987054036      2.42866588077e-05     0.00179802172351      
3.35496441662         -7.33186724147e-06    0.000929846358848     -1.23371497387e-06    0.000898653756742     
3.53394329386         -4.47849342119e-06    0.000278411008456     -3.18321011078e-06    0.000272071545326     
3.7129221711          -3.9702336028e-07     1.73947782743e-05     -3.36290608396e-07    1.73655203193e-05     
3.89190104834         4.23131732194e-05     1.20753541179e-06     4.29908997649e-05     -1.43273429839e-06    
4.07087992558         7.95065941386e-05     2.66259895905e-06     8.0047113615e-05      -3.67728272154e-06    
4.24985880283         7.42264824787e-05     2.80932675897e-06     7.39605585241e-05     -4.23878582351e-06    
4.42883768007         5.14565216504e-05     2.14746021228e-06     5.07027200559e-05     -3.4292663625e-06     
4.60781655731         2.95164811606e-05     1.33506646602e-06     2.87462101079e-05     -2.21506215877e-06    
4.78679543455         1.46694806585e-05     7.10085096993e-07     1.41160869686e-05     -1.20970171525e-06    
4.96577431179         6.4711690491e-06      3.32011444002e-07     6.1515310351e-06      -5.76104049743e-07    
5.14475318903         2.5704762727e-06      1.38734386863e-07     2.41364475956e-06     -2.43766253778e-07    
5.32373206627         9.28002140335e-07     5.23717588429e-08     8.60706943491e-07     -9.27809326504e-08    
5.50271094351         3.06454654009e-07     1.79949962521e-08     2.80755916176e-07     -3.20376040305e-08    
5.68168982075         9.29954960238e-08     5.65861709966e-09     8.41602647398e-08     -1.00984479174e-08    
5.86066869799         2.60209283817e-08     1.63509472066e-09     2.3264224265e-08      -2.91905721176e-09    
6.03964757523         6.73112135235e-09     4.35523613585e-10     5.94594343548e-09     -7.76530114419e-10    
6.21862645247         1.61305382557e-09     1.07198528156e-10     1.40800166796e-09     -1.90636280892e-10    
6.39760532971         3.58691230717e-10     2.44305574689e-11     3.09424038365e-10     -4.32858535054e-11    
6.57658420695         7.41142240877e-11     5.163728306e-12       6.31938942009e-11     -9.10706836942e-12    
6.75556308419         1.42434659793e-11     1.01345058648e-12     1.20058518899e-11     -1.77783713973e-12    
6.93454196143         2.55028903162e-12     1.85037850285e-13     2.12537383407e-12     -3.22662313583e-13    
7.11352083868         4.30015941767e-13     3.17738385676e-14     3.5437638485e-13      -5.50456078509e-14    
7.29249971592         6.43987599011e-14     4.84023407998e-15     5.24877552776e-14     -8.32697315045e-15    
7.47147859316         9.85321196021e-15     7.52509158914e-16     7.94373272309e-15     -1.28508656085e-15    
7.6504574704          2.35772433162e-15     1.82792365778e-16     1.88049636095e-15     -3.09764945866e-16    
7.82943634764         2.59830150218e-15     2.04319752954e-16     2.05052771627e-15     -3.43483751781e-16    
8.00841522488         2.85166569477e-15     2.27265649695e-16     2.22707341711e-15     -3.78918551164e-16    
8.18739410212         3.11790299625e-15     2.51652075918e-16     2.41002115602e-15     -4.16043222205e-16    
8.36637297936         3.39709422358e-15     2.77499916176e-16     2.59925998587e-15     -4.54830067336e-16    
8.5453518566          3.68931537726e-15     3.04829001433e-16     2.79468101194e-15     -4.95250071997e-16    
8.72433073384         3.99463804538e-15     3.33658183444e-16     2.99617757289e-15     -5.37273130872e-16    
8.90330961108         4.31312976489e-15     3.64005402533e-16     3.20364532824e-15     -5.80868245729e-16    
9.08228848832         4.64485434538e-15     3.95887749458e-16     3.41698230391e-15     -6.26003698433e-16    
9.26126736556         4.98987216011e-15     4.29321521984e-16     3.63608891133e-15     -6.72647202242e-16    
9.4402462428          5.34824040819e-15     4.64322276687e-16     3.86086794763e-15     -7.20766034097e-16    
9.61922512004         5.7200133514e-15      5.00904876492e-16     4.09122458151e-15     -7.70327150248e-16    
9.79820399728         6.10524252855e-15     5.39083534331e-16     4.32706632809e-15     -8.21297287276e-16    
9.97718287453         6.50397694996e-15     5.7887185333e-16      4.56830301526e-15     -8.73643050281e-16    
10.1561617518         6.9162632742e-15      6.20282863835e-16     4.81484674351e-15     -9.27330989814e-16    
10.335140629          7.34214596922e-15     6.63329057583e-16     5.06661184085e-15     -9.82327668888e-16    
10.5141195062         7.78166745924e-15     7.0802241928e-16      5.32351481399e-15     -1.03859972129e-15    
10.6930983835         8.23486825921e-15     7.54374455818e-16     5.58547429701e-15     -1.09611390221e-15    
10.8720772607         8.7017870979e-15      8.02396223352e-16     5.85241099818e-15     -1.1548371321e-15     
11.051056138          9.18246103086e-15     8.52098352413e-16     6.12424764567e-15     -1.21473653461e-15    
11.2300350152         9.67692554423e-15     9.03491071244e-16     6.40090893279e-15     -1.27577946922e-15    
11.4090138924         1.01852146504e-14     9.56584227487e-16     6.68232146308e-15     -1.33793355927e-15    
11.5879927697         1.07073609758e-14     1.01138730839e-15     6.96841369566e-15     -1.40116671589e-15    
11.7669716469         1.1243395843e-14      1.06790945964e-15     7.25911589122e-15     -1.46544715831e-15    
11.9459505242         1.17933493449e-14     1.12615950292e-15     7.55436005874e-15     -1.53074343099e-15    
12.1249294014         1.23572504154e-14     1.18614595232e-15     7.85407990318e-15     -1.59702441793e-15    
12.3039082787         1.29351268932e-14     1.24787702969e-15     8.15821077436e-15     -1.66425935449e-15    
12.4828871559         1.35270055822e-14     1.311360679e-15       8.46668961703e-15     -1.73241783703e-15    
12.6618660331         1.41329123072e-14     1.3766045798e-15      8.77945492228e-15     -1.8014698306e-15     
12.8408449104         1.47528719655e-14     1.44361615985e-15     9.09644668039e-15     -1.87138567492e-15    
13.0198237876         1.53869085755e-14     1.51240260692e-15     9.41760633509e-15     -1.94213608887e-15    
13.1988026649         1.60350453217e-14     1.58297087997e-15     9.74287673943e-15     -2.01369217365e-15    
13.3777815421         1.66973045966e-14     1.6553277196e-15      1.00722021131e-14     -2.08602541473e-15    
13.5567604193         1.73737080405e-14     1.7294796579e-15      1.04055280017e-14     -2.15910768287e-15    
13.7357392966         1.80642765777e-14     1.8054330277e-15      1.07428012371e-14     -2.23291123413e-15    
13.9147181738         1.87690304515e-14     1.88319397136e-15     1.10839699007e-14     -2.30740870918e-15    
14.0936970511         1.94879892565e-14     1.962768449e-15       1.14289832881e-14     -2.38257313186e-15    
14.2726759283         2.02211719685e-14     2.04416224627e-15     1.17777918761e-14     -2.45837790718e-15    
14.4516548055         2.09685969736e-14     2.12738098173e-15     1.21303472943e-14     -2.53479681876e-15    
14.6306336828         2.17302820946e-14     2.21243011383e-15     1.24866022994e-14     -2.61180402585e-15    
14.80961256           2.25062446164e-14     2.29931494746e-15     1.28465107589e-14     -2.68937405995e-15    
14.9885914373         2.32965013098e-14     2.38804064018e-15     1.32100276466e-14     -2.76748182108e-15    
15.1675703145         2.41010684537e-14     2.47861220817e-15     1.35771090679e-14     -2.84610257377e-15    
15.3465491917         2.49199618566e-14     2.5710345318e-15      1.39477123621e-14     -2.92521194281e-15    
15.525528069          2.5753196876e-14      2.66531236095e-15     1.43217964963e-14     -3.0047859088e-15     
15.7045069462         2.66007884378e-14     2.76145032005e-15     1.46993262717e-14     -3.08480041873e-15    
15.8834858235         2.74627510539e-14     2.85945291289e-15     1.50802514092e-14     -3.16521239352e-15    
16.0624647007         2.83390988389e-14     2.95932452717e-15     1.54645244816e-14     -3.246017273e-15      
16.2414435779         2.92298455263e-14     3.06106943883e-15     1.58521110635e-14     -3.32719234638e-15    
16.4204224552         3.01350044838e-14     3.16469181616e-15     1.62429739249e-14     -3.40871523353e-15    
16.5994013324         3.10545887271e-14     3.27019572374e-15     1.66370760887e-14     -3.49056387994e-15    
16.7783802097         3.1988610934e-14      3.37758512621e-15     1.70343811476e-14     -3.57271655159e-15    
16.9573590869         3.29370834572e-14     3.48686389177e-15     1.74348533436e-14     -3.65515182984e-15    
17.1363379642         3.39000183365e-14     3.59803579564e-15     1.78384575873e-14     -3.73784860633e-15    
17.3153168414         3.48774273105e-14     3.71110452327e-15     1.82451594577e-14     -3.82078607785e-15    
17.4942957186         3.5869321828e-14      3.82607367347e-15     1.86549251925e-14     -3.90394374124e-15    
17.6732745959         3.68757130581e-14     3.94294676132e-15     1.9067721676e-14      -3.98730138834e-15    
17.8522534731         3.78966119005e-14     4.06172722106e-15     1.94835164243e-14     -4.07083910095e-15    
18.0312323504         3.89320289951e-14     4.18241840874e-15     1.99022775703e-14     -4.15453724585e-15    
18.2102112276         3.99819747313e-14     4.30502360485e-15     2.03239738484e-14     -4.23837646985e-15    
18.3891901048         4.10464592564e-14     4.42954601674e-15     2.07485745793e-14     -4.32233769491e-15    
18.5681689821         4.21254924842e-14     4.55598878107e-15     2.11760496548e-14     -4.40640211328e-15    
18.7471478593         4.32190841027e-14     4.68435496599e-15     2.16063695234e-14     -4.49055118276e-15    
18.9261267366         4.43272435821e-14     4.8146475734e-15      2.20395051757e-14     -4.57476662201e-15    
19.1051056138         4.54499801816e-14     4.94686954096e-15     2.24754281307e-14     -4.65903040584e-15    
19.284084491          4.65873029567e-14     5.08102374414e-15     2.29141104222e-14     -4.7433247607e-15     
19.4630633683         4.77392207655e-14     5.21711299814e-15     2.33555245854e-14     -4.82763216015e-15    
19.6420422455         4.89057422756e-14     5.35514005969e-15     2.37996436443e-14     -4.91193532044e-15    
19.8210211228         5.00868759696e-14     5.49510762885e-15     2.42464410997e-14     -4.99621719614e-15    
20                    0                     0                     0                     0                     
