0.0779191396          0                     0                     0                     0                     
0.087577837391        0.0157863980216       0.000559350537579     0.0212243279662       0.000154743393454     
0.0972365351819       0.0939669319044       0.0016950990211       0.125461288991        -0.000402679434531    
0.106895232973        0.243426329278        7.20737404642e-05     0.322536291817        -0.00471462304915     
0.116553930764        0.453588536177        -0.00818125281361     0.596449361346        -0.0160488411977      
0.126212628555        0.709886962508        -0.0260001275592      0.926739826379        -0.0368217078978      
0.135871326346        0.999051807403        -0.0558547132235      1.29527677639         -0.0691362608826      
0.145530024137        1.30973374666         -0.0997498797033      1.68713537188         -0.114698909406       
0.155188721928        1.632571466           -0.160070138914       2.09048497625         -0.175660715768       
0.164847419719        1.95827039693         -0.238644420282       2.49449477967         -0.253685012694       
0.17450611751         2.27778295809         -0.336541984027       2.88926345672         -0.349764183443       
0.184164815301        2.58186442087         -0.45123337318        3.26520845562         -0.46150651355        
0.193823513091        2.86446470811         -0.576890649025       3.61606665049         -0.583411193016       
0.203482210882        3.12423133163         -0.707651204783       3.94031646331         -0.709952091732       
0.213140908673        3.36182885233         -0.839669453319       4.23850997661         -0.837493526835       
0.222799606464        3.57873242553         -0.970237108722       4.5120850201          -0.963475906907       
0.232458304255        3.77621616309         -1.097721494          4.76233028004         -1.08636327696        
0.242117002046        3.95574336907         -1.22079693362        4.99081572227         -1.20491305088        
0.251775699837        4.11948883458         -1.33861454587        5.19983874443         -1.31833075346        
0.261434397628        4.26911621106         -1.45107744852        5.39114339538         -1.42653348936        
0.271093095419        4.4059809915          -1.55880003574        5.56626858357         -1.53011361841        
0.28075179321         4.53027364558         -1.66133391112        5.72560631048         -1.62863389443        
0.290410491001        4.64331689203         -1.75944605865        5.87065752745         -1.72285814237        
0.300069188792        4.74558835644         -1.85267248348        6.00211737144         -1.81235024019        
0.309727886583        4.83774269126         -1.94055071439        6.12078094021         -1.89667664703        
0.319386584374        4.92097934367         -2.0228492078         6.22797951361         -1.97562722618        
0.329045282165        4.99672744565         -2.09980790051        6.32529189872         -2.04943353922        
0.338703979956        5.06586348913         -2.17180065836        6.41369000995         -2.11845370758        
0.348362677747        5.12932171069         -2.23947764023        6.4942532819          -2.18330762009        
0.358021375538        5.18743536304         -2.30350869031        6.56742753262         -2.24463248677        
0.367680073329        5.24076615885         -2.36454532063        6.63394898607         -2.30305198816        
0.37733877112         5.28911906878         -2.42288189332        6.6937174711          -2.35884437287        
0.386997468911        5.33270320536         -2.47891702327        6.74710452584         -2.41239918581        
0.396656166702        5.37151535999         -2.53274764202        6.79420511575         -2.46380720789        
0.406314864492        5.40557406878         -2.58444110568        6.83518013489         -2.51313793473        
0.415973562283        5.43494016206         -2.63382171676        6.87016309963         -2.56022764112        
0.425632260074        5.45968465236         -2.68085623408        6.89932680418         -2.60505537338        
0.435290957865        5.48015011963         -2.72527312869        6.92309807034         -2.6473466515         
0.444949655656        5.49675727136         -2.76736300203        6.94194465285         -2.68742692459        
0.454608353447        5.50952739944         -2.80679845118        6.95599202213         -2.72496391795        
0.464267051238        5.51886893758         -2.84367388711        6.96568213344         -2.76004088044        
0.473925749029        5.52509721074         -2.87795704065        6.97139415633         -2.79263102551        
0.48358444682         5.52855514405         -2.90962565064        6.97352862132         -2.82271399423        
0.493243144611        5.5292408966          -2.93873988366        6.97207851866         -2.85034530155        
0.502901842402        5.52793948673         -2.96534032934        6.96792806355         -2.87558235165        
0.512560540193        5.52427894386         -2.98919920783        6.96071302759         -2.89816166812        
0.522219237984        5.51893067408         -3.01054244562        6.95109045601         -2.91833798313        
0.531877935775        5.51282902632         -3.03047485587        6.94022389337         -2.93716791221        
0.541536633566        5.50523702691         -3.04849617406        6.92721444803         -2.9541634522         
0.551195331357        5.49643349847         -3.06522153436        6.91247754675         -2.96991125284        
0.560854029148        5.48697530791         -3.07987706575        6.89652358057         -2.9836710936         
0.570512726939        5.47612442336         -3.09344783596        6.87866671621         -2.9963828626         
0.58017142473         5.46462312524         -3.10595818326        6.85976168559         -3.00807112724        
0.589830122521        5.45217111645         -3.11743905312        6.83947327915         -3.01876610643        
0.599488820312        5.4389043948          -3.12797923684        6.81797425063         -3.02854868599        
0.609147518103        5.42497606158         -3.1378124014         6.7954965788          -3.03764683798        
0.618806215893        5.40974897978         -3.1466763761         6.77127835077         -3.04580357891        
0.628464913684        5.39403918221         -3.15512985203        6.74633380585         -3.05355992921        
0.638123611475        5.37737550488         -3.16293538052        6.72013371711         -3.06068428021        
0.647782309266        5.35984738682         -3.170135055          6.69282115171         -3.06722282755        
0.657441007057        5.34154208069         -3.17696438984        6.66448341545         -3.0733915526         
0.667099704848        5.32228514805         -3.1832110081         6.6349863213          -3.07899666792        
0.676758402639        5.30214429894         -3.18903493898        6.60439187354         -3.08419009889        
0.68641710043         5.28094221505         -3.19435393084        6.57254652092         -3.08889242916        
0.696075798221        5.25874500905         -3.19924545529        6.5395298618          -3.09317871112        
0.705734496012        5.2358958304          -3.20367908648        6.50573956763         -3.09701827313        
0.715393193803        5.21194206536         -3.20759465832        6.47068949935         -3.10035644349        
0.725051891594        5.18702343006         -3.21103327526        6.43455018626         -3.10323540831        
0.734710589385        5.16118244291         -3.21393789362        6.39737341515         -3.10559810778        
0.744369287176        5.13442258283         -3.21632854211        6.35918956509         -3.10746471531        
0.754027984967        5.1068517239          -3.2181474245         6.32010231293         -3.1087827137         
0.763686682758        5.07827294408         -3.21932693435        6.27990575062         -3.10948574538        
0.773345380549        5.04885637763         -3.21993625017        6.23881141921         -3.10964221973        
0.78300407834         5.01868702285         -3.21992460261        6.19689927368         -3.10920258708        
0.792662776131        4.98752224417         -3.21913707762        6.15389516568         -3.10801916657        
0.802321473922        4.95576168236         -3.21780602942        6.11031483495         -3.10632322439        
0.811980171713        4.92312262638         -3.21566052043        6.06577392042         -3.10384733778        
0.821638869504        4.88980196102         -3.21272518667        6.02050471762         -3.10060056367        
0.831297567294        4.85595782352         -3.20908866126        5.97464245186         -3.09672043083        
0.840956265085        4.82155884804         -3.20490332175        5.92822215383         -3.09231219567        
0.850614962876        4.78623793048         -3.19983950242        5.88078170058         -3.0870635053         
0.860273660667        4.75037038299         -3.19412690061        5.83278678102         -3.08119750523        
0.869932358458        4.71400026605         -3.18758722808        5.78424798844         -3.0745415485         
0.879591056249        4.67699092469         -3.18029626846        5.73503511558         -3.0671674145         
0.88924975404         4.63947026641         -3.17224708053        5.68527464019         -3.05906774764        
0.898908451831        4.60145896219         -3.16333244495        5.63498778971         -3.05014395505        
0.908567149622        4.5628080124          -3.15355986808        5.58399487477         -3.04039853829        
0.918225847413        4.52370250011         -3.14301354807        5.53251966415         -3.02991469504        
0.927884545204        4.48403461843         -3.13156334128        5.48040406996         -3.01856623794        
0.937543242995        4.44373800454         -3.11920756949        5.42757882588         -3.00635243662        
0.947201940786        4.40278524192         -3.10593821375        5.37404918726         -2.99326931618        
0.956860638577        4.3606755563          -3.09123951793        5.31919397471         -2.97881022909        
0.966519336368        4.31761452261         -3.07515569362        5.26319447268         -2.96301509018        
0.976178034159        4.27249946849         -3.05705085342        5.20471064603         -2.94528422823        
0.98583673195         4.21779153932         -3.03159070746        5.13458305568         -2.92047562245        
0.995495429741        4.15823196642         -3.00197959644        5.05857713139         -2.89167691579        
1.00515412753         4.100120391           -2.97292648176        4.98440249702         -2.86342171004        
1.01481282532         4.04349106056         -2.94436396027        4.91208615412         -2.83564682215        
1.02447152311         3.98797410419         -2.91617293982        4.84118135798         -2.80823338997        
1.0341302209          3.93366874432         -2.88805248746        4.77175964116         -2.78089458291        
1.0437889187          3.88031634632         -2.86063571374        4.70360979801         -2.75423463828        
1.05344761649         3.82774492936         -2.83318483347        4.63643602732         -2.72754895485        
1.06310631428         3.77611985961         -2.80606978431        4.57047226917         -2.70118958032        
1.07276501207         3.7252690874          -2.77911787715        4.50549735435         -2.67499119064        
1.08242370986         3.67527570725         -2.75250738389        4.44162795424         -2.64912542683        
1.09208240765         3.6260980166          -2.72621393868        4.37881588948         -2.62356717114        
1.10174110544         3.57753333933         -2.70002334897        4.31679151414         -2.59811033697        
1.11139980323         3.52982377137         -2.67427446732        4.25587394324         -2.57308217814        
1.12105850102         3.48284319625         -2.6487821084         4.19589845685         -2.54830295752        
1.13071719881         3.43647606923         -2.62356635818        4.13674966348         -2.52379181318        
1.14037589661         3.39076502574         -2.59864286794        4.07845559383         -2.49956374255        
1.1500345944          3.34572648369         -2.57406225771        4.02105808716         -2.47566985577        
1.15969329219         3.30130105619         -2.54978640669        3.96448313492         -2.45207414933        
1.16935198998         3.25745961696         -2.52572545342        3.90868670621         -2.42868148068        
1.17901068777         3.21429543316         -2.50208240809        3.85377091187         -2.4057041728         
1.18866938556         3.17151211237         -2.47859372178        3.79937418424         -2.3828811369         
1.19832808335         3.12981343153         -2.4559468036         3.74638320458         -2.36087030337        
1.20798678114         3.08813033287         -2.43325092088        3.69350740938         -2.33881400189        
1.21764547893         3.04715924848         -2.41103324001        3.64157936014         -2.31722007827        
1.22730417672         3.00657467038         -2.38902875768        3.5902069963          -2.29583223177        
1.23696287451         2.96668408237         -2.36757345673        3.53977047989         -2.2749740944         
1.24662157231         2.9266965704          -2.34598703477        3.48932780688         -2.25399225967        
1.2562802701          2.88755997847         -2.32490327085        3.43997015184         -2.23349580004        
1.26593896789         2.84872750785         -2.30405439275        3.39108913241         -2.21322587277        
1.27559766568         2.8103340472          -2.2835370681         3.34284287783         -2.19327806308        
1.28525636347         2.77242921765         -2.2633472666         3.29528392308         -2.17364873965        
1.29491506126         2.73475110566         -2.2432431551         3.24809452796         -2.15410347034        
1.30457375905         2.69737408498         -2.2232964057         3.20136443617         -2.13471421466        
1.31423245684         2.6604585363          -2.20365653175        3.15528377405         -2.11562178002        
1.32389115463         2.62396923502         -2.18423295586        3.10980514212         -2.09674158126        
1.33354985242         2.5878002813          -2.16497916191        3.06480660489         -2.07802763792        
1.34320855022         2.55200607982         -2.1459190511         3.02034868102         -2.0595038666         
1.35286724801         2.51642061286         -2.12688555313        2.97623437476         -2.04100951403        
1.3625259458          2.48140055436         -2.1081671709         2.93287971352         -2.02282198619        
1.37218464359         2.44658656857         -2.0895120593         2.88986250704         -2.00469959485        
1.38184334138         2.41207532677         -2.07094686743        2.847298114           -1.98666828356        
1.39150203917         2.37801704494         -2.05257665883        2.80534446162         -1.96882742909        
1.40116073696         2.3444299021          -2.03432928378        2.76400393911         -1.95110782058        
1.41081943475         2.31093637159         -2.01604883941        2.72291095302         -1.93336857444        
1.42047813254         2.27786535096         -1.99795205398        2.68237057279         -1.9158077447         
1.43013683033         2.24494079482         -1.97964924704        2.64211128197         -1.89804672228        
1.43979552812         2.21262424992         -1.96150236485        2.6026049346          -1.880440129          
1.44945422592         2.18077372699         -1.94348604805        2.56369063526         -1.86296700741        
1.45911292371         2.1491657961          -1.92547938862        2.52515061745         -1.84551370952        
1.4687716215          2.11814312721         -1.90756703739        2.48732198399         -1.82815036956        
1.47843031929         2.08753447806         -1.88980880789        2.45002094854         -1.81095320394        
1.48808901708         2.05728332064         -1.87210274203        2.41319057135         -1.79380706964        
1.49774771487         2.0274591401          -1.85455528588        2.37690801469         -1.77681698798        
1.50740641266         1.99809223439         -1.83709345999        2.34120921774         -1.75991500226        
1.51706511045         1.96909002405         -1.81973918657        2.30597508406         -1.74311794521        
1.52672380824         1.94054677223         -1.80246111153        2.2713219422          -1.7263987832         
1.53638250603         1.9123384992          -1.78529081239        2.23710492735         -1.70978651786        
1.54604120383         1.88464608068         -1.76827309437        2.20352250859         -1.69332400788        
1.55569990162         1.85733120933         -1.75135477788        2.17041866018         -1.6769599648         
1.56535859941         1.83042834362         -1.73452408156        2.13782542476         -1.66068273386        
1.5750172972          1.80386097331         -1.71775797651        2.10565582287         -1.64447014875        
1.58467599499         1.77777894916         -1.70118367181        2.07408418746         -1.62844518142        
1.59433469278         1.75208794494         -1.68472209748        2.04299629535         -1.61253081341        
1.60399339057         1.72700077299         -1.66860099971        2.01263926225         -1.59694552812        
1.61365208836         1.70220413683         -1.65247327187        1.98264572731         -1.58135700519        
1.62331078615         1.67786654674         -1.63671208036        1.9532212981          -1.56612098937        
1.63296948394         1.65394478995         -1.62088982432        1.92429050858         -1.5508296539         
1.64262818173         1.63047396586         -1.60540173246        1.8959183841          -1.5358604766         
1.65228687953         1.60749875661         -1.59021745554        1.86814844505         -1.52118426691        
1.66194557732         1.58500686551         -1.57533215648        1.84096581608         -1.50679646243        
1.67160427511         1.56307106388         -1.56079891587        1.81445099341         -1.49274790798        
1.6812629729          1.5417246282          -1.54668832272        1.78864853811         -1.4791047567         
1.69092167069         1.52271921217         -1.53478399283        1.76558541066         -1.4675737668         
1.70058036848         1.51549337529         -1.53470421172        1.7561990568          -1.46735248635        
1.71023906627         1.50704117161         -1.53329192759        1.74539877931         -1.46585240805        
1.71989776406         1.4977623504          -1.53102978427        1.73365134566         -1.46355014933        
1.72955646185         1.48796246552         -1.52827744268        1.72129293201         -1.46077624495        
1.73921515964         1.47750780865         -1.52487177047        1.7082101132          -1.45737998552        
1.74887385744         1.46649852593         -1.52092378085        1.69450514872         -1.45346444268        
1.75853255523         1.45503541559         -1.51651733577        1.68029651108         -1.44911083621        
1.76819125302         1.44310799591         -1.51164649425        1.66557787486         -1.44431325661        
1.77784995081         1.43077670023         -1.50634711956        1.65041291842         -1.43910652897        
1.7875086486          1.41800546928         -1.50063605763        1.63477428595         -1.43350747156        
1.79716734639         1.40490382705         -1.4945488756         1.61877711988         -1.42754938359        
1.80682604418         1.39131947942         -1.48803446778        1.60226886327         -1.42118532394        
1.81648474197         1.37733920472         -1.48110068079        1.58534196939         -1.41442036335        
1.82614343976         1.36297100049         -1.47366800812        1.568004751           -1.40717553994        
1.83580213755         1.34838004332         -1.46593837945        1.55043200762         -1.39965049143        
1.84546083534         1.33351151439         -1.45786796369        1.53256872339         -1.39180311365        
1.85511953314         1.31835722164         -1.44954458216        1.51441168868         -1.38371484566        
1.86477823093         1.3029378788          -1.44075017698        1.49597773534         -1.3751820771         
1.87443692872         1.28727510931         -1.43169854343        1.47730069191         -1.36640402012        
1.88409562651         1.27133415883         -1.42232300871        1.45834092141         -1.35731675774        
1.8937543243          1.25517737438         -1.41259288339        1.43916884552         -1.3478959359         
1.90341302209         1.23880229037         -1.40258369325        1.41978064648         -1.33821207589        
1.91307171988         1.22222585847         -1.39223156739        1.40019477382         -1.32820055269        
1.92273041767         1.20546742087         -1.38159824284        1.38043327707         -1.3179308613         
1.93238911546         1.18860514444         -1.37065030979        1.36056994432         -1.30736211498        
1.94204781325         1.1715753661          -1.35946436486        1.34055116785         -1.296569837          
1.95170651105         1.15435218965         -1.34797179149        1.32034775624         -1.28548754549        
1.96136520884         1.13707212917         -1.33622498411        1.30010514291         -1.27416548012        
1.97102390663         1.11965295568         -1.32419825113        1.27973443826         -1.26257911813        
1.98068260442         1.10215803161         -1.31192789795        1.25930273154         -1.25076347311        
1.99034130221         1.08460577225         -1.29937041004        1.23883050932         -1.23867680986        
2                     1.06700582591         -1.28658714057        1.21832823933         -1.22637769524        
2.001                 1.06517810161         -1.28524594932        1.21620083706         -1.2250875674         
2.20778922054         0.702634836196        -0.975417870111       0.797361602068        -0.928046753883       
2.41457844109         0.405331454215        -0.667195163597       0.458798932929        -0.633761764724       
2.62136766163         0.199486256674        -0.406715814538       0.226770795758        -0.385826148014       
2.82815688218         0.0793367307837       -0.219561085085       0.0919416840818       -0.208064437406       
3.03494610272         0.0219505093071       -0.102594893899       0.0272241156838       -0.0971422161194      
3.24173532327         0.00130130439319      -0.0398307087742      0.00329183692424      -0.0376924469955      
3.44852454381         -0.00261149707566     -0.0117018106727      -0.00195637349816     -0.0110714928097      
3.65531376436         -0.00138742458148     -0.00188378033226     -0.00122884464755     -0.0017833906957      
3.8621029849          -6.84837673093e-05    -1.84799071483e-05    -6.18473269715e-05    -1.75717518992e-05    
3.8631029849          -6.62885239973e-05    -1.76809649243e-05    -5.98599970999e-05    -1.68122260358e-05    
3.8801029849          -3.50465470541e-05    -7.24190518971e-06    -3.15996018882e-05    -6.88272087953e-06    
3.8971029849          -1.40949968334e-05    -1.25342117487e-06    -1.26828212334e-05    -1.17916931121e-06    
3.9141029849          -2.14478031602e-06    1.91671533374e-06     -1.91552236188e-06    1.84537035746e-06     
3.9311029849          2.4200395492e-07      5.71662815819e-06     2.40034824172e-07     5.34097146958e-06     
3.9481029849          4.44876155109e-07     1.37502594049e-05     4.35500411461e-07     1.2552153395e-05      
3.9651029849          6.06862737133e-07     2.20857415992e-05     5.91079552127e-07     1.99669676973e-05     
3.9821029849          7.22092033502e-07     2.9720915372e-05      7.01395513886e-07     2.67060095486e-05     
3.9831029849          7.2749463912e-07      3.01390963464e-05     7.06556044578e-07     2.70735546302e-05     
4.1630681199          5.03761644965e-07     5.05288995649e-05     4.8545320422e-07      4.39920741832e-05     
4.3430332549          8.22223470479e-08     2.72492731797e-05     7.88104225856e-08     2.32340506949e-05     
4.5229983899          -1.89909981844e-08    9.89956988048e-06     -1.84307689028e-08    8.29035913881e-06     
4.7029635249          -1.50755366525e-08    2.59839474457e-06     -1.45424326834e-08    2.14080930673e-06     
4.88292865991         -3.87885737998e-09    4.30115686407e-07     -3.73641237474e-09    3.49062010787e-07     
5.06289379491         -1.54353415822e-10    1.31177752081e-08     -1.48572633191e-10    1.0496806291e-08      
5.24285892991         2.49235291212e-08     3.53075512596e-10     1.96830901427e-08     7.93377203275e-10     
5.42282406491         2.66060019583e-08     4.33529499687e-10     2.07608449716e-08     7.74479710854e-10     
5.60278919991         1.4638132646e-08      2.66479765855e-10     1.12922315782e-08     3.98361596029e-10     
5.78275433491         6.04167676645e-09     1.20443051839e-10     4.60798392935e-09     1.56057649595e-10     
5.96271946991         2.07390375317e-09     4.46224911594e-11     1.56394339582e-09     5.1353655205e-11      
6.14268460491         6.18696315794e-10     1.42110876472e-11     4.61338195569e-10     1.47732204446e-11     
6.32264973991         1.6415194408e-10      3.99098997617e-12     1.21043366526e-10     3.7964531105e-12      
6.50261487492         3.92682933419e-11     1.00371957077e-12     2.86367912368e-11     8.82830350103e-13     
6.68258000992         8.54616140838e-12     2.2839104611e-13      6.16467722047e-12     1.87516316612e-13     
6.86254514492         1.70071324421e-12     4.73035552358e-14     1.21358782295e-12     3.64588856826e-14     
7.04251027992         3.11881820656e-13     8.99382797513e-15     2.20192652919e-13     6.55803535826e-15     
7.22247541492         5.14093976458e-14     1.5320656222e-15      3.59144744115e-14     1.06139110376e-15     
7.40244054992         9.80902580862e-15     3.01252250835e-16     6.7818293153e-15      1.99113889082e-16     
7.58240568492         9.63803557439e-16     3.04308667957e-17     6.595525719e-16       1.92949154836e-17     
7.76237081992         1.113489699e-15       3.60677045922e-17     7.54292431852e-16     2.19986179422e-17     
7.94233595492         1.27495672191e-15     4.22892448276e-17     8.55076642119e-16     2.4873400072e-17      
8.12230108993         1.44833255534e-15     4.91126353481e-17     9.61847395761e-16     2.79643966838e-17     
8.30226622493         1.63373552009e-15     5.65540432073e-17     1.07445431817e-15     3.12688315883e-17     
8.48223135993         1.83127531538e-15     6.46287334378e-17     1.19283214025e-15     3.47656530986e-17     
8.66219649493         2.04105387975e-15     7.33511398431e-17     1.31690304583e-15     3.84576045981e-17     
8.84216162993         2.26316614475e-15     8.27349287665e-17     1.44659205281e-15     4.23476314868e-17     
9.02212676493         2.49770069708e-15     9.27930566642e-17     1.58184707305e-15     4.6475565067e-17      
9.20209189993         2.74474036234e-15     1.03537822201e-16     1.72249898242e-15     5.0869052004e-17      
9.38205703493         3.00436272137e-15     1.14980913492e-16     1.86847698366e-15     5.54880353725e-17     
9.56202216993         3.27664056851e-15     1.27133451026e-16     2.01970401758e-15     6.0337123256e-17      
9.74198730494         3.56164231942e-15     1.40006026758e-16     2.17609979393e-15     6.54210048731e-17     
9.92195243994         3.85943237531e-15     1.5360873976e-16      2.33758513022e-15     7.07444356996e-17     
10.1019175749         4.17007144894e-15     1.67951228815e-16     2.50408423362e-15     7.63122240324e-17     
10.2818827099         4.49361685726e-15     1.83042702258e-16     2.67553166402e-15     8.21292188901e-17     
10.4618478449         4.8301227849e-15      1.98891965345e-16     2.85187596841e-15     8.8268690889e-17      
10.6418129799         5.17964052176e-15     2.15507445399e-16     3.03293204759e-15     9.47196933554e-17     
10.8217781149         5.54221867793e-15     2.32897214954e-16     3.21865347081e-15     1.01450892103e-16     
11.0017432499         5.91790337851e-15     2.51069013078e-16     3.40897142135e-15     1.08467946445e-16     
11.1817083849         6.30673844047e-15     2.7003026506e-16      3.60381416305e-15     1.1577649676e-16      
11.3616735199         6.70876553368e-15     2.8978810061e-16      3.80311027489e-15     1.23382158088e-16     
11.5416386549         7.1240243277e-15      3.10349370699e-16     4.006789481e-15       1.31290514501e-16     
11.7216037899         7.55255262593e-15     3.31720663174e-16     4.214783042e-15       1.39507114166e-16     
11.9015689249         7.99438648836e-15     3.53908317248e-16     4.42702409051e-15     1.48037465043e-16     
12.08153406           8.44956034407e-15     3.76918436966e-16     4.64344813514e-15     1.5688703114e-16      
12.261499195          8.91810709463e-15     4.00756903733e-16     4.86399420081e-15     1.66061229284e-16     
12.44146433           9.40005820911e-15     4.25429387983e-16     5.08860880522e-15     1.75565426342e-16     
12.621429465          9.89544381167e-15     4.50941360067e-16     5.31728075579e-15     1.85436285025e-16     
12.8013946            1.04042927623e-14     4.77298100411e-16     5.54983020948e-15     1.9575775057e-16      
12.981359735          1.09266327315e-14     5.04504709011e-16     5.7861985767e-15      2.06439260517e-16     
13.16132487           1.14624902692e-14     5.32566114323e-16     6.02634274201e-15     2.17486451974e-16     
13.341290005          1.20118908688e-14     5.61487081578e-16     6.27020844775e-15     2.2890489624e-16      
13.52125514           1.25748590266e-14     5.91272220591e-16     6.51774000236e-15     2.40700097822e-16     
13.701220275          1.31514182967e-14     6.2192599307e-16      6.76888190012e-15     2.52877493684e-16     
13.88118541           1.3741591342e-14      6.534527195e-16       7.02357932941e-15     2.65442452699e-16     
14.061150545          1.43453999826e-14     6.85856585602e-16     7.28177837614e-15     2.7840027529e-16      
14.24111568           1.49628652395e-14     7.19141648412e-16     7.54342611646e-15     2.9175619323e-16      
14.421080815          1.55940073763e-14     7.53311842011e-16     7.80847066337e-15     3.05515369592e-16     
14.60104595           1.6238845938e-14      7.8837098292e-16      8.0768611935e-15      3.19682898827e-16     
14.781011085          1.68973997872e-14     8.2432277519e-16      8.34854796736e-15     3.34263806953e-16     
14.96097622           1.75696871377e-14     8.61170815205e-16     8.62348235177e-15     3.49263051856e-16     
15.140941355          1.82557255866e-14     8.98918596228e-16     8.9016168533e-15      3.64685523671e-16     
15.32090649           1.89555321437e-14     9.37569512686e-16     9.18290517403e-15     3.80536045245e-16     
15.500871625          1.96691232596e-14     9.77126864233e-16     9.46730231079e-15     3.96819372672e-16     
15.68083676           2.0396514852e-14      1.01759385959e-15     9.75476474046e-15     4.13540195882e-16     
15.860801895          2.11377223299e-14     1.05897362021e-15     1.00452507957e-14     4.30703139295e-16     
16.04076703           2.18927606175e-14     1.10126918367e-15     1.03387215369e-14     4.48312762503e-16     
16.220732165          2.26616441752e-14     1.14448350704e-15     1.06351433478e-14     4.66373561008e-16     
16.4006973            2.34443870211e-14     1.1886194699e-15      1.09345025494e-14     4.84889966982e-16     
16.580662435          2.42410027494e-14     1.23367987736e-15     1.12367716872e-14     5.04002854974e-16     
16.76062757           2.50515045497e-14     1.27966746282e-15     1.15417517456e-14     5.23629592094e-16     
16.940592705          2.58759052236e-14     1.32658489068e-15     1.18494613261e-14     5.43737257843e-16     
17.12055784           2.67142172012e-14     1.37443475885e-15     1.21598716889e-14     5.64330324297e-16     
17.300522975          2.75664525569e-14     1.4232196012e-15      1.24729483973e-14     5.8541320142e-16      
17.48048811           2.84326230237e-14     1.47294188981e-15     1.27886556301e-14     6.06990237913e-16     
17.660453245          2.93127400071e-14     1.52360403724e-15     1.31069573153e-14     6.29065722059e-16     
17.84041838           3.02068145983e-14     1.57520839856e-15     1.34278175548e-14     6.51643882589e-16     
18.020383515          3.11148575868e-14     1.62775727341e-15     1.37512008125e-14     6.74728889542e-16     
18.20034865           3.2036879472e-14      1.68125290785e-15     1.40770720073e-14     6.98324855135e-16     
18.380313785          3.29728904747e-14     1.73569749621e-15     1.44053965598e-14     7.22435834636e-16     
18.56027892           3.39229005473e-14     1.79109318284e-15     1.47361404155e-14     7.47065827227e-16     
18.740244055          3.48869193847e-14     1.84744206376e-15     1.5069270056e-14      7.72218776874e-16     
18.92020919           3.5864956433e-14      1.90474618827e-15     1.54047525014e-14     7.97898573192e-16     
19.100174325          3.68570208996e-14     1.96300756046e-15     1.57425553095e-14     8.24109052301e-16     
19.28013946           3.78631217615e-14     2.02222814067e-15     1.60826465713e-14     8.5085399768e-16      
19.460104595          3.88832677734e-14     2.0824098469e-15      1.6424994905e-14      8.78137141017e-16     
19.64006973           3.99174674763e-14     2.14355455616e-15     1.67695694498e-14     9.05962163044e-16     
19.820034865          4.09657292045e-14     2.2056641057e-15      1.71163398576e-14     9.34332694371e-16     
20                    0                     0                     0                     0                     
