{
    "bin_ranges": {
        "m3pi_lower_limit": 1.46,
        "m3pi_upper_limit": 1.5,
        "t_lower_limit": 0.141,
        "t_upper_limit": 0.194
    },
    "info": "The dalitz matrix M is computed as sqrt(-Kibble) * (A[1]-A[2])",
    "bin_centers": [
        0.29900000000000004,
        0.33999999999999997,
        0.38,
        0.42000000000000004,
        0.45999999999999996,
        0.5,
        0.54,
        0.5800000000000001,
        0.62,
        0.66,
        0.69,
        0.71,
        0.73,
        0.75,
        0.77,
        0.79,
        0.81,
        0.83,
        0.85,
        0.87,
        0.89,
        0.91,
        0.94,
        0.98,
        1.02,
        1.06,
        1.1,
        1.1400000000000001,
        1.18,
        1.22,
        1.26,
        1.3,
        1.34
    ],
    "real(M)": [
        [
            0,
            0,
            0,
            0,
            0,
            0,
            0,
            0,
            0,
            0,
            0,
            0,
            0,
            0,
            0,
            0,
            0,
            0,
            29.45928999242442,
            70.83246165641798,
            91.32849163440068,
            116.20470658959346,
            134.6080182378094,
            131.8332367711935,
            136.26418915696718,
            128.11920145530644,
            119.99427755905825,
            103.68486872281939,
            69.49079613602886,
            0,
            0,
            0,
            0
        ],
        [
            0,
            0,
            0,
            0,
            0,
            0,
            0,
            0,
            0,
            0,
            0,
            -21.08443226974736,
            -27.852481326061657,
            -13.459331799581543,
            26.67407728655574,
            83.43144048775912,
            124.59971872299413,
            118.49571157243857,
            130.57718106098096,
            144.98531534365793,
            144.92561680419917,
            169.72890654142716,
            175.07593451279126,
            145.33524985225935,
            143.2053409610225,
            128.1773693553658,
            123.7682240414132,
            119.44593160450975,
            115.31612496043255,
            52.32394547526554,
            49.28062617464858,
            0,
            0
        ],
        [
            0,
            0,
            0,
            0,
            0,
            0,
            0,
            0,
            -8.886466359900023,
            -25.493021036416877,
            -54.856839094782465,
            -77.8830607206368,
            -74.34395400448939,
            -40.48729234777079,
            27.8530238796468,
            113.80068516190425,
            169.61396050688924,
            154.0223771734914,
            166.36372493731767,
            182.33460020487652,
            178.59992192361497,
            209.38842731600897,
            212.70186113496138,
            169.85586415890674,
            165.5174759840694,
            145.6298945874412,
            141.07808695055618,
            138.39243357681278,
            138.79216695168057,
            59.274283186722656,
            75.96346267225509,
            41.181945170573535,
            0
        ],
        [
            0,
            0,
            0,
            0,
            0,
            0,
            0,
            -36.31010417892495,
            -62.31925215490932,
            -89.05890261829393,
            -133.18504578475745,
            -165.27655553649666,
            -160.1870602396633,
            -115.90446444860942,
            -28.86644723234854,
            78.0620856961637,
            144.59370908585169,
            120.95139876320133,
            132.82797500438446,
            149.41290287424042,
            142.06432275149615,
            177.21199153297135,
            178.15365481857972,
            123.76431270692478,
            117.37928554342203,
            93.80677392500571,
            90.15306672326663,
            90.55788584911747,
            97.10387693817721,
            8.834314318304164,
            43.61365583689408,
            26.141730473615958,
            0
        ],
        [
            0,
            0,
            0,
            0,
            0,
            2.5352466767812256,
            -2.9608243925125555,
            -23.053341831214333,
            -41.77328914132787,
            -63.873879913095124,
            -111.25152971873064,
            -145.67784321412827,
            -134.69323352247326,
            -77.29990042937699,
            29.77015329500421,
            158.67045656668446,
            238.31465079742077,
            211.36987241407678,
            226.09812551046053,
            246.1268169369309,
            238.19888718689904,
            279.36173400849714,
            280.88770807601753,
            218.65134359631185,
            211.1353475475524,
            183.28271363540236,
            177.3452285472703,
            174.9844856496868,
            178.36648713908554,
            71.3025753678974,
            102.93430707419753,
            70.17033923925295,
            0
        ],
        [
            0,
            0,
            0,
            0,
            -2.5352466767812256,
            0,
            -13.964288577207496,
            -41.407966854659776,
            -64.56602542819338,
            -90.90024586873339,
            -146.2902199783185,
            -185.93925704555403,
            -172.79879899477362,
            -106.63793638320097,
            15.61183788438118,
            161.72403555086242,
            251.0002740037319,
            219.30035549070595,
            234.89754265282653,
            256.4872425513684,
            246.69999059857506,
            292.04810784592337,
            292.65250191420193,
            222.171672142639,
            213.20007170561897,
            182.03608757560144,
            175.57471925365482,
            173.4462487506611,
            178.0768634457322,
            61.61299766112121,
            98.70506554302995,
            66.24240557427888,
            0
        ],
        [
            0,
            0,
            0,
            0,
            2.96082439251252,
            13.964288577207496,
            0,
            -28.949500909276054,
            -52.07292850062196,
            -78.71896181880494,
            -138.910715560921,
            -181.8072226832034,
            -165.4290178989853,
            -90.1705354372795,
            46.88591360100183,
            209.58521203138375,
            308.5661641129345,
            273.53463131583703,
            290.7542389428682,
            314.4818249817677,
            303.6495888278683,
            353.2637142171215,
            353.5827654897338,
            276.0534350777399,
            265.5710776336041,
            230.68916437602957,
            222.2629449439179,
            217.95824600235798,
            220.11673342711256,
            91.74439943225465,
            125.95752609958717,
            82.79224901302523,
            0
        ],
        [
            0,
            0,
            0,
            36.31010417892495,
            23.053341831214333,
            41.407966854659776,
            28.949500909276054,
            0,
            -21.924523158371564,
            -47.77630897423551,
            -111.53993452711477,
            -156.90401258323377,
            -137.17883361245978,
            -53.304358288641055,
            97.50106242618578,
            275.5238864769906,
            383.57041097652717,
            345.80054494181564,
            364.6989631343131,
            390.51444179828627,
            378.8582481489298,
            432.3432249608145,
            432.3667457966402,
            348.3353061017766,
            335.99251576103654,
            297.0237461389642,
            285.61895268087204,
            277.5891965340989,
            274.9139554647605,
            134.18597622207258,
            159.82239807766535,
            97.90781732290881,
            0
        ],
        [
            0,
            0,
            8.886466359900023,
            62.31925215490932,
            41.77328914132787,
            64.56602542819338,
            52.07292850062196,
            21.924523158371564,
            0,
            -26.0861577280123,
            -93.70634990426237,
            -141.68882550637494,
            -119.31251268433485,
            -28.013248441430267,
            134.85169842794718,
            326.341674309824,
            442.20998103225554,
            401.66813428680376,
            421.76265754130486,
            449.13907265305954,
            436.4550396788283,
            493.0708393754497,
            492.38224691757614,
            402.1138551758335,
            387.6149089059075,
            344.61981692337326,
            330.0685714367446,
            318.0956007771421,
            310.1157552288597,
            159.4698627368643,
            174.05228357550988,
            86.79570518229418,
            0
        ],
        [
            0,
            0,
            25.493021036416877,
            89.05890261829393,
            63.873879913095124,
            90.90024586873339,
            78.71896181880494,
            47.77630897423551,
            26.0861577280123,
            0,
            -70.93805502302443,
            -121.1768243221475,
            -96.33413515338894,
            1.690082497014332,
            175.38426037291575,
            378.8937941916409,
            501.6852648596058,
            458.6291439681204,
            479.6978132813482,
            508.3304363013106,
            494.60052105350564,
            553.7440338773198,
            552.0614583583417,
            455.86902839407236,
            438.74164297073804,
            391.3795261313607,
            372.8009945071412,
            355.561742220545,
            340.12323551633955,
            179.94114417768685,
            176.00045885465073,
            0,
            0
        ],
        [
            0,
            0,
            54.856839094782465,
            133.18504578475745,
            111.25152971873064,
            146.2902199783185,
            138.910715560921,
            111.53993452711477,
            93.70634990426237,
            70.93805502302443,
            0,
            -50.37811290515374,
            -22.577002267956782,
            81.16686918255311,
            263.2076673515821,
            475.7049658120304,
            603.917289563226,
            559.8700284140608,
            582.1337268971889,
            612.0021277402561,
            597.8560296863901,
            658.7376777654393,
            656.244616366096,
            555.4834921301241,
            535.0422526538073,
            482.3611335139628,
            457.36432486217575,
            431.20914904954714,
            402.8496695738968,
            227.43956464384357,
            188.33920805350948,
            0,
            0
        ],
        [
            0,
            21.084432269748802,
            77.8830607206368,
            165.27655553649666,
            145.67784321412827,
            185.93925704555403,
            181.8072226832034,
            156.90401258323377,
            141.68882550637494,
            121.1768243221475,
            50.37811290515374,
            0,
            29.692742811682592,
            136.99901423564646,
            324.172976323092,
            542.146841449833,
            673.6230912371315,
            628.936243929774,
            651.8524583645733,
            682.3639341003369,
            667.8469252943019,
            729.5842455509852,
            726.2858933518087,
            622.320427202413,
            599.1687765449251,
            542.3946683816523,
            512.2359209580521,
            478.8577221427272,
            439.83128033023706,
            252.3511604133991,
            178.0990701879305,
            0,
            0
        ],
        [
            0,
            27.852481326061657,
            74.34395400448939,
            160.1870602396633,
            134.6932335224735,
            172.79879899477362,
            165.4290178989853,
            137.17883361245978,
            119.31251268433485,
            96.33413515338894,
            22.577002267956782,
            -29.692742811682592,
            0,
            108.98201914768147,
            299.4019186250825,
            521.0479609538554,
            654.2779860902426,
            607.9140241688583,
            630.4821414888098,
            660.787675613928,
            645.3152192342363,
            707.3509440276408,
            702.9767299810985,
            596.4494304783166,
            572.0375820155197,
            513.8816008844575,
            482.57445046423305,
            447.6826337154507,
            405.82111076028275,
            218.70160551961376,
            116.82608029368916,
            0,
            0
        ],
        [
            0,
            13.459331799581543,
            40.48729234777079,
            115.90446444860942,
            77.29990042937715,
            106.63793638320097,
            90.1705354372795,
            53.304358288641055,
            28.013248441430267,
            -1.690082497014332,
            -81.16686918255311,
            -136.99901423564646,
            -108.98201914768147,
            0,
            191.98428110690816,
            415.70101955902425,
            549.3823112594864,
            500.5242239046699,
            521.9633218157321,
            551.4373626013888,
            534.6577448807623,
            596.6676942601699,
            591.3222510824539,
            483.43281445896037,
            459.83235631257116,
            403.7456173753038,
            376.21592728937003,
            346.73426976083357,
            311.6538350858164,
            140.8890165284957,
            0,
            0,
            0
        ],
        [
            0,
            -26.67407728655574,
            -27.8530238796468,
            28.86644723234854,
            -29.77015329500421,
            -15.61183788438118,
            -46.88591360100183,
            -97.50106242618578,
            -134.85169842794718,
            -175.38426037291575,
            -263.2076673515821,
            -324.172976323092,
            -299.4019186250825,
            -191.98428110690816,
            0,
            224.31221425503,
            357.28671679033135,
            305.2898699734832,
            325.003837496849,
            353.22410085988344,
            335.0145341371929,
            396.91960581929663,
            391.13673667732064,
            283.7903498738099,
            263.94503084854597,
            214.50642184553982,
            197.1721074295502,
            182.12977480616058,
            166.74808432023397,
            35.739310558744194,
            0,
            0,
            0
        ],
        [
            0,
            -83.43144048776081,
            -113.80068516190425,
            -78.0620856961637,
            -158.67045656668446,
            -161.72403555086242,
            -209.58521203138375,
            -275.5238864769906,
            -326.341674309824,
            -378.8937941916409,
            -475.7049658120304,
            -542.146841449833,
            -521.0479609538554,
            -415.70101955902425,
            -224.31221425503,
            0,
            131.906327686703,
            76.84578466587877,
            94.85785540975098,
            121.92173068856991,
            102.5806319848484,
            164.60569392871687,
            159.1710421265247,
            54.19104337179124,
            40.39936853509254,
            0.9293621694148616,
            -1.7591327381924937,
            3.940369789737687,
            17.84934954989578,
            -49.408740911862246,
            0,
            0,
            0
        ],
        [
            0,
            -124.59971872299413,
            -169.61396050688924,
            -144.59370908585169,
            -238.31465079742054,
            -251.0002740037319,
            -308.5661641129345,
            -383.57041097652717,
            -442.20998103225554,
            -501.6852648596058,
            -603.917289563226,
            -673.6230912371315,
            -654.2779860902426,
            -549.3823112594864,
            -357.28671679033135,
            -131.906327686703,
            0,
            -56.85464397136248,
            -39.59716733629271,
            -12.94784514597327,
            -32.76716838797674,
            29.63382636580181,
            24.757247295933524,
            -78.10236652000354,
            -87.37935667974865,
            -119.51075632729024,
            -111.74058558563063,
            -91.21923749724046,
            -55.870075701229844,
            -50.16142522030535,
            0,
            0,
            0
        ],
        [
            0,
            -118.49571157243857,
            -154.02237717349144,
            -120.95139876320133,
            -211.36987241407678,
            -219.30035549070595,
            -273.5346313158373,
            -345.80054494181564,
            -401.66813428680376,
            -458.6291439681204,
            -559.8700284140612,
            -628.9362439297743,
            -607.9140241688585,
            -500.52422390467,
            -305.2898699734832,
            -76.84578466587877,
            56.85464397136248,
            0,
            17.73432063222146,
            44.74559932372158,
            24.876638379648718,
            87.38771382743354,
            81.92445483228785,
            -22.09050270494575,
            -33.14754548771136,
            -67.48743432591644,
            -63.32460718132483,
            -48.24924722262033,
            -22.05017311862287,
            0,
            0,
            0,
            0
        ],
        [
            -29.459289992424225,
            -130.57718106098093,
            -166.36372493731767,
            -132.82797500438446,
            -226.09812551046022,
            -234.89754265282653,
            -290.7542389428682,
            -364.6989631343131,
            -421.76265754130486,
            -479.6978132813482,
            -582.1337268971889,
            -651.8524583645733,
            -630.4821414888098,
            -521.9633218157321,
            -325.003837496849,
            -94.85785540975098,
            39.59716733629271,
            -17.73432063222146,
            0,
            27.043783283664222,
            7.0957342771585665,
            69.66300658879072,
            64.19250629324225,
            -39.011350280002794,
            -48.99440438831369,
            -81.07335304979968,
            -74.24700760564396,
            -55.488518345814626,
            -23.829193731308997,
            0,
            0,
            0,
            0
        ],
        [
            -70.83246165641798,
            -144.98531534365793,
            -182.33460020487652,
            -149.41290287424042,
            -246.1268169369309,
            -256.4872425513684,
            -314.4818249817677,
            -390.5144417982865,
            -449.13907265305954,
            -508.3304363013106,
            -612.0021277402564,
            -682.3639341003369,
            -660.787675613928,
            -551.4373626013889,
            -353.2241008598835,
            -121.92173068856992,
            12.94784514597327,
            -44.74559932372158,
            -27.043783283664222,
            0,
            -19.906240279002535,
            42.63377010255396,
            37.37600801285051,
            -64.1931595471053,
            -72.33488750768808,
            -100.86583773448895,
            -89.69567390456281,
            -64.46342568484468,
            -18.46530899686655,
            0,
            0,
            0,
            0
        ],
        [
            -91.32849163440073,
            -144.92561680419917,
            -178.59992192361497,
            -142.06432275149615,
            -238.19888718689904,
            -246.69999059857506,
            -303.6495888278683,
            -378.8582481489298,
            -436.4550396788283,
            -494.60052105350564,
            -597.8560296863901,
            -667.8469252943019,
            -645.3152192342363,
            -534.6577448807623,
            -335.0145341371929,
            -102.5806319848484,
            32.76716838797674,
            -24.87663837964872,
            -7.0957342771585665,
            19.90624027900253,
            0,
            62.07349279365346,
            56.374420943924726,
            -44.63887032031233,
            -53.17408104014761,
            -81.24289479634598,
            -70.40831951367949,
            -45.42928216576646,
            0,
            0,
            0,
            0,
            0
        ],
        [
            -116.20470658959357,
            -169.7289065414279,
            -209.38842731600897,
            -177.21199153297135,
            -279.3617340084969,
            -292.04810784592337,
            -353.2637142171215,
            -432.3432249608145,
            -493.0708393754497,
            -553.7440338773198,
            -658.7376777654393,
            -729.5842455509852,
            -707.3509440276408,
            -596.6676942601699,
            -396.91960581929663,
            -164.60569392871687,
            -29.63382636580181,
            -87.38771382743354,
            -69.66300658879072,
            -42.63377010255396,
            -62.07349279365346,
            0,
            -4.543871179665964,
            -101.15664527390763,
            -104.76356780124259,
            -124.27602162569943,
            -101.81008848279721,
            -55.195159045645966,
            0,
            0,
            0,
            0,
            0
        ],
        [
            -134.60801823780952,
            -175.0759345127913,
            -212.70186113496138,
            -178.15365481857972,
            -280.88770807601753,
            -292.65250191420193,
            -353.5827654897338,
            -432.3667457966402,
            -492.38224691757614,
            -552.0614583583417,
            -656.244616366096,
            -726.2858933518087,
            -702.9767299810985,
            -591.3222510824539,
            -391.13673667732064,
            -159.1710421265247,
            -24.757247295933524,
            -81.92445483228785,
            -64.19250629324225,
            -37.37600801285051,
            -56.374420943924726,
            4.543871179665964,
            0,
            -92.75302459398152,
            -94.33114202022193,
            -108.09851222000293,
            -77.97667892030606,
            0,
            0,
            0,
            0,
            0,
            0
        ],
        [
            -131.8332367711935,
            -145.33524985225995,
            -169.85586415890677,
            -123.76431270692478,
            -218.65134359631165,
            -222.171672142639,
            -276.0534350777399,
            -348.3353061017766,
            -402.1138551758335,
            -455.86902839407236,
            -555.4834921301241,
            -622.320427202413,
            -596.4494304783166,
            -483.43281445896037,
            -283.7903498738099,
            -54.19104337179124,
            78.10236652000354,
            22.09050270494575,
            39.011350280002794,
            64.1931595471053,
            44.63887032031233,
            101.15664527390763,
            92.75302459398152,
            0,
            -8.91520334439559,
            -28.17572779487543,
            0,
            0,
            0,
            0,
            0,
            0,
            0
        ],
        [
            -136.2641891569671,
            -143.20534096102307,
            -165.5174759840694,
            -117.37928554342203,
            -211.1353475475524,
            -213.20007170561897,
            -265.5710776336041,
            -335.99251576103654,
            -387.6149089059075,
            -438.74164297073804,
            -535.0422526538073,
            -599.1687765449251,
            -572.0375820155197,
            -459.83235631257116,
            -263.94503084854597,
            -40.39936853509254,
            87.37935667974865,
            33.14754548771136,
            48.99440438831369,
            72.33488750768808,
            53.17408104014761,
            104.76356780124259,
            94.33114202022193,
            8.91520334439559,
            0,
            -6.256183764707456,
            0,
            0,
            0,
            0,
            0,
            0,
            0
        ],
        [
            -128.11920145530652,
            -128.1773693553658,
            -145.62989458744119,
            -93.8067739250056,
            -183.28271363540222,
            -182.03608757560144,
            -230.68916437602957,
            -297.0237461389642,
            -344.61981692337326,
            -391.3795261313607,
            -482.3611335139628,
            -542.3946683816523,
            -513.8816008844575,
            -403.7456173753038,
            -214.50642184553982,
            -0.9293621694148616,
            119.51075632729024,
            67.48743432591644,
            81.07335304979968,
            100.86583773448895,
            81.24289479634598,
            124.27602162569943,
            108.09851222000293,
            28.17572779487543,
            6.256183764707456,
            0,
            0,
            0,
            0,
            0,
            0,
            0,
            0
        ],
        [
            -119.99427755905825,
            -123.76822404141339,
            -141.07808695055633,
            -90.15306672326669,
            -177.34522854727018,
            -175.57471925365482,
            -222.2629449439179,
            -285.61895268087204,
            -330.0685714367446,
            -372.8009945071412,
            -457.36432486217575,
            -512.2359209580521,
            -482.57445046423305,
            -376.21592728937003,
            -197.1721074295502,
            1.7591327381924937,
            111.74058558563063,
            63.324607181324815,
            74.24700760564396,
            89.69567390456284,
            70.40831951367949,
            101.81008848279721,
            77.97667892030606,
            0,
            0,
            0,
            0,
            0,
            0,
            0,
            0,
            0,
            0
        ],
        [
            -103.68486872281956,
            -119.4459316045098,
            -138.3924335768128,
            -90.55788584911747,
            -174.98448564968672,
            -173.4462487506611,
            -217.95824600235798,
            -277.5891965340989,
            -318.0956007771421,
            -355.56174222054494,
            -431.20914904954714,
            -478.8577221427272,
            -447.6826337154507,
            -346.73426976083357,
            -182.12977480616058,
            -3.940369789737687,
            91.21923749724046,
            48.249247222620355,
            55.488518345814626,
            64.46342568484471,
            45.42928216576647,
            55.195159045645966,
            0,
            0,
            0,
            0,
            0,
            0,
            0,
            0,
            0,
            0,
            0
        ],
        [
            -69.49079613602845,
            -115.31612496043253,
            -138.79216695168068,
            -97.10387693817722,
            -178.36648713908554,
            -178.07686344573224,
            -220.11673342711256,
            -274.9139554647605,
            -310.1157552288597,
            -340.12323551633955,
            -402.8496695738968,
            -439.83128033023706,
            -405.82111076028275,
            -311.6538350858165,
            -166.74808432023397,
            -17.84934954989578,
            55.87007570122984,
            22.050173118622862,
            23.829193731308997,
            18.46530899686664,
            0,
            0,
            0,
            0,
            0,
            0,
            0,
            0,
            0,
            0,
            0,
            0,
            0
        ],
        [
            0,
            -52.323945475265596,
            -59.27428318672269,
            -8.834314318304168,
            -71.30257536789735,
            -61.6129976611212,
            -91.74439943225464,
            -134.18597622207253,
            -159.4698627368643,
            -179.94114417768685,
            -227.4395646438435,
            -252.3511604133991,
            -218.7016055196138,
            -140.88901652849572,
            -35.73931055874419,
            49.408740911862246,
            50.16142522030538,
            0,
            0,
            0,
            0,
            0,
            0,
            0,
            0,
            0,
            0,
            0,
            0,
            0,
            0,
            0,
            0
        ],
        [
            0,
            -49.28062617464867,
            -75.96346267225508,
            -43.61365583689408,
            -102.93430707419752,
            -98.70506554302997,
            -125.95752609958711,
            -159.82239807766538,
            -174.05228357550988,
            -176.00045885465076,
            -188.3392080535096,
            -178.0990701879305,
            -116.82608029368907,
            0,
            0,
            0,
            0,
            0,
            0,
            0,
            0,
            0,
            0,
            0,
            0,
            0,
            0,
            0,
            0,
            0,
            0,
            0,
            0
        ],
        [
            0,
            0,
            -41.18194517057384,
            -26.141730473615976,
            -70.17033923925297,
            -66.24240557427892,
            -82.79224901302527,
            -97.90781732290895,
            -86.79570518229389,
            0,
            0,
            0,
            0,
            0,
            0,
            0,
            0,
            0,
            0,
            0,
            0,
            0,
            0,
            0,
            0,
            0,
            0,
            0,
            0,
            0,
            0,
            0,
            0
        ],
        [
            0,
            0,
            0,
            0,
            0,
            0,
            0,
            0,
            0,
            0,
            0,
            0,
            0,
            0,
            0,
            0,
            0,
            0,
            0,
            0,
            0,
            0,
            0,
            0,
            0,
            0,
            0,
            0,
            0,
            0,
            0,
            0,
            0
        ]
    ],
    "imag(M)": [
        [
            0,
            0,
            0,
            0,
            0,
            0,
            0,
            0,
            0,
            0,
            0,
            0,
            0,
            0,
            0,
            0,
            0,
            0,
            -22.706718893577516,
            -49.824305083871636,
            -53.85702627038466,
            -65.63968151935674,
            -68.97370576914362,
            -69.40638043131216,
            -57.635580409191164,
            -48.52120768988637,
            -44.14433406203181,
            -34.12926807635124,
            -19.761326764030237,
            0,
            0,
            0,
            0
        ],
        [
            0,
            0,
            0,
            0,
            0,
            0,
            0,
            0,
            0,
            0,
            0,
            -37.87708612206389,
            -77.30201849402073,
            -123.4740883085696,
            -167.33060877780733,
            -171.40695465224024,
            -154.0668577488411,
            -148.18494154475692,
            -115.24940192552674,
            -111.29827525467617,
            -84.59035078947264,
            -92.5801934688445,
            -81.03076769871913,
            -68.98417265077484,
            -42.01513655720514,
            -25.411768618466937,
            -21.896833679592476,
            -13.222607167276886,
            -5.274160158363753,
            0.29147003458443554,
            -3.4657759885217847,
            0,
            0
        ],
        [
            0,
            0,
            0,
            0,
            0,
            0,
            0,
            0,
            -10.381536836396986,
            -49.35102227549206,
            -89.51456200941917,
            -135.08125927065495,
            -186.6413098716385,
            -249.07312365406585,
            -304.24529627228065,
            -295.561979041619,
            -259.17724697669365,
            -244.27728561874707,
            -192.9556212652926,
            -185.10125388129953,
            -146.66608149284298,
            -156.7298436527431,
            -140.2436732238936,
            -123.62900644598591,
            -87.84669704070078,
            -65.80500491478375,
            -60.62448728784331,
            -48.09468496851161,
            -35.57081519767147,
            -24.723785030779737,
            -26.66284389759483,
            -18.80166940116468,
            0
        ],
        [
            0,
            0,
            0,
            0,
            0,
            0,
            0,
            -21.565901716380687,
            -36.33832470221135,
            -91.05195977500426,
            -142.60657029250433,
            -201.45347809087207,
            -266.0947282583266,
            -343.31691120135065,
            -409.4342621166808,
            -393.0612340549822,
            -343.0677536721976,
            -321.64065698358905,
            -255.87827432917706,
            -244.9065344509569,
            -196.840395367171,
            -208.48592948690202,
            -187.71398920140484,
            -167.0172634420857,
            -123.65754666217799,
            -96.9722155146668,
            -90.43488001542927,
            -74.95167082927905,
            -59.19839357715656,
            -45.038916929819514,
            -46.62807996159324,
            -38.13093100276538,
            0
        ],
        [
            0,
            0,
            0,
            0,
            0,
            -7.48576318351836,
            -14.298876868829876,
            -42.42936245777547,
            -58.667293965313654,
            -126.87160820082438,
            -188.49996076983376,
            -258.727961046647,
            -334.7995469262482,
            -425.01342076773585,
            -501.00028157854894,
            -478.65846313876466,
            -417.400340962417,
            -390.58501419083115,
            -312.4700480898041,
            -298.84766297660076,
            -242.41484339347608,
            -255.42101202863105,
            -230.84915814925236,
            -206.46200874597835,
            -156.34304153124452,
            -125.46606642957653,
            -117.57970577077906,
            -99.37855127550252,
            -80.69289016862783,
            -63.55302410873784,
            -64.29226410447569,
            -53.6365557919221,
            0
        ],
        [
            0,
            0,
            0,
            0,
            7.48576318351836,
            0,
            7.922795880288745,
            -19.77818731367176,
            -31.67099774765516,
            -106.06340688141829,
            -172.99184428033146,
            -251.04432909049655,
            -335.2168584646364,
            -435.10008189258133,
            -518.1893595354899,
            -489.07905499752377,
            -416.4032889269093,
            -383.4442369784121,
            -293.0765199093197,
            -275.94144367117445,
            -211.02504026262375,
            -224.3515167023728,
            -195.3254248108539,
            -166.77935870766203,
            -110.50678964877454,
            -76.58284752630684,
            -69.07347514002592,
            -51.17169592644419,
            -33.98484852404849,
            -20.10106904544276,
            -28.131833800248394,
            -27.501831140404033,
            0
        ],
        [
            0,
            0,
            0,
            0,
            14.298876868829705,
            -7.922795880288745,
            0,
            -34.85059417501674,
            -49.428884123806164,
            -134.7835094253941,
            -210.16138025868463,
            -297.49852537154516,
            -391.0921682852516,
            -501.68046676124743,
            -593.0455937027642,
            -559.603207878636,
            -478.2417108734729,
            -441.1750261430612,
            -341.0510852862223,
            -321.87294590002307,
            -250.30189919906744,
            -264.7312861470123,
            -232.64438070066998,
            -201.0522455496526,
            -139.29928908854745,
            -101.91130741160109,
            -93.05260267025746,
            -72.71145546186985,
            -52.87114099515514,
            -36.19819629301696,
            -42.079539118894985,
            -36.72990710318813,
            0
        ],
        [
            0,
            0,
            0,
            21.565901716380687,
            42.42936245777547,
            19.77818731367176,
            34.85059417501674,
            0,
            -11.548559721753698,
            -101.88248492078401,
            -181.61283771253085,
            -275.31029693879117,
            -375.5232545612893,
            -494.0129782333358,
            -591.202135424587,
            -552.3132785684002,
            -461.6900397800102,
            -419.61256246058133,
            -309.5250674645107,
            -287.46579715940794,
            -209.02280918970058,
            -223.68248232826383,
            -188.0147859873301,
            -153.16862012109073,
            -86.80843626031152,
            -47.4863689342134,
            -39.512447783077754,
            -20.34547928750034,
            -3.036736362449088,
            9.171687420011745,
            -4.222406261138657,
            -9.224578969930427,
            0
        ],
        [
            0,
            0,
            10.381536836396986,
            36.33832470221135,
            58.667293965313654,
            31.67099774765516,
            49.428884123806164,
            11.548559721753698,
            0,
            -97.22164787003635,
            -182.51301493556335,
            -282.95413484353503,
            -390.0750879163321,
            -516.5511495795056,
            -619.7694264237348,
            -576.6842390989964,
            -478.37529994036834,
            -432.37368396321665,
            -313.8810540476204,
            -289.6977985152419,
            -205.52955408659233,
            -220.70827657112739,
            -182.22087862992456,
            -144.72204706371028,
            -74.30095110508229,
            -32.953407758012524,
            -24.959747737689952,
            -5.641522851804609,
            11.131960062241124,
            21.762470431360804,
            5.760416517221266,
            -2.0692116224808847,
            0
        ],
        [
            0,
            0,
            49.35102227549206,
            91.05195977500426,
            126.87160820082438,
            106.06340688141829,
            134.7835094253941,
            101.88248492078401,
            97.22164787003635,
            0,
            -86.08720465027606,
            -189.98237316859854,
            -300.85441152728094,
            -432.18988885700816,
            -538.655875377772,
            -489.85438187776504,
            -382.9234250279741,
            -331.8498987070565,
