{
    "bin_ranges": {
        "m3pi_lower_limit": 1.42,
        "m3pi_upper_limit": 1.46,
        "t_lower_limit": 0.141,
        "t_upper_limit": 0.194
    },
    "info": "The dalitz matrix M is computed as sqrt(-Kibble) * (A[1]-A[2])",
    "bin_centers": [
        0.29900000000000004,
        0.33999999999999997,
        0.38,
        0.42000000000000004,
        0.45999999999999996,
        0.5,
        0.54,
        0.5800000000000001,
        0.62,
        0.66,
        0.69,
        0.71,
        0.73,
        0.75,
        0.77,
        0.79,
        0.81,
        0.83,
        0.85,
        0.87,
        0.89,
        0.91,
        0.94,
        0.98,
        1.02,
        1.06,
        1.1,
        1.1400000000000001,
        1.18,
        1.22,
        1.26,
        1.3
    ],
    "real(M)": [
        [
            0,
            0,
            0,
            0,
            0,
            0,
            0,
            0,
            0,
            0,
            0,
            0,
            0,
            0,
            0,
            0,
            0,
            45.12683553773767,
            90.33403245630024,
            114.74483233962856,
            132.27584447209657,
            135.48283469774816,
            155.9962567982502,
            149.98758402278392,
            144.16295380462424,
            141.94595169500258,
            112.1847258288985,
            78.42667287531955,
            0,
            0,
            0,
            0
        ],
        [
            0,
            0,
            0,
            0,
            0,
            0,
            0,
            0,
            0,
            0,
            -13.090977702891248,
            -17.345307444252484,
            -20.38848805266448,
            -5.54556568608496,
            39.62797473021894,
            88.58699558272139,
            124.9030775795345,
            142.5066795491966,
            161.0886788452471,
            163.0717905916288,
            165.3385656884803,
            146.55453404169842,
            162.55014930313965,
            134.03646206139504,
            119.78914745745409,
            124.86422133812985,
            94.21433071456943,
            84.31006089019482,
            67.26143456503775,
            43.67354425658003,
            0,
            0
        ],
        [
            0,
            0,
            0,
            0,
            0,
            0,
            0,
            0,
            1.9845079118900535,
            -26.823843893955242,
            -39.398569925095494,
            -34.95853731459507,
            -34.77856186663415,
            -6.517934483755693,
            65.1182633597865,
            136.23836685900113,
            185.0228533346383,
            205.7040299257005,
            227.80985649826792,
            227.18383627108662,
            227.58334535108733,
            200.23102077517555,
            219.35134027973515,
            179.94054213243294,
            160.6706700440989,
            167.70892350236073,
            128.65392003701626,
            118.09556105235512,
            99.91825209486358,
            78.0265243691477,
            74.23933366541473,
            0
        ],
        [
            0,
            0,
            0,
            0,
            0,
            0,
            -0.0388744360544959,
            -12.811372088894082,
            -17.1356746437139,
            -65.62578390447761,
            -82.83083059905998,
            -76.59733316440105,
            -76.64477626416682,
            -40.47525752348158,
            49.87351166013426,
            137.41485167353972,
            195.56503058205868,
            218.3169265956804,
            242.88477444606045,
            239.7515714580222,
            238.24104795083662,
            203.4613953985407,
            224.71295252927217,
            175.89136822402648,
            152.4639227598707,
            161.56296296642887,
            116.66444888153205,
            107.22294919491016,
            90.46120420085823,
            72.2229676851001,
            91.92733162148122,
            0
        ],
        [
            0,
            0,
            0,
            0,
            0,
            -6.231514899153807,
            -9.040236415622507,
            -30.80292708981963,
            -36.57311133871982,
            -98.288371371837,
            -118.60760696994602,
            -110.51927110443422,
            -110.32401976868076,
            -67.0716575604426,
            39.640498411171585,
            141.78314473681456,
            208.5708839283043,
            233.66176466938722,
            260.8447181528196,
            255.95062270591012,
            253.12086185973632,
            212.15226131977698,
            235.54393103359357,
            178.72144438278042,
            151.64877963390617,
            162.2019181484647,
            111.77925839517063,
            102.37772662025839,
            85.42394615574023,
            67.94696324340347,
            98.39328949858624,
            0
        ],
        [
            0,
            0,
            0,
            0,
            6.231514899153807,
            0,
            2.7153816368079626,
            -20.66627545046911,
            -23.586814146662814,
            -92.91709116702542,
            -113.65042534349783,
            -102.54796348346669,
            -100.80352148338213,
            -50.07271468160642,
            72.26005973313582,
            188.45152812850841,
            263.95064014464117,
            292.07116035119526,
            322.41008963457114,
            316.6648912861081,
            313.2490840148709,
            267.252031785155,
            292.9736910151605,
            229.19853587958553,
            198.44456420232675,
            209.0549465755506,
            151.9325255027901,
            139.59300467057253,
            118.21000455792952,
            95.15062928205072,
            121.8824037654614,
            0
        ],
        [
            0,
            0,
            0,
            0.0388744360544959,
            9.040236415622507,
            -2.7153816368079626,
            0,
            -27.988791347829796,
            -31.271334682588606,
            -109.71485337347508,
            -132.47016800748355,
            -119.69171653188725,
            -117.48760522570635,
            -60.9231359230889,
            74.61159061531563,
            202.68101568285047,
            285.34174319523044,
            315.5882914827774,
            348.21307103126304,
            341.2222882961714,
            336.85293862198836,
            286.0140238210472,
            313.36103383335495,
            243.11776020158598,
            209.12998418559133,
            220.06680660233224,
            157.98415612768284,
            144.33287972803555,
            121.00971861576936,
            95.81297362783663,
            119.49131774213122,
            0
        ],
        [
            0,
            0,
            0,
            12.811372088894082,
            30.80292708981963,
            20.66627545046911,
            27.988791347829796,
            0,
            -0.09358989781826851,
            -83.54101584184602,
            -106.02093970749347,
            -90.45460915899204,
            -86.63358000923597,
            -23.71493529654638,
            124.69180054478653,
            264.33583310868966,
            354.22375893812784,
            387.0698706242739,
            422.31402496346095,
            414.67396477970016,
            409.7951239728513,
            354.8931860627171,
            383.7358841347789,
            307.4523533335959,
            269.65093239441273,
            279.00519064748715,
            210.12978837697014,
            191.47169933053576,
            161.02614622651717,
            125.88302902990519,
            127.35601133809833,
            0
        ],
        [
            0,
            0,
            -1.9845079118900535,
            17.1356746437139,
            36.57311133871982,
            23.586814146662814,
            31.271334682588606,
            0.09358989781826851,
            0,
            -90.44403422886442,
            -114.3735187149761,
            -97.34672489365187,
            -93.04021613663063,
            -25.331328408256965,
            133.73535046160853,
            282.9084751855139,
            378.4818049358488,
            412.9452258233948,
            449.870998268285,
            441.0898033449786,
            435.26132403128383,
            376.4010336714663,
            406.0248686854344,
            324.2119330035123,
            283.2001978187559,
            291.49677467038606,
            218.00219010853033,
            196.49932114173154,
            162.09182852626435,
            121.02014527434784,
            92.85776273341762,
            0
        ],
        [
            0,
            0,
            26.823843893955242,
            65.62578390447761,
            98.288371371837,
            92.91709116702542,
            109.71485337347508,
            83.54101584184602,
            90.44403422886442,
            0,
            -21.028677883828337,
            -0.14230782986343085,
            6.96665104816097,
            81.08501203316004,
            251.50231518122374,
            410.75432615540495,
            512.7544915150423,
            549.8238183026504,
            589.1411241364365,
            580.0450810225709,
            573.7941057721832,
            511.6936332334889,
            541.5260593322259,
            453.4063151576949,
            406.48461173065255,
            408.50893196092244,
            323.96328275536763,
            289.20284343363295,
            235.7373651027532,
            163.92725188694496,
            0,
            0
        ],
        [
            0,
            13.090977702891248,
            39.398569925095494,
            82.83083059905998,
            118.60760696994602,
            113.65042534349783,
            132.47016800748355,
            106.02093970749347,
            114.3735187149761,
            21.028677883828337,
            0,
            22.275849655630317,
            30.14694814024675,
            107.49408362303137,
            284.45198238666256,
            449.42518579968765,
            554.7760484059213,
            592.7506149941909,
            632.8888111953383,
            622.943470088521,
            615.8527629011451,
            551.2452234502599,
            580.6018167732994,
            488.1951831388791,
            437.6292166065645,
            435.951814497788,
            345.72196949270614,
            303.8688629952924,
            239.73194544859803,
            146.08603345749657,
            0,
            0
        ],
        [
            0,
            17.345307444252835,
            34.95853731459507,
            76.59733316440105,
            110.51927110443422,
            102.54796348346669,
            119.69171653188725,
            90.45460915899204,
            97.34672489365187,
            0.14230782986343085,
            -22.275849655630317,
            0,
            7.555237461134927,
            86.13711187702138,
            266.3666807616166,
            434.1540090249321,
            540.9454451267104,
            578.9661291793312,
            619.1619898258027,
            608.3725701932337,
            600.5240682065188,
            534.3093371135069,
            563.2595885165217,
            468.69109641269387,
            416.7882728642181,
            414.1144228406854,
            322.76440394101013,
            279.47812217365225,
            212.67207241139465,
            106.90814705328685,
            0,
            0
        ],
        [
            0,
            20.38848805266448,
            34.77856186663415,
            76.64477626416682,
            110.32401976868076,
            100.80352148338213,
            117.48760522570635,
            86.63358000923597,
            93.04021613663063,
            -6.96665104816097,
            -30.14694814024675,
            -7.555237461134927,
            0,
            79.96872445081165,
            263.39071881357853,
            433.89240843034514,
            542.0989509620464,
            580.2355721968358,
            620.5097580606592,
            608.9629934653249,
            600.3931277105263,
            532.7040387264568,
            561.0378883685053,
            464.1928541602306,
            410.4766554097316,
            405.7962529283029,
            312.2636516640259,
            265.4998704257547,
            192.42482056920127,
            51.572921662052664,
            0,
            0
        ],
        [
            0,
            5.54556568608496,
            6.517934483755693,
            40.47525752348158,
            67.0716575604426,
            50.07271468160642,
            60.9231359230889,
            23.71493529654638,
            25.331328408256965,
            -81.08501203316004,
            -107.49408362303137,
            -86.13711187702138,
            -79.96872445081165,
            0,
            185.16276702571102,
            357.0869459996009,
            465.68346695818246,
            503.20968912382546,
            542.9953179251967,
            530.4165807224374,
            521.0354376365341,
            452.1371868582112,
            480.3376248344289,
            383.1220687785826,
            330.58365060114187,
            328.140527735043,
            239.02717706780095,
            197.7954513329917,
            131.6881053330261,
            0,
            0,
            0
        ],
        [
            0,
            -39.627974730219776,
            -65.1182633597865,
            -49.87351166013426,
            -39.640498411171585,
            -72.26005973313582,
            -74.61159061531563,
            -124.69180054478653,
            -133.73535046160853,
            -251.50231518122374,
            -284.45198238666256,
            -266.3666807616166,
            -263.39071881357853,
            -185.16276702571102,
            0,
            171.8425524168411,
            279.67787949603445,
            315.83484243246073,
            354.62579602711565,
            340.90788701963106,
            330.90212543323383,
            261.46426875829474,
            290.84977135704804,
            196.8504420803736,
            150.93012215071295,
            158.43927442565266,
            85.41412350538286,
            66.48120837002558,
            35.30101528567865,
            0,
            0,
            0
        ],
        [
            0,
            -88.58699558272215,
            -136.23836685900113,
            -137.41485167353972,
            -141.78314473681456,
            -188.45152812850841,
            -202.68101568285047,
            -264.33583310868966,
            -282.9084751855139,
            -410.75432615540495,
            -449.42518579968765,
            -434.1540090249321,
            -433.89240843034514,
            -357.0869459996009,
            -171.8425524168411,
            0,
            107.26678994835515,
            142.3878107988138,
            180.4976906901484,
            166.07265301674605,
            155.86391019308545,
            86.47756292318412,
            117.5700906231069,
            27.969199389844583,
            -10.133776265811544,
            8.546561379247908,
            -45.96791913529529,
            -38.72703853089124,
            -21.51904888132268,
            0,
            0,
            0
        ],
        [
            0,
            -124.90307757953448,
            -185.0228533346383,
            -195.56503058205868,
            -208.5708839283043,
            -263.95064014464117,
            -285.34174319523044,
            -354.22375893812784,
            -378.4818049358488,
            -512.7544915150423,
            -554.7760484059213,
            -540.9454451267104,
            -542.0989509620464,
            -465.68346695818246,
            -279.67787949603445,
            -107.26678994835515,
            0,
            34.67900449778858,
            72.5508251509182,
            57.84863020360734,
            47.707813604238005,
            -21.334368485757665,
            11.18610915350656,
            -74.56561042537953,
            -106.34686830318651,
            -79.21541448205514,
            -118.25945901823226,
            -88.51307114838963,
            0,
            0,
            0,
            0
        ],
        [
            -45.12683553773767,
            -142.5066795491966,
            -205.7040299257005,
            -218.3169265956804,
            -233.66176466938722,
            -292.07116035119526,
            -315.5882914827774,
            -387.06987062427413,
            -412.945225823395,
            -549.8238183026504,
            -592.7506149941909,
            -578.9661291793313,
            -580.235572196836,
            -503.2096891238256,
            -315.8348424324608,
            -142.38781079881383,
            -34.679004497788576,
            0,
            37.886778143865584,
            23.11517793979991,
            13.046092574158664,
            -55.66213119797544,
            -22.582352567832643,
            -106.01795890425456,
            -134.31781551964096,
            -103.34209270134345,
            -132.48492766152845,
            -87.17740430615291,
            0,
            0,
            0,
            0
        ],
        [
            -90.33403245630014,
            -161.08867884524707,
            -227.80985649826786,
            -242.88477444606045,
            -260.8447181528196,
            -322.41008963457114,
            -348.21307103126304,
            -422.31402496346095,
            -449.870998268285,
            -589.1411241364365,
            -632.8888111953383,
            -619.1619898258027,
            -620.5097580606592,
            -542.9953179251967,
            -354.62579602711565,
            -180.4976906901484,
            -72.5508251509182,
            -37.886778143865584,
            0,
            -14.688783451830531,
            -24.520622291204493,
            -92.49284910853036,
            -58.65414378212734,
            -138.7909560432285,
            -162.4715614009849,
            -126.36154774220005,
            -142.02140650757536,
            -69.05550026253592,
            0,
            0,
            0,
            0
        ],
        [
            -114.74483233962847,
            -163.07179059162934,
            -227.18383627108662,
            -239.7515714580222,
            -255.95062270591012,
            -316.6648912861081,
            -341.2222882961717,
            -414.67396477970027,
            -441.0898033449786,
            -580.0450810225709,
            -622.943470088521,
            -608.3725701932336,
            -608.9629934653251,
            -530.4165807224375,
            -340.90788701963106,
            -166.07265301674605,
            -57.84863020360735,
            -23.11517793979991,
            14.688783451830531,
            0,
            -9.857131101006143,
            -77.31026136181964,
            -43.921043488542615,
            -122.55743079121777,
            -144.65483443756196,
            -108.26783217071694,
            -115.48518952338661,
            0,
            0,
            0,
            0,
            0
        ],
        [
            -132.27584447209665,
            -165.33856568848103,
            -227.58334535108733,
            -238.24104795083662,
            -253.12086185973632,
            -313.2490840148709,
            -336.85293862198836,
            -409.7951239728513,
            -435.26132403128383,
            -573.7941057721832,
            -615.8527629011451,
            -600.5240682065188,
            -600.3931277105263,
            -521.0354376365341,
            -330.90212543323383,
            -155.86391019308545,
            -47.707813604238005,
            -13.04609257415866,
            24.520622291204493,
            9.857131101006143,
            0,
            -66.64504939192427,
            -33.795922396814774,
            -110.27531301336803,
            -130.07742554968138,
            -92.75477119353215,
            -86.4675356938406,
            0,
            0,
            0,
            0,
            0
        ],
        [
            -135.48283469774816,
            -146.55453404169907,
            -200.23102077517555,
            -203.4613953985407,
            -212.15226131977698,
            -267.252031785155,
            -286.0140238210472,
            -354.8931860627171,
            -376.4010336714663,
            -511.6936332334889,
            -551.2452234502599,
            -534.3093371135069,
            -532.7040387264568,
            -452.1371868582112,
            -261.46426875829474,
            -86.47756292318412,
            21.334368485757665,
            55.66213119797544,
            92.49284910853036,
            77.31026136181964,
            66.64504939192427,
            0,
            29.891032346799523,
            -48.207012852077064,
            -71.63416624481174,
            -42.97537111878914,
            -31.338854479554115,
            0,
            0,
            0,
            0,
            0
        ],
        [
            -155.9962567982501,
            -162.5501493031403,
            -219.35134027973515,
            -224.71295252927217,
            -235.54393103359357,
            -292.9736910151605,
            -313.36103383335495,
            -383.7358841347789,
            -406.0248686854344,
            -541.5260593322259,
            -580.6018167732994,
            -563.2595885165217,
            -561.0378883685053,
            -480.3376248344289,
            -290.84977135704804,
            -117.5700906231069,
            -11.18610915350656,
            22.582352567832643,
            58.65414378212734,
            43.921043488542615,
            33.795922396814774,
            -29.891032346799523,
            0,
            -69.78412153745269,
            -82.93505014086261,
            -42.840445026544344,
            0,
            0,
            0,
            0,
            0,
            0
        ],
        [
            -149.98758402278386,
            -134.03646206139507,
            -179.94054213243294,
            -175.89136822402648,
            -178.72144438278042,
            -229.19853587958553,
            -243.11776020158598,
            -307.4523533335959,
            -324.2119330035123,
            -453.4063151576949,
            -488.1951831388791,
            -468.69109641269387,
            -464.1928541602306,
            -383.1220687785826,
            -196.8504420803736,
            -27.969199389844583,
            74.56561042537953,
            106.01795890425456,
            138.7909560432285,
            122.5574307912178,
            110.27531301336803,
            48.207012852077064,
            69.78412153745269,
            0,
            -17.225869200159632,
            0,
            0,
            0,
            0,
            0,
            0,
            0
        ],
        [
            -144.16295380462435,
            -119.78914745745455,
            -160.6706700440991,
            -152.46392275987063,
            -151.64877963390614,
            -198.44456420232675,
            -209.12998418559133,
            -269.65093239441273,
            -283.2001978187559,
            -406.48461173065255,
            -437.6292166065645,
            -416.7882728642181,
            -410.4766554097316,
            -330.58365060114187,
            -150.93012215071295,
            10.133776265811544,
            106.34686830318651,
            134.31781551964096,
            162.4715614009849,
            144.65483443756196,
            130.07742554968138,
            71.63416624481174,
            82.93505014086261,
            17.225869200159632,
            0,
            0,
            0,
            0,
            0,
            0,
            0,
            0
        ],
        [
            -141.94595169500263,
            -124.8642213381301,
            -167.70892350236068,
            -161.56296296642898,
            -162.2019181484647,
            -209.0549465755506,
            -220.06680660233224,
            -279.00519064748715,
            -291.49677467038606,
            -408.50893196092244,
            -435.951814497788,
            -414.1144228406854,
            -405.7962529283029,
            -328.140527735043,
            -158.43927442565266,
            -8.546561379247908,
            79.21541448205514,
            103.34209270134345,
            126.36154774220005,
            108.26783217071694,
            92.75477119353215,
            42.97537111878914,
            42.840445026544366,
            0,
            0,
            0,
            0,
            0,
            0,
            0,
            0,
            0
        ],
        [
            -112.18472582889869,
            -94.21433071456978,
            -128.65392003701635,
            -116.6644488815321,
            -111.77925839517064,
            -151.9325255027901,
            -157.98415612768284,
            -210.12978837697014,
            -218.00219010853033,
            -323.9632827553676,
            -345.7219694927062,
            -322.76440394101013,
            -312.2636516640259,
            -239.02717706780095,
            -85.41412350538286,
            45.96791913529529,
            118.25945901823226,
            132.48492766152845,
            142.02140650757536,
            115.48518952338664,
            86.4675356938406,
            31.338854479554115,
            0,
            0,
            0,
            0,
            0,
            0,
            0,
            0,
            0,
            0
        ],
        [
            -78.42667287531982,
            -84.31006089019503,
            -118.09556105235527,
            -107.22294919491021,
            -102.37772662025839,
            -139.59300467057255,
            -144.33287972803555,
            -191.47169933053576,
            -196.49932114173154,
            -289.20284343363295,
            -303.8688629952923,
            -279.47812217365225,
            -265.4998704257547,
            -197.7954513329917,
            -66.48120837002558,
            38.72703853089125,
            88.51307114838961,
            87.17740430615298,
            69.05550026253593,
            0,
            0,
            0,
            0,
            0,
            0,
            0,
            0,
            0,
            0,
            0,
            0,
            0
        ],
        [
            0,
            -67.2614345650379,
            -99.91825209486375,
            -90.46120420085825,
            -85.42394615574023,
            -118.21000455792954,
            -121.00971861576936,
            -161.02614622651714,
            -162.0918285262643,
            -235.73736510275313,
            -239.73194544859803,
            -212.67207241139468,
            -192.4248205692013,
            -131.68810533302613,
            -35.301015285678645,
            21.519048881322668,
            0,
            0,
            0,
            0,
            0,
            0,
            0,
            0,
            0,
            0,
            0,
            0,
            0,
            0,
            0,
            0
        ],
        [
            0,
            -43.6735442565801,
            -78.02652436914794,
            -72.22296768510007,
            -67.94696324340349,
            -95.15062928205072,
            -95.81297362783668,
            -125.88302902990519,
            -121.02014527434785,
            -163.927251886945,
            -146.0860334574965,
            -106.90814705328675,
            -51.57292166205292,
            0,
            0,
            0,
            0,
            0,
            0,
            0,
            0,
            0,
            0,
            0,
            0,
            0,
            0,
            0,
            0,
            0,
            0,
            0
        ],
        [
            0,
            0,
            -74.23933366541492,
            -91.92733162148119,
            -98.39328949858599,
            -121.88240376546148,
            -119.49131774213122,
            -127.35601133809826,
            -92.85776273341747,
            0,
            0,
            0,
            0,
            0,
            0,
            0,
            0,
            0,
            0,
            0,
            0,
            0,
            0,
            0,
            0,
            0,
            0,
            0,
            0,
            0,
            0,
            0
        ],
        [
            0,
            0,
            0,
            0,
            0,
            0,
            0,
            0,
            0,
            0,
            0,
            0,
            0,
            0,
            0,
            0,
            0,
            0,
            0,
            0,
            0,
            0,
            0,
            0,
            0,
            0,
            0,
            0,
            0,
            0,
            0,
            0
        ]
    ],
    "imag(M)": [
        [
            0,
            0,
            0,
            0,
            0,
            0,
            0,
            0,
            0,
            0,
            0,
            0,
            0,
            0,
            0,
            0,
            0,
            -4.530399897646709,
            0.6793837145401471,
            10.699897626339512,
            25.06702941287364,
            31.06346374249724,
            34.10536105724156,
            42.19033070699358,
            54.1696032793365,
            61.40750922015667,
            59.58123138351346,
            39.999288589407506,
            0,
            0,
            0,
            0
        ],
        [
            0,
            0,
            0,
            0,
            0,
            0,
            0,
            0,
            0,
            0,
            -28.73013074160011,
            -68.044451474175,
            -107.83501930788238,
            -144.72936908442836,
            -182.53338870263093,
            -175.6361179876234,
            -161.38651827218249,
            -154.0613818114228,
            -132.42336714986274,
            -113.12133193835272,
            -88.801254471326,
            -84.52165780308893,
            -87.71751745591234,
            -79.52273401582173,
            -59.085459281305084,
            -40.04753704259596,
            -26.452728002783598,
            -29.253379514634325,
            -34.03832435832566,
            -24.434027018639135,
            0,
            0
        ],
        [
            0,
            0,
            0,
            0,
            0,
            0,
            0,
            0,
            -32.99660449403415,
            -69.73732483001733,
            -112.31994689458124,
            -169.506204400466,
            -222.26684558251858,
            -267.8652920241799,
            -314.30955703649636,
            -293.0633172193576,
            -265.1025112508431,
            -250.00016661711913,
            -216.5734551601766,
            -188.07814325036748,
            -153.9124575583992,
            -147.57226404698483,
            -151.2264681168975,
            -139.86427942155032,
            -112.68425135111477,
            -87.24885583609081,
            -68.44335512032168,
            -70.96435636726312,
            -76.87712324259824,
            -65.00144679903734,
            -7.320654298739147,
            0
        ],
        [
            0,
            0,
            0,
            0,
            0,
            0,
            -3.553484190876348,
            -5.540371962054031,
            -35.93049658011815,
            -71.63788583520117,
            -119.92381598092845,
            -190.16108999127837,
            -252.33734492816652,
            -304.10161548686966,
            -356.52470570414005,
            -323.3433355567787,
            -283.37122122183587,
            -260.6858554391283,
            -216.34228973614577,
            -178.99808459652544,
            -135.49795242602522,
            -126.35456458854547,
            -129.10421839956615,
            -114.16716207665549,
            -81.44768456381345,
            -51.97255608207368,
            -31.569946785248142,
            -38.16936553840849,
            -51.19160158090647,
            -46.28802409729879,
            15.1360249144056,
            0
        ],
        [
            0,
            0,
            0,
            0,
            0,
            -7.009502150438709,
            -12.504958138389135,
            -13.138350390179486,
            -53.55097470652148,
            -96.7696450038424,
            -154.4096503121383,
            -238.18371576297207,
            -310.89700124498603,
            -370.35664227474047,
            -430.13888489242953,
            -388.8231683956306,
            -340.2997761084767,
            -312.5884057689097,
            -260.1002593369898,
            -216.18459401163318,
            -165.4987681333089,
            -154.67501954170447,
            -157.46888037317845,
            -139.94441451225356,
            -102.24340800046043,
            -68.34370310303241,
            -44.75417151462043,
            -51.808586294690414,
            -66.12125253752819,
            -59.930287713523704,
            13.31351245679946,
            0
        ],
        [
            0,
            0,
            0,
            0,
            7.009502150438709,
            0,
            -0.13664534450336335,
            3.7303498156505213,
            -41.472871089280346,
            -88.31135966315465,
            -152.20992848749083,
            -246.6708521738736,
            -327.63614617959286,
            -392.97569244225673,
            -458.4257210535076,
            -409.15411442559343,
            -352.3163309371753,
            -319.4475111166581,
            -259.0884785959973,
            -208.76332990582156,
            -151.20339685512087,
            -138.4771942146634,
            -140.8594458026132,
            -120.79858792890647,
            -78.94349838259099,
            -41.968277077156806,
            -17.071480750319186,
            -26.6576210358375,
            -45.014978923177566,
            -42.02685840460858,
            31.628815681258743,
            0
        ],
        [
            0,
            0,
            0,
            3.553484190876348,
            12.504958138389135,
            0.13664534450336335,
            0,
            4.558511180126259,
            -47.343547006798474,
            -99.6658936743046,
            -170.6560957424055,
            -275.5777460667506,
            -364.8058924740519,
            -436.23602822626304,
            -507.51696034227604,
            -451.8065130766174,
            -388.12308708879306,
            -351.1581388775809,
            -284.20829595104567,
            -228.53911043420763,
            -165.16741727706238,
            -151.00027011398876,
            -153.25589253492566,
            -131.00720521980688,
            -85.26409909580757,
            -45.05275690526302,
            -18.096831643122652,
            -28.295212829859015,
            -47.631815776093646,
            -43.863507218020516,
            31.865248134699414,
            0
        ],
        [
            0,
            0,
            0,
            5.540371962054031,
            13.138350390179486,
            -3.7303498156505213,
            -4.558511180126259,
            0,
            -58.36220814996705,
            -116.09416517616295,
            -193.78633089979007,
            -308.3024381251397,
            -405.14233168113856,
            -482.20933649147224,
            -558.859180027006,
            -497.481816533012,
            -427.7474426419248,
            -387.17619168907163,
            -314.38275699478055,
            -253.98033653036515,
            -185.4646648602981,
            -170.0204799961452,
            -172.11170199461984,
            -147.79585627576756,
            -98.4692504513341,
            -55.21447667074039,
            -26.166026383260483,
            -36.200455893912014,
            -55.11418969516791,
            -48.97474317228538,
            25.979289750918742,
            0
        ],
        [
            0,
            0,
            32.99660449403415,
            35.93049658011815,
            53.55097470652148,
            41.472871089280346,
            47.343547006798474,
            58.36220814996705,
            0,
            -57.45980363744222,
            -137.70933640034974,
            -258.697765442331,
            -360.36588113880566,
            -440.6205782808869,
            -520.3424777924129,
            -452.3374890773239,
            -375.8066316811319,
            -330.7879591908666,
            -251.7610088329751,
            -186.31405123129676,
            -112.61917504404423,
            -95.59249617604213,
            -97.22497537161573,
            -71.5365814761692,
            -20.70670525476483,
            22.208273406807567,
            48.47067625410918,
            32.30202164433691,
            5.151547008992938,
            0.33827438324709536,
            41.70367819659225,
            0
        ],
        [
            0,
            0,
            69.73732483001733,
            71.63788583520117,
            96.7696450038424,
            88.31135966315465,
            99.6658936743046,
            116.09416517616295,
            57.45980363744222,
            0,
            -82.68369717579432,
            -209.5095416978807,
            -315.5241873884049,
            -398.640424955689,
            -481.08810467546874,
            -407.2650937237572,
            -324.8019600987283,
            -275.93648768457996,
            -191.55678068626642,
            -121.84334874448342,
            -43.83737093755182,
            -25.613076158036087,
            -27.11507056629849,
            -0.7702761135228126,
            50.487210739692564,
            91.8805291502407,
            114.10003732572058,
            90.91885820786143,
            54.56605872898078,
            35.83808734711648,
            0,
            0
        ],
        [
            0,
            28.73013074160011,
            112.31994689458124,
            119.92381598092845,
            154.4096503121383,
            152.20992848749083,
            170.6560957424055,
            193.78633089979007,
            137.70933640034974,
            82.68369717579432,
            0,
            -129.72420999419282,
            -237.69720658272854,
            -321.8424522147437,
            -405.2890065332011,
            -326.92306529417243,
            -239.9686616013412,
            -188.10126163792637,
            -99.88879024203887,
            -27.201020863647443,
            53.630948840574845,
            72.55415994121255,
            70.77468792324117,
            96.39753335530432,
            145.8111130923986,
            182.96829851592167,
            197.90689774636107,
            163.9785397347754,
            112.73604039115381,
            67.96495866376796,
            0,
            0
        ],
        [
            0,
            68.04445147417638,
            169.506204400466,
            190.16108999127837,
            238.18371576297207,
            246.6708521738736,
            275.5777460667506,
            308.3024381251397,
            258.697765442331,
            209.5095416978807,
            129.72420999419282,
            0,
            -107.53662463105516,
            -190.8235405756065,
            -273.53858460618574,
            -191.29047293586785,
            -100.68071629259062,
            -46.2438834169428,
            44.80646786309586,
            119.59331371885516,
