{
    "bin_ranges": {
        "m3pi_lower_limit": 1.38,
        "m3pi_upper_limit": 1.42,
        "t_lower_limit": 0.141,
        "t_upper_limit": 0.194
    },
    "info": "The dalitz matrix M is computed as sqrt(-Kibble) * (A[1]-A[2])",
    "bin_centers": [
        0.29900000000000004,
        0.33999999999999997,
        0.38,
        0.42000000000000004,
        0.45999999999999996,
        0.5,
        0.54,
        0.5800000000000001,
        0.62,
        0.66,
        0.69,
        0.71,
        0.73,
        0.75,
        0.77,
        0.79,
        0.81,
        0.83,
        0.85,
        0.87,
        0.89,
        0.91,
        0.94,
        0.98,
        1.02,
        1.06,
        1.1,
        1.1400000000000001,
        1.18,
        1.22,
        1.26
    ],
    "real(M)": [
        [
            0,
            0,
            0,
            0,
            0,
            0,
            0,
            0,
            0,
            0,
            0,
            0,
            0,
            0,
            0,
            0,
            26.356087021858862,
            47.74732014574493,
            64.7932156597606,
            78.80713809817007,
            85.54050562363636,
            86.12748669869964,
            91.68255868178194,
            82.2242597477793,
            83.49684035395055,
            65.40786187420271,
            40.060395025143926,
            0,
            0,
            0,
            0
        ],
        [
            0,
            0,
            0,
            0,
            0,
            0,
            0,
            0,
            0,
            1.0263948965064627,
            -3.045529200674423,
            2.1652278917913543,
            8.448484614569995,
            42.82001545268012,
            86.70029966440606,
            115.83439794466568,
            149.34588666223468,
            164.65973878311675,
            182.23450333887678,
            197.0828392028278,
            199.6012252758141,
            193.07286211545133,
            196.6178783927941,
            175.73695483519242,
            179.64264996724611,
            153.43893369574067,
            119.2732619448527,
            79.4055458796965,
            64.41691375679244,
            0,
            0
        ],
        [
            0,
            0,
            0,
            0,
            0,
            0,
            0,
            -0.7827864615520178,
            -14.740589973774037,
            -26.747768539273242,
            -52.53705733447587,
            -45.54274213306848,
            -38.66034378933932,
            11.37058848077464,
            71.61544262138749,
            107.3927048620091,
            148.62157981103798,
            163.99229121017197,
            182.94207976338853,
            198.60575916795528,
            198.26979278086893,
            186.68029459215415,
            188.3973098096763,
            159.43242968657484,
            165.73082102364603,
            135.542546316579,
            97.9527166328486,
            56.06966423600005,
            59.991507935941804,
            19.587595055256283,
            0
        ],
        [
            0,
            0,
            0,
            0,
            0,
            0,
            -6.324233773828224,
            -13.213633978286104,
            -37.39052907101973,
            -53.143491531108126,
            -87.3256666048353,
            -77.12000946732732,
            -67.79626813435934,
            -3.960258528123102,
            71.0475838314605,
            114.12600461335188,
            163.40813888507486,
            180.51123424763196,
            202.0291100695779,
            219.58706716302774,
            217.90551392624423,
            202.91716664871046,
            203.88831066967697,
            168.5257604698367,
            176.17764699375186,
            141.12932025197952,
            98.03489014998027,
            50.35610790655087,
            60.29396780371022,
            17.244764452727377,
            0
        ],
        [
            0,
            0,
            0,
            0,
            0,
            -6.272506317137013,
            -14.994664800004015,
            -23.000012043727814,
            -53.4692133992764,
            -71.55094203188335,
            -112.09628473370688,
            -98.98714630781465,
            -87.32108279950175,
            -11.485987492095346,
            76.49237600684975,
            126.2500989910219,
            182.86047903452308,
            201.822338628734,
            225.8680911323637,
            245.3160401515218,
            242.65868078219677,
            224.8563451232944,
            225.26534504455213,
            184.3019567024804,
            192.76481795739957,
            152.9906172871069,
            104.45412088140883,
            50.99658469019185,
            63.732159054662056,
            16.258373551779574,
            0
        ],
        [
            0,
            0,
            0,
            0,
            6.272506317137013,
            0,
            -7.19049267268089,
            -13.636888950466648,
            -47.071868281538634,
            -65.24000446401128,
            -110.00473424284078,
            -93.59852262155333,
            -79.14424871954749,
            7.924735756088291,
            107.99364084859316,
            164.27015726619243,
            227.91067054137127,
            248.99900759437247,
            275.67687958624873,
            297.10302012420084,
            293.8040309882372,
            273.6529550023291,
            273.57460721854414,
            227.3839687496009,
            235.71166884020937,
            190.54582112357687,
            135.51035199610422,
            74.74846773054458,
            85.489886501132,
            29.25311574671145,
            0
        ],
        [
            0,
            0,
            0,
            6.324233773828224,
            14.994664800004015,
            7.19049267268089,
            0,
            -6.023144858807727,
            -42.74767383865109,
            -61.624625151047326,
            -110.52789031827449,
            -91.44472300395537,
            -74.7305131542887,
            22.13907779643545,
            132.79724544220582,
            194.71343726755293,
            264.44575718343873,
            287.25960300206305,
            316.1039634732568,
            339.10549884932425,
            335.0597523755228,
            312.66281050572076,
            311.87958267533963,
            260.7888051446974,
            268.574748596747,
            218.43014193429892,
            157.6397564798839,
            90.78296908875397,
            98.81970394881523,
            35.6668919005102,
            0
        ],
        [
            0,
            0,
            0.7827864615520178,
            13.213633978286104,
            23.000012043727814,
            13.636888950466648,
            6.023144858807727,
            0,
            -39.949720259723264,
            -59.74708394640052,
            -112.52382240936392,
            -91.16582894364446,
            -72.53561724318553,
            32.97343065711,
            152.96029713873278,
            219.7826586780418,
            294.79757477025146,
            319.0039560803862,
            349.6101277835407,
            373.829041838349,
            368.95014093178344,
            344.4129226167074,
            342.7104683686816,
            287.00287503586844,
            293.75553429417596,
            238.89622845117867,
            172.87822666295634,
            100.83571948272949,
            104.73489942204868,
            35.21620526903223,
            0
        ],
        [
            0,
            0,
            14.740589973774037,
            37.39052907101973,
            53.4692133992764,
            47.071868281538634,
            42.74767383865109,
            39.949720259723264,
            0,
            -18.092514068017632,
            -72.62621806369455,
            -48.22486060958658,
            -26.955798786974484,
            87.04020989379023,
            215.9900116974691,
            287.7416501122946,
            367.87437161227734,
            393.65809826025304,
            426.02353253098386,
            451.3805968990154,
            445.7331959205011,
            419.18130037743504,
            416.0996077065319,
            355.1809587598342,
            358.73679706378306,
            296.85190744708797,
            222.3653232139435,
            140.60562145874943,
            130.0191280943713,
            35.598449482673054,
            0
        ],
        [
            0,
            -1.0263948965064627,
            26.747768539273242,
            53.143491531108126,
            71.55094203188335,
            65.24000446401128,
            61.624625151047326,
            59.74708394640052,
            18.092514068017632,
            0,
            -57.07224696194565,
            -30.60304382154776,
            -7.5844821681202435,
            113.27242667942011,
            249.4722919621524,
            324.9654334877474,
            408.9820270058553,
            435.6188828083076,
            468.99095606336437,
            494.82655029026006,
            488.08456460031084,
            459.45387286753663,
            454.6128128799431,
            388.8276752632813,
            388.93540892842316,
            320.9363939954267,
            239.5434466753339,
            150.42323741249254,
            123.17420291044121,
            0,
            0
        ],
        [
            0,
            3.045529200674423,
            52.53705733447587,
            87.3256666048353,
            112.09628473370688,
            110.00473424284078,
            110.52789031827449,
            112.52382240936392,
            72.62621806369455,
            57.07224696194565,
            0,
            28.830472500801985,
            53.89614495657576,
            180.00046855408345,
            321.53356528278204,
            399.93345690118565,
            486.7760104432747,
            514.1531912505866,
            548.1915869100362,
            574.1820879640733,
            566.4573139384614,
            536.0872687171253,
            529.0416370372751,
            458.15450335076355,
            452.5842029744089,
            376.21188304584985,
            284.21771985478324,
            181.3886891604909,
            119.9390563248371,
            0,
            0
        ],
        [
            0,
            -2.1652278917913543,
            45.54274213306848,
            77.12000946732732,
            98.98714630781465,
            93.59852262155333,
            91.44472300395537,
            91.16582894364446,
            48.22486060958658,
            30.60304382154776,
            -28.830472500801985,
            0,
            25.00320041723316,
            153.05549464077222,
            296.6869011245488,
            375.8735380744644,
            463.56990155054103,
            490.73067831968757,
            524.6477730672608,
            550.3719615743315,
            541.9152891675589,
            510.5912787667074,
            502.6664652622518,
            430.29232706477103,
            423.7280196785316,
            346.39907705183276,
            254.08830502459296,
            151.94337629113048,
            74.33822589541022,
            0,
            0
        ],
        [
            0,
            -8.448484614569997,
            38.66034378933932,
            67.79626813435934,
            87.32108279950175,
            79.14424871954749,
            74.7305131542887,
            72.53561724318553,
            26.955798786974484,
            7.5844821681202435,
            -53.89614495657576,
            -25.00320041723316,
            0,
            129.8345793583458,
            275.34463241416864,
            355.2171283649393,
            443.62487878012763,
            470.5458583200243,
            504.28197773641546,
            529.6780686643327,
            520.4975265734593,
            488.2770068755753,
            479.40924672798985,
            405.6030021942307,
            397.72087918248843,
            319.27213069156807,
            226.39623882015007,
            124.34227412960297,
            0,
            0,
            0
        ],
        [
            0,
            -42.820015452680124,
            -11.37058848077464,
            3.960258528123102,
            11.485987492095346,
            -7.924735756088291,
            -22.13907779643545,
            -32.97343065711,
            -87.04020989379023,
            -113.27242667942011,
            -180.00046855408345,
            -153.05549464077222,
            -129.8345793583458,
            0,
            145.7969536386543,
            225.1465450740822,
            313.2868987387762,
            339.40375442651,
            372.66487161123194,
            397.766204583686,
            388.3233853644285,
            356.1040794127661,
            348.27550672906597,
            277.55107578107794,
            274.88837997745827,
            205.3004941025334,
            126.66966028759954,
            48.640905031936995,
            0,
            0,
            0
        ],
        [
            0,
            -86.70029966440606,
            -71.61544262138749,
            -71.0475838314605,
            -76.49237600684975,
            -107.99364084859316,
            -132.79724544220582,
            -152.96029713873278,
            -215.9900116974691,
            -249.4722919621524,
            -321.53356528278204,
            -296.6869011245488,
            -275.34463241416864,
            -145.7969536386543,
            0,
            78.73292116852426,
            166.53530661271589,
            191.98376551960763,
            224.9474780831674,
            250.01901438830322,
            240.7568081138104,
            209.1493392426684,
            203.345155258751,
            137.7316317296389,
            142.72576136351177,
            85.96613013052922,
            28.03387665071053,
            -11.366481960575442,
            0,
            0,
            0
        ],
        [
            0,
            -115.83439794466568,
            -107.3927048620091,
            -114.12600461335188,
            -126.2500989910219,
            -164.27015726619243,
            -194.71343726755293,
            -219.7826586780418,
            -287.7416501122946,
            -324.9654334877474,
            -399.93345690118565,
            -375.8735380744644,
            -355.2171283649393,
            -225.1465450740822,
            -78.73292116852426,
            0,
            87.8907979979338,
            113.08749110245024,
            145.97172426425882,
            171.06328821120914,
            161.94006435579038,
            130.77755956408896,
            126.18532326233954,
            63.98745003989192,
            73.39352640609825,
            25.20355511875209,
            -17.509601800710207,
            -13.914342212733791,
            0,
            0,
            0
        ],
        [
            -26.356087021858755,
            -149.34588666223468,
            -148.62157981103798,
            -163.40813888507486,
            -182.86047903452308,
            -227.91067054137127,
            -264.44575718343873,
            -294.79757477025146,
            -367.87437161227734,
            -408.9820270058553,
            -486.7760104432747,
            -463.56990155054103,
            -443.62487878012763,
            -313.2868987387762,
            -166.53530661271589,
            -87.8907979979338,
            0,
            25.06093113031197,
            57.999801530761296,
            83.3127599442226,
            74.69939020758876,
            44.51020736041742,
            41.92555343618709,
            -15.111421406504517,
            0.7112405692062298,
            -35.18182446509894,
            -54.909349484633836,
            0,
            0,
            0,
            0
        ],
        [
            -47.747320145744865,
            -164.65973878311675,
            -163.99229121017197,
            -180.51123424763196,
            -201.822338628734,
            -248.99900759437247,
            -287.2596030020632,
            -319.0039560803863,
            -393.6580982602532,
            -435.61888280830755,
            -514.1531912505867,
            -490.7306783196877,
            -470.54585832002437,
            -339.40375442651003,
            -191.98376551960763,
            -113.08749110245026,
            -25.06093113031197,
            0,
            32.914230238490134,
            58.18779036427846,
            49.730568197002725,
            20.02998345260005,
            18.089034162792572,
            -36.279783386959885,
            -18.39576381959945,
            -47.500000605598565,
            -49.206500569332626,
            0,
            0,
            0,
            0
        ],
        [
            -64.7932156597606,
            -182.23450333887678,
            -182.94207976338853,
            -202.0291100695779,
            -225.8680911323637,
            -275.67687958624873,
            -316.1039634732568,
            -349.6101277835407,
            -426.02353253098386,
            -468.99095606336437,
            -548.1915869100362,
            -524.6477730672608,
            -504.28197773641546,
            -372.66487161123194,
            -224.9474780831674,
            -145.97172426425882,
            -57.999801530761296,
            -32.914230238490134,
            0,
            25.313057953386128,
            17.26392533455113,
            -11.536545625559695,
            -12.275715917298953,
            -62.52701640853037,
            -41.03071440392231,
            -59.50704817282206,
            -15.15129201613054,
            0,
            0,
            0,
            0
        ],
        [
            -78.80713809817007,
            -197.08283920282858,
            -198.60575916795528,
            -219.58706716302774,
            -245.31604015152203,
            -297.10302012420084,
            -339.1054988493244,
            -373.82904183834904,
            -451.3805968990155,
            -494.8265502902602,
            -574.1820879640734,
            -550.3719615743316,
            -529.6780686643327,
            -397.76620458368586,
            -250.01901438830328,
            -171.06328821120917,
            -83.3127599442226,
            -58.18779036427846,
            -25.31305795338613,
            0,
            -7.5545655149622615,
            -35.260542140146754,
            -34.71750450529435,
            -80.25625526765697,
            -54.87490872209221,
            -59.608608221859186,
            0,
            0,
            0,
            0,
            0
        ],
        [
            -85.5405056236363,
            -199.60122527581413,
            -198.26979278086893,
            -217.90551392624423,
            -242.65868078219677,
            -293.8040309882372,
            -335.0597523755228,
            -368.95014093178344,
            -445.7331959205011,
            -488.08456460031084,
            -566.4573139384614,
            -541.9152891675589,
            -520.4975265734593,
            -388.3233853644285,
            -240.7568081138104,
            -161.94006435579038,
            -74.69939020758876,
            -49.730568197002725,
            -17.26392533455113,
            7.5545655149622615,
            0,
            -27.140500853564408,
            -26.689700400705288,
            -69.5931166058787,
            -44.167308605364845,
            -35.943054077515114,
            0,
            0,
            0,
            0,
            0
        ],
        [
            -86.12748669869968,
            -193.0728621154513,
            -186.68029459215415,
            -202.91716664871046,
            -224.8563451232944,
            -273.6529550023291,
            -312.66281050572076,
            -344.4129226167074,
            -419.18130037743504,
            -459.45387286753663,
            -536.0872687171253,
            -510.5912787667074,
            -488.2770068755753,
            -356.1040794127661,
            -209.1493392426684,
            -130.77755956408896,
            -44.51020736041742,
            -20.029983452600046,
            11.536545625559695,
            35.260542140146754,
            27.140500853564408,
            0,
            -1.0834509135429415,
            -43.41175854597283,
            -22.128215289141934,
            0,
            0,
            0,
            0,
            0,
            0
        ],
        [
            -91.682558681782,
            -196.6178783927941,
            -188.3973098096765,
            -203.88831066967714,
            -225.26534504455213,
            -273.57460721854414,
            -311.87958267533963,
            -342.7104683686816,
            -416.0996077065319,
            -454.6128128799431,
            -529.0416370372751,
            -502.6664652622518,
            -479.40924672798985,
            -348.27550672906597,
            -203.345155258751,
            -126.18532326233954,
            -41.92555343618709,
            -18.089034162792572,
            12.275715917298953,
            34.71750450529435,
            26.689700400705288,
            1.0834509135429415,
            0,
            -35.07855887188,
            -10.512478223650207,
            0,
            0,
            0,
            0,
            0,
            0
        ],
        [
            -82.22425974777934,
            -175.73695483519245,
            -159.43242968657492,
            -168.52576046983677,
            -184.3019567024804,
            -227.3839687496009,
            -260.7888051446974,
            -287.00287503586844,
            -355.1809587598342,
            -388.8276752632813,
            -458.15450335076355,
            -430.29232706477103,
            -405.6030021942307,
            -277.55107578107794,
            -137.7316317296389,
            -63.98745003989192,
            15.111421406504517,
            36.279783386959885,
            62.52701640853037,
            80.25625526765697,
            69.5931166058787,
            43.41175854597283,
            35.07855887188,
            0,
            0,
            0,
            0,
            0,
            0,
            0,
            0
        ],
        [
            -83.49684035395059,
            -179.64264996724614,
            -165.73082102364617,
            -176.17764699375192,
            -192.76481795739957,
            -235.71166884020937,
            -268.574748596747,
            -293.75553429417596,
            -358.73679706378306,
            -388.93540892842316,
            -452.5842029744089,
            -423.7280196785316,
            -397.72087918248843,
            -274.88837997745827,
            -142.72576136351177,
            -73.39352640609825,
            -0.7112405692062298,
            18.395763819599452,
            41.03071440392231,
            54.874908722092215,
            44.167308605364845,
            22.128215289141934,
            10.512478223650207,
            0,
            0,
            0,
            0,
            0,
            0,
            0,
            0
        ],
        [
            -65.40786187420277,
            -153.43893369574067,
            -135.54254631657918,
            -141.12932025197955,
            -152.9906172871069,
            -190.54582112357687,
            -218.43014193429892,
            -238.89622845117867,
            -296.85190744708797,
            -320.9363939954267,
            -376.21188304584985,
            -346.39907705183276,
            -319.27213069156807,
            -205.3004941025334,
            -85.96613013052922,
            -25.20355511875209,
            35.18182446509894,
            47.50000060559857,
            59.50704817282206,
            59.60860822185921,
            35.94305407751513,
            0,
            0,
            0,
            0,
            0,
            0,
            0,
            0,
            0,
            0
        ],
        [
            -40.06039502514403,
            -119.27326194485278,
            -97.95271663284862,
            -98.03489014998033,
            -104.45412088140883,
            -135.51035199610422,
            -157.6397564798839,
            -172.87822666295628,
            -222.3653232139435,
            -239.54344667533394,
            -284.21771985478324,
            -254.08830502459296,
            -226.39623882015007,
            -126.66966028759954,
            -28.03387665071053,
            17.509601800710207,
            54.90934948463384,
            49.2065005693326,
            15.151292016130608,
            0,
            0,
            0,
            0,
            0,
            0,
            0,
            0,
            0,
            0,
            0,
            0
        ],
        [
            0,
            -79.40554587969656,
            -56.06966423600011,
            -50.35610790655086,
            -50.99658469019186,
            -74.74846773054458,
            -90.78296908875402,
            -100.83571948272949,
            -140.60562145874943,
            -150.42323741249257,
            -181.38868916049086,
            -151.94337629113048,
            -124.34227412960297,
            -48.640905031936995,
            11.366481960575442,
            13.91434221273373,
            0,
            0,
            0,
            0,
            0,
            0,
            0,
            0,
            0,
            0,
            0,
            0,
            0,
            0,
            0
        ],
        [
            0,
            -64.41691375679255,
            -59.99150793594186,
            -60.293967803710224,
            -63.73215905466205,
            -85.48988650113202,
            -98.81970394881523,
            -104.73489942204866,
            -130.01912809437127,
            -123.17420291044121,
            -119.93905632483717,
            -74.33822589541018,
            0,
            0,
            0,
            0,
            0,
            0,
            0,
            0,
            0,
            0,
            0,
            0,
            0,
            0,
            0,
            0,
            0,
            0,
            0
        ],
        [
            0,
            0,
            -19.587595055256386,
            -17.244764452727388,
            -16.258373551779574,
            -29.25311574671144,
            -35.66689190051021,
            -35.21620526903222,
            -35.598449482672955,
            0,
            0,
            0,
            0,
            0,
            0,
            0,
            0,
            0,
            0,
            0,
            0,
            0,
            0,
            0,
            0,
            0,
            0,
            0,
            0,
            0,
            0
        ],
        [
            0,
            0,
            0,
            0,
            0,
            0,
            0,
            0,
            0,
            0,
            0,
            0,
            0,
            0,
            0,
            0,
            0,
            0,
            0,
            0,
            0,
            0,
            0,
            0,
            0,
            0,
            0,
            0,
            0,
            0,
            0
        ]
    ],
    "imag(M)": [
        [
            0,
            0,
            0,
            0,
            0,
            0,
            0,
            0,
            0,
            0,
            0,
            0,
            0,
            0,
            0,
            0,
            -22.807800423201027,
            -34.941617488484084,
            -28.643300571719127,
            -33.29723031511092,
            -22.94906809441122,
            -28.42070797933288,
            -12.479110996321424,
            -10.769685680809154,
            -4.833557971617977,
            4.061221541095447,
            3.9361821544305755,
            0,
            0,
            0,
            0
        ],
        [
            0,
            0,
            0,
            0,
            0,
            0,
            0,
            0,
            0,
            -3.5515086275040493,
            -48.14422652969788,
            -75.8466670695775,
            -104.76139513619718,
            -157.15415873158355,
            -197.998772243096,
            -164.02167575363652,
            -144.79523577932468,
            -139.90245523320948,
            -107.70221043682608,
            -111.80275515926363,
            -86.77014057454133,
            -96.02234561174355,
            -64.88684770422991,
            -61.60861279625191,
            -50.34705184554685,
            -31.737714383181615,
            -27.01617909854229,
            -12.432223494281441,
            -21.991638888347484,
            0,
            0
        ],
        [
            0,
            0,
            0,
            0,
            0,
            0,
            0,
            -3.0795362401316186,
            -21.493872971368603,
            -40.18448937479811,
            -98.98981924934685,
            -133.06236230135016,
            -168.16914893207786,
            -239.30133356527483,
            -289.6640508430497,
            -230.69550727679834,
            -197.45359307004446,
            -186.5393012954406,
            -139.39215799607794,
            -142.99019175230552,
            -107.91902026511369,
            -119.21574262588163,
            -77.08317661746513,
            -72.30359711531617,
            -57.72739703900778,
            -33.98298937351955,
            -29.01071972707089,
            -10.935879017449677,
            -30.894128967972197,
            -31.494594103488947,
            0
        ],
        [
            0,
            0,
            0,
            0,
            0,
            0,
            -2.7956604072985876,
            -13.772704995163771,
            -37.394318493086544,
            -59.15120214645673,
            -135.7520438917858,
            -177.43012832313897,
            -219.52995005117407,
            -306.89611294947684,
            -366.5512882866264,
            -289.44284672118823,
            -246.01134610264504,
            -230.95231729427002,
            -172.15988310748347,
            -175.7138666097886,
            -132.6533565757801,
            -145.82362318536585,
            -94.75115070788905,
            -88.73132435761207,
            -71.20751885261396,
            -42.85738164233553,
            -36.988927525160086,
            -15.23718470683472,
            -40.5670333419607,
            -46.69561158026794,
            0
        ],
        [
            0,
            0,
            0,
            0,
            0,
            1.670402949988117,
            -1.4597304786423582,
            -14.870340616113635,
            -43.08593679858054,
            -67.35460970170834,
            -158.40365274642073,
            -206.49851430826013,
            -254.5763485192766,
            -355.78316954090525,
            -423.4985442910068,
            -330.9613332725621,
            -278.7546395379047,
            -260.05514885329524,
            -191.10524646059685,
            -194.51712796196324,
            -144.4363326602924,
            -159.13705104843137,
            -100.22616963969965,
            -93.07531906819769,
            -73.07498673564551,
            -41.03817585357092,
            -34.80892671095313,
            -10.755968587367157,
            -40.9026367981513,
            -50.84161328045244,
            0
        ],
        [
            0,
            0,
            0,
            0,
            -1.670402949988117,
            0,
            -5.233739008133876,
            -22.171308330499205,
            -55.602993223696686,
            -83.2653952660952,
            -187.62967527623528,
            -241.86342906499388,
            -295.6850549380232,
            -409.5129345513991,
            -484.75973904669445,
            -378.9956592321619,
            -319.3375464909813,
            -297.65672719493745,
            -219.92198402670425,
            -223.34617374478154,
            -167.175484432883,
            -183.27531266482228,
            -117.49953474814791,
            -109.22542637272207,
            -86.75812182279175,
            -51.06903962614231,
            -43.75927201174985,
            -16.817559318574315,
            -48.78348021732265,
            -57.62070489471251,
            0
        ],
        [
            0,
            0,
            0,
            2.7956604072985876,
            1.4597304786423582,
            5.233739008133876,
            0,
            -18.570231085875527,
            -55.39986058282803,
            -85.08671394608861,
            -200.59260266963045,
            -259.90142927289924,
            -318.4794725349762,
            -443.2047169423775,
            -524.8381596088236,
            -406.99508673653554,
            -340.41679541765217,
            -315.81529691447616,
            -230.04666345927293,
            -233.26991027793747,
            -171.54950854565186,
            -188.73624758904418,
            -116.82330492077826,
            -107.5545168735568,
            -83.15149176816807,
            -44.84687972097519,
            -37.37440316657331,
            -9.36916384668458,
            -43.74707581182138,
            -52.051220090417516,
            0
        ],
        [
            0,
            0,
            3.0795362401316186,
            13.772704995163771,
            14.870340616113635,
            22.171308330499205,
            18.570231085875527,
            0,
            -38.58303252004651,
            -68.97325169830721,
            -193.66742379025783,
            -257.0499696332266,
            -319.44138868748456,
            -453.4656708691134,
            -540.384215152747,
            -411.4331561807476,
            -338.38314957041973,
            -310.9006612433076,
            -217.80077748196123,
            -220.64312480696867,
            -153.92195070517073,
            -171.94836897325845,
            -94.7083661376023,
            -84.77072690338647,
            -59.22883589342968,
            -19.710400386233545,
            -13.480839184945529,
            13.049485241484705,
            -25.229742549746994,
            -34.692006398220926,
            0
        ],
        [
            0,
            0,
            21.493872971368603,
            37.394318493086544,
            43.08593679858054,
            55.602993223696686,
            55.39986058282803,
            38.58303252004651,
            0,
            -29.640996947837266,
            -161.57554628194532,
            -228.0024703125394,
            -293.23417243450507,
            -434.9665208885013,
            -526.0469935902602,
            -386.87235755757143,
            -307.76411482159216,
            -277.4404910442428,
            -177.72825278831834,
            -180.05803439102763,
            -108.95652189939852,
            -127.66534407418453,
            -46.107848807141956,
            -36.17645515185989,
            -10.789676399780966,
            27.83367866194028,
            30.462674479099825,
            51.503849170479775,
            5.788044415885412,
            -9.992966658457107,
            0
        ],
        [
            0,
            3.5515086275040493,
            40.18448937479811,
            59.15120214645673,
            67.35460970170834,
            83.2653952660952,
            85.08671394608861,
            68.97325169830721,
            29.640996947837266,
            0,
            -138.72694964183316,
            -208.0626556782182,
            -275.97865194085267,
            -424.57075547657263,
            -519.3460543160829,
            -371.42843340594817,
            -287.20452195888276,
            -254.52899813491496,
            -149.31448950602234,
            -151.281062284061,
            -76.64094718231883,
            -95.9644296508806,
            -11.104506359797691,
            -1.4154666011819472,
            23.459468964258203,
            60.58557332571847,
            59.54397777348975,
            74.12532255538689,
            22.05602722474368,
            0,
            0
        ],
        [
            0,
            48.14422652969788,
            98.98981924934685,
            135.7520438917858,
            158.40365274642073,
            187.62967527623528,
            200.59260266963045,
            193.66742379025783,
            161.57554628194532,
            138.72694964183316,
            0,
            -68.54754009384293,
            -135.75763963407226,
            -286.58157942058347,
            -381.7516722921021,
            -226.52268699677728,
            -137.6608976840733,
            -102.44149058569346,
            6.9005383685441695,
            5.502399033303252,
            82.21581134403493,
            62.06664611527987,
            147.20632057111646,
            152.7472137422743,
            170.67912674481994,
            196.7344600420026,
            178.97014732292544,
            166.94576060162774,
            73.81107897824288,
            0,
            0
        ],
        [
            0,
            75.8466670695775,
            133.06236230135016,
            177.43012832313897,
            206.49851430826013,
            241.86342906499388,
            259.90142927289924,
            257.0499696332266,
            228.0024703125394,
            208.0626556782182,
            68.54754009384293,
            0,
            -67.21745303210923,
            -219.73521961543486,
            -315.4572374784827,
            -156.2623977140898,
            -65.00035186813378,
            -28.583071774537494,
            82.83543687737887,
            81.51809966108688,
            159.11323504634316,
            138.28245171913824,
            223.0946885486068,
            225.75977921133173,
            239.10100858131358,
            257.87288353133596,
            229.28456528471466,
            198.65206744249406,
            68.35754480053602,
            0,
            0
        ],
        [
            0,
            104.7613951361972,
            168.16914893207786,
            219.52995005117407,
            254.5763485192766,
            295.6850549380232,
            318.4794725349762,
            319.44138868748456,
            293.23417243450507,
            275.97865194085267,
            135.75763963407226,
            67.21745303210923,
            0,
            -154.01851902513565,
            -250.2094772154351,
            -87.52788527424097,
            5.788502483212063,
            43.17042468314692,
            156.23007238053654,
            154.82078134875536,
            232.89375844218497,
            211.22773645715094,
            295.079260017091,
            294.2348821488631,
            302.0840276642934,
            312.1859575069159,
            270.7615670139085,
            216.43655626056216,
            0,
            0,
            0
        ],
        [
            0,
            157.15415873158358,
            239.30133356527483,
            306.89611294947684,
            355.78316954090525,
            409.5129345513991,
            443.2047169423775,
            453.4656708691134,
            434.9665208885013,
            424.57075547657263,
            286.58157942058347,
            219.73521961543486,
            154.01851902513565,
            0,
            -95.47484979886833,
            71.07951203125899,
            166.74989106344273,
            205.2759826067871,
            319.69017622345837,
            317.90784371867903,
            395.6416906976962,
            372.27337034548884,
            452.77909329247984,
            444.046285512694,
            439.70429456631643,
