{
    "bin_ranges": {
        "m3pi_lower_limit": 1.3399999999999999,
        "m3pi_upper_limit": 1.38,
        "t_lower_limit": 0.141,
        "t_upper_limit": 0.194
    },
    "info": "The dalitz matrix M is computed as sqrt(-Kibble) * (A[1]-A[2])",
    "bin_centers": [
        0.29900000000000004,
        0.33999999999999997,
        0.38,
        0.42000000000000004,
        0.45999999999999996,
        0.5,
        0.54,
        0.5800000000000001,
        0.62,
        0.66,
        0.69,
        0.71,
        0.73,
        0.75,
        0.77,
        0.79,
        0.81,
        0.83,
        0.85,
        0.87,
        0.89,
        0.91,
        0.94,
        0.98,
        1.02,
        1.06,
        1.1,
        1.1400000000000001,
        1.18,
        1.22
    ],
    "real(M)": [
        [
            0,
            0,
            0,
            0,
            0,
            0,
            0,
            0,
            0,
            0,
            0,
            0,
            0,
            0,
            0,
            15.11736157154622,
            32.49683155798866,
            35.71649412951427,
            44.855329205469225,
            58.56927335247051,
            58.678695301288194,
            57.500609112729926,
            47.71107217099172,
            41.936858823628846,
            24.799456758585205,
            16.825742586508724,
            4.322083412145001,
            0,
            0,
            0
        ],
        [
            0,
            0,
            0,
            0,
            0,
            0,
            0,
            0,
            0,
            -4.351234872400983,
            -13.305581733315009,
            -16.72485689310683,
            -12.757319995895834,
            26.249078306745282,
            59.93652262804566,
            110.48448241138543,
            140.33127379477418,
            135.06584124726166,
            148.02757838563136,
            170.6995083947424,
            166.85692753310244,
            162.13115329191885,
            142.37944749729462,
            131.58349081625963,
            100.7027168252601,
            87.0634805964854,
            77.6954869793715,
            62.308513183084656,
            0,
            0
        ],
        [
            0,
            0,
            0,
            0,
            0,
            0,
            0,
            -15.006928382230425,
            -26.594597680234127,
            -44.056373804837236,
            -61.51155620680145,
            -67.39772754017297,
            -61.75092650286142,
            -4.720483019647399,
            40.88729223421822,
            108.4194145982404,
            145.33657563307202,
            134.05827013225294,
            148.30179053826078,
            175.83347963138846,
            168.458414211157,
            160.60177207406977,
            133.40532681178155,
            119.57229727085269,
            81.6321014869212,
            68.72936515187813,
            65.50370365847573,
            63.37762929906455,
            22.65918408321126,
            0
        ],
        [
            0,
            0,
            0,
            0,
            0,
            0,
            -3.1289061738171817,
            -17.803781047602403,
            -23.05361239829014,
            -40.283703278037834,
            -59.0544062038614,
            -64.03090683450436,
            -54.55820206523894,
            18.896842363720594,
            76.3986096761397,
            159.86050948976384,
            204.67310741904348,
            190.40387478785027,
            207.25478963956357,
            240.03147515022667,
            230.69429871990587,
            220.87630201753404,
            187.8597044137742,
            170.73666392433853,
            124.75258682981489,
            108.28061589374964,
            103.05734727230006,
            99.3120508894014,
            46.45062345560448,
            0
        ],
        [
            0,
            0,
            0,
            0,
            0,
            16.96288788166038,
            13.114651559873149,
            -2.0225544138323013,
            -3.913999675519314,
            -21.181637914680426,
            -41.062941396964355,
            -45.27392401510796,
            -32.542298111839735,
            54.93110459089157,
            122.7298948774325,
            220.0062477556079,
            271.7647302633309,
            255.0393558070254,
            274.20083812006646,
            311.5074109771901,
            300.4307179855696,
            288.8174465556241,
            250.54225038838422,
            230.04047795791055,
            176.44942541201436,
            155.8345651151937,
            147.2097298930758,
            139.2735584037405,
            73.31939961831256,
            0
        ],
        [
            0,
            0,
            0,
            0,
            -16.96288788166038,
            0,
            -13.30173981402194,
            -37.12099937451728,
            -43.32502848771967,
            -66.69165041826271,
            -91.51615415417082,
            -97.45938729841414,
            -84.0715321233282,
            13.701128692286431,
            88.77156087113259,
            196.61419665398822,
            253.0994495360211,
            233.0339897881591,
            253.23056547384482,
            293.70578369340274,
            280.52323612340285,
            266.98570246676877,
            224.08119388289612,
            201.52738961543463,
            143.6510497911277,
            123.2634717264012,
            117.35661053894061,
            113.87895436684217,
            50.948025981011995,
            0
        ],
        [
            0,
            0,
            0,
            3.1289061738171817,
            -13.114651559873149,
            13.30173981402194,
            0,
            -24.929911150726976,
            -29.52780846059274,
            -53.603510098536105,
            -79.73373407998723,
            -85.36514301256435,
            -69.70431213440322,
            38.71730084092569,
            121.59532587007683,
            239.9715272848388,
            301.6378794414474,
            279.46169984215265,
            301.20091591907936,
            344.86726788021355,
            330.06055526442816,
            314.8481332652243,
            267.535832741781,
            241.78215272050917,
            177.79229366478435,
            153.63079459282596,
            143.92920673200052,
            134.72157022723084,
            61.04028521751478,
            0
        ],
        [
            0,
            0,
            15.006928382230425,
            17.803781047602403,
            2.0225544138323013,
            37.12099937451728,
            24.929911150726976,
            0,
            -2.328662674208077,
            -26.26864056928,
            -53.048816978683746,
            -58.099079492003604,
            -40.15168430561875,
            77.90441837839491,
            167.84240025795452,
            295.58601491624233,
            361.83056766286614,
            337.8007914712167,
            360.79861393875956,
            407.05006142801227,
            390.6096133294398,
            373.654422651773,
            322.02401017833205,
            292.46027357009194,
            222.00309592456495,
            192.63272011884428,
            176.51497314629745,
            156.8721145625064,
            65.84270807185854,
            0
        ],
        [
            0,
            0,
            26.594597680234127,
            23.05361239829014,
            3.913999675519314,
            43.32502848771967,
            29.52780846059274,
            2.328662674208077,
            0,
            -25.559985601411864,
            -54.04937213985441,
            -59.26805568754437,
            -39.93729647763218,
            85.94414423013674,
            181.46852442231105,
            316.77891615498817,
            386.44649713514497,
            360.37175404963364,
            384.01125760050246,
            432.02328151368084,
            413.8606695315262,
            395.1566929898256,
            339.6902294357838,
            306.8090409637082,
            231.48600967713844,
            198.38027948078349,
            177.33095261309234,
            147.95345666706106,
            34.09072924554308,
            0
        ],
        [
            0,
            4.3512348724009815,
            44.056373804837236,
            40.283703278037834,
            21.181637914680426,
            66.69165041826271,
            53.603510098536105,
            26.26864056928,
            25.559985601411864,
            0,
            -29.04467097111344,
            -33.85683371070547,
            -12.848514572833675,
            120.10023452848205,
            220.64335504315446,
            362.4631459695805,
            435.0007947186262,
            407.1702527533811,
            431.1330768061006,
            480.1895664951296,
            460.1779368401256,
            439.4867011947444,
            379.9451716780327,
            342.38080802756417,
            260.8122498695488,
            220.7854329935826,
            189.02648759145202,
            137.04527513896545,
            0,
            0
        ],
        [
            0,
            13.305581733315009,
            61.51155620680145,
            59.0544062038614,
            41.062941396964355,
            91.51615415417082,
            79.73373407998723,
            53.048816978683746,
            54.04937213985441,
            29.04467097111344,
            0,
            -4.341319168103101,
            17.91477577735841,
            155.44654029047302,
            259.17277181168924,
            404.9628028536576,
            479.0976971510075,
            449.99477926609165,
            473.83454770743367,
            523.040897034072,
            501.44024385023147,
            478.9935405322445,
            416.1172165236702,
            373.9660225996988,
            286.68220629963633,
            239.0375542393148,
            194.26713167311917,
            107.61193709031437,
            0,
            0
        ],
        [
            0,
            16.72485689310683,
            67.39772754017297,
            64.03090683450436,
            45.27392401510796,
            97.45938729841414,
            85.36514301256435,
            58.099079492003604,
            59.26805568754437,
            33.85683371070547,
            4.341319168103101,
            0,
            22.731866096108337,
            162.65578972964352,
            267.9558121600047,
            415.72675937571876,
            490.492394340783,
            460.4686003565032,
            484.00627146307636,
            533.0195444062792,
            510.3581657099655,
            486.7839948895774,
            421.9707892753697,
            377.1173850291067,
            286.88762860507654,
            234.8817177237545,
            181.3134829073463,
            46.167867378853245,
            0,
            0
        ],
        [
            0,
            12.757319995895834,
            61.75092650286142,
            54.55820206523894,
            32.542298111839735,
            84.0715321233282,
            69.70431213440322,
            40.15168430561875,
            39.93729647763218,
            12.848514572833675,
            -17.91477577735841,
            -22.731866096108337,
            0,
            141.6191914924287,
            247.92977356179955,
            397.0586247204109,
            472.06981178324764,
            441.09280733233754,
            464.2208825056342,
            512.9245869636936,
            489.3945665101508,
            464.9881753471426,
            399.0119291933001,
            352.7733728500597,
            261.82841084727306,
            208.21415080154645,
            148.58260898186217,
            0,
            0,
            0
        ],
        [
            0,
            -26.249078306745286,
            4.720483019647399,
            -18.896842363720594,
            -54.93110459089157,
            -13.701128692286431,
            -38.71730084092569,
            -77.90441837839491,
            -85.94414423013674,
            -120.10023452848205,
            -155.44654029047302,
            -162.65578972964352,
            -141.6191914924287,
            0,
            106.0092602537418,
            255.37901709609392,
            330.0441454660352,
            298.19108879763553,
            321.2259805788658,
            370.27187792906983,
            347.23215794618375,
            323.880209160405,
            260.8181820011052,
            220.95989114622375,
            141.19292903934382,
            103.35729553607108,
            65.14374623798398,
            0,
            0,
            0
        ],
        [
            0,
            -59.93652262804566,
            -40.88729223421822,
            -76.3986096761397,
            -122.7298948774325,
            -88.77156087113259,
            -121.59532587007683,
            -167.84240025795452,
            -181.46852442231105,
            -220.64335504315446,
            -259.17277181168924,
            -267.9558121600047,
            -247.92977356179955,
            -106.0092602537418,
            0,
            149.6907598061544,
            224.19301676721201,
            191.87527730667387,
            214.9658100201393,
            264.3013939598163,
            241.85119652178895,
            219.55732032125056,
            159.36697359054727,
            125.25876765703377,
            56.00299351124041,
            32.82615734414333,
            15.171998863960763,
            0,
            0,
            0
        ],
        [
            -15.11736157154622,
            -110.48448241138543,
            -108.4194145982404,
            -159.86050948976384,
            -220.0062477556079,
            -196.61419665398822,
            -239.9715272848388,
            -295.58601491624233,
            -316.77891615498817,
            -362.4631459695805,
            -404.9628028536576,
            -415.72675937571876,
            -397.0586247204109,
            -255.37901709609392,
            -149.6907598061544,
            0,
            74.3793353335692,
            42.15267584767587,
            65.86784834532313,
            116.16543278109908,
            95.49453426304723,
            75.73867649991845,
            21.441518813469983,
            -1.5340222315239163,
            -51.653096201956764,
            -45.90177602347707,
            0,
            0,
            0,
            0
        ],
        [
            -32.496831557988706,
            -140.33127379477418,
            -145.33657563307202,
            -204.67310741904348,
            -271.7647302633309,
            -253.0994495360211,
            -301.6378794414474,
            -361.83056766286614,
            -386.44649713514497,
            -435.0007947186262,
            -479.0976971510075,
            -490.492394340783,
            -472.06981178324764,
            -330.0441454660352,
            -224.19301676721201,
            -74.3793353335692,
            0,
            -31.872452930670107,
            -7.703898454946754,
            43.00464632413019,
            23.585749166731784,
            5.5596156630710665,
            -44.4591095458533,
            -59.91630477112732,
            -95.44118207137556,
            -65.2409244911657,
            0,
            0,
            0,
            0
        ],
        [
            -35.71649412951427,
            -135.06584124726166,
            -134.05827013225294,
            -190.40387478785027,
            -255.0393558070254,
            -233.03398978815915,
            -279.46169984215277,
            -337.80079147121677,
            -360.3717540496337,
            -407.17025275338113,
            -449.99477926609154,
            -460.4686003565032,
            -441.09280733233754,
            -298.19108879763553,
            -191.87527730667387,
            -42.15267584767587,
            31.872452930670104,
            0,
            23.62761385412698,
            73.14678333512427,
            53.18996238539305,
            34.545135450328495,
            -15.728171238404247,
            -32.81617918294468,
            -66.68150433939073,
            -28.572167851116607,
            0,
            0,
            0,
            0
        ],
        [
            -44.855329205469225,
            -148.02757838563136,
            -148.30179053826078,
            -207.25478963956357,
            -274.20083812006646,
            -253.23056547384482,
            -301.20091591907936,
            -360.79861393875956,
            -384.01125760050246,
            -431.1330768061006,
            -473.83454770743367,
            -484.00627146307636,
            -464.2208825056342,
            -321.2259805788658,
            -214.9658100201393,
            -65.86784834532313,
            7.703898454946754,
            -23.62761385412698,
            0,
            48.97427933694843,
            29.777479506709835,
            12.167057198047214,
            -34.84287613173415,
            -47.11266216556738,
            -67.2674629453768,
            0,
            0,
            0,
            0,
            0
        ],
        [
            -58.56927335247051,
            -170.69950839474237,
            -175.83347963138846,
            -240.03147515022667,
            -311.5074109771901,
            -293.7057836934027,
            -344.8672678802135,
            -407.0500614280123,
            -432.02328151368073,
            -480.1895664951296,
            -523.0408970340719,
            -533.0195444062792,
            -512.9245869636936,
            -370.2718779290698,
            -264.3013939598163,
            -116.16543278109908,
            -43.00464632413019,
            -73.14678333512427,
            -48.97427933694843,
            0,
            -17.278375504019472,
            -32.41782928423097,
            -73.04317004788024,
            -74.567333236327,
            -65.15985862142608,
            0,
            0,
            0,
            0,
            0
        ],
        [
            -58.678695301288194,
            -166.8569275331024,
            -168.45841421115713,
            -230.694298719906,
            -300.4307179855696,
            -280.52323612340285,
            -330.06055526442816,
            -390.6096133294398,
            -413.8606695315262,
            -460.1779368401256,
            -501.44024385023147,
            -510.3581657099655,
            -489.3945665101508,
            -347.23215794618375,
            -241.85119652178895,
            -95.49453426304723,
            -23.585749166731784,
            -53.18996238539305,
            -29.777479506709835,
            17.278375504019472,
            0,
            -15.079385493317876,
            -53.67680822102783,
            -53.1201066531372,
            0,
            0,
            0,
            0,
            0,
            0
        ],
        [
            -57.500609112729954,
            -162.13115329191882,
            -160.60177207406977,
            -220.87630201753416,
            -288.8174465556241,
            -266.98570246676877,
            -314.8481332652243,
            -373.654422651773,
            -395.1566929898256,
            -439.4867011947444,
            -478.9935405322445,
            -486.7839948895774,
            -464.9881753471426,
            -323.880209160405,
            -219.55732032125056,
            -75.73867649991845,
            -5.5596156630710665,
            -34.545135450328495,
            -12.167057198047214,
            32.41782928423096,
            15.079385493317876,
            0,
            -36.15520118380735,
            -32.392483018722544,
            0,
            0,
            0,
            0,
            0,
            0
        ],
        [
            -47.7110721709917,
            -142.37944749729462,
            -133.40532681178155,
            -187.85970441377424,
            -250.54225038838422,
            -224.08119388289612,
            -267.535832741781,
            -322.02401017833205,
            -339.6902294357838,
            -379.9451716780327,
            -416.1172165236702,
            -421.9707892753697,
            -399.0119291933001,
            -260.8181820011052,
            -159.36697359054727,
            -21.441518813469983,
            44.4591095458533,
            15.728171238404247,
            34.84287613173415,
            73.04317004788024,
            53.67680822102783,
            36.15520118380735,
            0,
            0,
            0,
            0,
            0,
            0,
            0,
            0
        ],
        [
            -41.936858823628846,
            -131.5834908162596,
            -119.57229727085269,
            -170.73666392433861,
            -230.04047795791055,
            -201.52738961543463,
            -241.78215272050917,
            -292.46027357009194,
            -306.8090409637082,
            -342.38080802756417,
            -373.9660225996988,
            -377.1173850291067,
            -352.7733728500597,
            -220.95989114622375,
            -125.25876765703377,
            1.5340222315239163,
            59.91630477112732,
            32.81617918294467,
            47.11266216556738,
            74.56733323632696,
            53.1201066531372,
            32.39248301872255,
            0,
            0,
            0,
            0,
            0,
            0,
            0,
            0
        ],
        [
            -24.79945675858519,
            -100.7027168252601,
            -81.6321014869212,
            -124.75258682981489,
            -176.4494254120144,
            -143.6510497911277,
            -177.79229366478435,
            -222.00309592456495,
            -231.48600967713844,
            -260.8122498695488,
            -286.6822062996363,
            -286.88762860507654,
            -261.82841084727306,
            -141.19292903934382,
            -56.002993511240405,
            51.65309620195677,
            95.44118207137556,
            66.68150433939073,
            67.2674629453768,
            65.15985862142607,
            0,
            0,
            0,
            0,
            0,
            0,
            0,
            0,
            0,
            0
        ],
        [
            -16.825742586508706,
            -87.06348059648539,
            -68.72936515187816,
            -108.28061589374964,
            -155.8345651151937,
            -123.2634717264012,
            -153.63079459282596,
            -192.63272011884428,
            -198.3802794807835,
            -220.78543299358256,
            -239.0375542393149,
            -234.8817177237545,
            -208.21415080154645,
            -103.35729553607108,
            -32.82615734414333,
            45.90177602347707,
            65.2409244911657,
            28.572167851116557,
            0,
            0,
            0,
            0,
            0,
            0,
            0,
            0,
            0,
            0,
            0,
            0
        ],
        [
            -4.322083412144798,
            -77.69548697937144,
            -65.50370365847571,
            -103.05734727230013,
            -147.20972989307575,
            -117.35661053894061,
            -143.92920673200052,
            -176.51497314629745,
            -177.33095261309236,
            -189.02648759145205,
            -194.26713167311917,
            -181.3134829073463,
            -148.5826089818622,
            -65.14374623798396,
            -15.171998863960747,
            0,
            0,
            0,
            0,
            0,
            0,
            0,
            0,
            0,
            0,
            0,
            0,
            0,
            0,
            0
        ],
        [
            0,
            -62.308513183084685,
            -63.37762929906458,
            -99.31205088940152,
            -139.27355840374065,
            -113.8789543668422,
            -134.72157022723087,
            -156.87211456250643,
            -147.95345666706106,
            -137.04527513896548,
            -107.61193709031434,
            -46.167867378853074,
            0,
            0,
            0,
            0,
            0,
            0,
            0,
            0,
            0,
            0,
            0,
            0,
            0,
            0,
            0,
            0,
            0,
            0
        ],
        [
            0,
            0,
            -22.65918408321135,
            -46.45062345560455,
            -73.31939961831263,
            -50.948025981012,
            -61.040285217514686,
            -65.84270807185857,
            -34.090729245543024,
            0,
            0,
            0,
            0,
            0,
            0,
            0,
            0,
            0,
            0,
            0,
            0,
            0,
            0,
            0,
            0,
            0,
            0,
            0,
            0,
            0
        ],
        [
            0,
            0,
            0,
            0,
            0,
            0,
            0,
            0,
            0,
            0,
            0,
            0,
            0,
            0,
            0,
            0,
            0,
            0,
            0,
            0,
            0,
            0,
            0,
            0,
            0,
            0,
            0,
            0,
            0,
            0
        ]
    ],
    "imag(M)": [
        [
            0,
            0,
            0,
            0,
            0,
            0,
            0,
            0,
            0,
            0,
            0,
            0,
            0,
            0,
            0,
            -42.94972729875928,
            -59.11824525178904,
            -55.28640751756942,
            -56.09008926869566,
            -51.2611156032171,
            -39.275458502874095,
            -46.45830095174185,
            -38.47275628750515,
            -35.48856411707895,
            -21.662341318891325,
            -19.27123734324858,
            -5.015620335020892,
            0,
            0,
            0
        ],
        [
            0,
            0,
            0,
            0,
            0,
            0,
            0,
            0,
            0,
            -15.291281833263968,
            -33.05361371873735,
            -81.35420720686048,
            -109.60228583362273,
            -140.66238180239066,
            -157.2850995755866,
            -155.5115413834723,
            -138.55019499201182,
            -101.27867222587899,
            -89.26213374358747,
            -71.10861838911235,
            -43.060176068851106,
            -53.78210197588479,
            -36.93704820975354,
            -31.92758956329831,
            -9.995425814422449,
            -14.176570103912514,
            -15.626393041158344,
            -18.0473871304886,
            0,
            0
        ],
        [
            0,
            0,
            0,
            0,
            0,
            0,
            0,
            0.8680267841052257,
            -5.800025209452659,
            -43.0038055477062,
            -64.64681307119051,
            -139.4543981907944,
            -175.4762774704216,
            -214.67236532531982,
            -232.2046866902314,
            -224.37280804676826,
            -196.93747939558233,
            -143.4548303919161,
            -125.76402986822168,
            -100.53023602835897,
            -62.78900996096981,
            -76.63698237684646,
            -54.242538961177885,
            -47.577632961184484,
            -18.80049122793267,
            -24.326987850274605,
            -26.686798211007112,
            -32.7712581244147,
            -32.64263235252863,
            0
        ],
        [
            0,
            0,
            0,
            0,
            0,
            0,
            -2.057624141732564,
            0.09831514371143259,
            -11.063177225333364,
            -61.705598708597954,
            -87.95465922412751,
            -183.05288185138448,
            -226.14747151742074,
            -272.65355268232884,
            -291.75338985942795,
            -279.7216819815283,
            -244.25909540849378,
            -177.83455788076833,
            -155.60707983960876,
            -124.60254809874334,
            -78.8834363563402,
            -95.28189092252686,
            -68.26553994252154,
            -60.15619430795508,
            -25.769706713221918,
            -32.31697047710083,
            -35.236705753556805,
            -43.3599060810791,
            -47.47951320131256,
            0
        ],
        [
            0,
            0,
            0,
            0,
            0,
            -2.343812965756518,
            -4.7669964660612685,
            -1.7157656221445583,
            -16.103234372443932,
            -77.66402207598655,
            -108.02623014770734,
            -220.27463922441586,
            -269.6337938915366,
            -322.61937647256633,
            -343.2934519265141,
            -327.8370981681838,
            -285.58262839413476,
            -208.06372527059244,
            -181.93394503049421,
            -145.94107730844516,
            -93.32459176970802,
            -111.8804437732919,
            -80.83253919861974,
            -71.38078093748102,
            -32.171285294670255,
            -39.423699457868636,
            -42.54412304381982,
            -51.65325108058083,
            -56.84948641963123,
            0
        ],
        [
            0,
            0,
            0,
            0,
            2.343812965756518,
            0,
            -1.916110653923471,
            2.7184654146338754,
            -13.576293542053005,
            -83.87377591186359,
            -117.46605409049451,
            -244.45167969783407,
            -299.13926156143435,
            -357.6590052975517,
            -379.5706787186487,
            -360.95434331867693,
            -312.57566294811545,
            -225.16369659277296,
            -195.4707556782008,
            -154.9898820006817,
            -96.26085443184378,
            -116.62310078279111,
            -82.03169150875343,
            -71.46380623757413,
            -28.403865376462875,
            -36.609688270383636,
            -40.4011219510955,
            -50.7690270099203,
            -56.503170978263114,
            0
        ],
        [
            0,
            0,
            0,
            2.057624141732564,
            4.7669964660612685,
            1.916110653923471,
            0,
            5.663821629519157,
            -12.541467497869057,
            -90.75106378401935,
            -127.37363396966786,
            -267.48514572630756,
            -326.9805801290005,
            -390.4644717660696,
            -413.5096761354166,
            -392.11328820149987,
            -338.3241548885796,
            -242.19068506515686,
            -209.34745045268443,
            -164.91353889247716,
            -100.84134039201182,
            -122.72661927532846,
            -85.01901862181664,
            -73.3719156812572,
            -27.006083805442845,
            -35.77326098363084,
            -39.71768618990381,
            -50.12100952061766,
            -53.26857740023913,
            0
        ],
        [
            0,
            0,
            -0.8680267841052257,
            -0.09831514371143259,
            1.7157656221445583,
            -2.7184654146338754,
            -5.663821629519157,
            0,
            -20.67050061653197,
            -106.56606440512232,
            -146.32372584078428,
            -298.30361104660784,
            -362.2623789024584,
            -430.2918048856165,
            -454.4494282313249,
            -430.68150012842784,
            -372.19289592508255,
            -268.47646942641063,
            -232.89546535876158,
            -185.02262681625788,
            -116.33341958472165,
            -139.41975480868564,
            -98.89603094556726,
            -85.930051317429,
            -36.38156839506907,
            -44.66917178703328,
            -47.29070803757151,
            -54.95248045224522,
            -48.52434301646304,
            0
        ],
        [
            0,
            0,
            5.800025209452659,
            11.063177225333364,
            16.103234372443932,
            13.576293542053005,
            12.541467497869057,
            20.67050061653197,
            0,
            -90.7664334591876,
            -132.01927227415075,
            -293.62905983157304,
            -360.7524569208808,
            -432.04632269031555,
            -456.5163882663905,
            -430.1053035353221,
            -367.06326541200906,
            -256.4656459303259,
            -218.25421880335193,
            -167.28868658296665,
            -94.69199396623696,
            -118.76434773232351,
            -76.2158174496074,
            -62.96785974485671,
            -12.559157327573693,
            -22.57189603634734,
            -27.146110785608112,
            -36.209578758913324,
            -19.89414072311884,
            0
        ],
        [
            0,
            15.291281833263962,
            43.0038055477062,
            61.705598708597954,
            77.66402207598655,
            83.87377591186359,
            90.75106378401935,
            106.56606440512232,
            90.7664334591876,
            0,
            -39.778998196378645,
            -208.01318297738322,
            -276.31758292370404,
            -349.0070832115639,
            -372.51407979093983,
            -342.8419195696845,
            -275.18807654416725,
            -158.36942296455882,
            -117.71654814718339,
            -64.25369880167409,
            11.100623308688451,
            -14.301139263867482,
            28.194078731195304,
            38.16238012442407,
            83.27210530855784,
            63.884589028958096,
            45.912424949162826,
            17.610765263826444,
            0,
            0
        ],
        [
            0,
            33.05361371873735,
            64.64681307119051,
            87.95465922412751,
            108.02623014770734,
            117.46605409049451,
            127.37363396966786,
            146.32372584078428,
            132.01927227415075,
            39.778998196378645,
            0,
            -173.02453738223286,
            -242.53867803359591,
            -316.4858483399816,
            -339.6903465878466,
            -308.2422736556084,
            -237.97710206187443,
            -117.62217512532632,
            -75.70527596454755,
            -20.972547331840836,
            55.719978810400086,
            29.45613863110524,
            71.59204378720652,
            79.38097019060217,
            120.64514608313205,
            95.51586370380811,
            68.95422947448732,
            26.14471423228156,
            0,
            0
        ],
        [
            0,
            81.35420720686048,
            139.4543981907944,
            183.05288185138448,
            220.27463922441586,
            244.45167969783407,
            267.48514572630756,
            298.30361104660784,
            293.62905983157304,
            208.01318297738322,
            173.02453738223286,
            0,
            -67.75196420032077,
            -140.30541809682182,
            -161.59262724002986,
            -127.805547668581,
            -55.1950858660459,
            67.48756049125865,
            109.97956093819438,
            164.71028304501579,
            240.77178711335378,
            212.1956403007616,
            249.82805323062502,
            247.79258996824984,
            273.55629953054,
            225.88192369476823,
            163.83378816629892,
            34.79368219659114,
            0,
            0
        ],
        [
            0,
            109.60228583362273,
            175.4762774704216,
            226.14747151742074,
            269.6337938915366,
            299.13926156143435,
            326.9805801290005,
            362.2623789024584,
            360.7524569208808,
            276.31758292370404,
            242.53867803359591,
            67.75196420032077,
            0,
            -72.66106502445547,
            -93.39814073143904,
            -58.5145701078546,
            15.363592051332535,
            139.42740610901606,
            182.06002945833643,
            236.6257764461706,
            312.1434989265947,
            282.06031092460637,
            316.8486906725628,
            308.9910785911794,
            325.1879733951437,
            263.9642770024404,
            177.85864354695042,
            0,
            0,
            0
        ],
        [
            0,
            140.66238180239066,
            214.67236532531982,
            272.65355268232884,
            322.61937647256633,
            357.6590052975517,
            390.4644717660696,
            430.2918048856165,
            432.04632269031555,
            349.0070832115639,
            316.4858483399816,
            140.30541809682182,
            72.66106502445547,
            0,
            -20.224867217670006,
            15.546004627976068,
            90.3356626404744,
            215.2204910118515,
            257.6102674996239,
            311.52237261265657,
            385.8467920681161,
            353.9111161735468,
            384.842969412757,
            369.5777370540905,
            373.4901282548905,
            294.55639292457,
            172.0381710255486,
            0,
            0,
            0
        ],
        [
            0,
            157.2850995755866,
            232.2046866902314,
            291.75338985942795,
            343.2934519265141,
            379.5706787186487,
            413.5096761354166,
            454.4494282313249,
            456.5163882663905,
            372.51407979093983,
            339.6903465878466,
            161.59262724002986,
            93.39814073143904,
            20.224867217670006,
            0,
            36.12683561897666,
            111.31246588227842,
            236.46873755739222,
            278.4515202693128,
            331.6472084542314,
            404.77513290870365,
            371.569816293987,
            399.5287369769609,
            379.0004944940277,
            373.32175720878934,
            280.2113787308967,
            109.9345240621629,
            0,
            0,
            0
        ],
        [
            42.94972729875928,
            155.5115413834723,
            224.37280804676826,
            279.7216819815283,
            327.8370981681838,
            360.95434331867693,
            392.11328820149987,
            430.68150012842784,
            430.1053035353221,
            342.8419195696845,
            308.2422736556084,
            127.805547668581,
            58.5145701078546,
            -15.546004627976068,
            -36.12683561897666,
            0,
            75.26414647564226,
            200.36106337214383,
            242.04577890221768,
            294.7737193319919,
            367.05220980391925,
            333.6040008431094,
            360.23619573004873,
            337.9505508900837,
            327.189563000408,
            225.73776867236577,
            0,
            0,
            0,
            0
        ],
        [
            59.118245251789126,
            138.55019499201182,
            196.93747939558233,
            244.25909540849378,
            285.58262839413476,
            312.57566294811545,
            338.3241548885796,
            372.19289592508255,
            367.06326541200906,
            275.18807654416725,
