{
    "bin_ranges": {
        "m3pi_lower_limit": 2.42,
        "m3pi_upper_limit": 2.46,
        "t_lower_limit": 0.141,
        "t_upper_limit": 0.194
    },
    "info": "The dalitz matrix M is computed as sqrt(-Kibble) * (A[1]-A[2])",
    "bin_centers": [
        0.29900000000000004,
        0.33999999999999997,
        0.38,
        0.42000000000000004,
        0.45999999999999996,
        0.5,
        0.54,
        0.5800000000000001,
        0.62,
        0.66,
        0.69,
        0.71,
        0.73,
        0.75,
        0.77,
        0.79,
        0.81,
        0.83,
        0.85,
        0.87,
        0.89,
        0.91,
        0.94,
        0.98,
        1.02,
        1.06,
        1.1,
        1.1400000000000001,
        1.18,
        1.22,
        1.26,
        1.3,
        1.34,
        1.38,
        1.42,
        1.46,
        1.5,
        1.54,
        1.58,
        1.62,
        1.66,
        1.7,
        1.74,
        1.78,
        1.82,
        1.8599999999999999,
        1.9,
        1.94,
        1.98,
        2.02,
        2.06,
        2.1,
        2.14,
        2.18,
        2.22,
        2.26
    ],
    "real(M)": [
        [
            0,
            0,
            0,
            0,
            0,
            0,
            0,
            0,
            0,
            0,
            0,
            0,
            0,
            0,
            0,
            0,
            0,
            0,
            0,
            0,
            0,
            0,
            0,
            0,
            0,
            0,
            0,
            0,
            0,
            0,
            0,
            0,
            0,
            0,
            -42.00837124851203,
            -45.103253636197564,
            -75.1902416741635,
            -97.92204510697778,
            -90.95752822916063,
            -126.37674117739766,
            -146.14275936980619,
            -148.3695225290563,
            -110.70701076894737,
            -94.25505620150139,
            -71.8812110846186,
            -19.52203819571697,
            -85.60954289988608,
            -37.55074224167445,
            -47.8785250113348,
            0,
            0,
            0,
            0,
            0,
            0,
            0
        ],
        [
            0,
            0,
            0,
            0,
            0,
            0,
            0,
            0,
            0,
            0,
            0,
            0,
            0,
            0,
            0,
            0,
            0,
            0,
            0,
            0,
            0,
            0,
            0,
            0,
            0,
            0,
            0,
            -5.993841192458421,
            -37.87525507027161,
            35.07434704599051,
            0.012647711902126641,
            -45.15411315841761,
            -66.66885962721203,
            -88.39278751146996,
            -62.20248840456398,
            -15.110134447854572,
            -61.54014395152854,
            -89.85369281137778,
            -61.12817613224271,
            -119.31271187771796,
            -148.77839963419606,
            -148.88402803692793,
            -79.70035904488903,
            -52.407060660069554,
            -16.344976283220664,
            78.34594889064618,
            -72.44358638367517,
            11.200732122360321,
            -100.84036928537944,
            91.50769663854686,
            -43.657229153091244,
            76.13189185514713,
            39.86059392966243,
            0,
            0,
            0
        ],
        [
            0,
            0,
            0,
            0,
            0,
            0,
            0,
            0,
            0,
            0,
            0,
            0,
            0,
            0,
            0,
            0,
            0,
            0,
            0,
            0,
            0,
            0,
            0,
            0,
            -60.5848383207974,
            -84.69149042828792,
            -141.45610340344209,
            -139.13637247213114,
            -125.03789457932965,
            32.04480711157681,
            -37.865888909921686,
            -111.7175770303273,
            -142.91171881756196,
            -173.0443582050173,
            -134.3514739858383,
            -68.64204971097895,
            -133.26293897804075,
            -171.7526354434534,
            -132.99513432280975,
            -210.7941805686101,
            -249.71179882368978,
            -249.5968049376247,
            -157.78477827236105,
            -121.41562377689134,
            -73.01800110908098,
            54.90106808022538,
            -147.3512692600304,
            -31.824480647965487,
            -187.9298289450152,
            92.77186147323675,
            -108.18218820789251,
            108.44784210758577,
            161.1877641001935,
            -90.36015960402534,
            0,
            0
        ],
        [
            0,
            0,
            0,
            0,
            0,
            0,
            0,
            0,
            0,
            0,
            0,
            0,
            0,
            0,
            0,
            0,
            0,
            0,
            0,
            0,
            -63.156929078689444,
            -90.54664732097423,
            -182.11811137521468,
            -202.1755338356208,
            -138.06214328631648,
            -144.97884942008594,
            -215.6840467241379,
            -197.3873917123173,
            -168.79442058219516,
            47.377748621308015,
            -44.95657536434061,
            -138.94557459611588,
            -176.40026844710908,
            -212.1017525196838,
            -161.87943028422114,
            -79.33608598343915,
            -158.15570234797778,
            -204.39447073232404,
            -156.31086212572677,
            -250.38593989883302,
            -297.0751554828691,
            -296.5764192272636,
            -185.24790578670476,
            -141.29500024108992,
            -82.82020371123743,
            72.5622805421992,
            -174.48935441824568,
            -33.68609924415437,
            -227.88592042520398,
            121.57057850081299,
            -134.05877139845842,
            148.08826521745542,
            232.09341178782503,
            -150.64422930953663,
            -171.3688165704596,
            0
        ],
        [
            0,
            0,
            0,
            0,
            0,
            0,
            0,
            0,
            0,
            0,
            0,
            0,
            0,
            0,
            0,
            0,
            88.67787456269654,
            116.74169585487016,
            95.58151108948837,
            202.83411897300823,
            148.41836249466263,
            196.45798382035701,
            129.13950169850747,
            194.01857709106662,
            352.8795629881188,
            398.2066910333139,
            356.008399536759,
            423.9962129387824,
            499.49005434403233,
            798.6874335817057,
            717.9569933459796,
            634.6113675774207,
            617.3305220058066,
            599.9768813101415,
            681.4171932482994,
            797.6299005905049,
            722.1039826895566,
            682.3410028651656,
            749.672395319122,
            648.8336752138163,
            600.1285043845766,
            602.8865183690301,
            730.4834173035173,
            776.2444515714225,
            834.823428922711,
            1001.5813233133143,
            696.2138595571425,
            836.137345939832,
            578.7807678739861,
            951.7103794701027,
            603.7296107956292,
            885.0943208676663,
            922.7736479238872,
            352.5298291132475,
            169.50545425067028,
            216.90122789672614
        ],
        [
            0,
            0,
            0,
            0,
            0,
            0,
            0,
            0,
            0,
            0,
            0,
            0,
            60.34870322853031,
            89.40643348555537,
            92.19669264682128,
            101.27082738833877,
            -8.046859832497887,
            -40.560228833680675,
            -125.2304485122728,
            -0.5643088478904453,
            -112.98813272103128,
            -75.33708381847104,
            -200.8804210581113,
            -159.38666140136672,
            -1.837764879452894,
            16.185367940861983,
            -67.42282357376092,
            -16.973576439138697,
            43.576781354587226,
            365.082554108414,
            246.4691216484921,
            128.10246973459132,
            88.28023306298768,
            50.51114121769373,
            127.27007850931396,
            245.0280429991514,
            146.8908941386937,
            91.55539230634622,
            159.45742930451758,
            39.46607040336717,
            -19.2659611272586,
            -17.558187517197155,
            127.33105302105558,
            182.6614766776667,
            255.41529211117827,
            453.48129782472415,
            122.7335032253451,
            298.51068444743134,
            29.775979077312293,
            480.84955403575225,
            119.99872494978888,
            485.9352213365462,
            587.9374345597726,
            -5.853017291306694,
            -134.01600130849135,
            114.74594909891921
        ],
        [
            0,
            0,
            0,
            0,
            0,
            0,
            0,
            0,
            0,
            0,
            0.44420138414014027,
            83.47155786734294,
            191.34406706816512,
            101.32057238949024,
            66.33293068181223,
            57.8141474295741,
            -108.52073570464233,
            -158.1121355373798,
            -271.9542484596972,
            -118.22613180318116,
            -263.0629030860103,
            -221.09878850493456,
            -378.2851405920664,
            -335.8677635258658,
            -159.80707382767324,
            -148.05119699764035,
            -252.46281046564567,
            -202.53114566697266,
            -141.28593192431467,
            214.41787578819256,
            73.10845594232177,
            -66.45065805042442,
            -116.86651863881664,
            -164.24901858375674,
            -83.30650335576948,
            43.52440111518656,
            -69.29948363766434,
            -133.7393070720078,
            -60.79653219003386,
            -195.46296397432934,
            -261.4335528265695,
            -259.7414281534166,
            -98.94034525112129,
            -36.41152523288438,
            46.29201785332551,
            268.5809693055042,
            -92.69009773041225,
            107.48589809925674,
            -182.8907672841425,
            326.00467371025036,
            -63.501066242868674,
            357.6250415353669,
            490.2980234838073,
            -155.62866107681,
            -278.14788733957477,
            54.69477125663434
        ],
        [
            0,
            0,
            0,
            0,
            0,
            0,
            0,
            0,
            0,
            32.55263344474837,
            109.52866554007267,
            254.69923650353633,
            409.02562613776337,
            286.6965451955905,
            248.8403747340552,
            247.34573580555346,
            53.12484570770369,
            5.796688409228348,
            -117.3663418664729,
            76.51660898815729,
            -82.24808760490912,
            -22.53036774435094,
            -188.12030300919747,
            -119.71668463487728,
            97.17501470070603,
            125.70106310186026,
            23.15132345426278,
            92.5427525370245,
            173.18597775305855,
            578.6880303851125,
            432.36477057590355,
            287.91347361013266,
            241.3608346087413,
            197.4912400636921,
            293.7420551568657,
            439.19145060184405,
            321.00958298321495,
            255.0544007378041,
            338.39174960385895,
            193.7733211657761,
            123.21237712044422,
            125.34886675659351,
            299.7119382696541,
            365.412129367471,
            451.5605069422614,
            688.1465293919229,
            287.0165981797383,
            495.672371826013,
            167.44198855972246,
            707.8478975294577,
            265.57770141814257,
            704.267769824432,
            824.2107461065734,
            84.20291702602005,
            -94.54541058188649,
            215.96282844025123
        ],
        [
            0,
            0,
            0,
            0,
            0,
            0,
            0,
            0,
            0,
            10.607604693864094,
            99.68222342440052,
            273.71340377743184,
            450.5964164196603,
            288.0798330419846,
            233.79581872360652,
            224.79095622730068,
            -7.1376267782726615,
            -65.39463274474107,
            -209.43210927672092,
            8.817111436492937,
            -174.1516180137364,
            -109.30537642661656,
            -298.7244068424687,
            -226.48625551993908,
            9.572828972859412,
            35.996769338805024,
            -81.65305747163502,
            -9.729904384416981,
            74.4095329971736,
            513.325340409174,
            349.27334609494136,
            188.13857866551274,
            134.21657715624477,
            83.64416485637753,
            185.4918260463867,
            340.77387460422716,
            210.6371403114978,
            137.56558386163272,
            226.37940905350743,
            69.1229280722108,
            -7.576256417556015,
            -5.3140156886066165,
            183.19015565965506,
            254.81874137107908,
            348.94942256129536,
            605.6765984386428,
            175.9522608403592,
            403.8229014325292,
            54.411144744090414,
            640.9061882973782,
            170.91155861494488,
            650.0595868523151,
            787.8658358389097,
            3.1050566573328453,
            -174.75318808625624,
            179.5451845671025
        ],
        [
            0,
            0,
            0,
            0,
            0,
            0,
            0,
            -32.55263344474837,
            -10.607604693864094,
            0,
            105.04704674853987,
            307.5211950854098,
            508.0315433794964,
            313.73810679290455,
            247.74987269677038,
            234.62804878857978,
            -29.245785299708402,
            -95.39950228398473,
            -256.7026920037382,
            -13.949606093318561,
            -217.55196575306866,
            -146.11176083122686,
            -355.28036062374446,
            -276.16287225331945,
            -18.820746617479774,
            8.634698191126668,
            -120.53001290998621,
            -43.51419622320121,
            46.49290428323126,
            519.7377956538896,
            340.96044799670625,
            165.91100596932117,
            106.81517280212132,
            51.53337113791953,
            160.2789087053779,
            326.3300663486369,
            185.90394108988883,
            106.98420668808416,
            201.78743642696602,
            32.993186089786974,
            -49.24808771501194,
            -46.79228221125797,
            154.95545954254996,
            231.70220795521445,
            332.5520817238308,
            607.0494308205987,
            148.91747239092152,
            392.7811398246281,
            21.34621490838426,
            647.2553653642447,
            148.42824528908878,
            659.3663762436514,
            806.8640750255597,
            -21.975368243260036,
            -204.67611240128164,
            170.55163565286426
        ],
        [
            0,
            0,
            0,
            0,
            0,
            0,
            -0.44420138414014027,
            -109.52866554007267,
            -99.68222342440052,
            -105.04704674853987,
            0,
            215.2371360222963,
            425.8451747743328,
            203.7404491637424,
            123.78516971726457,
            102.08791412710467,
            -189.80201739212083,
            -267.00850974934576,
            -445.8822638466854,
            -190.95245034909607,
            -414.28908238308276,
            -343.08899709443716,
            -573.5513692225005,
            -498.6750583277788,
            -234.73128108260923,
            -214.76163281249302,
            -360.02909596553195,
            -286.71497807524213,
            -199.4114354194958,
            292.1506012723094,
            96.67287247006155,
            -94.04174327534463,
            -162.009260281193,
            -225.33587593902877,
            -115.72769487870953,
            54.515525844194755,
            -96.37895416302239,
            -181.95814497772736,
            -84.64286705760884,
            -262.8910764933004,
            -349.53864602609417,
            -346.5925851349147,
            -134.18158559763845,
            -51.729571925798524,
            56.91637905299089,
            348.0817828272175,
            -124.92610032416103,
            136.77555740254363,
            -241.95064059433764,
            421.0662918707354,
            -85.68463298040507,
            460.8938343761674,
            631.6649821207536,
            -203.01984496218475,
            -358.27932330218516,
            67.37608201959621
        ],
        [
            0,
            0,
            0,
            0,
            0,
            0,
            -83.47155786734294,
            -254.69923650353633,
            -273.71340377743184,
            -307.5211950854098,
            -215.2371360222963,
            0,
            209.30858513641314,
            -37.868496613238946,
            -133.95833099142126,
            -168.17592284017024,
            -484.86363008376037,
            -575.8621197488063,
            -772.5623832625796,
            -516.1666976330699,
            -758.4278913562853,
            -693.4431831260938,
            -946.4798973917106,
            -885.617132272786,
            -628.1122048684591,
            -623.175241916667,
            -788.5476868763308,
            -726.7646319381844,
            -649.8099914605255,
            -154.38954203039955,
            -368.2132218086868,
            -576.0282798513302,
            -656.0841236298564,
            -730.3403709610556,
            -625.2247394690148,
            -456.63384953994,
            -617.9840110987635,
            -710.784744887807,
            -613.9395262620666,
            -799.5526772406578,
            -889.3729837273758,
            -885.4460257096664,
            -664.4337565779068,
            -575.4373180516441,
            -457.6537850632617,
            -150.30367383526578,
            -625.7322062529271,
            -343.8519503339262,
            -716.3106541042687,
            -16.82017249659322,
            -512.4644097330074,
            75.40844375226767,
            283.9317769246577,
            -523.203168000465,
            -620.93806512678,
            -108.50621226505773
        ],
        [
            0,
            0,
            0,
            0,
            0,
            -60.34870322853031,
            -191.34406706816512,
            -409.02562613776337,
            -450.5964164196603,
            -508.0315433794964,
            -425.8451747743328,
            -209.30858513641314,
            0,
            -270.19694534687386,
            -380.79836708114175,
            -426.11160115960075,
            -765.8846434640957,
            -869.3543492635403,
            -1082.5055453433888,
            -823.8155782778259,
            -1083.6848501789148,
            -1023.950818727866,
            -1297.8561771120055,
            -1249.2018512106824,
            -996.5797799605207,
            -1005.0129341473714,
            -1188.802401537433,
            -1137.1107483531168,
            -1069.1565113443007,
            -568.8752947916279,
            -799.6684746387467,
            -1023.2957002922448,
            -1114.3128036273993,
            -1198.4561850968323,
            -1096.9836395913708,
            -929.3203018851166,
            -1100.2805568858437,
            -1199.5872833894416,
            -1102.711964413522,
            -1295.0963506856986,
            -1387.6552838014507,
            -1382.481884646699,
            -1152.8798286959436,
            -1057.3775107742626,
            -930.6531632198463,
            -607.6373558909135,
            -1085.417840596736,
            -784.1860950880589,
            -1150.6454489126984,
            -416.47626563575716,
            -901.3996199219815,
            -274.5885557783799,
            -30.500040371124296,
            -809.6121318745601,
            -850.2315725947655,
            -253.1206088194988
        ],
        [
            0,
            0,
            0,
            0,
            0,
            -89.40643348555537,
            -101.32057238949024,
            -286.6965451955905,
            -288.0798330419846,
            -313.73810679290455,
            -203.7404491637424,
            37.868496613238946,
            270.19694534687386,
            0,
            -103.08131605248238,
            -138.19708168810092,
            -480.020478925092,
            -575.7727048551162,
            -785.5993591679561,
            -505.7900032966168,
            -764.4154403499699,
            -691.8202835762114,
            -959.9322341821131,
            -889.7332356406947,
            -609.9882871053172,
            -601.172581436874,
            -774.2185533801197,
            -705.1909714819396,
            -620.4155820075903,
            -91.3410397217458,
            -316.4016850917773,
            -534.8731090706301,
            -617.752797407166,
            -694.551560718757,
            -581.547257623814,
            -401.71968760627146,
            -571.1422633480291,
            -668.1179596335597,
            -564.9048110178338,
            -760.123969485054,
            -854.2800063240762,
            -849.7184906306394,
            -616.7198488831164,
            -523.2513108073997,
            -399.9138186426126,
            -77.88419818452698,
            -578.5209322537006,
            -284.3552790487269,
            -676.3788267404016,
            52.70358863821952,
            -467.7405945822093,
            140.0004612566428,
            349.23479244558104,
            -486.95933555838616,
            -584.0035761710836,
            -76.24831282010982
        ],
        [
            0,
            0,
            0,
            0,
            0,
            -92.19669264682128,
            -66.33293068181223,
            -248.8403747340552,
            -233.79581872360652,
            -247.74987269677038,
            -123.78516971726457,
            133.95833099142126,
            380.79836708114175,
            103.08131605248238,
            0,
            -32.29549421051026,
            -383.02582883106606,
            -477.99145885967715,
            -691.1415539129762,
            -397.1161451756008,
            -660.7698908080749,
            -581.6983157415538,
            -853.0141981341202,
            -773.0673147401884,
            -477.55160819811863,
            -462.09273731047335,
            -634.3387883471269,
            -557.5182887549156,
            -464.9174441870562,
            84.264244661327,
            -142.73916438846697,
            -363.143338456251,
            -444.43856147287977,
            -519.8116954227347,
            -400.6387998324889,
            -213.3550046156014,
            -385.01131348086443,
            -482.69540514649367,
            -375.4889603557044,
            -574.8277141089442,
            -670.9959845015576,
            -666.5290108703424,
            -428.7112942419008,
            -334.59850592602425,
            -210.7334039457357,
            115.4277998190283,
            -400.64330823892254,
            -105.14387928971445,
            -511.59465359884143,
            224.43084430313033,
            -315.0997132527008,
            291.46916027852086,
            488.3766410635725,
            -373.48182970604006,
            -487.58684163015516,
            -17.091264940085427
        ],
        [
            0,
            0,
            0,
            0,
            0,
            -101.27082738833877,
            -57.8141474295741,
            -247.34573580555346,
            -224.79095622730068,
            -234.62804878857978,
            -102.08791412710467,
            168.17592284017024,
            426.11160115960075,
            138.19708168810092,
            32.29549421051026,
            0,
            -362.09408491122684,
            -458.91135512372756,
            -677.8634330984692,
            -372.44295967149316,
            -643.445060888129,
            -560.4163522295862,
            -838.3286217580273,
            -753.2649183654214,
            -446.51379971484323,
            -428.54928549819806,
            -603.8098333105514,
            -522.9417457404497,
            -426.05084217351083,
            139.6730698618352,
            -92.18277561065312,
            -317.2009864454499,
            -399.42742706613825,
            -475.6415477074828,
            -352.41198509586434,
            -159.5491121975775,
            -334.82075734189027,
            -434.3278932986029,
            -324.0408359138228,
            -527.8738904806219,
            -626.1176284916614,
            -621.4745711210802,
            -378.3084802021648,
            -282.46369166593877,
            -156.50863373677865,
            175.70956119350296,
            -352.4790886117626,
            -52.4062220231081,
            -468.4706452620364,
            278.8005084203346,
            -272.6745796243747,
            339.2950659516416,
            532.5786513074381,
            -340.5642365082806,
            -454.4491064423118,
            -1.2995918374504023
        ],
        [
            0,
            0,
            0,
            0,
            -88.67787456269654,
            8.046859832497887,
            108.52073570464233,
            -53.12484570770369,
            7.1376267782726615,
            29.245785299708402,
            189.80201739212083,
            484.86363008376037,
            765.8846434640957,
            480.020478925092,
            383.02582883106606,
            362.09408491122684,
            0,
            -87.79994428848762,
            -301.8440175728794,
            25.05598502796425,
            -243.0221712670229,
            -146.23707385303948,
            -416.19225951398084,
            -307.6550301581668,
            27.717236857886988,
            64.90307955313936,
            -97.40214805811796,
            2.474130106886899,
            117.72207513900247,
            712.8945250796603,
            488.5741597361554,
            270.34615689141543,
            197.49640201640094,
            129.67906436866664,
            264.9741595454381,
            470.2038250630643,
            297.06469887429563,
            200.12226013781645,
            316.3493187067812,
            109.57636147660398,
            9.146271305125158,
            12.060655304442305,
            256.6251986149326,
            348.30722872514366,
            468.1863312166523,
            795.6205641465855,
            242.4957067484022,
            530.401404244403,
            85.18607777946924,
            818.4703283170114,
            226.53582928186754,
            807.047106533582,
            951.8512056102845,
            13.938360332948015,
            -174.6737057962436,
            121.61400479326015
        ],
        [
            0,
            0,
            0,
            0,
            -116.74169585487016,
            40.560228833680675,
            158.1121355373798,
            -5.796688409228348,
            65.39463274474107,
            95.39950228398473,
            267.00850974934576,
            575.8621197488063,
            869.3543492635403,
            575.7727048551162,
            477.99145885967715,
            458.91135512372756,
            87.79994428848762,
            0,
            -217.85516839064292,
            121.63878974468318,
            -151.80036073435912,
            -49.58980809907231,
            -323.47342171255156,
            -206.9532392519019,
            142.14995879037912,
            184.5530817702533,
            22.019838605713524,
            128.3030117376193,
            250.03526079339716,
            863.2900007635914,
            636.3384174395729,
            415.5348563672763,
            343.4575437920402,
            276.3038791778304,
            416.7374166535971,
            628.326434896293,
            452.53428926067505,
            354.4044569606921,
            473.8336290899851,
            262.79417907445816,
            160.09226058493684,
            162.525838222258,
            411.0719374466929,
            502.91275549565626,
            622.7997641436527,
            953.3110575704387,
            386.12667715744885,
            674.4177919722426,
            216.27517703979024,
            953.5886778054794,
            345.0397418587467,
            920.7644207026397,
            1050.5185351912032,
            93.89916994392917,
            -109.80415096946498,
            104.14200097317622
        ],
        [
            0,
            0,
            0,
            0,
            -95.58151108948837,
            125.2304485122728,
            271.9542484596972,
            117.3663418664729,
            209.43210927672092,
            256.7026920037382,
            445.8822638466854,
            772.5623832625796,
            1082.5055453433888,
            785.5993591679561,
            691.1415539129762,
            677.8634330984692,
            301.8440175728794,
            217.85516839064292,
            0,
            355.46057792815856,
            80.34445894436053,
            191.3567447626426,
            -81.27951756851013,
            49.58776209297463,
            418.37350595118795,
            471.81889814066307,
            314.68708546271546,
            432.5600901046361,
            565.635699724675,
            1201.2568160439266,
            976.0397288617057,
            756.6686073720447,
            688.925783586152,
            625.6066111100389,
            773.8301784365963,
            993.9551349481703,
            817.438570857884,
            719.5235545028253,
            842.9113085253008,
            628.0063323699544,
            522.7772577366521,
            523.7648075229811,
            774.4484169548725,
            863.9370356131238,
            980.4424201157233,
            1309.4930835183889,
            723.4870441062135,
            1005.3641871716239,
            526.9515149903871,
            1257.7154877939397,
            621.8808387910003,
            1177.3798123836784,
            1273.4750589827993,
            278.0670848404622,
            27.950666284519343,
            0
        ],
        [
            0,
            0,
            0,
            0,
            -202.83411897300823,
            0.5643088478904453,
            118.22613180318116,
            -76.51660898815729,
            -8.817111436492937,
            13.949606093318561,
            190.95245034909607,
            516.1666976330699,
            823.8155782778259,
            505.7900032966168,
            397.1161451756008,
            372.44295967149316,
            -25.05598502796425,
            -121.63878974468318,
            -355.46057792815856,
            0,
            -292.04059458423404,
            -187.3653007254273,
            -480.59810636585297,
            -363.64295216831067,
            -2.257597277776566,
            36.61253578397629,
            -139.31599666505807,
            -32.84814149435036,
            89.94507616575318,
            727.4791261809567,
            485.43801010860363,
            250.4706603031635,
            171.5590934508478,
            98.24665888426684,
            242.08519564787105,
            460.3873252244355,
            274.96745400701326,
            171.13615855681573,
            294.4462297794072,
            74.22014822130734,
            -32.49953684663773,
            -29.234724575583247,
            230.1127683972976,
            327.13431965365385,
            453.68881039085824,
            798.4651974652517,
            216.13064652585825,
            518.2839796679643,
            53.01332823796701,
            815.8930360337611,
            201.8312335580833,
            794.4913240064161,
            928.9802710984596,
            -7.49564001035055,
            -167.15688666491585,
            0
        ],
        [
            0,
            0,
            0,
            63.156929078689444,
            -148.41836249466263,
            112.98813272103128,
            263.06290308600774,
            82.24808760490912,
            174.1516180137364,
            217.5519657530696,
            414.28908238308276,
            758.4278913562827,
            1083.6848501789148,
            764.4154403499699,
            660.7698908080749,
            643.445060888129,
            243.0221712670229,
            151.80036073435912,
            -80.34445894436053,
            292.04059458423404,
            0,
            114.67809357315735,
            -175.06995690540876,
            -41.42471235151191,
            341.63791524449476,
            393.76129729905267,
            225.53477726453752,
            345.4934928626577,
            481.38699623159016,
            1142.411573321827,
            903.9345000825891,
            672.0759621182982,
            598.8682630572202,
            530.5910797282133,
            683.0230740380305,
            910.3918213441551,
            725.0093394289922,
            621.863223998567,
            749.1161612800291,
            525.1760912919624,
            415.69629642902777,
            416.861886075811,
            677.010631381266,
            770.2011272802246,
            891.4362565943462,
            1231.9400700178,
            629.2113173833287,
            921.0543004639301,
            432.7282879500344,
            1182.0887930853407,
            536.8267470009002,
            1099.2240797758257,
            1188.6091080181786,
            207.15730452159417,
            -14.991177897245132,
            0
        ],
        [
            0,
            0,
            0,
            90.54664732097423,
            -196.45798382035701,
            75.33708381847104,
            221.09878850493456,
            22.53036774435094,
            109.30537642661656,
            146.11176083122686,
            343.08899709443716,
            693.4431831260938,
            1023.950818727866,
            691.8202835762114,
            581.6983157415538,
            560.4163522295862,
            146.23707385303948,
            49.58980809907231,
            -191.3567447626426,
            187.3653007254273,
            -114.67809357315716,
            0,
            -300.6242729316079,
            -168.95573615261864,
            217.85235416544538,
            266.31977849589083,
            89.86270075459427,
            208.13392023297803,
            342.8591190250892,
            1013.8025546631956,
            766.7301571547615,
            526.84605341828,
            449.20557032868265,
            376.95201399350765,
            530.0379814115646,
            759.7405974072655,
            569.2077238485697,
            462.9262504170018,
            591.6691971723668,
            363.38070250957526,
            252.17108943484922,
            254.06355263178366,
            519.6727350814984,
            616.0093682434909,
            741.3002475541534,
            1089.3828601408472,
            482.06261226567136,
            781.9443357418147,
            293.8769330619035,
            1056.0120472349913,
            413.86971715219227,
            985.2244018998312,
            1079.221976506466,
            123.26330478071344,
            -59.42159300290913,
            0
        ],
        [
            0,
            0,
            0,
            182.1181113752245,
            -129.139501698505,
            200.8804210581113,
            378.2851405920693,
            188.12030300919858,
            298.7244068424687,
            355.2803606237431,
            573.5513692225005,
            946.4798973917132,
            1297.8561771120055,
            959.9322341821131,
            853.0141981341202,
            838.3286217580273,
            416.19225951398084,
            323.47342171255156,
            81.27951756851013,
            480.59810636585297,
            175.06995690540876,
            300.62427293160835,
            0,
            149.13520095634996,
            560.8266313174985,
            622.4250755704959,
            451.45853012657034,
            583.7739622530789,
            732.2732674730679,
            1432.0717430954548,
            1185.7775014279182,
            946.3585096069334,
            873.2068793885325,
            804.8403807273982,
            967.1885742218839,
            1207.155569079631,
            1014.5629832221856,
            907.5504849264356,
            1040.5179151982948,
            806.2532149534107,
            690.8830497069786,
            690.0092166796028,
            957.2311173655803,
            1049.3348622037788,
            1168.832446172615,
            1512.7734133729195,
            881.2351796515729,
            1169.9231604743468,
            656.0278362587499,
            1401.7835565822907,
            725.9214980576793,
            1257.6957588860819,
            1292.5041691163158,
            296.7485021829585,
            39.28770586928014,
            0
        ],
        [
            0,
            0,
            0,
            202.1755338356208,
            -194.01857709106662,
            159.38666140136672,
            335.8677635258658,
            119.71668463487728,
            226.48625551993908,
            276.16287225331945,
            498.6750583277788,
            885.617132272786,
            1249.2018512106824,
            889.7332356406947,
            773.0673147401884,
            753.2649183654214,
            307.6550301581668,
            206.9532392519019,
            -49.58776209297463,
            363.64295216831067,
            41.42471235151191,
            168.95573615261864,
            -149.13520095634996,
            0,
            422.2213245884663,
            480.3245692633113,
            297.1415866949183,
            429.27985482700683,
            578.3722635207038,
            1299.164278679268,
            1039.2199377803092,
            787.0392907449296,
            707.5879436082494,
            633.5562698276328,
            798.5097863219487,
            1043.8581062152673,
            842.7286892653574,
            730.6155525486851,
            866.5309587739881,
            624.4792504421999,
            505.7499502328304,
            505.5379691397596,
            781.168458238533,
            877.1629577613019,
            1001.5027810885085,
            1355.1419364707247,
            714.0294566979809,
            1011.535092432977,
            495.9895290685652,
            1251.9744538569644,
            579.8917141618634,
            1107.18192180689,
            1125.8806520727442,
            186.06776837871507,
            0,
            0
        ],
        [
            0,
            0,
