{
    "bin_ranges": {
        "m3pi_lower_limit": 2.46,
        "m3pi_upper_limit": 2.5,
        "t_lower_limit": 0.141,
        "t_upper_limit": 0.194
    },
    "info": "The dalitz matrix M is computed as sqrt(-Kibble) * (A[1]-A[2])",
    "bin_centers": [
        0.29900000000000004,
        0.33999999999999997,
        0.38,
        0.42000000000000004,
        0.45999999999999996,
        0.5,
        0.54,
        0.5800000000000001,
        0.62,
        0.66,
        0.69,
        0.71,
        0.73,
        0.75,
        0.77,
        0.79,
        0.81,
        0.83,
        0.85,
        0.87,
        0.89,
        0.91,
        0.94,
        0.98,
        1.02,
        1.06,
        1.1,
        1.1400000000000001,
        1.18,
        1.22,
        1.26,
        1.3,
        1.34,
        1.38,
        1.42,
        1.46,
        1.5,
        1.54,
        1.58,
        1.62,
        1.66,
        1.7,
        1.74,
        1.78,
        1.82,
        1.8599999999999999,
        1.9,
        1.94,
        1.98,
        2.02,
        2.06,
        2.1,
        2.14,
        2.18,
        2.22,
        2.26
    ],
    "real(M)": [
        [
            0,
            0,
            0,
            0,
            0,
            0,
            0,
            0,
            0,
            0,
            0,
            0,
            0,
            0,
            0,
            0,
            0,
            0,
            0,
            0,
            0,
            0,
            0,
            0,
            0,
            0,
            0,
            0,
            0,
            0,
            0,
            0,
            0,
            0,
            33.19280830925762,
            88.6282461220885,
            146.39799922681445,
            116.09349266402626,
            98.98121545982652,
            115.42562038933522,
            176.75925038231287,
            202.09397602448564,
            180.8832934913702,
            117.14845049786317,
            182.86603034918159,
            132.1313087160858,
            110.35135894997555,
            116.03290875458778,
            124.21515779172836,
            44.58952925362148,
            0,
            0,
            0,
            0,
            0,
            0
        ],
        [
            0,
            0,
            0,
            0,
            0,
            0,
            0,
            0,
            0,
            0,
            0,
            0,
            0,
            0,
            0,
            0,
            0,
            0,
            0,
            0,
            0,
            0,
            0,
            0,
            0,
            0,
            0,
            0,
            25.139814674776606,
            68.62186155288218,
            80.43166444894305,
            10.96255124230841,
            70.20232486385723,
            116.74917974830994,
            113.64643001988058,
            108.41592153743838,
            183.536309443834,
            65.59447914641663,
            5.530100843137238,
            22.92609067180094,
            127.79886556912571,
            165.9979572899445,
            123.16518939222469,
            7.443949740697145,
            134.91609620467617,
            51.48424274122756,
            26.660314511402063,
            68.97949157989768,
            156.0162051495922,
            75.933118760965,
            54.56155158267193,
            112.21797250969148,
            106.68585465755285,
            5.217638859152369,
            0,
            0
        ],
        [
            0,
            0,
            0,
            0,
            0,
            0,
            0,
            0,
            0,
            0,
            0,
            0,
            0,
            0,
            0,
            0,
            0,
            0,
            0,
            0,
            0,
            0,
            0,
            0,
            -163.27071808016942,
            -286.02484442990146,
            -411.02167219094594,
            -432.1518598300089,
            -515.9246630776217,
            -513.1056611212653,
            -568.2748695803757,
            -743.411713266179,
            -696.9779354169789,
            -671.7685815902552,
            -716.5168662994497,
            -758.6780478567143,
            -684.6746597518597,
            -872.288475523052,
            -973.7544596194682,
            -965.9526473608352,
            -837.6986497270179,
            -794.6268249148745,
            -854.3026703189292,
            -1005.407552398092,
            -828.4818119234483,
            -925.887719794804,
            -939.3518807625758,
            -854.8508705735924,
            -697.9873829395992,
            -762.2083124476857,
            -733.8069915894926,
            -564.0589221014457,
            -448.10109140581807,
            -347.3202990844467,
            -377.3222041466387,
            0
        ],
        [
            0,
            0,
            0,
            0,
            0,
            0,
            0,
            0,
            0,
            0,
            0,
            0,
            0,
            0,
            0,
            0,
            0,
            0,
            0,
            0,
            0,
            -43.61740752844213,
            -75.46899164346193,
            -60.006322684814464,
            -107.6569565585805,
            -79.50692982089677,
            -147.318589065423,
            -76.9783214805533,
            -119.0221860317647,
            -50.22166244037186,
            -69.49070089122142,
            -249.48738579626297,
            -145.59560893742994,
            -75.91361727494653,
            -99.25918398880557,
            -122.78543979187636,
            -6.39300723486091,
            -215.7993115822338,
            -321.6838127528466,
            -297.51568563774026,
            -130.99685846016007,
            -72.34883324253384,
            -142.39968249951596,
            -327.52623479323375,
            -119.77912095581239,
            -249.90043701403877,
            -284.1600955919816,
            -205.418522212498,
            -44.262746133579874,
            -164.04398521693764,
            -181.0143445419218,
            -31.442885645105555,
            35.62288923150082,
            58.31835742170674,
            -211.55102315421874,
            -185.27251989535415
        ],
        [
            0,
            0,
            0,
            0,
            0,
            0,
            0,
            0,
            0,
            0,
            0,
            0,
            0,
            0,
            0,
            0,
            31.985243013967327,
            55.33956380734155,
            -19.75439468248394,
            -164.33331024536244,
            -218.53862161214758,
            -64.62432724153632,
            -78.29952719991789,
            -23.829125157535852,
            -75.75329265571288,
            -23.83465746435254,
            -101.70974017153748,
            -2.64681245080865,
            -47.72618204619836,
            43.428184550810236,
            25.361067509727697,
            -185.69638375298513,
            -55.873523453198636,
            31.26003151552235,
            7.39234570077271,
            -16.881825347981078,
            122.36411738260686,
            -119.84824232067758,
            -240.7680287250999,
            -210.56933987433254,
            -15.784066370037895,
            52.96422674233596,
            -28.02432004075968,
            -242.82525827330588,
            -3.034056670210025,
            -155.47967873919833,
            -197.70857316308928,
            -109.50772166882525,
            74.34328797354108,
            -70.69015821988194,
            -97.33493840404016,
            72.06156124866013,
            144.29703087346542,
            163.246702432418,
            -197.24415960578676,
            -222.24982539357796
        ],
        [
            0,
            0,
            0,
            0,
            0,
            0,
            0,
            0,
            0,
            0,
            0,
            0,
            0,
            -95.92023406944965,
            16.693347784340414,
            -49.14871068342135,
            -17.93039559625547,
            -91.22555559604277,
            -266.41441819649276,
            -507.9653011076284,
            -589.2133904284693,
            -379.35351458354785,
            -418.4621733175099,
            -375.94389762915625,
            -467.7263802198929,
            -429.2187372593348,
            -546.434591362212,
            -450.72620418231173,
            -524.8876034309412,
            -438.22453734176446,
            -477.93934023532523,
            -738.4183273473382,
            -604.3823266105765,
            -518.9793409988877,
            -559.4059976358348,
            -598.7575292293342,
            -450.9507892138413,
            -734.4664646354519,
            -878.3588703278052,
            -849.579186024083,
            -633.4411214865229,
            -558.0775914814643,
            -649.7197093782704,
            -890.0862745691373,
            -615.8632550463572,
            -781.4079542055364,
            -820.2039869297698,
            -708.9874691761045,
            -486.1785975189604,
            -631.5975732828931,
            -639.1069522124477,
            -418.07798490716067,
            -300.1760874849041,
            -234.06263545784958,
            -604.983748830453,
            -578.0314102322465
        ],
        [
            0,
            0,
            0,
            0,
            0,
            0,
            0,
            0,
            0,
            0,
            45.918435268098264,
            348.21962401405324,
            -41.21790285355919,
            -84.24625390069741,
            209.5517492917595,
            124.2163860787684,
            192.56460154939217,
            111.5410242378924,
            -97.3347920120065,
            -381.1105965281511,
            -455.3848004988242,
            -171.94686681933453,
            -190.9351122777741,
            -106.88366077549975,
            -185.43754798910373,
            -113.80371378709698,
            -224.35748435523385,
            -92.09009951209877,
            -155.82982777015522,
            -38.54402251414083,
            -65.91793855255814,
            -342.410986902576,
            -176.6797255855339,
            -67.43471033772974,
            -100.31754955054016,
            -133.18663918100165,
            40.865670593597216,
            -266.01536304547534,
            -418.70537683447554,
            -381.209169535849,
            -137.84093234466943,
            -52.30977795572933,
            -153.41282149760409,
            -420.8260751129488,
            -121.08273063126033,
            -309.93727443804477,
            -361.0762851624044,
            -248.9861957835544,
            -16.26258018177247,
            -194.64461495634407,
            -224.4072340038892,
            -4.85528884920126,
            95.10459166373664,
            130.6628052683529,
            -338.16318752705524,
            -381.24359673518285
        ],
        [
            0,
            0,
            0,
            0,
            0,
            0,
            0,
            0,
            0,
            -83.87178072891304,
            47.50923268084393,
            512.8619574232913,
            -156.24663235761855,
            -220.69797128890485,
            161.0354901982501,
            35.37847880339889,
            108.35739105906156,
            -2.191298832521939,
            -262.0256211965599,
            -604.2407471572186,
            -693.9458367523362,
            -365.8711159046334,
            -395.1817018863296,
            -308.731065698524,
            -407.9262664088079,
            -336.4036491271567,
            -469.5613059066953,
            -330.19953224164243,
            -409.5202588810165,
            -287.16221666024234,
            -325.0393850092883,
            -637.2844842757498,
            -460.56992930864925,
            -346.12600377064956,
            -387.62632658516395,
            -428.4416740345959,
            -241.80258094188645,
            -581.4801199647168,
            -751.2264644561884,
            -712.1468803582742,
            -447.52021223834765,
            -354.76062441476665,
            -464.9208237721604,
            -755.5027286248143,
            -426.4498540617913,
            -629.2069222981789,
            -680.6245435332855,
            -552.8417819011509,
            -292.1102777786959,
            -477.96406060030716,
            -499.96413914856475,
            -247.59658297866156,
            -122.7730161073264,
            -64.6255732787349,
            -556.3141557024239,
            -576.8117591203172
        ],
        [
            0,
            0,
            0,
            0,
            0,
            0,
            0,
            0,
            0,
            -71.56134929204721,
            147.3674254429414,
            757.8713522065808,
            -97.95756293523306,
            -164.50130090894498,
            305.6460485425898,
            160.8434179256461,
            252.02842419578906,
            128.89723115279094,
            -163.83227048077876,
            -546.9407317948265,
            -639.4745979003822,
            -259.63015900927763,
            -282.34833572413294,
            -173.22013390697927,
            -272.3223761787674,
            -182.58194767939474,
            -319.7076831420277,
            -157.25344622592553,
            -235.8853164855594,
            -94.16970636131322,
            -128.43025966840034,
            -462.10070538301744,
            -263.2113389881356,
            -133.0748272612203,
            -173.08893079472628,
            -212.8246316623873,
            -6.563211897395996,
            -371.1342435725278,
            -551.9032307475758,
            -507.2788799535693,
            -219.65965559965076,
            -118.72163423607026,
            -237.71577045264308,
            -552.1092776241481,
            -198.76308337846487,
            -420.0728112192364,
            -479.1564301057817,
            -346.2715777088573,
            -71.53887036963307,
            -279.3879948461055,
            -312.4007658599616,
            -51.98998328784376,
            68.64996890816577,
            114.47503716018468,
            -435.8776454281402,
            -485.23850463674785
        ],
        [
            0,
            0,
            0,
            0,
            0,
            0,
            0,
            83.87178072891304,
            71.56134929204721,
            0,
            285.9237473838592,
            1019.758930520332,
            6.6423198392709155,
            -61.681444685330206,
            487.4186739688466,
            326.4202632102891,
            434.9713689631573,
            301.2008044610416,
            -21.076567206982467,
            -441.47934177997155,
            -536.2309835536579,
            -107.62408349692062,
            -123.2593251137877,
            8.460919235069309,
            -89.28969429869589,
            18.963316165762414,
            -120.7323590695975,
            64.88903319731986,
            -11.966847270294865,
            149.31687518971833,
            119.51980849790581,
            -233.75211404160325,
            -12.766999611876438,
            133.183356821887,
            95.27576775558028,
            57.16257072273353,
            282.7209526526061,
            -105.3285721908812,
            -296.37965448513074,
            -246.2910494521074,
            63.32324533147104,
            171.91886586967175,
            44.190221526610564,
            -293.320779127097,
            82.43251357295483,
            -157.32550260239404,
            -224.73572926073803,
            -88.4331242194949,
            197.61777390337318,
            -32.84093773591242,
            -78.58463870791358,
            185.88566846346265,
            298.4829473184395,
            327.83606475959283,
            -278.9686756114807,
            -359.40849180072445
        ],
        [
            0,
            0,
            0,
            0,
            0,
            0,
            -45.918435268098264,
            -47.50923268084393,
            -147.3674254429414,
            -285.9237473838592,
            0,
            790.1012463106142,
            -355.45574093879446,
            -450.14110077646797,
            129.57259932813625,
            -65.80320369852144,
            32.51573364082962,
            -130.47306079424865,
            -494.7946954993081,
            -962.2952836942974,
            -1078.789948476724,
            -635.0664133883455,
            -674.068434707517,
            -562.4147573103721,
            -693.6597499390712,
            -604.8481239994936,
            -777.5000366760833,
            -604.6193106031386,
            -708.0135643607179,
            -558.7490209199091,
            -609.8083151333049,
            -1000.0511080107835,
            -784.0863021177412,
            -645.8807101870603,
            -699.5681451635393,
            -751.8409695774945,
            -525.5944434997484,
            -941.7312739870039,
            -1149.0283882245233,
            -1101.391602343689,
            -779.7570644844538,
            -666.7707579292661,
            -798.9803099885329,
            -1148.1135296433865,
            -747.9415305359427,
            -988.7953156319325,
            -1045.9577408723708,
            -886.5564409097119,
            -566.8591430987298,
            -781.7886969946019,
            -798.3831200226681,
            -485.46467174948424,
            -323.44889423120406,
            -238.52205057154148,
            -798.3256167642788,
            -789.6655449015374
        ],
        [
            0,
            0,
            0,
            0,
            0,
            0,
            -348.21962401405324,
            -512.8619574232913,
            -757.8713522065808,
            -1019.758930520332,
            -790.1012463106142,
            0,
            -1262.913922023058,
            -1407.222362076062,
            -839.8687541681704,
            -1087.9687143652181,
            -1026.1271348242904,
            -1236.9597685625272,
            -1656.65581343834,
            -2182.134222314436,
            -2339.650327207419,
            -1912.526674684486,
            -2004.9444909772144,
            -1955.264418313467,
            -2154.892694654454,
            -2123.1338061381753,
            -2359.414689091994,
            -2234.8428858833563,
            -2393.3012612904163,
            -2287.417715874485,
            -2385.5744258979375,
            -2830.775730452813,
            -2646.548484239249,
            -2539.324528987344,
            -2626.585691727719,
            -2708.6230975284607,
            -2499.6014945794846,
            -2948.6128440634457,
            -3177.8666078913516,
            -3139.8199086091768,
            -2814.771069774258,
            -2699.4451610634455,
            -2830.886452035036,
            -3179.3441979453255,
            -2750.373195123926,
            -2973.5187523119134,
            -2999.784980313283,
            -2794.727272904549,
            -2415.341019779613,
            -2573.686733184472,
            -2515.2913981252386,
            -2103.752837112502,
            -1828.3696626219148,
            -1608.036949754169,
            -2011.286254989335,
            -1781.0382936940134
        ],
        [
            0,
            0,
            0,
            0,
            0,
            0,
            41.21790285355919,
            156.24663235761855,
            97.95756293523306,
            -6.6423198392709155,
            355.45574093879446,
            1262.913922023058,
            0,
            -83.44332850402174,
            577.1601335974949,
            380.0284418708475,
            505.57647564055117,
            344.6491905372479,
            -35.06567640406256,
            -525.5541947695183,
            -633.8751585724422,
            -135.91794356517053,
            -153.81332940190444,
            -2.721362789175198,
            -114.86509359538698,
            8.033800756719991,
            -150.86504059729307,
            58.81618881795497,
            -28.47840056455572,
            152.60043462254447,
            118.41732276904504,
            -278.29907894675233,
            -30.83762959054389,
            132.04305573927834,
            89.241449611244,
            46.35842277364494,
            297.34427391729776,
            -134.99514602108724,
            -347.39698236934487,
            -291.5379526770003,
            52.1811838789183,
            172.4688688699077,
            30.896095271022723,
            -342.3768295477054,
            73.30532736846924,
            -191.17871203311253,
            -264.96348885356207,
            -114.21503953466396,
            200.7293742835511,
            -51.86951198835141,
            -101.14331127859255,
            188.37036636013167,
            310.75086411384586,
            341.5475856216358,
            -308.3439858867751,
            -383.6599875000719
        ],
        [
            0,
            0,
            0,
            0,
            0,
            95.92023406944965,
            84.24625390069741,
            220.69797128890485,
            164.50130090894498,
            61.681444685330206,
            450.14110077646797,
            1407.222362076062,
            83.44332850402174,
            0,
            694.0084799188072,
            491.1257521285994,
            624.9313410789184,
            460.35348382652,
            68.71379599432112,
            -437.2676596264979,
            -545.9834571789064,
            -26.08434207637969,
            -39.89569383822109,
            122.4723732259542,
            12.159287445030127,
            144.5222403932989,
            -14.409733174479044,
            206.77715914727295,
            121.2954067315759,
            312.173051620943,
            280.8936117855461,
            -123.89293460518823,
            134.31419468047497,
            305.01235143052,
            263.73410829322364,
            222.06575375950231,
            482.13888935009027,
            39.50740989876763,
            -177.3189731023087,
            -118.92953239696419,
            234.53574824595293,
            357.9864046074691,
            212.15727513032257,
            -171.794993106445,
            252.90927569107959,
            -20.516237865532645,
            -99.04768513910027,
            51.62992223468559,
            369.27234130216004,
            105.06134655583432,
            47.823787785636625,
            334.9738891142427,
            449.15053965530996,
            467.1876148354655,
            -206.97739187942318,
            -299.6063739065641
        ],
        [
            0,
            0,
            0,
            0,
            0,
            -16.693347784340414,
            -209.5517492917595,
            -161.0354901982501,
            -305.6460485425898,
            -487.4186739688466,
            -129.57259932813625,
            839.8687541681704,
            -577.1601335974949,
            -694.0084799188072,
            0,
            -240.0164693480641,
            -128.9069050820289,
            -327.0167165923885,
            -759.5517538729885,
            -1309.24620026413,
            -1446.2831019081038,
            -932.2288426627101,
            -981.8202153987044,
            -859.3583178843046,
            -1016.5022342598793,
            -921.2078419512629,
            -1124.2468014211968,
            -933.5701758432349,
            -1056.7557047962948,
            -893.3898402244046,
            -956.5240071947399,
            -1401.430813315901,
            -1162.3034179443125,
            -1010.8684095549374,
            -1074.77205311284,
            -1136.425656580056,
            -885.5391487859739,
            -1353.0644731735863,
            -1585.5845427727643,
            -1532.4265758558597,
            -1173.256869181348,
            -1046.3661673202998,
            -1191.500394124696,
            -1576.1423367341124,
            -1127.740272321912,
            -1389.1272798860812,
            -1445.1996059286541,
            -1260.5051589574996,
            -898.2927347652515,
            -1122.5089651959593,
            -1125.673594091666,
            -766.6714046880871,
            -570.6731757517468,
            -455.0048171312104,
            -1012.532234859064,
            -936.8482543070584
        ],
        [
            0,
            0,
            0,
            0,
            0,
            49.14871068342135,
            -124.2163860787684,
            -35.37847880339889,
            -160.8434179256461,
            -326.4202632102891,
            65.80320369852144,
            1087.9687143652181,
            -380.0284418708475,
            -491.1257521285994,
            240.0164693480641,
            0,
            124.21955713540913,
            -72.23797226266048,
            -511.1628803476106,
            -1070.8185311328486,
            -1203.5494576346787,
            -663.9383538882734,
            -702.9438229798345,
            -561.1336899332277,
            -708.3828290299309,
            -596.2489295087934,
            -791.9568716349729,
            -583.2334002960863,
            -698.0784041442025,
            -519.0785305409144,
            -573.6116386810733,
            -1020.880082933615,
            -766.4420286920101,
            -602.9564367196893,
            -661.3157899889231,
            -718.1985607861889,
            -455.5022730568957,
            -930.30074121269,
            -1165.0161738313718,
            -1107.9982753126326,
            -738.7455644481107,
            -608.7365788499943,
            -758.5143408809832,
            -1154.6121073309012,
            -699.9730655010401,
            -972.91034624096,
            -1037.6037472299993,
            -858.3624056225185,
            -500.4665295440778,
            -743.4779336939571,
            -763.8133226146251,
            -419.3360308445792,
            -245.75432701625468,
            -159.91352195264966,
            -758.4276552053,
            -724.2247169241193
        ],
        [
            0,
            0,
            0,
            0,
            -31.985243013967327,
            17.93039559625547,
            -192.56460154939217,
            -108.35739105906156,
            -252.02842419578906,
            -434.9713689631573,
            -32.51573364082962,
            1026.1271348242904,
            -505.57647564055117,
            -624.9313410789184,
            128.9069050820289,
            -124.21955713540913,
            0,
            -207.3330687220571,
            -664.7086351122786,
            -1246.0418177678102,
            -1386.235943575501,
            -833.0256555089259,
            -878.3050911255173,
            -738.8654041553117,
            -896.78109727233,
            -787.5531392909431,
            -994.5395974998002,
            -785.6276139175492,
            -908.8310881901186,
            -730.0427885183107,
            -790.6635873009401,
            -1253.7110987193093,
            -996.6329116480073,
            -832.5666975543662,
            -895.5302000102491,
            -956.5260611753113,
            -689.7478099652852,
            -1177.7372488727117,
            -1419.2042018419904,
            -1361.4684672859992,
            -983.7859396951067,
            -850.373485944151,
            -1002.3899526316393,
            -1405.256487844741,
            -938.0231829292588,
            -1213.110675130193,
            -1274.4147514658073,
            -1085.7593510481051,
            -714.058626725816,
            -953.1376877063834,
            -963.4895891359871,
            -601.3725190885787,
            -411.0017642816658,
            -306.7147005973365,
            -882.7572662479334,
            -806.0584515362447
        ],
        [
            0,
            0,
            0,
            0,
            -55.33956380734155,
            91.22555559604277,
            -111.5410242378924,
            2.191298832521939,
            -128.89723115279094,
            -301.2008044610416,
            130.47306079424865,
            1236.9597685625272,
            -344.6491905372479,
            -460.35348382652,
            327.0167165923885,
            72.23797226266048,
            207.3330687220571,
            0,
            -465.0307604489307,
            -1057.4199582439405,
            -1194.9932601437858,
            -618.7565098802834,
            -655.9991529413716,
            -500.6899381310075,
            -651.6756338223728,
            -528.7140176750103,
            -730.9833498535249,
            -506.9260316667166,
            -624.1982751824781,
            -432.34424834449794,
            -486.54128201820834,
            -953.5723754780184,
            -683.3736144744498,
            -509.1960180638353,
            -568.159206778323,
            -625.7572447351447,
            -348.71283044907057,
            -844.5158863642392,
            -1088.7707815934941,
            -1027.8904761842607,
            -641.0115659461222,
            -504.85964225174496,
            -661.2831086986135,
            -1074.723616548104,
            -601.310565480497,
            -886.5864962860911,
            -955.0990156132768,
            -770.5416855843622,
            -401.81353926202826,
            -656.5839081119266,
            -680.8916718572183,
            -330.57238079062296,
            -158.85777793871415,
            -79.61565920675436,
            -685.7103764261409,
            -638.9804267870544
        ],
        [
            0,
            0,
            0,
            0,
            19.75439468248394,
            266.41441819649276,
            97.3347920120065,
            262.0256211965599,
            163.83227048077876,
            21.076567206982467,
            494.7946954993081,
            1656.65581343834,
            35.06567640406256,
            -68.71379599432112,
            759.5517538729885,
            511.1628803476106,
            664.7086351122786,
            465.0307604489307,
            0,
            -595.883925494369,
            -723.7243358344831,
            -117.92001245870665,
            -137.03360493381047,
            46.99286825163623,
            -84.61155410365207,
            63.82306103161062,
            -122.39867973714072,
            127.33337268293567,
            26.0886953886559,
            240.33106280537464,
            201.3559082752344,
            -261.32883410716875,
            29.259604299992997,
            220.13058159038238,
            171.0965548126665,
            122.01568756783094,
            413.4139968892292,
            -86.60639281207979,
            -331.14014863234104,
            -265.7993720014514,
            130.29464800357155,
            268.16532135585123,
            105.22874709832288,
            -322.0788431985988,
            152.07914035794192,
            -149.91144130754603,
            -234.15406588112455,
            -64.51426304334056,
            287.8377576521085,
            1.9146483985774374,
            -55.26515294562823,
            259.8066530577615,
            384.54239654849283,
            403.65667954642953,
            -275.05691451729126,
            -320.27992820810863
        ],
        [
            0,
            0,
            0,
            0,
            164.33331024536244,
            507.9653011076284,
            381.1105965281511,
            604.2407471572186,
            546.9407317948265,
            441.47934177997155,
            962.2952836942974,
            2182.134222314436,
            525.5541947695183,
            437.2676596264979,
            1309.24620026413,
            1070.8185311328486,
            1246.0418177678102,
            1057.4199582439405,
            595.883925494369,
            0,
            -114.96149646356476,
            523.0838181751238,
            526.5345101363808,
            744.8743568558941,
            638.1705250414971,
            817.2059075323306,
            652.0668012748444,
            932.0291735766326,
            851.2585908875019,
            1091.8943557202497,
            1071.9626221244034,
            617.3306829112156,
            931.3181407545954,
            1141.5844524233455,
            1104.9257762045954,
            1066.4142969067907,
            1373.621557115318,
            870.8128439451965,
            626.8274713381363,
            696.7766442073818,
            1101.4825363631005,
            1240.018849650872,
            1069.064974730715,
            625.8839909925208,
            1097.3624797189373,
            774.9601006580377,
            670.1768389301506,
            818.7664124924097,
            1147.1181350874035,
            821.631530788598,
            721.1485697142922,
            987.6765031370857,
            1049.3038826489505,
            987.9141670512295,
            212.11535727333452,
            34.39813586818141
        ],
        [
            0,
            0,
            0,
            0,
            218.5386216121328,
            589.2133904284693,
            455.384800498815,
            693.9458367523362,
            639.4745979003785,
            536.2309835536603,
            1078.7899484767281,
            2339.6503272074274,
            633.8751585724422,
            545.9834571789064,
            1446.2831019081038,
            1203.5494576346787,
            1386.235943575501,
            1194.9932601437858,
            723.7243358344831,
            114.96149646356476,
            0,
            657.2775551419647,
            664.8096793938433,
            893.6399868691617,
            789.2260626035436,
            977.1567579265775,
            812.6122578308295,
            1103.1750081902169,
            1024.510405887415,
            1274.1435396573331,
            1257.1399803549014,
            795.8539391794687,
            1119.4216528077266,
            1336.6184061385825,
            1301.359060324742,
            1263.8823574309854,
            1578.7018153448141,
            1066.939781797006,
            818.9139093163179,
            890.5234500146734,
            1302.623252520798,
            1442.8299875791304,
            1267.2991629685446,
            814.316963318666,
            1291.172127793569,
            959.91766456799,
            849.2133690606639,
            994.7322229523548,
            1320.8984030225215,
            983.076322383554,
            871.8000506387325,
            1128.3136111065824,
            1173.8679088138265,
            1090.1239167187164,
            294.75916555877404,
            89.53646467718649
        ],
        [
            0,
            0,
            0,
            43.61740752844213,
            64.62432724153632,
            379.35351458354785,
            171.94686681933453,
            365.8711159046334,
            259.63015900927763,
            107.62408349692062,
            635.0664133883455,
            1912.526674684486,
            135.91794356517053,
            26.08434207637969,
            932.2288426627101,
            663.9383538882734,
            833.0256555089259,
            618.7565098802834,
            117.92001245870665,
            -523.0838181751238,
            -657.2775551419647,
            0,
            -15.981469807925729,
            187.80525958462871,
            51.86621464937229,
            216.3040553613449,
            21.71937317165978,
            293.66080821606863,
            189.71876540240606,
            422.5377253896559,
            384.5595950714655,
            -105.21554019815967,
            207.6729865112897,
            413.62198551302913,
            363.8416963588479,
            313.7334702149842,
            624.6959930701469,
            95.46792322348992,
            -162.5571331899341,
            -92.55858453352664,
            326.5183252134369,
            471.4240711231132,
            298.1101757318077,
            -153.79350306652356,
            342.8796355937262,
            22.505108637858516,
            -69.34464693373808,
            103.49131171391852,
            464.29739437031543,
            159.48830496825713,
            91.78499156147268,
            403.36287744105965,
            512.7373330008048,
            506.8443061333065,
            -172.37223753187502,
            -201.71239681503155
        ],
        [
            0,
            0,
            0,
            75.46899164346712,
            78.29952719991789,
            418.4621733175099,
            190.9351122777741,
            395.18170188633195,
            282.34833572413294,
            123.25932511378724,
            674.068434707517,
            2004.9444909772023,
            153.81332940190444,
            39.89569383822109,
            981.8202153987044,
            702.9438229798345,
            878.3050911255173,
            655.9991529413716,
            137.03360493381047,
            -526.5345101363808,
            -664.8096793938433,
            15.981469807925729,
            0,
            211.29766104928433,
            71.45802662743004,
            241.78264244087393,
            41.54493795113331,
            322.4969318800241,
            215.7772111932572,
            456.0362526964308,
            417.21743322733374,
            -86.63694220581104,
            235.7254299763391,
            447.8025449539472,
            396.75968325902585,
            345.3724158512416,
            664.8534817390741,
            121.36801984118274,
            -143.35263891289264,
            -71.42164904234895,
            358.18926154488923,
            506.33060054886647,
            328.4171375011393,
            -134.2721639881789,
            373.0679500944226,
            45.25804972747364,
            -48.9230405389308,
            126.43107021470603,
            491.8433969215396,
            180.90595594807667,
            110.84451166839072,
            421.7227955772487,
            525.515084087852,
            509.8653897984533,
            -153.0067902218619,
            -149.74596242405678
        ],
        [
            0,
            0,
            0,
            60.006322684814464,
            23.829125157535852,
            375.94389762915625,
            106.88366077549975,
            308.731065698524,
            173.22013390697927,
            -8.460919235069309,
            562.4147573103721,
            1955.264418313467,
            2.721362789175198,
            -122.4723732259542,
            859.3583178843046,
            561.1336899332277,
            738.8654041553117,
            500.6899381310075,
            -46.99286825163623,
            -744.8743568558941,
            -893.6399868691617,
            -187.80525958462871,
            -211.29766104928433,
            0,
            -154.06502025142836,
            15.028873524909555,
            -200.80570114363843,
            83.80794978885818,
            -33.896703108589996,
            208.94454300483605,
            162.60869941361398,
            -365.13338569217296,
            -36.029677066469496,
            179.0742411552836,
            122.25298451700574,
            65.71776656219036,
            393.1255698988858,
            -170.47482531627367,
            -444.9215662238588,
            -371.02858151716765,
            72.11769045623537,
            225.5736792869717,
            44.32513838275737,
            -428.0064465070266,
            96.9911515263948,
            -233.57486254870216,
            -322.7496033887431,
            -135.0974938857869,
            246.44710547800946,
            -57.37495598713566,
