{
    "bin_ranges": {
        "m3pi_lower_limit": 1.94,
        "m3pi_upper_limit": 1.98,
        "t_lower_limit": 0.141,
        "t_upper_limit": 0.194
    },
    "info": "The dalitz matrix M is computed as sqrt(-Kibble) * (A[1]-A[2])",
    "bin_centers": [
        0.29900000000000004,
        0.33999999999999997,
        0.38,
        0.42000000000000004,
        0.45999999999999996,
        0.5,
        0.54,
        0.5800000000000001,
        0.62,
        0.66,
        0.69,
        0.71,
        0.73,
        0.75,
        0.77,
        0.79,
        0.81,
        0.83,
        0.85,
        0.87,
        0.89,
        0.91,
        0.94,
        0.98,
        1.02,
        1.06,
        1.1,
        1.1400000000000001,
        1.18,
        1.22,
        1.26,
        1.3,
        1.34,
        1.38,
        1.42,
        1.46,
        1.5,
        1.54,
        1.58,
        1.62,
        1.66,
        1.7,
        1.74,
        1.78,
        1.82
    ],
    "real(M)": [
        [
            0,
            0,
            0,
            0,
            0,
            0,
            0,
            0,
            0,
            0,
            0,
            0,
            0,
            0,
            0,
            0,
            0,
            0,
            0,
            0,
            0,
            0,
            0,
            0,
            0,
            0,
            0,
            -22.16731467357713,
            -51.02009089347142,
            -50.461040506379796,
            -78.27467480685422,
            -89.82921022323161,
            -106.75285584988471,
            -118.78273066177154,
            -106.93316577552255,
            -167.70608312372946,
            -128.5649311178263,
            -107.35263294941213,
            -74.7220276717175,
            0,
            0,
            0,
            0,
            0,
            0
        ],
        [
            0,
            0,
            0,
            0,
            0,
            0,
            0,
            0,
            0,
            0,
            0,
            0,
            0,
            0,
            0,
            0,
            0,
            0,
            0,
            0,
            0,
            0,
            53.68525818189916,
            105.0268587868938,
            109.25100179703742,
            134.05126404723228,
            130.0076407428168,
            172.41359255742384,
            145.81125968979504,
            181.18698456521992,
            145.7785450955788,
            139.4639771329052,
            117.60072479071056,
            98.93863109199964,
            116.89394621115878,
            -10.193354751091544,
            37.37579519958229,
            32.596547168906696,
            -1.1706205303891792,
            -0.9526761177885726,
            43.11073582223754,
            12.817116867094045,
            0,
            0,
            0
        ],
        [
            0,
            0,
            0,
            0,
            0,
            0,
            0,
            0,
            0,
            0,
            0,
            0,
            0,
            0,
            0,
            0,
            56.56267687142144,
            102.84235287890952,
            111.34723324501051,
            173.99003868264492,
            203.49385046386405,
            215.79430589995746,
            224.59659500491261,
            284.4142057025819,
            271.8486385108874,
            302.94160112432496,
            292.86601978598753,
            351.6754063142417,
            313.407862092022,
            361.58010520418236,
            313.7718905696784,
            305.66737181188694,
            276.8706418521954,
            252.1071415837367,
            275.24729596901426,
            105.30816260454108,
            165.95654187209078,
            155.83630904781467,
            103.66485787365147,
            95.66161743420514,
            156.66437874023342,
            101.70572395081759,
            97.62759517212154,
            0,
            0
        ],
        [
            0,
            0,
            0,
            0,
            0,
            0,
            0,
            0,
            0,
            0,
            0,
            1.34104813352924,
            40.06507907516995,
            27.71198688227464,
            59.27639646470699,
            98.86893176873203,
            80.22017058998274,
            114.1875202370665,
            89.46205367884674,
            166.26342174806533,
            187.48343609424455,
            185.50011700454846,
            174.2212453349562,
            230.5453485923726,
            193.77771165013868,
            217.6521965431951,
            191.55879011487642,
            253.76323611546673,
            197.15581242179871,
            248.80465940410625,
            184.7601444104492,
            170.98093105373596,
            133.86616131809225,
            103.39733916981059,
            132.54430295802382,
            -69.77560999192832,
            8.585890422570964,
            3.6857125933094053,
            -50.1914695850562,
            -46.840097309897956,
            49.81210902480782,
            6.9040727904014645,
            56.169306264212345,
            -61.6450243037423,
            0
        ],
        [
            0,
            0,
            0,
            0,
            0,
            0,
            0,
            0,
            0,
            6.821548932081876,
            -2.9826869000616583,
            74.5393078359109,
            78.61266832293026,
            35.96333350953674,
            79.07983020902842,
            129.75006272109707,
            95.8961740874677,
            137.10066654117256,
            99.65455564500037,
            195.62985335132223,
            218.31353707763992,
            211.89344140040936,
            193.18771497491235,
            256.8019231258702,
            208.123188706256,
            233.25823805392176,
            199.62717316145046,
            270.4356823944948,
            202.25507705040326,
            260.8875730888289,
            185.32207060836674,
            168.5916396151329,
            125.24353712076416,
            89.93569850145997,
            123.70117597978734,
            -109.32932289408078,
            -18.285674937232173,
            -23.07501368303622,
            -84.52300719653546,
            -79.45039584713159,
            36.216458913456755,
            -11.753924542709406,
            54.575893509296876,
            -110.27184498268237,
            0
        ],
        [
            0,
            0,
            0,
            0,
            0,
            0,
            0,
            0,
            -5.307531667368241,
            -12.126833389034253,
            -36.92453877391611,
            71.68988351398383,
            68.7678478943185,
            6.211960677554857,
            57.54694721085549,
            116.58943628255035,
            69.98645120663708,
            116.45582708597641,
            67.51970930959251,
            179.06185058430765,
            202.3010196801841,
            191.27240102631933,
            164.8501016763048,
            233.42702022405825,
            172.57314531341535,
            197.45799819126546,
            155.6924746429149,
            233.2368350109921,
            153.48284929056513,
            217.72457762170137,
            130.96155446642766,
            111.11249844783158,
            61.86673910634774,
            22.210331461511466,
            60.566514241929575,
            -199.69997741368,
            -96.00976751697075,
            -99.14218150169665,
            -165.224667737728,
            -155.830195401111,
            -20.283103648306348,
            -68.09841129738443,
            17.49705746484685,
            -169.15405061360764,
            0
        ],
        [
            0,
            0,
            0,
            0,
            0,
            0,
            0,
            -25.481706455558903,
            -20.636199219802595,
            -31.208959991447067,
            -63.753165128027526,
            71.1934946556322,
            64.85177515519375,
            -12.549092740554034,
            47.299021479063434,
            115.10521503980097,
            58.75679427669648,
            111.17065752925272,
            53.19761139729998,
            179.85452590280656,
            204.723844852381,
            190.57595834840816,
            158.57523447193287,
            233.46352300271622,
            162.96267464666326,
            188.9990783150769,
            140.9066672149934,
            225.76453663316667,
            136.1449804792689,
            206.33723193944905,
            109.72586504177416,
            87.3770239915198,
            32.883778322777296,
            -10.75176903021314,
            31.685553858287648,
            -253.92760617072602,
            -139.17894124947617,
            -141.5786467556615,
            -212.81889678823495,
            -200.8231170304334,
            -49.67872230733903,
            -99.52287673910689,
            -1.2615302498974716,
            -205.13061142632563,
            0
        ],
        [
            0,
            0,
            0,
            0,
            0,
            0,
            25.481706455558903,
            0,
            21.734798404701284,
            18.863796204135124,
            -13.039618245377262,
            149.2350702120853,
            144.46944413882377,
            58.18592182960783,
            129.6980459645836,
            209.344577051832,
            147.94182333328013,
            209.395157527367,
            146.62056403662766,
            290.51645834984026,
            320.1260361186622,
            306.1963623969466,
            273.4214114922669,
            359.61017388266794,
            285.0362132942009,
            316.57084761587515,
            266.4681602227997,
            361.5639598203366,
            265.54447266623424,
            343.5736624667365,
            239.40809481202768,
            215.7388804218523,
            156.67774984849635,
            108.92031167192386,
            153.87584858275957,
            -157.19637296588184,
            -35.42977362879235,
            -41.455563825985635,
            -122.91346436309819,
            -115.75426741225345,
            39.59446525755141,
            -23.85961196827725,
            68.40794222838014,
            -166.99594584336398,
            0
        ],
        [
            0,
            0,
            0,
            0,
            0,
            5.307531667368241,
            20.636199219802595,
            -21.734798404701284,
            0,
            -7.68501004277854,
            -46.81286870888191,
            135.18998459882144,
            127.32765607587935,
            28.565943178178472,
            106.53280889940484,
            193.03595507175558,
            123.07611646318189,
            189.15042071237104,
            118.29549990959791,
            274.7602573032086,
            305.451996880419,
            288.50983364024023,
            250.4099823480665,
            341.4955628262662,
            257.89040576936833,
            289.89088747302253,
            233.7179133914097,
            334.80073136079216,
            229.70073989434917,
            312.6166714639862,
            199.54828605916785,
            173.51348840043846,
            109.81224340172842,
            58.66296429708952,
            107.258152391425,
            -224.83477674010345,
            -93.17256393824951,
            -97.7479084760085,
            -182.07264709310041,
            -171.14694465043178,
            -2.396930943297957,
            -64.46986357209167,
            38.58396291086827,
            -190.8148957069338,
            0
        ],
        [
            0,
            0,
            0,
            0,
            -6.821548932081876,
            12.126833389034253,
            31.208959991447067,
            -18.863796204135124,
            7.68501004277854,
            0,
            -42.7609177502771,
            159.2212289521609,
            150.36613316691992,
            41.8244776435703,
            127.46697248576244,
            221.9926475233625,
            145.63187307082413,
            217.54421419985044,
            140.58580287156636,
            310.24384642825555,
            343.31430864659524,
            324.84950563986547,
            283.5986780666306,
            381.58308106483327,
            291.54619318542694,
            325.84106611176037,
            265.5853528056984,
            373.69811340677245,
            261.22211641465367,
            349.6173627632722,
            228.84653792078677,
            200.95183537324164,
            132.9836085480661,
            78.42110900533287,
            129.7128745518356,
            -222.5168953362996,
            -83.27413168649149,
            -88.4256443020389,
            -177.592159002431,
            -166.32024784370643,
            9.557625856232852,
            -56.04417496638095,
            47.78288826079263,
            -174.98227947800245,
            0
        ],
        [
            0,
            0,
            0,
            0,
            2.9826869000616583,
            36.92453877391611,
            63.753165128027526,
            13.039618245377262,
            46.81286870888191,
            42.7609177502771,
            0,
            217.6322785363734,
            209.6741512350715,
            95.76654227877917,
            188.3087475712204,
            289.9470099348071,
            210.4359917378569,
            287.827711776665,
            207.8246484130666,
            388.10407844993114,
            424.0672067990736,
            405.6729984685009,
            363.8210309893628,
            468.7394123930512,
            375.95198750969115,
            413.5068086583202,
            351.76713597418916,
            466.0666553292275,
            349.32393078101194,
            442.30474742307723,
            316.54406351515985,
            287.5026238424198,
            216.39908236386302,
            158.97572298440772,
            211.25806497623878,
            -156.02048527546793,
            -13.331650414762265,
            -21.146768982036033,
            -116.35783351996942,
            -108.49936542647028,
            66.69696529809386,
            -7.1729478854877575,
            86.9526740180075,
            -134.31444940315296,
            0
        ],
        [
            0,
            0,
            0,
            -1.34104813352924,
            -74.5393078359109,
            -71.68988351398383,
            -71.1934946556322,
            -149.2350702120853,
            -135.18998459882144,
            -159.2212289521609,
            -217.6322785363734,
            0,
            -17.027469453657176,
            -143.69644495363397,
            -55.76601863673551,
            41.696531564273435,
            -48.2800299207755,
            24.460693715812408,
            -65.38407624142255,
            114.10117258821074,
            144.58521138458548,
            119.17530736696298,
            66.86561222202015,
            163.7934373000585,
            57.95576018417218,
            87.5212925214609,
            16.011824205733852,
            126.7820550464276,
            1.235982449794777,
            92.57468394046934,
            -39.30410741310766,
            -70.25361653301101,
            -142.59892639774074,
            -198.96834443266897,
            -140.87548475507072,
            -509.64208523144714,
            -353.9680796457707,
            -349.06964815567267,
            -429.38028485407216,
            -399.90634466621316,
            -195.21961931956193,
            -234.2663465427954,
            -92.15449371590272,
            -212.7744037416119,
            0
        ],
        [
            0,
            0,
            0,
            -40.06507907516995,
            -78.61266832293026,
            -68.7678478943185,
            -64.85177515519375,
            -144.46944413882377,
            -127.32765607587935,
            -150.36613316691992,
            -209.6741512350715,
            17.027469453657176,
            0,
            -130.53784903199036,
            -38.86594089463704,
            62.493523094785516,
            -29.94562354355694,
            45.71220769066858,
            -46.503966470088265,
            139.1347321557652,
            170.97660927179,
            145.1824949466699,
            91.88709361553822,
            192.37937668342573,
            84.15080563082927,
            115.14389389552547,
            42.20229830239315,
            156.37875646670815,
            27.876706613640533,
            121.81515396602154,
            -13.219684511306806,
            -44.8377519624717,
            -118.90593567769528,
            -176.65808941279911,
            -117.49247262515789,
            -494.30132936749465,
            -335.6888039101624,
            -331.0982995816446,
            -413.1352636245501,
            -383.5295841622674,
            -177.42535325536605,
            -217.27062654547373,
            -77.19176281462875,
            -164.98233098589202,
            0
        ],
        [
            0,
            0,
            0,
            -27.71198688227464,
            -35.96333350953674,
            -6.211960677554857,
            12.549092740554034,
            -58.18592182960783,
            -28.565943178178472,
            -41.8244776435703,
            -95.76654227877917,
            143.69644495363397,
            130.53784903199036,
            0,
            98.9246674812551,
            207.57507465507646,
            116.14981705235357,
            197.92487166164412,
            106.58629590818471,
            301.25815514026567,
            337.370401427796,
            314.0442929704476,
            263.83988109761526,
            372.7731354590513,
            266.73184530908435,
            303.10499697906897,
            232.24610844559325,
            352.61276910898124,
            223.56254843725782,
            321.65592050426056,
            184.55194644094215,
            152.49977394576982,
            76.16972011892656,
            15.575689236176316,
            73.19375686811608,
            -314.7993638436129,
            -158.4599926723167,
            -160.69627657710538,
            -252.62490101358193,
            -233.56287668689055,
            -40.392347993588345,
            -98.98469819103325,
            12.065195085605394,
            -70.78748508227228,
            0
        ],
        [
            0,
            0,
            0,
            -59.27639646470699,
            -79.07983020902842,
            -57.54694721085549,
            -47.299021479063434,
            -129.6980459645836,
            -106.5328088994052,
            -127.46697248576244,
            -188.3087475712204,
            55.76601863673551,
            38.86594089463712,
            -98.9246674812551,
            0,
            108.91271768953469,
            11.887022313980552,
            93.22474763888705,
            -3.4136256680446957,
            194.0787112050361,
            228.6109163088906,
            202.17544413841486,
            147.12797896892187,
            254.57265053862838,
            141.9176927053686,
            175.7351059403158,
            100.15561540811541,
            220.83943523240748,
            86.76739612681166,
            185.58786101145833,
            44.57517150425619,
            11.625763339386916,
            -65.75903167136369,
            -126.21027381144687,
            -65.3100126487968,
            -456.7566264980727,
            -293.1483782519126,
            -289.3923918790993,
            -374.5192089778428,
            -344.92914469987176,
            -138.19833585274284,
            -179.2403264489104,
            -46.58119524036071,
            0,
            0
        ],
        [
            0,
            0,
            0,
            -98.86893176873203,
            -129.75006272109707,
            -116.58943628255035,
            -115.10521503980097,
            -209.344577051832,
            -193.03595507175558,
            -221.9926475233625,
            -289.9470099348071,
            -41.696531564273435,
            -62.493523094785516,
            -207.57507465507646,
            -108.91271768953469,
            0,
            -102.6964098309466,
            -22.020366090858396,
            -124.02169222250491,
            75.98105586127508,
            108.77043540687819,
            79.12097242400378,
            19.099193610743264,
            124.75587909893765,
            5.406182982077012,
            36.50140096370614,
            -43.82919346080085,
            77.01415807570281,
            -61.95707943528109,
            37.55280889125058,
            -107.10868740975395,
            -140.72628206432958,
            -218.80076464269615,
            -278.6592390612048,
            -214.07067430687627,
            -607.7629254893842,
            -436.3221703534778,
            -425.55380356835826,
            -502.3554855385292,
            -460.53284395101264,
            -238.6236613177258,
            -258.3119362298299,
            -98.45316625409451,
            0,
            0
        ],
        [
            0,
            0,
            -56.56267687142144,
            -80.22017058998274,
            -95.8961740874677,
            -69.98645120663708,
            -58.75679427669648,
            -147.94182333328013,
            -123.07611646318189,
            -145.63187307082413,
            -210.4359917378569,
            48.2800299207755,
            29.945623543556994,
            -116.14981705235357,
            -11.887022313980552,
            102.6964098309466,
            0,
            85.34282392377139,
            -16.722402539489448,
            190.65270558972242,
            226.51542926435746,
            198.3315285537634,
            140.0089372213121,
            251.9370640006143,
            133.32378728640373,
            168.14951492933616,
            88.71405139831181,
            214.2281756988179,
            74.07748384426947,
            176.6724444769729,
            29.80435078856499,
            -4.443975550299354,
            -84.54185371822753,
            -146.7317140311195,
            -83.30931569748256,
            -485.41493815267097,
            -315.4656004359805,
            -309.4826279540735,
            -392.83737616991823,
            -358.0929437950027,
            -146.78788401543002,
            -178.44422132116827,
            -43.26954114153956,
            0,
            0
        ],
        [
            0,
            0,
            -102.84235287890952,
            -114.1875202370665,
            -137.10066654117256,
            -116.45582708597641,
            -111.17065752925272,
            -209.395157527367,
            -189.15042071237104,
            -217.54421419985044,
            -287.827711776665,
            -24.460693715812408,
            -45.71220769066865,
            -197.92487166164412,
            -93.22474763888705,
            22.020366090858396,
            -85.34282392377139,
            0,
            -106.48363408823413,
            103.81490149262096,
            138.60218682862518,
            107.94832956014167,
            45.74247338571692,
            156.93569395265635,
            32.943191573933895,
            65.9965959974891,
            -17.16716454406928,
            109.04733488624355,
            -35.122475898700195,
            68.45233056660867,
            -81.43893941365702,
            -116.10307124449567,
            -196.69713009308347,
            -258.3060384839519,
            -191.73511624511534,
            -595.4255953444812,
            -418.93413100080903,
            -406.9583655031797,
            -482.78817124474045,
            -437.3449090408361,
            -214.22969101596559,
            -225.40758285168295,
            -64.09631552701504,
            0,
            0
        ],
        [
            0,
            0,
            -111.34723324501056,
            -89.46205367884674,
            -99.65455564500037,
            -67.51970930959251,
            -53.19761139729998,
            -146.62056403662766,
            -118.29549990959819,
            -140.58580287156636,
            -207.8246484130666,
            65.38407624142255,
            46.50396647008835,
            -106.58629590818471,
            3.4136256680446957,
            124.02169222250491,
            16.722402539489448,
            106.48363408823413,
            0,
            217.2296663940279,
            254.93222217526986,
            225.6909904459615,
            165.13230504060644,
            282.21927647594237,
            158.9649425237236,
            195.49560335952978,
            113.16829829778139,
            243.62780773651704,
            98.33097848276962,
            204.57710020479416,
            52.556419834338776,
            17.111082396099373,
            -65.55040571419643,
            -129.56745224670763,
            -64.5948333197814,
            -475.66954238916196,
            -301.4523145654007,
            -294.5245113207595,
            -376.6872343309867,
            -338.6489695710725,
            -128.37367862660523,
            -151.42280192464733,
            -19.87056482257309,
            0,
            0
        ],
        [
            0,
            0,
            -173.99003868264492,
            -166.26342174806533,
            -195.62985335132223,
            -179.06185058430765,
            -179.85452590280656,
            -290.51645834984026,
            -274.7602573032086,
            -310.24384642825555,
            -388.10407844993114,
            -114.10117258821074,
            -139.1347321557652,
            -301.25815514026567,
            -194.0787112050361,
            -75.98105586127508,
            -190.65270558972242,
            -103.81490149262096,
            -217.2296663940279,
            0,
            34.08887286282197,
            0.047949710745134565,
            -67.66355746725189,
            44.39833704956434,
            -87.67996805435563,
            -56.13708835194735,
            -144.6867434905331,
            -15.835056931998055,
            -166.3617628284418,
            -60.165332080803815,
            -215.01048051922263,
            -250.10976944120344,
            -331.50717202630887,
            -392.2163692715836,
            -320.5966240156233,
            -726.9014236202602,
            -540.1029220411951,
            -518.6568102152322,
            -581.7523601735279,
            -518.595956452804,
            -278.8313743671119,
            -250.20195534987698,
            0,
            0,
            0
        ],
        [
            0,
            0,
            -203.49385046386405,
            -187.48343609424455,
            -218.31353707763992,
            -202.3010196801841,
            -204.723844852381,
            -320.1260361186622,
            -305.451996880419,
            -343.31430864659524,
            -424.0672067990736,
            -144.58521138458548,
            -170.97660927179027,
            -337.370401427796,
            -228.6109163088906,
            -108.77043540687819,
            -226.51542926435746,
            -138.60218682862518,
            -254.93222217526986,
            -34.08887286282197,
            0,
            -35.31940090363295,
            -105.16767130905173,
            7.857850864826813,
            -127.49905264688121,
            -96.20847162250098,
            -186.85859455593427,
            -56.452404998762084,
            -209.61072352502623,
            -101.99998543578808,
            -258.90029478290523,
            -294.0559570999733,
            -375.689105983944,
            -435.8933107304213,
            -362.0735692687413,
            -768.8849774723676,
            -577.717847543091,
            -551.9534764227997,
            -608.6903432509924,
            -537.0233600858464,
            -290.53511904964824,
            -238.04473104461388,
            0,
            0,
            0
        ],
        [
            0,
            0,
            -215.79430589995746,
            -185.50011700454846,
            -211.89344140040936,
            -191.27240102631933,
            -190.57595834840816,
            -306.1963623969466,
            -288.50983364024023,
            -324.84950563986547,
            -405.6729984685009,
            -119.17530736696298,
            -145.1824949466699,
            -314.0442929704476,
            -202.17544413841486,
            -79.12097242400378,
            -198.3315285537634,
            -107.94832956014167,
            -225.6909904459615,
            -0.047949710745134565,
            35.31940090363295,
            0,
            -70.15792791019827,
            45.90012425060933,
            -90.70602764010314,
            -58.0313174262247,
            -149.31140865237484,
            -16.37156119786028,
            -171.23094341600742,
            -61.87057455563255,
            -220.58291190932508,
            -256.07978841268255,
            -338.61530007654005,
            -399.49231173638526,
            -325.4141339725376,
            -734.4456004659337,
            -542.4380099270857,
            -516.459655974116,
            -571.7137304456086,
            -498.12680440762705,
            -254.7872590542713,
            -187.1116620094793,
            0,
            0,
            0
        ],
        [
            0,
            -53.68525818189916,
            -224.59659500491261,
            -174.2212453349562,
            -193.18771497491235,
            -164.8501016763048,
            -158.57523447193287,
            -273.4214114922669,
            -250.4099823480665,
            -283.5986780666306,
            -363.8210309893628,
            -66.86561222202015,
            -91.88709361553833,
            -263.83988109761526,
            -147.12797896892187,
            -19.099193610743264,
            -140.0089372213121,
            -45.74247338571692,
            -165.13230504060644,
            67.66355746725189,
            105.16767130905173,
            70.15792791019827,
            0,
            120.85475136979204,
            -17.051362193536935,
            17.94002783673677,
            -73.91196755878364,
            62.73346130838088,
            -94.34277692561541,
            17.384228890789824,
            -143.86368922845867,
            -180.04172120377217,
            -264.093012643292,
            -326.29986682146216,
            -252.70379583211198,
            -664.3578830604248,
            -472.69623580885786,
            -447.5683444361337,
            -501.2883279855669,
            -426.25427388116714,
            -191.90074922346173,
            -81.70315269358547,
            0,
            0,
            0
        ],
        [
            0,
            -105.0268587868938,
            -284.4142057025819,
            -230.5453485923726,
            -256.8019231258702,
            -233.42702022405825,
            -233.46352300271622,
            -359.61017388266794,
            -341.4955628262662,
            -381.58308106483327,
            -468.7394123930512,
            -163.7934373000585,
            -192.37937668342573,
            -372.7731354590513,
            -254.57265053862838,
            -124.75587909893765,
            -251.9370640006143,
            -156.93569395265635,
            -282.21927647594237,
            -44.39833704956434,
            -7.857850864826813,
            -45.90012425060933,
            -120.85475136979204,
            0,
            -144.5322719871393,
            -111.06745846006933,
            -207.04443976839778,
            -68.6665837280855,
            -229.90004512427538,
            -116.11668968752508,
            -279.57627482827763,
            -314.6372398510093,
            -396.92673612281686,
            -455.45693944540847,
            -375.87055721110136,
            -778.4515650259634,
            -576.0942405334373,
            -535.824356818644,
            -564.3320036746093,
            -456.5469151231595,
            -190.68588935487955,
            0,
            0,
            0,
            0
        ],
        [
            0,
            -109.25100179703742,
            -271.8486385108874,
            -193.77771165013868,
            -208.123188706256,
            -172.57314531341535,
            -162.96267464666326,
            -285.0362132942009,
            -257.89040576936833,
            -291.54619318542694,
            -375.95198750969115,
            -57.95576018417218,
            -84.15080563082927,
            -266.73184530908435,
            -141.9176927053686,
            -5.406182982077012,
            -133.32378728640373,
            -32.943191573933895,
            -158.9649425237236,
            87.67996805435563,
            127.49905264688121,
            90.70602764010314,
            17.051362193536935,
            144.5322719871393,
            0,
            36.96571962824522,
            -58.66446728753581,
            83.86107158102581,
            -79.09818821555272,
            36.632989343030374,
            -129.28925820173785,
            -165.68730586356867,
            -250.1512772448925,
            -311.0326008846202,
            -234.8467290044922,
            -635.8713523614157,
            -439.17062755593764,
            -402.3540135140931,
            -426.9113906320165,
            -314.26142032305074,
            -35.42516126847374,
            0,
            0,
            0,
            0
        ],
        [
            0,
            -134.05126404723228,
            -302.94160112432496,
            -217.6521965431951,
            -233.25823805392176,
            -197.45799819126546,
            -188.9990783150769,
            -316.57084761587515,
            -289.89088747302253,
            -325.84106611176037,
            -413.5068086583202,
            -87.5212925214609,
            -115.14389389552555,
            -303.10499697906897,
            -175.7351059403158,
            -36.50140096370612,
            -168.14951492933608,
            -65.9965959974891,
            -195.49560335952967,
            56.13708835194735,
            96.20847162250098,
            58.0313174262247,
            -17.94002783673677,
            111.06745846006933,
            -36.96571962824522,
            0,
            -97.54036282686349,
            46.6496118213296,
            -118.33121628212407,
            -1.3283853524989064,
            -167.91043629079076,
            -203.31524654139767,
            -285.92986099750397,
            -343.64026467081896,
            -264.6516855857422,
            -650.2899825665805,
            -448.895998618279,
            -398.8411684623242,
            -392.0020273585947,
            -223.71531681307746,
            0,
            0,
            0,
            0,
            0
        ],
        [
            0,
            -130.00764074281685,
            -292.86601978598753,
            -191.55879011487642,
            -199.62717316145046,
            -155.6924746429149,
            -140.9066672149934,
            -266.4681602227997,
            -233.71791339140947,
            -265.5853528056984,
            -351.76713597418916,
            -16.01182420573384,
            -42.20229830239315,
            -232.24610844559325,
            -100.15561540811535,
            43.829193460800816,
            -88.71405139831175,
            17.167164544069273,
            -113.16829829778139,
            144.68674349053308,
            186.85859455593425,
            149.31140865237487,
            73.91196755878367,
            207.04443976839787,
            58.664467287535786,
            97.54036282686349,
            0,
            146.0562294117647,
            -19.960475692749338,
            97.11949265149363,
            -70.54886409959047,
            -107.00286765351136,
            -190.42837866623844,
            -248.84350175671327,
            -173.62158584268406,
            -545.6487255173295,
            -350.7903443107941,
            -298.033069460204,
            -264.10404913896883,
            0,
            0,
            0,
            0,
            0,
            0
        ],
        [
            22.16731467357713,
            -172.41359255742384,
            -351.6754063142417,
            -253.76323611546673,
            -270.4356823944948,
            -233.2368350109921,
            -225.76453663316667,
            -361.5639598203366,
            -334.80073136079216,
            -373.69811340677245,
            -466.0666553292275,
            -126.7820550464276,
            -156.37875646670815,
            -352.61276910898124,
            -220.83943523240757,
            -77.01415807570284,
            -214.2281756988178,
            -109.04733488624355,
            -243.62780773651696,
            15.835056931998055,
            56.452404998762084,
            16.37156119786028,
            -62.73346130838088,
            68.6665837280855,
            -83.86107158102581,
            -46.6496118213296,
            -146.05622941176472,
            0,
            -166.00108407943188,
            -47.91070234671535,
            -212.30516771626668,
            -244.31617288769954,
            -320.3473850337203,
            -368.5930299552308,
            -284.4526400258935,
            -617.7867355570463,
            -406.8524003341909,
            -312.3265347688674,
            -134.6798976133951,
            0,
            0,
            0,
            0,
            0,
            0
        ],
        [
            51.02009089347152,
            -145.81125968979504,
            -313.407862092022,
            -197.15581242179871,
            -202.25507705040326,
            -153.48284929056513,
            -136.1449804792689,
            -265.54447266623424,
            -229.70073989434917,
            -261.22211641465367,
            -349.32393078101194,
            -1.235982449794777,
            -27.876706613640525,
            -223.56254843725782,
            -86.76739612681163,
            61.957079435281074,
            -74.07748384426948,
            35.122475898700195,
            -98.33097848276962,
            166.3617628284418,
            209.61072352502623,
            171.23094341600742,
            94.34277692561541,
            229.90004512427538,
            79.09818821555272,
            118.33121628212407,
            19.960475692749338,
            166.00108407943188,
            0,
            115.34297909662958,
            -49.77114774529606,
            -84.7293248808067,
            -163.12398985790247,
            -214.41956410563307,
            -140.67695246095002,
            -449.60130355231587,
            -254.82563819284815,
            -146.42456913355804,
            0,
            0,
            0,
            0,
            0,
            0,
            0
        ],
        [
            50.46104050637973,
            -181.18698456521992,
            -361.58010520418236,
            -248.80465940410625,
            -260.88757308882896,
            -217.72457762170137,
            -206.33723193944905,
            -343.5736624667365,
            -312.6166714639862,
            -349.6173627632722,
            -442.30474742307695,
            -92.57468394046931,
            -121.81515396602154,
            -321.65592050426056,
            -185.5878610114584,
            -37.55280889125057,
            -176.6724444769729,
            -68.45233056660867,
            -204.57710020479414,
            60.165332080803815,
            101.99998543578808,
            61.87057455563255,
            -17.384228890789824,
            116.11668968752508,
            -36.632989343030374,
            1.3283853524989064,
