{
    "bin_ranges": {
        "m3pi_lower_limit": 1.74,
        "m3pi_upper_limit": 1.78,
        "t_lower_limit": 0.141,
        "t_upper_limit": 0.194
    },
    "info": "The dalitz matrix M is computed as sqrt(-Kibble) * (A[1]-A[2])",
    "bin_centers": [
        0.29900000000000004,
        0.33999999999999997,
        0.38,
        0.42000000000000004,
        0.45999999999999996,
        0.5,
        0.54,
        0.5800000000000001,
        0.62,
        0.66,
        0.69,
        0.71,
        0.73,
        0.75,
        0.77,
        0.79,
        0.81,
        0.83,
        0.85,
        0.87,
        0.89,
        0.91,
        0.94,
        0.98,
        1.02,
        1.06,
        1.1,
        1.1400000000000001,
        1.18,
        1.22,
        1.26,
        1.3,
        1.34,
        1.38,
        1.42,
        1.46,
        1.5,
        1.54,
        1.58,
        1.62
    ],
    "real(M)": [
        [
            0,
            0,
            0,
            0,
            0,
            0,
            0,
            0,
            0,
            0,
            0,
            0,
            0,
            0,
            0,
            0,
            0,
            0,
            0,
            0,
            0,
            0,
            0,
            0,
            59.47992855166279,
            102.51177904881689,
            119.86650936778321,
            145.6984900856179,
            149.79085750300294,
            152.93147142502048,
            139.71288906584877,
            140.10020302074278,
            108.56210845247139,
            95.96660273265105,
            50.17610126864511,
            0,
            0,
            0,
            0,
            0
        ],
        [
            0,
            0,
            0,
            0,
            0,
            0,
            0,
            0,
            0,
            0,
            0,
            0,
            0,
            0,
            0,
            0,
            0,
            49.872680125111394,
            111.46452257046624,
            152.2474648838221,
            143.7793437938095,
            169.13990991762395,
            180.70534272129916,
            209.06085480879574,
            207.06191451986186,
            204.24530607060723,
            194.68814585357785,
            220.52263748463793,
            212.77143927183423,
            211.42384210483934,
            187.21382223074832,
            195.25865634165413,
            151.46382035486067,
            159.5730999298002,
            135.1090104984244,
            108.0420925786261,
            56.24936476950849,
            0,
            0,
            0
        ],
        [
            0,
            0,
            0,
            0,
            0,
            0,
            0,
            0,
            0,
            0,
            0,
            0,
            32.14529784535539,
            56.903936282879535,
            119.98361111103962,
            196.49791935568632,
            207.48778192821507,
            240.3011518522686,
            261.60467952543706,
            286.8168522033823,
            233.62442786354865,
            255.35713619539465,
            250.23824356688857,
            272.1437634802661,
            254.9546895576389,
            241.38764967281793,
            221.74110343593267,
            251.81110397493603,
            238.36480863472073,
            235.01751545998098,
            203.02499469272914,
            215.1428926887223,
            160.13847089334698,
            176.40090659864617,
            151.57364874685337,
            127.02544762319084,
            69.89954667063013,
            78.48266352776679,
            13.410866876810474,
            0
        ],
        [
            0,
            0,
            0,
            0,
            0,
            0,
            0,
            0,
            0,
            -24.52823760015834,
            2.7064611806076333,
            -19.41253373029572,
            57.6637384534336,
            73.71408683501596,
            162.50307870193578,
            262.36494706311515,
            257.97874942242134,
            289.4129916859303,
            305.74122075436395,
            328.70714442453357,
            248.44217903696494,
            269.83324425936604,
            254.12411660060638,
            272.27719771443515,
            243.30257207685403,
            220.91871024573896,
            192.70393812831887,
            226.18230009406702,
            207.82387567184463,
            202.78171503211297,
            164.34355195347877,
            180.20613216259616,
            116.35873673291114,
            140.08784490582295,
            115.81523965573676,
            94.05840408462119,
            33.43746365943258,
            65.77606075773917,
            139.80999370534255,
            0
        ],
        [
            0,
            0,
            0,
            0,
            0,
            0,
            0,
            0,
            -7.664746040585592,
            -22.464570246236484,
            40.056344001577905,
            10.317438219583497,
            122.23570394607817,
            143.58512972451908,
            259.5517020780811,
            385.3902679235053,
            376.5911539222548,
            413.4430002529646,
            431.55893442393597,
            457.9534778235868,
            359.6599970394305,
            385.00477693579415,
            365.94673486544013,
            387.4699862438211,
            353.7282441930197,
            328.1168323849811,
            295.88458396821216,
            335.0063243507711,
            313.87216035925087,
            307.8348551360796,
            263.01815619160516,
            280.2313975488197,
            205.20793954441788,
            230.32072630039687,
            199.34243260254155,
            170.18897176876766,
            93.69904847318077,
            125.49625706325261,
            223.71371718619997,
            0
        ],
        [
            0,
            0,
            0,
            0,
            0,
            0,
            21.573438267149996,
            -14.808313366319101,
            -20.206141610961897,
            -40.157207855956045,
            40.459060758018836,
            1.3356745676552204,
            138.1110270751347,
            161.2812343623627,
            297.77081339544907,
            443.79148209990785,
            429.3296951064095,
            469.044316807794,
            486.91945581632433,
            514.5844691562748,
            398.51255494344605,
            425.67644165435905,
            401.1830520483985,
            422.7942357908416,
            382.13136519474557,
            351.3626447290646,
            313.6634780981308,
            356.5623166915815,
            332.0228152798475,
            324.7252005626695,
            274.36006503326115,
            293.64828084948107,
            210.21966255146714,
            238.97094027015928,
            205.47613162043965,
            174.48501653219978,
            90.87429267321781,
            130.19098011254096,
            253.04087165396967,
            0
        ],
        [
            0,
            0,
            0,
            0,
            0,
            -21.573438267149996,
            0,
            -97.92087853985566,
            -119.18764604730583,
            -156.48162016100582,
            -69.38655376168656,
            -121.8783564671369,
            31.499173999697582,
            51.602139663302644,
            201.8789181953307,
            361.7997912720856,
            338.31696701320686,
            376.82155960035476,
            390.8413097751627,
            416.1813007505973,
            280.5527082951295,
            306.1876096169838,
            272.2433142122991,
            288.5928748581075,
            236.9596509480243,
            197.6287760029249,
            151.93206275288017,
            196.2545082823192,
            167.52613746100317,
            159.1000246774242,
            104.91827078409659,
            128.678814445137,
            41.8588593419633,
            79.81587532697944,
            52.238329687678466,
            30.510288146211213,
            -44.43010712241138,
            20.426156579937267,
            186.0395212646517,
            0
        ],
        [
            0,
            0,
            0,
            0,
            0,
            14.808313366319101,
            97.92087853985566,
            0,
            -0.0035549974966176344,
            -21.93080866090554,
            91.72086401620064,
            40.39269811118659,
            221.25365849212923,
            250.61982398795942,
            424.96707467003773,
            608.6464311224584,
            587.4766667313621,
            634.940647355971,
            654.9958455777197,
            687.2944964451251,
            542.2218337827802,
            574.5764121550714,
            543.192510608204,
            568.0562318458441,
            517.6622949067994,
            479.7372906896488,
            433.7958763161225,
            484.2430640397737,
            453.94281153012747,
            444.0094311370148,
            382.8472687104423,
            403.7448293178343,
            303.15252503911023,
            334.0430468571546,
            291.09962100272634,
            250.23187345084298,
            147.22464599887982,
            184.17877621008842,
            305.0963744087628,
            0
        ],
        [
            0,
            0,
            0,
            0,
            7.664746040585592,
            20.206141610961897,
            119.18764604730583,
            0.0035549974966176344,
            0,
            -24.568204599947105,
            101.97795000695935,
            44.72497992972032,
            244.08452763720913,
            275.62213048446006,
            466.08889429518837,
            665.9372798906207,
            641.4012374081354,
            691.8923068616742,
            712.5099732304366,
            746.4670374182544,
            588.0572615288675,
            622.320226083323,
            587.2651295657977,
            612.830659443039,
            557.3984876579597,
            515.6614880337146,
            465.51817747173686,
            518.8351505074079,
            485.6100690274091,
            474.2204762125543,
            408.1962566826592,
            429.65421919434283,
            321.88677661343417,
            353.7025643747072,
            307.0977809634428,
            262.57137828167805,
            153.11652265403393,
            188.0422373744167,
            291.9000734025488,
            0
        ],
        [
            0,
            0,
            0,
            24.52823760015834,
            22.464570246236484,
            40.157207855956045,
            156.48162016100582,
            21.93080866090554,
            24.568204599947105,
            0,
            140.07068908990058,
            78.44953033684698,
            295.93354287805636,
            330.50314422474315,
            536.8875892348601,
            752.6859166679575,
            725.9340227245772,
            780.0940034852035,
            802.0414230124368,
            838.2968436899064,
            668.1957846425993,
            704.8909178149825,
            667.3212147448074,
            694.5579996732408,
            635.2736196334005,
            590.6186018715364,
            536.9869866512101,
            593.0529809741101,
            556.9967115393313,
            543.8096954035467,
            472.6110415274627,
            493.3167585280587,
            377.6266465822189,
            407.9014824022228,
            355.1895950534174,
            303.6667881713242,
            184.4141952793612,
            208.46181840872205,
            264.2585807775389,
            0
        ],
        [
            0,
            0,
            0,
            -2.7064611806076333,
            -40.056344001577905,
            -40.459060758018836,
            69.38655376168656,
            -91.72086401620064,
            -101.97795000695935,
            -140.07068908990058,
            0,
            -70.67187518146824,
            153.75958698039662,
            184.9294654997654,
            397.187176773862,
            619.1075523738901,
            585.9284774051504,
            638.0109576606969,
            656.4517996264491,
            690.0985854881267,
            507.78441823798755,
            542.4142090393243,
            497.8573626082275,
            520.1450588889037,
            453.07126278502335,
            402.3813840993459,
            343.50914171578734,
            399.916120785856,
            361.7550190464212,
            348.720548625086,
            277.1540907407843,
            302.40023673534955,
            188.90106553984612,
            228.1126432680516,
            184.8042556025337,
            146.42589642765938,
            45.33249635895965,
            94.21403074058324,
            150.39330675193824,
            0
        ],
        [
            0,
            0,
            0,
            19.41253373029572,
            -10.317438219583497,
            -1.3356745676552204,
            121.8783564671369,
            -40.39269811118659,
            -44.7249799297205,
            -78.44953033684698,
            70.67187518146824,
            0,
            234.37181181404648,
            268.691341729505,
            489.7795380815545,
            720.4759836158289,
            687.8808112333702,
            743.098861630466,
            763.5518708059461,
            799.5641425890702,
            613.2988693512574,
            650.1981903331939,
            606.1515828274299,
            631.059127662366,
            563.8167659073016,
            513.011025735373,
            453.38952912380705,
            511.2962617521071,
            471.75206769737974,
            457.23202835864515,
            382.19953470356825,
            405.04067310386915,
            285.5886555222009,
            320.1553921898955,
            269.31870233604485,
            221.42684229116796,
            108.31434229734614,
            137.54358944548005,
            97.46102394795112,
            0
        ],
        [
            0,
            0,
            -32.14529784535539,
            -57.6637384534336,
            -122.23570394607817,
            -138.1110270751347,
            -31.499173999697582,
            -221.25365849212923,
            -244.08452763720882,
            -295.93354287805636,
            -153.75958698039662,
            -234.3718118140462,
            0,
            28.162198123476987,
            248.92659028022166,
            479.6127941917627,
            439.4948578128482,
            490.0131800199878,
            505.0595916213315,
            536.3831895785664,
            339.7519499412788,
            372.6523359728668,
            320.59291917371445,
            338.15486909990017,
            262.6947447181656,
            205.65007537340503,
            141.27442023744513,
            198.8182840188631,
            158.68860190491355,
            146.2654270100674,
            74.63578117129583,
            105.42048926957672,
            -5.067296737121137,
            44.574621177900376,
            12.57552654787682,
            -9.912358669684439,
            -87.12688270059196,
            -8.421934574782568,
            0,
            0
        ],
        [
            0,
            0,
            -56.903936282879535,
            -73.71408683501596,
            -143.58512972451908,
            -161.2812343623627,
            -51.602139663302644,
            -250.61982398795942,
            -275.62213048446006,
            -330.50314422474315,
            -184.9294654997654,
            -268.691341729505,
            -28.162198123476987,
            0,
            226.13102670409683,
            462.2456243594036,
            420.1021841540977,
            471.06744878354937,
            485.64174702290677,
            516.9382575936703,
            314.5948933703875,
            347.63335798174865,
            293.37136522553,
            310.2513718122869,
            232.15409668172018,
            173.15867174465293,
            106.95441442361759,
            165.40071464253916,
            124.43029877805475,
            111.97389115032865,
            39.65357770354574,
            71.7421689888588,
            -38.87647065891318,
            13.077990992997938,
            -16.738614825255993,
            -35.86414509143775,
            -106.4114367144585,
            -21.9634990531741,
            0,
            0
        ],
        [
            0,
            0,
            -119.98361111103962,
            -162.50307870193578,
            -259.5517020780811,
            -297.77081339544907,
            -201.8789181953307,
            -424.96707467003773,
            -466.08889429518956,
            -536.8875892348601,
            -397.187176773862,
            -489.7795380815545,
            -248.92659028022183,
            -226.13102670409683,
            0,
            236.38906267492231,
            187.592032208269,
            234.49685991882615,
            244.35699750297476,
            271.5964416006837,
            60.00058097871159,
            89.62322483547301,
            28.410857439788508,
            39.09753711365593,
            -45.92023171092852,
            -109.95911703299734,
            -179.75359191994764,
            -120.88481352408817,
            -161.4373629316543,
            -170.90767364542108,
            -238.74015451699978,
            -197.9804636156223,
            -298.2204138331491,
            -230.36116531581445,
            -239.71477987997284,
            -230.99061921504585,
            -259.8345779333132,
            -113.64959405603669,
            0,
            0
        ],
        [
            0,
            0,
            -196.49791935568632,
            -262.36494706311515,
            -385.3902679235053,
            -443.79148209990785,
            -361.7997912720856,
            -608.6464311224584,
            -665.9372798906218,
            -752.6859166679575,
            -619.1075523738901,
            -720.4759836158289,
            -479.61279419176293,
            -462.245624359404,
            -236.38906267492231,
            0,
            -55.41017256624076,
            -12.619217790941041,
            -7.477493475673308,
            15.692581416559529,
            -204.89869391761536,
            -178.68088734192057,
            -246.6840417439815,
            -242.0213060505639,
            -333.6020867821245,
            -402.2560280514199,
            -475.09279606580685,
            -415.3011205573236,
            -454.65165876418604,
            -460.2178924369337,
            -522.313946163411,
            -471.5546736089095,
            -559.3807897358711,
            -473.4606036735722,
            -459.13841528130695,
            -417.88050018502196,
            -396.13372033399304,
            -163.50701852637758,
            0,
            0
        ],
        [
            0,
            0,
            -207.48778192821507,
            -257.97874942242134,
            -376.5911539222548,
            -429.3296951064095,
            -338.31696701320686,
            -587.4766667313621,
            -641.4012374081346,
            -725.9340227245772,
            -585.9284774051504,
            -687.8808112333702,
            -439.49485781284886,
            -420.1021841540973,
            -187.592032208269,
            55.41017256624076,
            0,
            44.87245919887157,
            51.21183490832263,
            75.88385447074253,
            -148.2021631053717,
            -120.49367934017864,
            -188.48705382492906,
            -182.17647359521277,
            -274.10645651490387,
            -342.87734153237943,
            -416.0892543097887,
            -354.9115427865216,
            -394.70287361124065,
            -400.5746189258056,
            -463.8958541324047,
            -413.630428168741,
            -503.11945493720015,
            -418.46239956851423,
            -405.69415557018476,
            -365.5663432624743,
            -338.84805261350266,
            -77.64102676723098,
            0,
            0
        ],
        [
            0,
            -49.872680125111394,
            -240.3011518522686,
            -289.4129916859303,
            -413.4430002529646,
            -469.044316807794,
            -376.82155960035476,
            -634.940647355971,
            -691.8923068616742,
            -780.0940034852035,
            -638.0109576606966,
            -743.098861630466,
            -490.0131800199882,
            -471.06744878354937,
            -234.49685991882615,
            12.619217790941041,
            -44.87245919887154,
            0,
            5.60340689187748,
            29.93387612997018,
            -199.1097633175839,
            -171.5271236977028,
            -241.58922050134237,
            -236.0657381600298,
            -330.12027883688944,
            -400.21423444331475,
            -474.34686152690404,
            -411.80031202932565,
            -451.1072628396084,
            -455.5069526949453,
            -517.1185213846384,
            -463.4174193604128,
            -548.792445862443,
            -458.2241423102635,
            -437.0468505088938,
            -384.22415183639265,
            -329.5159174862881,
            0,
            0,
            0
        ],
        [
            0,
            -111.46452257046624,
            -261.60467952543706,
            -305.74122075436395,
            -431.55893442393597,
            -486.91945581632433,
            -390.8413097751627,
            -654.9958455777197,
            -712.5099732304384,
            -802.0414230124372,
            -656.4517996264491,
            -763.5518708059461,
            -505.0595916213315,
            -485.64174702290705,
            -244.35699750297476,
            7.477493475673308,
            -51.21183490832263,
            -5.603406891877476,
            0,
            24.66258511740893,
            -208.43342424503464,
            -180.3915641683307,
            -251.60586574083285,
            -245.92316109894253,
            -341.23643643887004,
            -412.0244096073038,
            -486.66714999437136,
            -422.7899915149837,
            -461.7822859792034,
            -465.2466914132673,
            -525.914364351674,
            -470.1864141530875,
            -552.9279365564938,
            -458.9753040923872,
            -432.2447997934407,
            -370.10840405636617,
            -287.2509509074919,
            0,
            0,
            0
        ],
        [
            0,
            -152.2474648838221,
            -286.8168522033823,
            -328.70714442453357,
            -457.9534778235868,
            -514.5844691562748,
            -416.1813007505973,
            -687.2944964451251,
            -746.4670374182544,
            -838.2968436899064,
            -690.0985854881267,
            -799.5641425890698,
            -536.3831895785664,
            -516.9382575936703,
            -271.5964416006836,
            -15.692581416559529,
            -75.88385447074253,
            -29.93387612997018,
            -24.66258511740893,
            0,
            -237.17676783202927,
            -208.96529563323557,
            -281.59441774536987,
            -276.12774070164363,
            -372.8402713377668,
            -444.36194327541716,
            -519.4014747622189,
            -454.12752994915763,
            -492.40519408021777,
            -494.3835911366374,
            -553.1777864405327,
            -494.442028858037,
            -572.7472483394398,
            -473.5878233746178,
            -438.2467183479541,
            -361.6877614066042,
            -231.63007828973014,
            0,
            0,
            0
        ],
        [
            0,
            -143.7793437938095,
            -233.62442786354865,
            -248.44217903696494,
            -359.6599970394305,
            -398.51255494344605,
            -280.5527082951295,
            -542.2218337827802,
            -588.0572615288675,
            -668.1957846425993,
            -507.78441823798755,
            -613.2988693512572,
            -339.7519499412788,
            -314.5948933703875,
            -60.00058097871162,
            204.89869391761536,
            148.20216310537162,
            199.1097633175839,
            208.43342424503464,
            237.17676783202927,
            0,
            31.86985493535796,
            -37.394302520920675,
            -27.041700581362566,
            -121.34157523094285,
            -191.3560672050066,
            -266.24054059500986,
            -201.12755453822217,
            -242.22270855151817,
            -248.74972741931322,
            -314.41070739075616,
            -265.0752942458129,
            -355.0911492883511,
            -272.9108755730668,
            -258.4483186318744,
            -209.1834440442781,
            -82.34442803723722,
            0,
            0,
            0
        ],
        [
            0,
            -169.1399099176239,
            -255.35713619539465,
            -269.83324425936604,
            -385.00477693579415,
            -425.67644165435905,
            -306.1876096169838,
            -574.5764121550717,
            -622.3202260833224,
            -704.8909178149825,
            -542.414209039324,
            -650.1981903331939,
            -372.6523359728668,
            -347.63335798174865,
            -89.62322483547301,
            178.68088734192057,
            120.49367934017864,
            171.5271236977028,
            180.3915641683307,
            208.96529563323557,
            -31.86985493535796,
            0,
            -70.66231503518628,
            -60.73445273301467,
            -156.36817574740934,
            -227.08150525991047,
            -302.275207043533,
            -236.0892158903653,
            -276.43256536732906,
            -281.52533307753794,
            -345.0328733154979,
            -292.9096916675546,
            -377.65494827228474,
            -290.4701206164471,
            -266.32125374034604,
            -198.81399693692893,
            0,
            0,
            0,
            0
        ],
        [
            0,
            -180.70534272129916,
            -250.23824356688863,
            -254.12411660060638,
            -365.94673486544013,
            -401.1830520483985,
            -272.24331421229874,
            -543.1925106082045,
            -587.2651295657977,
            -667.3212147448074,
            -497.8573626082271,
            -606.1515828274296,
            -320.59291917371456,
            -293.37136522553,
            -28.410857439788508,
            246.6840417439815,
            188.48705382492912,
            241.58922050134237,
            251.60586574083285,
            281.59441774536987,
            37.394302520920675,
            70.66231503518628,
            0,
            11.324436670261363,
            -84.65822804425201,
            -155.51604223005535,
            -231.009102144094,
            -164.35404332160005,
            -205.34527099939655,
            -211.3056576448924,
            -275.60476185829845,
            -225.476704071581,
            -309.38275055736466,
            -225.58607565524315,
            -200.1376033039685,
            -118.69923356505386,
            0,
            0,
            0,
            0
        ],
        [
            0,
            -209.06085480879577,
            -272.1437634802661,
            -272.27719771443515,
            -387.4699862438203,
            -422.7942357908416,
            -288.5928748581073,
            -568.0562318458446,
            -612.830659443039,
            -694.5579996732408,
            -520.1450588889035,
            -631.0591276623655,
            -338.15486909990017,
            -310.2513718122869,
            -39.09753711365593,
            242.0213060505639,
            182.17647359521277,
            236.0657381600298,
            245.9231610989426,
            276.12774070164363,
            27.041700581362566,
            60.73445273301467,
            -11.324436670261363,
            0,
            -97.19556683071771,
            -168.42353159466535,
            -243.6810788129881,
            -175.82226349864942,
            -215.447598613235,
            -219.46028628493352,
            -279.702156097933,
            -226.62782519373823,
            -299.1373499146695,
            -208.7769995311282,
            -159.4882927607436,
            0,
            0,
            0,
            0,
            0
        ],
        [
            -59.47992855166279,
            -207.06191451986186,
            -254.9546895576389,
            -243.30257207685403,
            -353.7282441930193,
            -382.13136519474557,
            -236.95965094802412,
            -517.6622949067989,
            -557.3984876579592,
            -635.2736196334005,
            -453.0712627850236,
            -563.8167659073016,
            -262.69474471816574,
            -232.15409668172018,
            45.92023171092852,
            333.6020867821245,
            274.1064565149038,
            330.12027883688944,
            341.23643643887,
            372.8402713377668,
            121.34157523094285,
            156.36817574740934,
            84.65822804425201,
            97.19556683071771,
            0,
            -71.20498259843698,
            -146.52745049005833,
            -79.79355611490438,
            -120.5244908115342,
            -126.58212050356397,
            -187.31621210565208,
            -139.24922360681984,
            -207.08563111590354,
            -123.40751789262276,
            -45.34861192045787,
            0,
            0,
            0,
            0,
            0
        ],
        [
            -102.51177904881689,
            -204.24530607060873,
            -241.38764967281793,
            -220.91871024573896,
            -328.1168323849805,
            -351.3626447290646,
            -197.6287760029249,
            -479.7372906896492,
            -515.6614880337144,
            -590.6186018715364,
            -402.3813840993457,
            -513.0110257353728,
            -205.65007537340503,
            -173.15867174465293,
            109.95911703299734,
            402.2560280514198,
            342.8773415323793,
            400.21423444331475,
            412.0244096073038,
            444.36194327541716,
            191.3560672050066,
            227.08150525991047,
            155.51604223005535,
            168.42353159466535,
            71.20498259843698,
            0,
            -75.16344500226354,
            -10.479535059305768,
            -52.07347966079844,
            -60.12796795290913,
            -120.00665668370645,
            -77.34518414940008,
            -135.37824207553757,
            -54.6772473474314,
            0,
            0,
            0,
            0,
            0,
            0
        ],
        [
            -119.86650936778321,
            -194.68814585357785,
            -221.74110343593273,
            -192.70393812831887,
            -295.88458396821164,
            -313.6634780981308,
            -151.93206275288034,
            -433.7958763161225,
            -465.5181774717371,
            -536.9869866512101,
            -343.5091417157871,
            -453.3895291238069,
            -141.27442023744518,
            -106.95441442361759,
            179.75359191994764,
            475.09279606580685,
            416.08925430978866,
            474.34686152690404,
            486.6671499943714,
            519.4014747622188,
            266.24054059500986,
            302.275207043533,
            231.009102144094,
            243.6810788129881,
            146.52745049005833,
            75.16344500226354,
            0,
            60.797782224468506,
            17.44838317343537,
            5.746842718896936,
            -53.95145039961375,
            -20.702674974806577,
            -64.93061691621689,
            0,
            0,
            0,
            0,
            0,
            0,
            0
        ],
        [
            -145.69849008561775,
            -220.5226374846391,
            -251.81110397493597,
            -226.18230009406702,
            -335.0063243507711,
            -356.5623166915815,
            -196.2545082823192,
            -484.2430640397737,
            -518.8351505074077,
            -593.0529809741101,
            -399.916120785856,
            -511.296261752107,
            -198.81828401886315,
            -165.40071464253916,
            120.88481352408816,
            415.3011205573236,
            354.9115427865216,
            411.80031202932565,
            422.7899915149837,
            454.12752994915763,
            201.12755453822217,
            236.0892158903653,
            164.35404332160005,
            175.82226349864942,
            79.79355611490438,
            10.479535059305768,
            -60.797782224468506,
            0,
            -37.62293777687128,
            -43.18251589490971,
            -86.77350267105122,
            -43.46179953905218,
            0,
            0,
            0,
            0,
            0,
            0,
            0,
            0
        ],
        [
            -149.79085750300285,
            -212.77143927183417,
            -238.36480863472073,
            -207.82387567184463,
            -313.8721603592505,
            -332.0228152798475,
            -167.5261374610031,
            -453.9428115301279,
            -485.6100690274091,
            -556.9967115393313,
            -361.7550190464212,
            -471.7520676973797,
            -158.68860190491358,
            -124.43029877805475,
            161.4373629316543,
            454.65165876418587,
            394.70287361124053,
            451.1072628396084,
            461.78228597920327,
            492.40519408021777,
            242.22270855151817,
            276.43256536732906,
            205.34527099939655,
            215.447598613235,
            120.5244908115342,
            52.07347966079844,
            -17.44838317343537,
            37.62293777687128,
            0,
            -8.065319417728597,
            -43.48032371836585,
            0,
            0,
            0,
            0,
            0,
            0,
            0,
            0,
            0
        ],
        [
            -152.93147142502036,
            -211.4238421048394,
            -235.017515459981,
            -202.78171503211297,
            -307.8348551360792,
            -324.7252005626695,
            -159.10002467742407,
            -444.00943113701516,
            -474.2204762125541,
            -543.8096954035467,
            -348.72054862508594,
            -457.23202835864504,
            -146.26542701006747,
            -111.97389115032865,
            170.90767364542108,
            460.2178924369337,
            400.5746189258055,
            455.5069526949453,
            465.24669141326723,
            494.3835911366374,
            248.74972741931322,
            281.52533307753794,
            211.3056576448924,
            219.46028628493352,
            126.58212050356397,
            60.12796795290913,
            -5.746842718896936,
            43.18251589490971,
            8.065319417728597,
            0,
            -5.451727489728589,
            0,
            0,
            0,
            0,
            0,
            0,
            0,
            0,
            0
        ],
        [
            -139.71288906584886,
            -187.2138222307488,
            -203.0249946927291,
            -164.34355195347882,
            -263.01815619160493,
            -274.36006503326115,
            -104.91827078409659,
            -382.84726871044234,
            -408.1962566826592,
            -472.6110415274627,
            -277.15409074078417,
            -382.19953470356813,
            -74.63578117129585,
            -39.65357770354574,
            238.74015451699978,
            522.3139461634108,
            463.8958541324047,
            517.1185213846384,
            525.914364351674,
            553.1777864405327,
            314.41070739075616,
            345.0328733154979,
            275.60476185829845,
            279.702156097933,
            187.31621210565208,
            120.00665668370645,
            53.95145039961375,
            86.77350267105122,
            43.48032371836585,
            5.451727489728589,
            0,
            0,
            0,
            0,
            0,
            0,
            0,
            0,
            0,
            0
        ],
        [
            -140.10020302074278,
            -195.25865634165507,
            -215.1428926887223,
            -180.20613216259616,
            -280.2313975488195,
            -293.64828084948107,
            -128.678814445137,
            -403.74482931783444,
            -429.6542191943429,
            -493.3167585280587,
            -302.40023673534955,
            -405.0406731038691,
            -105.42048926957669,
            -71.7421689888588,
            197.98046361562226,
            471.5546736089094,
            413.630428168741,
            463.4174193604128,
            470.18641415308764,
            494.442028858037,
            265.0752942458129,
            292.9096916675546,
            225.476704071581,
            226.62782519373823,
            139.24922360681984,
            77.3451841494001,
            20.702674974806577,
            43.46179953905218,
            0,
            0,
            0,
            0,
            0,
            0,
            0,
            0,
            0,
            0,
            0,
            0
        ],
        [
            -108.56210845247139,
            -151.4638203548608,
            -160.138470893347,
            -116.35873673291114,
            -205.2079395444177,
            -210.2196625514671,
            -41.858859341963274,
            -303.15252503911023,
            -321.8867766134341,
            -377.6266465822189,
            -188.90106553984612,
            -285.5886555222009,
            5.067296737121137,
            38.87647065891318,
            298.2204138331491,
            559.3807897358711,
            503.11945493720015,
            548.792445862443,
            552.9279365564937,
            572.7472483394398,
            355.0911492883511,
            377.65494827228474,
            309.38275055736466,
            299.1373499146695,
            207.08563111590354,
            135.37824207553757,
            64.93061691621689,
            0,
            0,
            0,
            0,
            0,
            0,
            0,
            0,
            0,
            0,
            0,
            0,
            0
        ],
        [
            -95.96660273265077,
            -159.57309992980066,
            -176.40090659864617,
            -140.08784490582295,
            -230.32072630039673,
            -238.97094027015928,
            -79.81587532697941,
            -334.0430468571547,
            -353.7025643747071,
            -407.9014824022228,
            -228.1126432680516,
            -320.15539218989545,
            -44.574621177900376,
            -13.077990992997938,
            230.36116531581447,
            473.4606036735722,
            418.46239956851423,
            458.2241423102636,
            458.9753040923873,
            473.58782337461787,
            272.9108755730668,
            290.4701206164471,
            225.58607565524312,
            208.7769995311282,
            123.40751789262279,
            54.6772473474314,
            0,
            0,
            0,
            0,
            0,
