{
    "bin_ranges": {
        "m3pi_lower_limit": 1.66,
        "m3pi_upper_limit": 1.7,
        "t_lower_limit": 0.141,
        "t_upper_limit": 0.194
    },
    "info": "The dalitz matrix M is computed as sqrt(-Kibble) * (A[1]-A[2])",
    "bin_centers": [
        0.29900000000000004,
        0.33999999999999997,
        0.38,
        0.42000000000000004,
        0.45999999999999996,
        0.5,
        0.54,
        0.5800000000000001,
        0.62,
        0.66,
        0.69,
        0.71,
        0.73,
        0.75,
        0.77,
        0.79,
        0.81,
        0.83,
        0.85,
        0.87,
        0.89,
        0.91,
        0.94,
        0.98,
        1.02,
        1.06,
        1.1,
        1.1400000000000001,
        1.18,
        1.22,
        1.26,
        1.3,
        1.34,
        1.38,
        1.42,
        1.46,
        1.5,
        1.54
    ],
    "real(M)": [
        [
            0,
            0,
            0,
            0,
            0,
            0,
            0,
            0,
            0,
            0,
            0,
            0,
            0,
            0,
            0,
            0,
            0,
            0,
            0,
            0,
            0,
            0,
            0,
            47.47196183650936,
            56.93539005327101,
            62.48807177889016,
            61.041492044984324,
            63.387588438892514,
            76.92970423411619,
            57.08902675425003,
            61.447442214467685,
            49.59068686373898,
            21.38467456678127,
            0,
            0,
            0,
            0,
            0
        ],
        [
            0,
            0,
            0,
            0,
            0,
            0,
            0,
            0,
            0,
            0,
            0,
            0,
            0,
            0,
            0,
            33.85025792063274,
            130.94686688048253,
            159.91569537589214,
            200.5546563756746,
            229.22387852686768,
            249.09362102727667,
            245.35975553813392,
            258.50037338122485,
            278.1929918822834,
            246.05870057133137,
            242.78825833824573,
            233.91890130003736,
            235.87076470938257,
            259.491570740102,
            223.22765658192725,
            232.78479203460432,
            214.41573721758664,
            160.72823174441774,
            140.67902621546858,
            105.59491863904132,
            31.96264485328606,
            0,
            0
        ],
        [
            0,
            0,
            0,
            0,
            0,
            0,
            0,
            0,
            0,
            0,
            -16.596956644961576,
            -30.089494517351937,
            9.784998359707146,
            53.15382902178963,
            107.21649793855602,
            193.45437119898355,
            255.34657685129653,
            231.75694236491137,
            259.61389794504606,
            273.59363964882255,
            278.769136733108,
            251.91636037826137,
            247.99492446062445,
            253.13924258220112,
            192.36017243773347,
            176.9337660248971,
            157.65250999043934,
            155.8967102016277,
            185.56671745972517,
            139.4342742641178,
            157.23932938699727,
            142.32575287369755,
            84.17103916549496,
            78.66968053726094,
            65.32554811773241,
            38.680434458146344,
            18.908280113699234,
            0
        ],
        [
            0,
            0,
            0,
            0,
            0,
            0,
            0,
            0,
            -16.235064716702844,
            -42.99202660539208,
            -86.8302493309669,
            -74.73793317603189,
            8.464404204497498,
            75.71515135505962,
            150.77608431997425,
            266.6679665994254,
            342.7304710139778,
            301.2356835094672,
            331.33701573661085,
            343.50132767762057,
            344.9591410693028,
            306.406267565809,
            296.6124411730015,
            298.10609980265275,
            219.95089333856995,
            199.02809173299514,
            174.26391996080073,
            171.30796497400854,
            206.62350868776286,
            151.2251510517175,
            173.28441104242296,
            156.58354469198088,
            87.8415488388205,
            83.68726003002075,
            71.16883820614102,
            43.33931905230423,
            40.98790547952441,
            0
        ],
        [
            0,
            0,
            0,
            0,
            0,
            0,
            0,
            -13.693452151126271,
            -22.889036511487948,
            -34.08520016987664,
            -84.13398958375525,
            -59.500288884639254,
            55.81797221998363,
            144.46887955690545,
            239.74142641561298,
            383.28714064863675,
            474.8833156535137,
            422.1787769545578,
            457.29068769100684,
            470.76093738473537,
            471.60944303752433,
            425.2742911815289,
            413.39060086828977,
            415.04193049774733,
            324.2161945311959,
            300.3883973766848,
            272.06766460434204,
            268.6715072265055,
            308.864537887008,
            244.37266194173938,
            268.3180334549018,
            247.14029028738597,
            165.20152966606946,
            156.5261371311386,
            136.87665026060446,
            97.13796105416694,
            86.26728730753278,
            0
        ],
        [
            0,
            0,
            0,
            0,
            0,
            0,
            -2.585696453227714,
            -0.6532283730065306,
            -1.7477122208444793,
            -8.295782197895646,
            -65.29114475168436,
            -31.50736914687621,
            109.99497125259113,
            216.62955343259128,
            329.2993189252546,
            497.02534794546415,
            602.488783913614,
            540.1264631665808,
            579.8128120853512,
            594.5448701980622,
            594.9079324402226,
            541.6061303541445,
            527.7998824586348,
            529.4729380242729,
            426.99250632158953,
            400.30531593089665,
            368.50834527541076,
            364.43111484542436,
            408.6876782768231,
            335.6550305075475,
            360.827284051911,
            335.1238817021899,
            241.03475651129642,
            227.6655703246902,
            200.88298874035203,
            149.8710324343804,
            128.89230499734362,
            0
        ],
        [
            0,
            0,
            0,
            0,
            0,
            2.585696453227714,
            0,
            4.342804078967868,
            3.985985996385024,
            -2.889783226003118,
            -68.64267152818567,
            -28.593594373329356,
            134.49545335857815,
            255.8271709494363,
            382.9063618467829,
            571.3361902792556,
            688.3799886378163,
            616.3610590579682,
            659.3051167173038,
            674.3219607113035,
            673.4091149271203,
            612.9384777089722,
            596.2341272105128,
            596.559994808941,
            482.22700201584166,
            451.9678192036793,
            416.28072827335586,
            411.12730251540944,
            458.8716028247729,
            378.2438163010048,
            404.93343092475914,
            375.97935151486354,
            272.5201615286465,
            256.8137604978951,
            226.23514205185023,
            168.97326003513155,
            142.81036743906967,
            0
        ],
        [
            0,
            0,
            0,
            0,
            13.693452151126271,
            0.6532283730065306,
            -4.342804078967868,
            0,
            -1.3155884856687667,
            -9.89529639331651,
            -84.47445521984916,
            -39.43223608962495,
            142.6235799216295,
            276.83618561277063,
            416.632723707651,
            623.6137373646637,
            750.9280535841036,
            669.7137371386817,
            715.3108524059015,
            730.2544586207101,
            727.8365652748171,
            660.4381436897108,
            640.5937667518792,
            639.0963716543148,
            513.3459207305651,
            479.37951424496896,
            439.7964867900907,
            433.42181903225446,
            484.15991021571386,
            396.6571085284996,
            424.7398385841408,
            393.0676318530734,
            281.8877127021199,
            264.6711038646534,
            231.5050775169114,
            169.9924638220077,
            138.73401139280236,
            0
        ],
        [
            0,
            0,
            0,
            16.235064716702844,
            22.889036511487948,
            1.7477122208444793,
            -3.985985996385024,
            1.3155884856687667,
            0,
            -9.361256106578853,
            -91.46548666104263,
            -41.560940269197566,
            158.1792203889873,
            304.54950823925066,
            456.37360877950385,
            680.7635046789007,
            817.8582382679083,
            728.4458793323888,
            776.7440066066832,
            791.844583457109,
            788.234153951186,
            714.612689984695,
            692.0827959040795,
            689.1000463273392,
            552.9654128726997,
            515.6259807987464,
            472.41614176608846,
            464.7442317376488,
            517.817484554082,
            423.7022983158526,
            452.29342951519465,
            417.3028406409915,
            298.4927452564306,
            278.45508257941566,
            241.00198490731086,
            173.15927527509515,
            129.56920911855877,
            0
        ],
        [
            0,
            0,
            0,
            42.99202660539208,
            34.08520016987664,
            8.295782197895646,
            2.889783226003118,
            9.89529639331651,
            9.361256106578853,
            0,
            -88.51460276397351,
            -33.840906856681364,
            182.47526436900048,
            340.3512715116099,
            503.5604015005244,
            744.2904531547927,
            890.6686394906278,
            793.921981657396,
            844.9173291071426,
            860.3410841862869,
            855.7838843016982,
            776.5607986257089,
            751.712847052824,
            747.4810757158833,
            601.8822929145655,
            561.4106518415176,
            514.7490755514566,
            505.6041406562224,
            560.2339785987933,
            459.65413062859085,
            487.7044411987039,
            448.611129167207,
            322.08510370943696,
            297.59297995548314,
            253.6516681693377,
            176.45958147276698,
            107.35768420552283,
            0
        ],
        [
            0,
            0,
            16.596956644961576,
            86.8302493309669,
            84.13398958375525,
            65.29114475168436,
            68.64267152818567,
            84.47445521984916,
            91.46548666104263,
            88.51460276397351,
            0,
            60.81744540390669,
            291.3984171770435,
            459.88890614038615,
            633.507910033828,
            887.9795587150388,
            1043.0433633583004,
            943.26179508734,
            998.0854826387814,
            1015.548292823199,
            1012.0098648498015,
            930.4358051551011,
            906.0245925014049,
            903.1251293890514,
            752.579062802673,
            710.8406899847143,
            661.9456419317424,
            651.0541118832465,
            704.9395621228066,
            597.2502830076804,
            620.6608639660463,
            573.0575419277833,
            434.08923856075245,
            396.2212443572414,
            333.610970407525,
            228.93014887386465,
            80.34266927525027,
            0
        ],
        [
            0,
            0,
            30.089494517351937,
            74.73793317603189,
            59.500288884639254,
            31.50736914687621,
            28.593594373329356,
            39.43223608962495,
            41.5609402691975,
            33.84090685668131,
            -60.817445403906625,
            0,
            235.88212984487794,
            407.52905709704515,
            584.3348146024373,
            844.255346204504,
            1001.729944595387,
            897.1220721404044,
            951.6158122025597,
            967.7878772800454,
            962.4884601274925,
            877.2141452677781,
            850.0909272424287,
            844.719491373988,
            688.6197869017557,
            644.5251916108554,
            593.6615933176133,
            582.1775019527181,
            637.244707738994,
            528.3064779895716,
            553.4417959725794,
            507.151991348816,
            369.7083902137238,
            335.53083151837353,
            277.60221725065725,
            179.14760012625425,
            0,
            0
        ],
        [
            0,
            0,
            -9.784998359707146,
            -8.464404204497498,
            -55.81797221998363,
            -109.99497125259113,
            -134.49545335857815,
            -142.6235799216295,
            -158.1792203889873,
            -182.47526436900023,
            -291.3984171770435,
            -235.88212984487822,
            0,
            169.81893532261904,
            345.04978564151367,
            605.7821975962365,
            761.3900924629191,
            648.2378444970965,
            698.7209489192612,
            710.2117188063597,
            700.0369709273563,
            608.307310710789,
            574.7149325336864,
            562.8132915125497,
            398.53280911281513,
            350.64530336974747,
            297.8701461261231,
            287.4427439212642,
            347.08292804276954,
            242.75774418630175,
            277.7340714217688,
            244.11189596727635,
            123.78797816556687,
            113.86008197366473,
            89.26659467860809,
            41.56408762629834,
            0,
            0
        ],
        [
            0,
            0,
            -53.15382902178963,
            -75.71515135505962,
            -144.46887955690545,
            -216.62955343259128,
            -255.8271709494363,
            -276.83618561277115,
            -304.54950823925066,
            -340.3512715116099,
            -459.8889061403867,
            -407.52905709704515,
            -169.81893532261904,
            0,
            175.3911672258973,
            438.47801742805535,
            593.8018407066024,
            473.92618747322496,
            521.9262627247216,
            530.2176052148066,
            516.5812918461223,
            419.8167962990895,
            381.57115089411053,
            365.15806220751597,
            194.49388074318588,
            143.99193201928264,
            89.99164448923905,
            80.68795491962965,
            144.21409689348482,
            43.447493775894074,
            86.11880948973712,
            62.263617466928466,
            -44.55995526948545,
            -35.481591643849924,
            -33.34182313599676,
            -36.634607530060094,
            0,
            0
        ],
        [
            0,
            0,
            -107.21649793855602,
            -150.77608431997425,
            -239.74142641561298,
            -329.2993189252546,
            -382.9063618467829,
            -416.632723707651,
            -456.37360877950323,
            -503.5604015005244,
            -633.5079100338273,
            -584.3348146024373,
            -345.04978564151367,
            -175.3911672258974,
            0,
            265.18053137268794,
            420.09483385343367,
            293.7089065004492,
            339.24116985201323,
            344.40336533351126,
            327.4108007017016,
            225.83131833501412,
            183.15002281684318,
            162.51557788305348,
            -13.962553571741182,
            -66.59179081677027,
            -121.22590831126445,
            -128.77172464469052,
            -60.733613057384105,
            -156.8006430844254,
            -105.3774505616877,
            -117.9080321027885,
            -208.7665522743527,
            -177.64993287513718,
            -143.46214846121472,
            -85.6986283247382,
            0,
            0
        ],
        [
            0,
            -33.85025792066294,
            -193.45437119898355,
            -266.6679665994254,
            -383.28714064863675,
            -497.02534794546415,
            -571.3361902792556,
            -623.6137373646637,
            -680.7635046788998,
            -744.2904531547919,
            -887.9795587150377,
            -844.255346204504,
            -605.7821975962356,
            -438.47801742805564,
            -265.18053137268794,
            0,
            152.65196892678088,
            18.353919285966786,
            59.924737286065564,
            60.6328389639718,
            39.111004543292196,
            -68.21899762989875,
            -116.61911027447572,
            -142.72080468392446,
            -325.3944038014127,
            -379.9833156253605,
            -434.2694408716753,
            -438.23419774597266,
            -362.9565403692863,
            -449.985129390217,
            -384.27047104491766,
            -377.78731787838603,
            -441.8481656529203,
            -374.01390687503056,
            -284.4408223925017,
            -90.98400311909765,
            0,
            0
        ],
        [
            0,
            -130.94686688048253,
            -255.34657685129653,
            -342.7304710139778,
            -474.8833156535137,
            -602.488783913614,
            -688.3799886378176,
            -750.9280535841036,
            -817.8582382679083,
            -890.6686394906278,
            -1043.0433633582995,
            -1001.729944595387,
            -761.3900924629186,
            -593.8018407066024,
            -420.09483385343367,
            -152.65196892678088,
            0,
            -139.73766625975634,
            -100.00581111434079,
            -101.7205440077885,
            -125.85677228444156,
            -237.0598356510699,
            -288.7894133919171,
            -317.7844232999543,
            -504.53616600569933,
            -559.8841370066297,
            -613.4284931385163,
            -614.4031977800026,
            -533.6607360602743,
            -614.2115272290403,
            -538.4627192878653,
            -518.6021818692456,
            -562.8757578176887,
            -467.8055405281662,
            -332.90170891284845,
            0,
            0,
            0
        ],
        [
            0,
            -159.91569537589206,
            -231.75694236491137,
            -301.2356835094672,
            -422.17877695455644,
            -540.1264631665808,
            -616.3610590579682,
            -669.7137371386817,
            -728.4458793323888,
            -793.921981657396,
            -943.261795087339,
            -897.1220721404044,
            -648.237844497096,
            -473.92618747322496,
            -293.7089065004493,
            -18.353919285966775,
            139.73766625975634,
            0,
            42.75196211251478,
            43.1504725992749,
            20.57878082166956,
            -90.60331175448503,
            -140.745901793597,
            -167.6771160264298,
            -355.2261617245618,
            -410.34041820482963,
            -464.4913668058938,
            -466.56363988178794,
            -387.6708517240211,
            -472.24011501791523,
            -401.6422922805534,
            -388.77347073803395,
            -440.2156894890495,
            -355.5534305232544,
            -229.21864588599595,
            0,
            0,
            0
        ],
        [
            0,
            -200.55465637566562,
            -259.61389794504606,
            -331.3370157366094,
            -457.29068769100684,
            -579.81281208535,
            -659.3051167173027,
            -715.3108524059015,
            -776.7440066066832,
            -844.9173291071419,
            -998.0854826387805,
            -951.6158122025597,
            -698.7209489192612,
            -521.9262627247213,
            -339.24116985201323,
            -59.924737286065564,
            100.00581111434079,
            -42.75196211251477,
            0,
            -0.2255878456309812,
            -23.702073310797804,
            -136.9670083596685,
            -188.34091726634,
            -216.05156456865876,
            -405.78719405175275,
            -460.90686717926434,
            -514.3969401927229,
            -514.689198872503,
            -432.9975485913612,
            -514.2055919123778,
            -438.9681488061375,
            -419.4734877167127,
            -458.850683020574,
            -357.62352817752986,
            -189.08974134291574,
            0,
            0,
            0
        ],
        [
            0,
            -229.22387852686768,
            -273.59363964882255,
            -343.50132767762057,
            -470.76093738473674,
            -594.5448701980622,
            -674.3219607113035,
            -730.2544586207101,
            -791.844583457109,
            -860.3410841862869,
            -1015.5482928231984,
            -967.7878772800454,
            -710.2117188063601,
            -530.2176052148066,
            -344.4033653335115,
            -60.632838963971835,
            101.7205440077885,
            -43.1504725992749,
            0.22558784563098128,
            0,
            -23.782050174974554,
            -138.4651470728789,
            -190.3379592785826,
            -218.12456013405676,
            -409.35024273272654,
            -464.2628155233099,
            -517.1899039119961,
            -516.2538651959786,
            -432.9290599009418,
            -511.97438623128863,
            -434.2989914573936,
            -410.8045648737593,
            -440.7437744984305,
            -326.07624801682505,
            -84.68927329253847,
            0,
            0,
            0
        ],
        [
            0,
            -249.09362102728068,
            -278.769136733108,
            -344.9591410693028,
            -471.60944303752433,
            -594.9079324402226,
            -673.4091149271194,
            -727.8365652748171,
            -788.234153951186,
            -855.7838843016982,
            -1012.009864849802,
            -962.4884601274925,
            -700.0369709273563,
            -516.5812918461223,
            -327.4108007017016,
            -39.111004543292196,
            125.8567722844415,
            -20.57878082166956,
            23.702073310797815,
            23.782050174974554,
            0,
            -115.7008403837842,
            -167.69440756703952,
            -195.23349235328587,
            -387.50355418772955,
            -442.12768710496874,
            -494.5780260787181,
            -492.80010049992126,
            -408.67688008444185,
            -486.1861749507376,
            -407.4905918306273,
            -381.50448417226596,
            -402.9129778851241,
            -274.68401445876003,
            0,
            0,
            0,
            0
        ],
        [
            0,
            -245.3597555381304,
            -251.91636037826137,
            -306.406267565809,
            -425.2742911815289,
            -541.6061303541445,
            -612.938477708973,
            -660.4381436897108,
            -714.6126899846943,
            -776.5607986257089,
            -930.4358051551011,
            -877.2141452677785,
            -608.3073107107886,
            -419.8167962990895,
            -225.8313183350142,
            68.21899762989877,
            237.05983565107005,
            90.60331175448503,
            136.96700835966848,
            138.4651470728789,
            115.7008403837842,
            0,
            -51.01467690369192,
            -77.42114783420058,
            -270.21557351999445,
            -324.9680910299536,
            -378.16743272200796,
            -377.8258952758981,
            -296.53633749350973,
            -376.98915925845205,
            -303.9955969354615,
            -284.25512523956235,
            -308.0910330059001,
            -180.7745937096848,
            0,
            0,
            0,
            0
        ],
        [
            0,
            -258.50037338122485,
            -247.99492446062445,
            -296.6124411730015,
            -413.39060086828977,
            -527.7998824586348,
            -596.2341272105128,
            -640.5937667518798,
            -692.0827959040793,
            -751.712847052824,
            -906.0245925014042,
            -850.0909272424287,
            -574.7149325336864,
            -381.57115089411053,
            -183.15002281684326,
            116.61911027447572,
            288.7894133919171,
            140.745901793597,
            188.34091726634,
            190.3379592785826,
            167.69440756703952,
            51.01467690369192,
            0,
            -26.126642005521315,
            -219.7262024959448,
            -274.17321563782383,
            -326.9067786000815,
            -326.11276231467497,
            -245.50354233473513,
            -323.98228458689874,
            -251.99231698143004,
            -230.2865327951481,
            -237.91952110939758,
            -30.80342056861999,
            0,
            0,
            0,
            0
        ],
        [
            -47.47196183650936,
            -278.1929918822835,
            -253.13924258220106,
            -298.10609980265275,
            -415.04193049774733,
            -529.4729380242729,
            -596.559994808941,
            -639.0963716543154,
            -689.1000463273388,
            -747.4810757158833,
            -903.1251293890509,
            -844.7194913739883,
            -562.8132915125497,
            -365.15806220751597,
            -162.5155778830535,
            142.72080468392448,
            317.78442329995437,
            167.6771160264298,
            216.0515645686588,
            218.12456013405676,
            195.23349235328587,
            77.42114783420058,
            26.126642005521315,
            0,
            -193.56953341570096,
            -246.97156047386605,
            -297.93642528728213,
            -295.28269882815687,
            -214.68646158021738,
            -286.4678046149259,
            -212.80292206676918,
            -181.34703434406185,
            -137.46938661365067,
            0,
            0,
            0,
            0,
            0
        ],
        [
            -56.93539005327101,
            -246.0587005713314,
            -192.36017243773347,
            -219.9508933385699,
            -324.2161945311959,
            -426.99250632158953,
            -482.22700201584166,
            -513.3459207305655,
            -552.9654128726997,
            -601.8822929145655,
            -752.5790628026728,
            -688.6197869017557,
            -398.53280911281513,
            -194.49388074318588,
            13.962553571741184,
            325.39440380141275,
            504.53616600569933,
            355.2261617245618,
            405.7871940517528,
            409.35024273272654,
            387.50355418772955,
            270.21557351999445,
            219.7262024959448,
            193.56953341570096,
            0,
            -55.13762212076443,
            -108.98135308004989,
            -112.02177500501291,
            -43.344226777261376,
            -120.96424338719605,
            -67.03610061292214,
            -52.96707602973806,
            0,
            0,
            0,
            0,
            0,
            0
        ],
        [
            -62.48807177889007,
            -242.78825833824575,
            -176.9337660248971,
            -199.02809173299514,
            -300.3883973766853,
            -400.30531593089665,
            -451.9678192036793,
            -479.37951424496896,
            -515.6259807987466,
            -561.4106518415176,
            -710.8406899847142,
            -644.5251916108554,
            -350.6453033697476,
            -143.99193201928264,
            66.59179081677026,
            379.9833156253606,
            559.8841370066299,
            410.34041820482963,
            460.9068671792644,
            464.2628155233099,
            442.12768710496874,
            324.9680910299536,
            274.17321563782383,
            246.97156047386605,
            55.13762212076443,
            0,
            -53.45762607088736,
            -57.92119433547752,
            3.280784164566912,
            -68.91650000126715,
            -24.634725086440614,
            0,
            0,
            0,
            0,
            0,
            0,
            0
        ],
        [
            -61.04149204498436,
            -233.9189013000385,
            -157.6525099904393,
            -174.26391996080073,
            -272.0676646043417,
            -368.50834527541076,
            -416.28072827335563,
            -439.7964867900906,
            -472.41614176608834,
            -514.7490755514566,
            -661.9456419317424,
            -593.6615933176133,
            -297.87014612612313,
            -89.99164448923905,
            121.22590831126443,
            434.26944087167533,
            613.4284931385164,
            464.4913668058938,
            514.3969401927232,
            517.1899039119961,
            494.5780260787181,
            378.16743272200796,
            326.9067786000815,
            297.93642528728213,
            108.98135308004989,
            53.45762607088736,
            0,
            -7.3216998199237295,
            41.94345504239784,
            -23.885254338791707,
            0.47246559590534426,
            0,
            0,
            0,
            0,
            0,
            0,
            0
        ],
        [
            -63.387588438892585,
            -235.87076470938365,
            -155.8967102016277,
            -171.30796497400857,
            -268.6715072265056,
            -364.43111484542436,
            -411.12730251540916,
            -433.42181903225475,
            -464.7442317376487,
            -505.6041406562224,
            -651.0541118832466,
            -582.1775019527183,
            -287.4427439212642,
            -80.68795491962965,
            128.77172464469052,
            438.2341977459727,
            614.4031977800026,
            466.5636398817878,
            514.6891988725029,
            516.2538651959786,
            492.80010049992126,
            377.8258952758981,
            326.11276231467497,
            295.28269882815687,
            112.02177500501291,
            57.92119433547752,
            7.3216998199237295,
            0,
            37.24306589668514,
            -7.4441813224936775,
            0,
            0,
            0,
            0,
            0,
            0,
            0,
            0
        ],
        [
            -76.92970423411612,
            -259.49157074010316,
            -185.56671745972517,
            -206.62350868776286,
            -308.86453788700777,
            -408.6876782768231,
            -458.87160282477276,
            -484.159910215714,
            -517.817484554082,
            -560.2339785987933,
            -704.9395621228064,
            -637.2447077389938,
            -347.0829280427695,
            -144.21409689348482,
            60.733613057384126,
            362.95654036928636,
            533.6607360602743,
            387.6708517240211,
            432.99754859136124,
            432.9290599009418,
            408.67688008444185,
            296.53633749350973,
            245.50354233473513,
            214.68646158021738,
            43.344226777261376,
            -3.280784164566912,
            -41.94345504239784,
            -37.24306589668514,
            0,
            0,
            0,
            0,
            0,
            0,
            0,
            0,
            0,
            0
        ],
        [
            -57.08902675425008,
            -223.22765658192847,
            -139.4342742641178,
            -151.22515105171752,
            -244.37266194173927,
            -335.6550305075475,
            -378.24381630100476,
            -396.65710852849963,
            -423.7022983158523,
            -459.65413062859085,
            -597.2502830076804,
            -528.3064779895717,
            -242.75774418630172,
            -43.447493775894074,
            156.80064308442542,
            449.98512939021714,
            614.2115272290404,
            472.24011501791523,
            514.2055919123778,
            511.9743862312886,
            486.1861749507376,
            376.98915925845205,
            323.98228458689874,
            286.4678046149259,
            120.96424338719605,
            68.91650000126715,
            23.885254338791707,
            7.4441813224936775,
            0,
            0,
            0,
            0,
            0,
            0,
            0,
            0,
            0,
            0
        ],
        [
            -61.447442214467614,
            -232.78479203460438,
            -157.2393293869973,
            -173.28441104242296,
            -268.3180334549017,
            -360.827284051911,
            -404.93343092475897,
            -424.73983858414095,
            -452.2934295151945,
            -487.7044411987039,
            -620.6608639660463,
            -553.4417959725793,
            -277.73407142176876,
            -86.11880948973712,
            105.37745056168774,
            384.27047104491777,
            538.4627192878653,
            401.6422922805533,
            438.9681488061375,
            434.2989914573936,
            407.4905918306273,
            303.9955969354615,
            251.99231698143004,
            212.80292206676918,
            67.03610061292214,
            24.634725086440614,
            -0.4724655959053415,
            0,
            0,
            0,
            0,
            0,
            0,
            0,
            0,
            0,
            0,
            0
        ],
        [
            -49.590686863739144,
            -214.41573721758596,
            -142.32575287369758,
            -156.58354469198088,
            -247.14029028738597,
            -335.1238817021899,
            -375.9793515148634,
            -393.0676318530736,
            -417.30284064099163,
            -448.611129167207,
            -573.0575419277832,
            -507.15199134881624,
            -244.11189596727635,
            -62.263617466928466,
            117.9080321027885,
            377.78731787838603,
            518.6021818692456,
            388.773470738034,
            419.4734877167127,
            410.8045648737593,
            381.50448417226596,
            284.25512523956235,
            230.28653279514808,
            181.34703434406188,
            52.96707602973806,
            0,
            0,
            0,
            0,
            0,
            0,
            0,
            0,
            0,
            0,
            0,
            0,
            0
        ],
        [
            -21.38467456678113,
            -160.72823174441842,
            -84.17103916549499,
            -87.84154883882049,
            -165.20152966606932,
            -241.03475651129642,
            -272.5201615286464,
            -281.8877127021198,
            -298.4927452564305,
            -322.08510370943696,
            -434.0892385607522,
            -369.70839021372376,
            -123.78797816556687,
            44.559955269485464,
            208.76655227435268,
            441.84816565292033,
            562.8757578176886,
            440.2156894890495,
            458.8506830205741,
            440.7437744984306,
            402.91297788512406,
            308.0910330059001,
            237.9195211093975,
            137.46938661365067,
            0,
            0,
            0,
            0,
            0,
            0,
            0,
            0,
            0,
            0,
            0,
            0,
            0,
            0
        ],
        [
            0,
            -140.6790262154684,
            -78.66968053726114,
            -83.68726003002081,
            -156.52613713113854,
            -227.6655703246902,
            -256.81376049789486,
            -264.67110386465345,
            -278.45508257941555,
            -297.59297995548314,
            -396.22124435724135,
            -335.5308315183736,
            -113.86008197366473,
            35.481591643849924,
            177.64993287513724,
            374.0139068750305,
            467.80554052816626,
            355.5534305232544,
            357.6235281775297,
            326.0762480168252,
            274.6840144587599,
            180.77459370968478,
            30.803420568620414,
            0,
            0,
            0,
            0,
            0,
            0,
            0,
            0,
            0,
            0,
            0,
            0,
            0,
            0,
            0
        ],
        [
            0,
            -105.5949186390423,
            -65.3255481177326,
            -71.16883820614113,
            -136.87665026060458,
            -200.882988740352,
            -226.23514205185023,
            -231.50507751691137,
            -241.00198490731088,
            -253.65166816933774,
            -333.61097040752503,
            -277.60221725065725,
            -89.26659467860807,
            33.34182313599676,
            143.4621484612148,
            284.4408223925017,
            332.9017089128483,
            229.21864588599607,
            189.08974134291537,
            84.68927329253887,
            0,
            0,
            0,
            0,
            0,
            0,
            0,
            0,
            0,
            0,
            0,
            0,
            0,
            0,
            0,
            0,
            0,
            0
        ],
        [
            0,
            -31.96264485328927,
            -38.68043445814644,
            -43.33931905230424,
            -97.13796105416688,
            -149.8710324343804,
            -168.97326003513155,
            -169.9924638220077,
            -173.15927527509518,
            -176.45958147276693,
            -228.93014887386468,
            -179.14760012625453,
            -41.564087626298324,
            36.63460753006007,
            85.69862832473851,
            90.98400311909737,
            0,
            0,
            0,
            0,
            0,
            0,
            0,
            0,
            0,
            0,
            0,
            0,
            0,
            0,
            0,
            0,
            0,
            0,
            0,
            0,
            0,
            0
        ],
        [
            0,
            0,
            -18.908280113699135,
            -40.98790547952452,
            -86.26728730753257,
            -128.8923049973435,
            -142.81036743906938,
            -138.7340113928024,
