{
    "bin_ranges": {
        "m3pi_lower_limit": 2.02,
        "m3pi_upper_limit": 2.06,
        "t_lower_limit": 0.141,
        "t_upper_limit": 0.194
    },
    "info": "The dalitz matrix M is computed as sqrt(-Kibble) * (A[1]-A[2])",
    "bin_centers": [
        0.29900000000000004,
        0.33999999999999997,
        0.38,
        0.42000000000000004,
        0.45999999999999996,
        0.5,
        0.54,
        0.5800000000000001,
        0.62,
        0.66,
        0.69,
        0.71,
        0.73,
        0.75,
        0.77,
        0.79,
        0.81,
        0.83,
        0.85,
        0.87,
        0.89,
        0.91,
        0.94,
        0.98,
        1.02,
        1.06,
        1.1,
        1.1400000000000001,
        1.18,
        1.22,
        1.26,
        1.3,
        1.34,
        1.38,
        1.42,
        1.46,
        1.5,
        1.54,
        1.58,
        1.62,
        1.66,
        1.7,
        1.74,
        1.78,
        1.82,
        1.8599999999999999,
        1.9
    ],
    "real(M)": [
        [
            0,
            0,
            0,
            0,
            0,
            0,
            0,
            0,
            0,
            0,
            0,
            0,
            0,
            0,
            0,
            0,
            0,
            0,
            0,
            0,
            0,
            0,
            0,
            0,
            0,
            0,
            0,
            0,
            -66.50244369128838,
            -120.74871859417274,
            -176.89832022901606,
            -200.21246931612058,
            -230.8985152479782,
            -249.46524977559403,
            -278.97241432058183,
            -271.90711541087325,
            -264.9892693068109,
            -264.73003979969377,
            -211.47564756700115,
            -197.66091389262203,
            -70.69783905838726,
            0,
            0,
            0,
            0,
            0,
            0
        ],
        [
            0,
            0,
            0,
            0,
            0,
            0,
            0,
            0,
            0,
            0,
            0,
            0,
            0,
            0,
            0,
            0,
            0,
            0,
            0,
            0,
            0,
            0,
            0,
            65.0283661561473,
            87.30967158194767,
            152.53432183732497,
            121.22535915742007,
            167.6536587197879,
            187.94520459798227,
            200.91285151328614,
            157.50317649196438,
            169.05618116153872,
            149.17833410267357,
            139.9758052719164,
            98.17307431523908,
            109.92186622395646,
            106.17225316903362,
            70.28238028217949,
            113.54942064623447,
            21.15094340395551,
            53.65114922075444,
            8.929990728548,
            -1.6117788422968422,
            14.164205899220377,
            0,
            0,
            0
        ],
        [
            0,
            0,
            0,
            0,
            0,
            0,
            0,
            0,
            0,
            0,
            0,
            0,
            0,
            0,
            0,
            0,
            0,
            6.8961560185501805,
            56.52919923878263,
            75.70403341123028,
            88.38503275787494,
            144.32582038024276,
            175.1828708395725,
            185.04242351530348,
            176.40965592584945,
            264.31370129689395,
            197.32653047458365,
            257.182017696288,
            278.3017109961406,
            290.3207436242438,
            226.52666429805274,
            239.62224447167932,
            211.21840667686538,
            197.94645918152779,
            142.11472423077575,
            157.5758341759553,
            152.87912032446187,
            105.66921099594857,
            164.83280722728847,
            40.147551147424714,
            86.6739718727618,
            22.989528609257725,
            5.547095780763074,
            55.294925053372204,
            123.51335650376463,
            0,
            0
        ],
        [
            0,
            0,
            0,
            0,
            0,
            0,
            0,
            0,
            0,
            0,
            0,
            0,
            0,
            -63.62524371712658,
            -63.94488825602364,
            -38.811719160245104,
            30.73175624995829,
            23.518499973797667,
            90.82184557964358,
            92.32240585019383,
            92.36505794931571,
            166.39655703831875,
            189.9285406844205,
            181.63173282641574,
            154.34656569581648,
            257.45526261292326,
            160.52581342378144,
            228.11634782804728,
            247.18458375887394,
            255.90757000451998,
            172.72674843339618,
            185.1825156410849,
            148.03807144146157,
            130.3178488328069,
            62.092452928404526,
            80.99358713810375,
            76.47278073246096,
            21.474337908270776,
            96.6897407169995,
            -50.98197324227098,
            12.108892244508995,
            -59.792049710193545,
            -73.144568783908,
            7.8033678549693395,
            165.7417256377952,
            128.76083388884868,
            0
        ],
        [
            0,
            0,
            0,
            0,
            0,
            0,
            0,
            0,
            0,
            0,
            -80.06132965283686,
            -185.1433095337383,
            -267.01600270600613,
            -341.87804817104677,
            -304.0001854023679,
            -261.917958947021,
            -166.6392383807392,
            -194.33093686114327,
            -116.5178002494776,
            -131.23020523258745,
            -146.34585475027762,
            -65.00858796519458,
            -56.43580565589547,
            -91.89732915313701,
            -146.8733402592329,
            -41.94055341613613,
            -175.11169967275762,
            -110.06403267395208,
            -101.03383430081792,
            -102.3628276686106,
            -208.86732942097376,
            -201.75195920951913,
            -250.19938130984704,
            -273.94916074300085,
            -353.8095389322504,
            -330.6170367345047,
            -331.93351223723346,
            -388.7606898893846,
            -291.86675182873427,
            -449.6158023286383,
            -358.73158469566465,
            -420.41263586603543,
            -407.9938495226844,
            -273.44728064610405,
            -17.49168476682956,
            79.05332701199298,
            0
        ],
        [
            0,
            0,
            0,
            0,
            0,
            0,
            0,
            0,
            10.614972784030513,
            -28.13594344366636,
            -22.90595930033546,
            -147.43202582717498,
            -223.71784224997967,
            -290.0563233440714,
            -206.95422407895234,
            -127.99987214820422,
            12.118665553049256,
            -7.395083783476258,
            102.26470990061891,
            96.32391104687204,
            89.50339929204412,
            197.3096626327363,
            221.57981681928317,
            197.40033498182564,
            149.7300420406037,
            285.43256370700345,
            145.67824603228374,
            231.8805942754632,
            252.41851566262787,
            259.7062057685309,
            146.63964440026103,
            160.6638745720383,
            110.41365752081208,
            86.3096763076747,
            -2.7053167565798173,
            22.03455780637635,
            16.93623927225425,
            -53.03677677881155,
            46.69365058332767,
            -143.04028574349564,
            -57.277067763143044,
            -148.33765564836108,
            -162.39997529042606,
            -45.65620511651988,
            203.4098946765861,
            259.37805050714394,
            0
        ],
        [
            0,
            0,
            0,
            0,
            0,
            0,
            0,
            8.097425610088068,
            64.84140554429743,
            6.161896524828133,
            24.646778222527082,
            -130.2393809625884,
            -216.5683326146042,
            -288.44261140850745,
            -178.57090307975412,
            -77.54544550517663,
            93.10677640808741,
            73.3988335751079,
            204.25953532779448,
            199.69663901994087,
            194.1789113086674,
            320.01905551262337,
            350.35230176304816,
            326.3756410345092,
            276.14150717430334,
            431.81668476653255,
            278.3133797904079,
            377.30348637250336,
            402.4879936364187,
            412.5464405741107,
            288.9210201068207,
            305.82060596871804,
            251.2294974815646,
            225.1042802648635,
            126.92322768344562,
            153.56657239898607,
            146.63966748176023,
            67.56392870890744,
            174.35593485455598,
            -38.32793801290559,
            50.90625535777853,
            -55.96191195642406,
            -80.0105824345709,
            38.02316222787399,
            301.1733894355692,
            349.7899472906185,
            0
        ],
        [
            0,
            0,
            0,
            0,
            0,
            0,
            -8.097425610088068,
            0,
            67.7595255017163,
            -18.483084807122143,
            0.6440402422824245,
            -186.0770821515752,
            -287.33817176978727,
            -370.0578905267673,
            -242.11089065774055,
            -126.47221884581982,
            66.96525148576477,
            42.66799818908275,
            188.6264427557594,
            181.30262049655747,
            173.09764056470854,
            311.84379106250145,
            342.48444983266523,
            312.0630229048781,
            253.28981381192958,
            422.02119730118415,
            250.5107520080303,
            356.90593612138787,
            382.40233979805856,
            391.5728183107253,
            255.12400428356133,
            272.44934498639884,
            212.1782427663262,
            183.2691140538644,
            76.41204859090769,
            105.56158929801299,
            98.58043638013906,
            13.766511397936878,
            130.83082604642883,
            -97.64324500085901,
            1.363200825540685,
            -111.10295779788791,
            -133.09752723662925,
            -0.6039935871595076,
            289.4662995923012,
            349.819603580598,
            0
        ],
        [
            0,
            0,
            0,
            0,
            0,
            -10.614972784030513,
            -64.84140554429743,
            -67.7595255017163,
            0,
            -117.64584180703667,
            -104.14940510684528,
            -323.1722965883673,
            -441.89291243915363,
            -538.3786937143908,
            -397.7201075796026,
            -272.2048490197481,
            -61.096413313644646,
            -92.78504830894002,
            64.1389347248723,
            51.33053479157021,
            37.79164991108916,
            185.86884266303207,
            212.89653909793884,
            171.53314329478002,
            100.18883851342645,
            277.0646598577019,
            84.80356005498008,
            194.82138942242685,
            217.67362401249937,
            223.51556290449244,
            72.97009488618792,
            89.20238139164388,
            22.652324281272357,
            -9.205205434858241,
            -123.84688232368882,
            -91.3079537796564,
            -96.49297657222588,
            -183.8376926030813,
            -53.605120761615005,
            -291.3938509233386,
            -177.17985952581373,
            -286.30820638192,
            -295.861649640306,
            -137.85321312553398,
            189.23136024730945,
            276.5675682380036,
            0
        ],
        [
            0,
            0,
            0,
            0,
            0,
            28.13594344366636,
            -6.161896524828133,
            18.483084807122143,
            117.64584180703667,
            0,
            27.424303763260042,
            -209.08602010633672,
            -332.40649215214086,
            -430.60324475584656,
            -267.5378448297609,
            -122.50228582652814,
            115.129806609848,
            86.2820925409597,
            262.91093916077693,
            254.09185625009223,
            244.36550103184388,
            409.7505993272396,
            445.61596124065005,
            409.20475725362354,
            340.06332966953516,
            537.5116273977193,
            337.26245456660405,
            461.058413067665,
            490.4266113579497,
            500.73612643746657,
            343.0350355762824,
            362.80738409007233,
            293.25274661425027,
            259.726599620813,
            136.9761256254895,
            169.6954291213173,
            160.85356910149792,
            63.29437338786898,
            194.65769541033993,
            -65.58589622714238,
            44.16021413464493,
            -84.45844960658629,
            -111.37466757318913,
            31.580033089864525,
            336.6508207651816,
            363.15943860239287,
            0
        ],
        [
            0,
            0,
            0,
            0,
            80.06132965283686,
            22.90595930033546,
            -24.646778222527082,
            -0.6440402422824245,
            104.14940510684528,
            -27.424303763260042,
            0,
            -254.92867187346326,
            -387.4671086134035,
            -492.6559668409942,
            -319.3351492827145,
            -165.84283656955188,
            85.4355971740296,
            53.616847791599696,
            239.43690817274842,
            228.7955996068576,
            217.2755379560343,
            390.647171746124,
            426.5682566324222,
            385.8773799938134,
            311.0913408726366,
            516.6335330204968,
            304.6995810722013,
            433.0091816018375,
            462.3801900707173,
            471.94197647511277,
            305.9832622942494,
            325.91197205791565,
            252.7375342966772,
            217.473356521402,
            89.4766207176628,
            123.87463846547006,
            115.23328908470518,
            14.706690071062885,
            152.37609867591436,
            -115.75073529760732,
            0.20701056472771573,
            -129.50765228931823,
            -152.9354196739141,
            -1.7015412324479542,
            309.183809312071,
            320.3912599377691,
            0
        ],
        [
            0,
            0,
            0,
            0,
            185.1433095337383,
            147.43202582717498,
            130.2393809625884,
            186.0770821515752,
            323.1722965883673,
            209.08602010633672,
            254.92867187346326,
            0,
            -127.08167439711961,
            -225.76375019817183,
            -35.231124115742126,
            134.00757228903498,
            404.05873405591166,
            380.03868545791653,
            581.1722929190088,
            578.4669189898827,
            574.6040433029435,
            761.6334409819219,
            809.8148947891773,
            781.628757294939,
            717.2620638372871,
            940.8299506761451,
            732.9039296429283,
            874.3023793504675,
            912.4460947039928,
            928.8031332224143,
            763.2399071718996,
            787.2583213202462,
            713.9329874752548,
            677.7419634672327,
            544.4396751374851,
            575.5467680824254,
            560.0362961676533,
            447.70521832429364,
            575.9352491951952,
            285.7637283911514,
            383.5864690382869,
            225.71910494221035,
            169.5217339143255,
            279.9549841500551,
            529.3030092699323,
            421.6917749115485,
            0
        ],
        [
            0,
            0,
            0,
            0,
            267.01600270600613,
            223.71784224997967,
            216.5683326146042,
            287.33817176978727,
            441.89291243915557,
            332.40649215214086,
            387.4671086134035,
            127.08167439711961,
            0,
            -97.49019377234215,
            104.78485677727738,
            284.51588957309906,
            568.1596363477174,
            547.2271904089686,
            758.8946001090078,
            759.6948953373395,
            759.204017803531,
            955.5766166994694,
            1010.0267611003932,
            986.9322212073228,
            926.1716159190523,
            1161.292577825371,
            951.8647236044446,
            1101.1735327214726,
            1143.6507284941968,
            1163.0698732599842,
            995.0612009036068,
            1020.9395982415168,
            946.1610263930975,
            908.6106029673268,
            770.6585884660501,
            800.0326590916393,
            780.449921497423,
            660.5716096140187,
            784.783198013213,
            480.3877788628746,
            569.2876802255978,
            395.48640304516465,
            321.69180367652825,
            409.97361135558845,
            620.2875178261527,
            417.0276181099127,
            0
        ],
        [
            0,
            0,
            0,
            63.62524371712658,
            341.87804817104677,
            290.0563233440714,
            288.44261140850745,
            370.0578905267673,
            538.3786937143908,
            430.60324475584656,
            492.6559668409942,
            225.76375019817183,
            97.49019377234215,
            0,
            212.55021423116787,
            401.38812887445124,
            697.1907166678877,
            678.2493172978676,
            899.1760552156652,
            902.4369711124832,
            904.306534189642,
            1108.8746214438543,
            1168.14107781556,
            1148.3920690454033,
            1089.6481102902765,
            1334.6218417992188,
            1122.485212191707,
            1278.342715673695,
            1324.0206010029533,
            1345.5369967872537,
            1174.4405840608995,
            1201.536692416823,
            1124.935958746375,
            1085.8181516392044,
            943.3272034922746,
            971.1303712330439,
            947.9377130054557,
            821.3846684738896,
            942.4053040959876,
            625.6469370945292,
            707.2074613800202,
            520.0682212163618,
            431.6304993776626,
            500.5455773649189,
            672.3085410693199,
            348.789792197684,
            0
        ],
        [
            0,
            0,
            0,
            63.94488825602364,
            304.0001854023679,
            206.95422407895234,
            178.57090307975412,
            242.11089065774055,
            397.7201075796012,
            267.5378448297609,
            319.3351492827145,
            35.231124115742126,
            -104.78485677727738,
            -212.55021423116787,
            0,
            188.00438737023285,
            486.2293428609506,
            460.1177488421012,
            681.2150364120596,
            678.3166105074326,
            674.204454061456,
            878.7373132323115,
            931.2027862033426,
            900.3783172809631,
            830.4192893780205,
            1072.9754992795351,
            847.473851358733,
            1000.2474485032586,
            1040.9698806621816,
            1057.9223247767286,
            878.820694498825,
            903.7408797753058,
            823.8495288677235,
            783.652937014559,
            639.4032495389889,
            670.6426364288902,
            651.5845629818775,
            529.2732206377127,
            661.1347992951348,
            350.8292044653364,
            448.06118790823945,
            277.28332183674996,
            211.7801440699109,
            309.7146005887171,
            508.0762459349704,
            118.05693050132086,
            0
        ],
        [
            0,
            0,
            0,
            38.811719160245104,
            261.917958947021,
            127.99987214820422,
            77.54544550517663,
            126.47221884581982,
            272.2048490197481,
            122.50228582652814,
            165.84283656955188,
            -134.00757228903498,
            -284.51588957309906,
            -401.38812887445124,
            -188.00438737023285,
            0,
            301.3625053525871,
            269.0478658393771,
            491.0476124260723,
            482.87891877304514,
            473.6455594417725,
            678.8106810767733,
            725.627034534352,
            685.244807747593,
            605.5093090707988,
            846.7371473116224,
            609.2113706496938,
            759.834309680559,
            796.5042207381148,
            809.6923131856738,
            623.4271053614531,
            646.7066371661612,
            564.0157405515488,
            523.0481633279493,
            377.30260295389866,
            411.88430076344645,
            396.7340205523353,
            278.37867866542484,
            420.1974039459115,
            115.95941067546424,
            227.48560353021708,
            72.02436078358852,
            27.96253300222094,
            152.39304850843874,
            371.5967173299559,
            0,
            0
        ],
        [
            0,
            0,
            0,
            -30.73175624995829,
            166.6392383807392,
            -12.118665553049256,
            -93.10677640808741,
            -66.96525148576477,
            61.09641331364483,
            -115.129806609848,
            -85.4355971740296,
            -404.05873405591166,
            -568.1596363477174,
            -697.1907166678877,
            -486.2293428609506,
            -301.3625053525871,
            0,
            -41.29201330402359,
            178.71837679538487,
            162.65732952097028,
            145.76715331748315,
            348.95203259132813,
            386.568087647974,
            332.28958663106715,
            238.8477014064267,
            474.97264023556096,
            222.43292861516537,
            368.0630493420097,
            398.4000750155547,
            406.0700600559469,
            211.60716650265454,
            232.62856602979286,
            147.26534195474835,
            106.328185923573,
            -39.21018209322251,
            1.101282012300457,
            -6.711696610525152,
            -116.40097158102934,
            41.01561999303512,
            -249.15629998531028,
            -114.13153791404734,
            -241.85319037358613,
            -248.59151733941698,
            -76.81785518243505,
            192.42233408743962,
            0,
            0
        ],
        [
            0,
            0,
            -6.8961560185501805,
            -23.518499973797667,
            194.33093686114327,
            7.395083783476258,
            -73.3988335751079,
            -42.66799818908275,
            92.78504830894002,
            -86.2820925409597,
            -53.616847791599696,
            -380.0386854579158,
            -547.2271904089686,
            -678.2493172978676,
            -460.11774884210195,
            -269.0478658393771,
            41.29201330402364,
            0,
            226.524174727305,
            210.98437260393368,
            194.57845664547568,
            403.4858348855855,
            443.1372215615773,
            389.0338245502886,
            294.8256266396473,
            537.3351619063434,
            280.37346646051117,
            429.9688774123912,
            461.60810439110395,
            469.910656631879,
            271.96799718140903,
            293.53790064489885,
            206.53584149527552,
            164.58479739133583,
            16.088171212915675,
            56.28278550562332,
            47.233138804927464,
            -65.36829111634873,
            92.0147733339172,
            -203.21162719425826,
            -69.82716239740857,
            -200.86786136491153,
            -210.43781724127467,
            -45.958908398868566,
            186.438431210155,
            0,
            0
        ],
        [
            0,
            0,
            -56.52919923878263,
            -90.82184557964358,
            116.5178002494776,
            -102.26470990061891,
            -204.25953532779448,
            -188.6264427557594,
            -64.1389347248723,
            -262.91093916077693,
            -239.43690817274842,
            -581.1722929190088,
            -758.8946001090078,
            -899.1760552156652,
            -681.2150364120596,
            -491.0476124260723,
            -178.71837679538487,
            -226.524174727305,
            0,
            -21.148987524107365,
            -42.99868729496124,
            165.74205524898215,
            199.18327515630574,
            135.07801044235487,
            30.830715411716373,
            271.1167629204826,
            2.4591428235397714,
            149.4543301599327,
            176.9986926346664,
            181.70833991558763,
            -22.52074725610772,
            -2.054850693694462,
            -90.7893566623261,
            -132.29121579054652,
            -280.39953021633164,
            -235.21967976452723,
            -238.13958845466496,
            -343.60233681127954,
            -173.6875602326808,
            -457.03858677175367,
            -304.8540677050447,
            -412.36691386849725,
            -390.06945772939656,
            -186.11757296797444,
            79.07100270184131,
            0,
            0
        ],
        [
            0,
            0,
            -75.70403341123028,
            -92.32240585019383,
            131.23020523258745,
            -96.32391104687204,
            -199.69663901994087,
            -181.30262049655747,
            -51.33053479157021,
            -254.09185625009223,
            -228.7955996068576,
            -578.4669189898827,
            -759.6948953373395,
            -902.4369711124832,
            -678.3166105074326,
            -482.87891877304514,
            -162.65732952097028,
            -210.98437260393368,
            21.148987524107365,
            0,
            -21.867402523855326,
            191.78170041630787,
            226.47574335972106,
            161.72668597054636,
            56.03608153490487,
            301.6138686450535,
            28.285685741162307,
            178.47386550715746,
            206.8304921626824,
            211.83008027008734,
            4.262851674606393,
            25.176504986712818,
            -64.94225030630875,
            -107.1156027434716,
            -257.4026693147205,
            -211.7670391724467,
            -214.9981227755709,
            -321.84285172888116,
            -150.9736544819492,
            -436.23319113561826,
            -283.72556977589926,
            -390.2857394228357,
            -365.603975290958,
            -163.4873341326748,
            53.76377756249142,
            0,
            0
        ],
        [
            0,
            0,
            -88.38503275787494,
            -92.36505794931571,
            146.34585475027762,
            -89.50339929204412,
            -194.1789113086674,
            -173.09764056470854,
            -37.79164991108916,
            -244.36550103184388,
            -217.2755379560343,
            -574.6040433029426,
            -759.204017803531,
            -904.306534189642,
            -674.2044540614567,
            -473.6455594417729,
            -145.76715331748315,
            -194.57845664547568,
            42.99868729496133,
            21.867402523855326,
            0,
            218.40681619084117,
            254.3303240029657,
            188.98299114995277,
            81.92214068446786,
            332.6031051531874,
            54.79829907092007,
            208.04850999701551,
            237.17258143967084,
            242.42929474028978,
            31.67341003588107,
            52.982113542724974,
            -38.471642725702324,
            -81.31386327791843,
            -233.65052146395948,
            -187.6564791918224,
            -191.24449678375768,
            -299.3519144748819,
            -127.89002940154946,
            -414.48425010065364,
            -262.02410131007457,
            -367.1296639780098,
            -339.61278255021244,
            -139.86820038405344,
            0,
            0,
            0
        ],
        [
            0,
            0,
            -144.32582038024276,
            -166.39655703831875,
            65.00858796519458,
            -197.3096626327363,
            -320.01905551262337,
            -311.84379106250145,
            -185.86884266303207,
            -409.7505993272396,
            -390.647171746124,
            -761.6334409819219,
            -955.5766166994694,
            -1108.8746214438543,
            -878.7373132323115,
            -678.8106810767733,
            -348.95203259132813,
            -403.4858348855855,
            -165.74205524898215,
            -191.78170041630787,
            -218.40681619084117,
            0,
            30.54727162116769,
            -43.50220867857155,
            -159.26430671081863,
            89.70448313135313,
            -198.174351387446,
            -46.912903171038565,
            -21.045569744587116,
            -18.536325244721997,
            -234.2107498684832,
            -213.2654061593861,
            -305.4187202906507,
            -346.92423302804275,
            -497.59838794490537,
            -446.001154387704,
            -442.6362251542471,
            -542.1946781279593,
            -358.0785679210231,
            -629.5876567665852,
            -457.4628269122712,
            -534.574346310129,
            -468.61579729112503,
            -218.248733968116,
            0,
            0,
            0
        ],
        [
            0,
            0,
            -175.1828708395725,
            -189.9285406844205,
            56.43580565589547,
            -221.57981681928317,
            -350.35230176304816,
            -342.48444983266523,
            -212.89653909793884,
            -445.61596124065005,
            -426.5682566324222,
            -809.8148947891773,
            -1010.0267611003932,
            -1168.14107781556,
            -931.2027862033426,
            -725.6270345343528,
            -386.56808764797427,
            -443.1372215615773,
            -199.18327515630594,
            -226.47574335972106,
            -254.3303240029657,
            -30.54727162116769,
            0,
            -76.9500006773928,
            -196.4451018081606,
            57.82905349614068,
            -237.51651890074925,
            -83.2764215257089,
            -57.27211488735151,
            -55.026441670660496,
            -275.1344459216403,
            -253.5783998491134,
            -346.92706632214544,
            -388.32031026398226,
            -539.9628019626219,
            -485.9274057011136,
            -480.3039238736947,
            -577.5152103076136,
            -389.01121537464775,
            -654.2095586327306,
            -475.57363327738335,
            -537.7274842969282,
            -449.3117204345548,
            -169.28278872886293,
            0,
            0,
            0
        ],
        [
            0,
            -65.02836615614723,
            -185.04242351530348,
            -181.63173282641574,
            91.89732915313701,
            -197.40033498182564,
            -326.3756410345092,
            -312.0630229048781,
            -171.53314329478002,
            -409.20475725362354,
            -385.8773799938134,
            -781.628757294939,
            -986.9322212073228,
            -1148.3920690454033,
            -900.3783172809631,
            -685.244807747593,
            -332.28958663106715,
            -389.0338245502886,
            -135.07801044235487,
            -161.72668597054636,
            -188.98299114995277,
            43.50220867857155,
            76.9500006773928,
            0,
            -120.84028622100278,
            142.78476951891128,
            -159.1593582670399,
            0.7583597536183839,
            28.548335997481164,
            31.6268398261815,
            -192.99209689018812,
            -170.55793172339892,
            -265.6244675989156,
            -307.82819839574427,
            -461.92837546990336,
            -407.5389047386306,
            -402.5118993795169,
            -500.55799083296927,
            -313.4816071329226,
            -574.8772489464216,
            -398.2238163653375,
            -448.8513733298764,
            -339.0597255107326,
            0,
            0,
            0,
            0
        ],
        [
            0,
            -87.30967158194399,
            -176.40965592584945,
            -154.34656569581648,
            146.8733402592329,
            -149.7300420406037,
            -276.14150717430334,
            -253.28981381192958,
            -100.18883851342645,
            -340.06332966953516,
            -311.0913408726366,
            -717.2620638372871,
            -926.1716159190523,
            -1089.6481102902765,
            -830.4192893780205,
            -605.5093090707988,
            -238.8477014064267,
            -294.8256266396473,
            -30.830715411716373,
            -56.03608153490487,
            -81.92214068446786,
            159.26430671081863,
            196.4451018081606,
            120.84028622100278,
            0,
            272.9881656518632,
            -33.93144678910998,
            131.62669315149668,
            161.3917430985581,
            165.3628286036265,
            -63.03220688320793,
            -40.171492637679876,
            -137.15166772212055,
            -180.85515717901868,
            -337.7595227846426,
            -284.8493119770852,
            -282.391614503296,
            -382.8138532372996,
            -201.94358304712551,
            -459.5150880109131,
            -291.26046751148334,
            -330.815316617966,
            -187.253805904804,
            0,
            0,
            0,
            0
        ],
        [
            0,
            -152.53432183732107,
            -264.31370129689395,
            -257.45526261292326,
            41.94055341613613,
            -285.43256370700345,
            -431.81668476653255,
            -422.02119730118415,
            -277.0646598577019,
            -537.5116273977193,
            -516.6335330204968,
            -940.8299506761451,
            -1161.292577825371,
            -1334.6218417992188,
            -1072.975499279536,
            -846.7371473116224,
            -474.9726402355613,
            -537.3351619063434,
            -271.1167629204826,
            -301.6138686450535,
            -332.6031051531874,
            -89.70448313135313,
            -57.82905349614068,
            -142.78476951891128,
            -272.9881656518632,
            0,
            -318.0349895766782,
            -153.12428778842656,
            -125.68309850146822,
            -123.36101801489106,
            -355.2723377777406,
            -330.7278232911145,
            -425.5598167913019,
            -464.4077011228853,
            -614.1662080220641,
            -550.7248545815715,
            -534.6254322457606,
            -615.4217473068668,
            -415.83257397000637,
            -629.8719971767542,
            -424.5237396929834,
            -371.63284583071,
            0,
            0,
            0,
            0,
            0
        ],
        [
            0,
            -121.22535915742004,
            -197.32653047458368,
            -160.52581342378144,
            175.11169967275762,
            -145.67824603228374,
            -278.3133797904079,
            -250.5107520080303,
            -84.80356005498008,
            -337.26245456660405,
            -304.6995810722013,
            -732.9039296429283,
            -951.8647236044446,
            -1122.485212191707,
            -847.473851358733,
            -609.2113706496938,
            -222.43292861516537,
            -280.3734664605113,
            -2.4591428235397714,
            -28.285685741162307,
            -54.798299070920095,
            198.174351387446,
            237.51651890074925,
            159.1593582670399,
            33.93144678910997,
            318.03498957667824,
            0,
            171.51969596426812,
            202.0302303339154,
            205.64633427426276,
            -28.55195331929401,
            -5.240633674974675,
            -103.59087651440784,
            -147.2575449973387,
            -302.9889731931505,
            -248.43576989360196,
            -243.55708489634856,
            -335.3391433308176,
            -160.0910977772295,
            -376.97440453868177,
            -205.78714070809065,
            -124.84676008855419,
            0,
            0,
            0,
            0,
            0
        ],
        [
            0,
            -167.6536587197879,
            -257.182017696288,
            -228.11634782804728,
            110.06403267395208,
            -231.8805942754632,
            -377.30348637250336,
            -356.90593612138787,
            -194.82138942242685,
            -461.058413067665,
            -433.0091816018375,
            -874.3023793504675,
            -1101.1735327214726,
            -1278.342715673695,
            -1000.2474485032586,
            -759.8343096805595,
            -368.0630493420097,
            -429.9688774123912,
            -149.4543301599327,
            -178.47386550715746,
            -208.04850999701551,
            46.912903171038565,
            83.2764215257089,
            -0.7583597536183839,
            -131.62669315149668,
            153.12428778842656,
            -171.5196959642681,
            0,
            29.454716901306245,
            32.484032720391646,
            -202.36444550939018,
            -177.23587710828667,
            -272.43578080493535,
            -311.18590886892764,
            -458.3834696376911,
            -395.26279408108223,
            -378.31634591072276,
            -449.4235380538316,
            -262.11683008780216,
            -420.13346246714656,
            -201.6335197235879,
            0,
            0,
            0,
            0,
            0,
            0
        ],
        [
            66.50244369127005,
            -187.9452045979823,
            -278.3017109961406,
            -247.18458375887394,
            101.03383430081792,
            -252.41851566262787,
            -402.4879936364187,
            -382.40233979805856,
            -217.67362401249937,
            -490.4266113579497,
            -462.3801900707173,
            -912.4460947039928,
            -1143.6507284941968,
            -1324.0206010029533,
            -1040.969880662182,
            -796.5042207381152,
            -398.40007501555493,
            -461.60810439110395,
            -176.9986926346664,
            -206.8304921626824,
            -237.17258143967084,
