{
    "bin_ranges": {
        "m3pi_lower_limit": 1.1800000000000002,
        "m3pi_upper_limit": 1.2200000000000002,
        "t_lower_limit": 0.141,
        "t_upper_limit": 0.194
    },
    "info": "The dalitz matrix M is computed as sqrt(-Kibble) * (A[1]-A[2])",
    "bin_centers": [
        0.29900000000000004,
        0.33999999999999997,
        0.38,
        0.42000000000000004,
        0.45999999999999996,
        0.5,
        0.54,
        0.5800000000000001,
        0.62,
        0.66,
        0.69,
        0.71,
        0.73,
        0.75,
        0.77,
        0.79,
        0.81,
        0.83,
        0.85,
        0.87,
        0.89,
        0.91,
        0.94,
        0.98,
        1.02,
        1.06
    ],
    "real(M)": [
        [
            0,
            0,
            0,
            0,
            0,
            0,
            0,
            0,
            0,
            0,
            -9.23683580802112,
            -28.91645439386926,
            -36.28620981538491,
            -43.150277554563864,
            -33.422092056219476,
            -14.948787251656425,
            -4.43213197095041,
            2.643492918144788,
            5.800421027799556,
            9.452751538652086,
            18.533368718426125,
            15.21910764967776,
            7.989626242235289,
            0,
            0,
            0
        ],
        [
            0,
            0,
            0,
            0,
            0,
            0,
            0,
            -5.568008217282173,
            -17.314951264767945,
            -34.53099642032309,
            -44.4483236381613,
            -61.173012159722866,
            -59.02278628386542,
            -62.5165607011982,
            -35.87121591851122,
            2.651316903945269,
            23.12691422082421,
            36.17065253412415,
            41.73131833420034,
            48.100508448577166,
            64.86866169028758,
            59.20347861174843,
            46.00429712823612,
            37.21560627461107,
            10.120589727455517,
            0
        ],
        [
            0,
            0,
            0,
            0,
            0,
            -2.7442037199129765,
            -14.829550903658813,
            -24.023119551852417,
            -39.10828550058927,
            -62.1581102540117,
            -74.25969157619255,
            -96.2911793251449,
            -92.17332741370228,
            -96.0067489807345,
            -60.02928460272947,
            -9.1858322290723,
            17.452611731335438,
            34.298728574669475,
            41.50639049066878,
            49.95883640325278,
            72.24790130180365,
            65.70123878966777,
            50.29701829221284,
            43.56488002450847,
            14.708792824696937,
            0
        ],
        [
            0,
            0,
            0,
            0,
            1.5986911284858332,
            -0.5574354873303532,
            -6.924082089250709,
            -13.152201575127298,
            -28.10664536460894,
            -53.14498610635336,
            -65.44714351356428,
            -90.80926660244776,
            -84.39429246845452,
            -87.87300729505927,
            -43.89119144692626,
            17.23197510857122,
            49.00852060950322,
            68.87015609033298,
            77.11999475421779,
            86.68531423130858,
            112.4407355842132,
            103.99945537495957,
            84.4044604888521,
            73.85965372490213,
            34.725458917815395,
            0
        ],
        [
            0,
            0,
            0,
            -1.5986911284858332,
            0,
            -5.30242314917504,
            -14.223480799459269,
            -22.141832933319712,
            -40.076658677243046,
            -69.22700753889099,
            -83.18065739912787,
            -112.14714678423123,
            -104.4784595941166,
            -108.18628062433089,
            -57.89018044471247,
            11.545271725631268,
            47.432920817579564,
            69.74249859564382,
            78.92974563947753,
            89.61257281451493,
            118.46483643060623,
            108.99942079006794,
            87.25796745445616,
            76.04421054639151,
            33.777083156062744,
            0
        ],
        [
            0,
            0,
            2.7442037199129765,
            0.5574354873303532,
            5.30242314917504,
            0,
            -9.269383870342594,
            -17.195585805098407,
            -36.482054795264155,
            -68.17328588019694,
            -82.94030610239791,
            -114.62757651820925,
            -105.59765891150663,
            -109.24754505816793,
            -53.46279405080255,
            22.988619514383213,
            62.241016224766796,
            86.40092590868069,
            96.07208042883009,
            107.2339487881714,
            137.8912898339629,
            126.86599182346392,
            102.06107778221141,
            87.33382683534182,
            38.817215262548224,
            0
        ],
        [
            0,
            0,
            14.829550903658813,
            6.924082089250709,
            14.223480799459269,
            9.269383870342594,
            0,
            -7.680929518895718,
            -27.901910105981685,
            -61.5674584683343,
            -76.89432303827815,
            -110.78573022864677,
            -100.53107942912882,
            -104.0550959302178,
            -43.71305812218658,
            38.39928970631381,
            80.21157019736806,
            105.6013760981344,
            115.32764494298452,
            126.41500808758228,
            157.72651473977092,
            144.8219414136626,
            116.52508155962383,
            96.31287121930791,
            39.32109219019993,
            0
        ],
        [
            0,
            5.568008217282173,
            24.023119551852417,
            13.152201575127298,
            22.141832933319712,
            17.195585805098407,
            7.680929518895718,
            0,
            -21.17683974433936,
            -56.60820119443291,
            -72.43913015106794,
            -108.12720513815643,
            -96.85629482583737,
            -100.23805263893946,
            -36.31168356176266,
            50.05974321729283,
            93.60079219282885,
            119.59665056740685,
            128.9775881211399,
            139.4817985071775,
            170.30872807645105,
            155.31237590225055,
            123.31414111264009,
            95.56708665043988,
            23.01597677643308,
            0
        ],
        [
            0,
            17.314951264767945,
            39.10828550058938,
            28.106645364609,
            40.076658677243046,
            36.482054795264155,
            27.901910105981685,
            21.17683974433936,
            0,
            -36.22628648617588,
            -52.08413105352592,
            -88.94372106955706,
            -76.73819240665063,
            -79.89789105362281,
            -13.446168156704298,
            75.55353949896484,
            119.68914491011412,
            145.25704355154647,
            153.3669845484612,
            162.07873420798578,
            190.27901503787191,
            171.86461403780513,
            133.65830143305774,
            89.67817898527433,
            0,
            0
        ],
        [
            0,
            34.53099642032309,
            62.15811025401183,
            53.14498610635336,
            69.22700753889099,
            68.17328588019694,
            61.5674584683343,
            56.60820119443291,
            36.22628648617588,
            0,
            -15.569809638058727,
            -53.067714982538256,
            -40.17058971425469,
            -43.18966551362949,
            24.419766967995987,
            113.99066695852969,
            157.16477169740406,
            180.80023270844922,
            186.1853283406837,
            191.212850891961,
            213.58588707266009,
            189.28532736636896,
            139.5229878286726,
            47.939866648931755,
            0,
            0
        ],
        [
            9.23683580802112,
            44.4483236381613,
            74.25969157619255,
            65.44714351356437,
            83.18065739912787,
            82.94030610239791,
            76.89432303827815,
            72.43913015106794,
            52.08413105352592,
            15.569809638058727,
            0,
            -37.7811854009961,
            -24.645035729200323,
            -27.625070412505963,
            39.92762500342396,
            128.5731328696089,
            170.1456198017003,
            191.59748370943464,
            194.3607898028092,
            195.81217615330772,
            211.98169902004412,
            182.0241298109405,
            119.21472785605614,
            0,
            0,
            0
        ],
        [
            28.91645439386926,
            61.173012159722866,
            96.2911793251451,
            90.80926660244776,
            112.14714678423123,
            114.62757651820925,
            110.78573022864677,
            108.12720513815643,
            88.94372106955706,
            53.067714982538256,
            37.7811854009961,
            0,
            13.07601093512376,
            9.842703345635424,
            76.42054663437865,
            163.04973009110023,
            202.15033429890406,
            220.5153386937483,
            219.61441913820556,
            216.1465835150379,
            224.3245887130135,
            185.9727176209027,
            99.22824814623128,
            0,
            0,
            0
        ],
        [
            36.28620981538491,
            59.02278628386542,
            92.17332741370214,
            84.39429246845452,
            104.4784595941166,
            105.59765891150663,
            100.53107942912882,
            96.85629482583737,
            76.73819240665063,
            40.17058971425469,
            24.645035729200327,
            -13.07601093512376,
            0,
            -3.085767756255355,
            62.76417863022757,
            147.6865472489301,
            185.1655698391427,
            201.71837349960092,
            198.91194431134937,
            192.59383007153,
            194.58933622189434,
            150.01437218609186,
            0,
            0,
            0,
            0
        ],
        [
            43.15027755456388,
            62.516560701198216,
            96.00674898073466,
            87.87300729505935,
            108.18628062433089,
            109.24754505816793,
            104.0550959302178,
            100.23805263893946,
            79.89789105362281,
            43.18966551362949,
            27.625070412505966,
            -9.842703345635424,
            3.085767756255355,
            0,
            64.37897011766519,
            146.43106460240506,
            181.17038839934915,
            194.6051116710475,
            188.31474164385835,
            176.8008813145027,
            168.01672791958757,
            108.31073856748445,
            0,
            0,
            0,
            0
        ],
        [
            33.42209205621947,
            35.871215918511226,
            60.02928460272953,
            43.89119144692626,
            57.89018044471247,
            53.46279405080255,
            43.71305812218658,
            36.31168356176266,
            13.446168156704298,
            -24.41976696799599,
            -39.92762500342396,
            -76.42054663437865,
            -62.76417863022757,
            -64.37897011766519,
            0,
            80.93906700251553,
            115.65720326078225,
            129.58532188680678,
            124.51419333043512,
            113.40381222592097,
            98.31131332727853,
            0,
            0,
            0,
            0,
            0
        ],
        [
            14.948787251656414,
            -2.651316903945269,
            9.1858322290723,
            -17.231975108571234,
            -11.545271725631268,
            -22.988619514383213,
            -38.39928970631381,
            -50.05974321729283,
            -75.55353949896484,
            -113.99066695852969,
            -128.5731328696089,
            -163.04973009110023,
            -147.6865472489301,
            -146.43106460240506,
            -80.93906700251553,
            0,
            36.58215872544008,
            53.5744542549298,
            53.24644008952376,
            46.69040371034481,
            18.51943421680859,
            0,
            0,
            0,
            0,
            0
        ],
        [
            4.43213197095041,
            -23.126914220824215,
            -17.45261173133546,
            -49.00852060950323,
            -47.432920817579564,
            -62.241016224766796,
            -80.21157019736806,
            -93.60079219282885,
            -119.68914491011412,
            -157.16477169740406,
            -170.14561980170032,
            -202.15033429890406,
            -185.1655698391427,
            -181.17038839934915,
            -115.65720326078225,
            -36.58215872544008,
            0,
            17.846962302930706,
            19.61626239834146,
            11.309269808808953,
            0,
            0,
            0,
            0,
            0,
            0
        ],
        [
            -2.6434929181447875,
            -36.17065253412411,
            -34.2987285746695,
            -68.87015609033298,
            -69.74249859564384,
            -86.40092590868069,
            -105.60137609813442,
            -119.59665056740685,
            -145.25704355154647,
            -180.80023270844922,
            -191.59748370943464,
            -220.5153386937483,
            -201.71837349960092,
            -194.6051116710475,
            -129.58532188680678,
            -53.5744542549298,
            -17.846962302930706,
            0,
            2.8608325803864187,
            0,
            0,
            0,
            0,
            0,
            0,
            0
        ],
        [
            -5.800421027799555,
            -41.731318334200346,
            -41.50639049066883,
            -77.11999475421783,
            -78.92974563947753,
            -96.07208042883009,
            -115.32764494298455,
            -128.9775881211399,
            -153.36698454846123,
            -186.1853283406837,
            -194.3607898028092,
            -219.61441913820556,
            -198.91194431134937,
            -188.31474164385835,
            -124.51419333043512,
            -53.24644008952376,
            -19.61626239834146,
            -2.8608325803864187,
            0,
            0,
            0,
            0,
            0,
            0,
            0,
            0
        ],
        [
            -9.452751538652086,
            -48.10050844857725,
            -49.95883640325281,
            -86.68531423130861,
            -89.61257281451495,
            -107.2339487881714,
            -126.41500808758231,
            -139.4817985071775,
            -162.0787342079858,
            -191.212850891961,
            -195.81217615330772,
            -216.1465835150379,
            -192.59383007153,
            -176.8008813145027,
            -113.40381222592097,
            -46.69040371034481,
            -11.309269808808953,
            0,
            0,
            0,
            0,
            0,
            0,
            0,
            0,
            0
        ],
        [
            -18.533368718426114,
            -64.8686616902876,
            -72.2479013018037,
            -112.44073558421324,
            -118.46483643060623,
            -137.8912898339629,
            -157.72651473977095,
            -170.30872807645105,
            -190.27901503787191,
            -213.58588707266009,
            -211.9816990200441,
            -224.3245887130135,
            -194.58933622189434,
            -168.01672791958757,
            -98.31131332727853,
            -18.51943421680852,
            0,
            0,
            0,
            0,
            0,
            0,
            0,
            0,
            0,
            0
        ],
        [
            -15.219107649677781,
            -59.203478611748444,
            -65.70123878966771,
            -103.99945537495962,
            -108.99942079006796,
            -126.86599182346392,
            -144.8219414136626,
            -155.31237590225055,
            -171.86461403780515,
            -189.28532736636893,
            -182.02412981094045,
            -185.9727176209027,
            -150.0143721860919,
            -108.31073856748448,
            0,
            0,
            0,
            0,
            0,
            0,
            0,
            0,
            0,
            0,
            0,
            0
        ],
        [
            -7.989626242235298,
            -46.00429712823607,
            -50.297018292212876,
            -84.40446048885212,
            -87.25796745445619,
            -102.06107778221141,
            -116.52508155962383,
            -123.31414111264013,
            -133.65830143305774,
            -139.5229878286726,
            -119.21472785605609,
            -99.22824814623131,
            0,
            0,
            0,
            0,
            0,
            0,
            0,
            0,
            0,
            0,
            0,
            0,
            0,
            0
        ],
        [
            0,
            -37.21560627461097,
            -43.56488002450851,
            -73.85965372490215,
            -76.04421054639151,
            -87.33382683534182,
            -96.31287121930791,
            -95.56708665043988,
            -89.67817898527431,
            -47.93986664893186,
            0,
            0,
            0,
            0,
            0,
            0,
            0,
            0,
            0,
            0,
            0,
            0,
            0,
            0,
            0,
            0
        ],
        [
            0,
            -10.12058972745554,
            -14.708792824696918,
            -34.72545891781536,
            -33.777083156062716,
            -38.817215262548224,
            -39.3210921901999,
            -23.01597677643307,
            0,
            0,
            0,
            0,
            0,
            0,
            0,
            0,
            0,
            0,
            0,
            0,
            0,
            0,
            0,
            0,
            0,
            0
        ],
        [
            0,
            0,
            0,
            0,
            0,
            0,
            0,
            0,
            0,
            0,
            0,
            0,
            0,
            0,
            0,
            0,
            0,
            0,
            0,
            0,
            0,
            0,
            0,
            0,
            0,
            0
        ]
    ],
    "imag(M)": [
        [
            0,
            0,
            0,
            0,
            0,
            0,
            0,
            0,
            0,
            0,
            -3.758848023580165,
            -15.284358337832971,
            -29.99780411335248,
            -48.73547597306969,
            -65.81274011769624,
            -74.37340955718756,
            -63.045176366256435,
            -62.109850210704096,
            -48.38167686741259,
            -36.85516300830292,
            -32.04973011982496,
            -30.505768940183348,
            -10.682176937352919,
            0,
            0,
            0
        ],
        [
            0,
            0,
            0,
            0,
            0,
            0,
            0,
            -1.0710337089396573,
            -5.138298371260421,
            -6.9220307551659985,
            -27.076154627384962,
            -45.16004193466443,
            -70.6890822227362,
            -102.23274990035456,
            -128.5678947428214,
            -138.7116224697045,
            -113.89097467446632,
            -110.43716349099259,
            -85.40591012941444,
            -65.3709757690014,
            -58.28972706038497,
            -58.610065215999086,
            -24.19760712574535,
            -11.572096503913588,
            -9.191043928534157,
            0
        ],
        [
            0,
            0,
            0,
            0,
            0,
            0.23757790404176263,
            -0.25840213033803994,
            -0.5301129259199746,
            -5.715184566499749,
            -6.822280077928377,
            -34.60009584774317,
            -58.561869581535824,
            -91.97906313125554,
            -132.77577321210285,
            -166.11034743635,
            -178.00142418255908,
            -144.49008291436928,
            -139.43105158361024,
            -106.69424700216479,
            -80.76264687389398,
            -71.87253046479172,
            -72.89054382562544,
            -28.611327701670167,
            -13.330024354014864,
            -17.2813690799586,
            0
        ],
        [
            0,
            0,
            0,
            0,
            -3.1987731436803597,
            2.496328453426277,
            1.3469065256401396,
            1.3573822027209614,
            -5.05876505924946,
            -5.972834148487357,
            -39.865941034830065,
            -68.62926033550255,
            -108.4915847814055,
            -156.8496520094263,
            -195.9197111498189,
            -209.26000082273146,
            -168.73416724741807,
            -162.30167169926582,
            -123.2885793673637,
            -92.54146210411848,
            -82.06247344633123,
            -83.39083280161339,
            -31.34145885740811,
            -13.771691238539209,
            -20.184658275610037,
            0
        ],
        [
            0,
            0,
            0,
            3.1987731436803597,
            0,
            12.55144963019626,
            12.521346624530349,
            13.903985552786219,
            7.441145669614987,
            7.443413137980847,
            -31.104565365304442,
            -63.652054516446164,
            -108.71901489492299,
            -163.24098347749114,
            -206.946586893312,
            -221.33612752392264,
            -174.8505580701452,
            -167.19275237399754,
            -123.00611793701036,
            -88.40855211798846,
            -76.78941842978311,
            -78.54855579833668,
            -21.12836297979841,
            -3.323043216205285,
            -13.331877490530639,
            0
        ],
        [
            0,
            0,
            -0.23757790404176263,
            -2.496328453426277,
            -12.55144963019626,
            0,
            -2.91372113272867,
            -3.5679748910656452,
            -12.720222283668553,
            -14.09757496855871,
            -57.89788258135995,
            -94.35375801487427,
            -144.3733517306541,
            -204.46853102972352,
            -252.24395373027096,
            -267.48436876768045,
            -215.86746845853278,
            -206.8195486866606,
            -157.88304166069025,
            -119.47555421996245,
            -105.99189673977118,
            -106.8027255758781,
            -43.17200756775614,
            -20.967784744340513,
            -25.551039872554036,
            0
        ],
        [
            0,
            0,
            0.25840213033803994,
            -1.3469065256401396,
            -12.521346624530349,
            2.91372113272867,
            0,
            -0.3738109163446101,
            -10.148660945619083,
            -11.345309895886151,
            -58.768950340842345,
            -98.04267274373122,
            -151.78174628773402,
            -216.1097870091598,
            -266.8548534022222,
            -282.4340315613815,
            -226.43398924783955,
            -216.0962254007967,
            -163.42173351475347,
            -122.21799627899618,
            -107.53586877193841,
            -107.8645212846731,
            -41.06101443705873,
            -18.041003818690278,
            -20.43024437036937,
            0
        ],
        [
            0,
            1.0710337089396573,
            0.5301129259199746,
            -1.3573822027209614,
            -13.903985552786219,
            3.5679748910656452,
            0.3738109163446101,
            0,
            -10.4944235422257,
            -11.689799032782282,
            -62.17166948491999,
            -103.74228526222281,
            -160.42002735022479,
            -227.96403075884288,
            -280.7666279918057,
            -296.23192518417846,
            -236.56037224964223,
            -224.83158284500803,
            -169.12118243058902,
            -125.65979889837337,
            -109.74476737023166,
            -109.09122134550218,
            -40.4597303784721,
            -16.544180386775583,
            -10.813902221635859,
            0
        ],
        [
            0,
            5.138298371260421,
            5.715184566499766,
            5.05876505924947,
            -7.441145669614987,
            12.720222283668553,
            10.148660945619083,
            10.4944235422257,
            0,
            -0.736755804984341,
            -53.34230441866386,
            -96.49063019239426,
            -155.15911894088347,
            -224.7634589171555,
            -278.6221234744958,
            -293.5176720699541,
            -231.05658290654642,
            -218.0168126570297,
            -160.340028825662,
            -115.63006622953132,
            -98.96613592822801,
            -97.39842115133126,
            -29.940768065414897,
            -7.985269039706372,
            0,
            0
        ],
        [
            0,
            6.9220307551659985,
            6.822280077928391,
            5.972834148487357,
            -7.443413137980847,
            14.09757496855871,
            11.345309895886151,
            11.689799032782282,
            0.736755804984341,
            0,
            -54.2453542297663,
            -98.43494708054719,
            -158.21049809924412,
            -228.65218210234298,
            -282.39080704198733,
            -296.02012831663865,
            -231.46221904151182,
            -216.75510724332693,
            -157.75479185939682,
            -112.2124909755042,
            -94.37742370842739,
            -90.65198545084993,
            -25.66213956478229,
            -3.412267778510433,
            0,
            0
        ],
        [
            3.758848023580165,
            27.076154627384962,
            34.60009584774317,
            39.86594103483012,
            31.104565365304442,
            57.89788258135995,
            58.768950340842345,
            62.17166948491999,
            53.34230441866386,
            54.2453542297663,
            0,
            -44.30086397845998,
            -104.24667658180947,
            -174.68804103769438,
            -228.04878999660605,
            -241.14244655464952,
            -176.88221962648169,
            -162.45183338424724,
            -105.31208614952533,
            -62.489118867380895,
            -47.24630072754142,
            -45.681566764712926,
            5.507844160521824,
            0,
            0,
            0
        ],
        [
            15.284358337832971,
            45.16004193466443,
            58.561869581535944,
            68.62926033550255,
            63.652054516446164,
            94.35375801487427,
            98.04267274373122,
            103.74228526222281,
            96.49063019239426,
            98.43494708054719,
            44.30086397845998,
            0,
            -59.92138964382337,
            -130.16572311549865,
            -183.17775044504074,
            -196.110369108613,
            -132.95949308812237,
            -119.34320138408545,
            -64.73489714112898,
            -25.222408151675932,
            -13.206571971367358,
            -14.704684711366905,
            19.14571207795909,
            0,
            0,
            0
        ],
        [
            29.99780411335248,
            70.6890822227362,
            91.97906313125542,
            108.4915847814055,
            108.71901489492299,
            144.3733517306541,
            151.78174628773402,
            160.42002735022479,
            155.15911894088347,
            158.21049809924412,
            104.24667658180948,
            59.92138964382337,
            0,
            -70.08046225186163,
            -122.93420231296246,
            -136.2406099720767,
            -75.49188237397813,
            -63.85416918131437,
            -13.744646758914305,
            20.022236181001578,
            25.962654010409903,
            17.678736410021067,
            0,
            0,
            0,
            0
        ],
        [
            48.735475973069704,
            102.23274990035458,
            132.77577321210308,
            156.84965200942648,
            163.24098347749114,
            204.46853102972352,
            216.1097870091598,
            227.96403075884288,
            224.7634589171555,
            228.65218210234298,
            174.6880410376944,
            130.16572311549865,
            70.08046225186163,
            0,
            -53.02516121750563,
            -67.41834016776207,
            -10.664793583306464,
            -2.4861937612481095,
            40.604834157186,
            65.3149595921589,
            60.80402256775724,
            38.22826438804795,
            0,
            0,
            0,
            0
        ],
        [
            65.81274011769622,
            128.56789474282144,
            166.11034743635017,
            195.9197111498189,
            206.946586893312,
            252.24395373027096,
            266.8548534022222,
            280.7666279918057,
            278.6221234744958,
            282.3908070419874,
            228.04878999660605,
            183.17775044504074,
            122.93420231296246,
            53.02516121750563,
            0,
            -15.53807052697927,
            36.35538527326217,
            40.582967931675746,
            75.11280382025991,
            88.25928450015415,
            68.4405653845778,
            0,
            0,
            0,
            0,
            0
        ],
        [
            74.3734095571875,
            138.7116224697045,
            178.00142418255908,
            209.26000082273166,
            221.33612752392264,
            267.48436876768045,
            282.4340315613815,
            296.23192518417846,
            293.5176720699541,
            296.02012831663865,
            241.14244655464952,
            196.110369108613,
            136.2406099720767,
            67.41834016776207,
            15.53807052697927,
            0,
            47.50402360467192,
            49.05486732195687,
            75.26534985682041,
            75.506449564286,
            23.038751527154076,
            0,
            0,
            0,
            0,
            0
        ],
        [
            63.045176366256435,
            113.89097467446634,
            144.49008291436945,
            168.73416724741813,
            174.8505580701452,
            215.86746845853278,
            226.43398924783955,
            236.56037224964223,
            231.05658290654642,
            231.46221904151182,
            176.8822196264817,
            132.95949308812237,
            75.49188237397813,
            10.664793583306464,
            -36.35538527326217,
            -47.50402360467192,
            0,
            5.492334187217478,
            30.212577395617163,
            21.175684926253673,
            0,
            0,
            0,
            0,
            0,
            0
        ],
        [
            62.10985021070408,
            110.43716349099246,
            139.43105158361033,
            162.30167169926582,
            167.19275237399756,
            206.8195486866606,
            216.09622540079675,
            224.83158284500803,
            218.0168126570297,
            216.75510724332693,
            162.45183338424724,
            119.34320138408545,
            63.85416918131437,
            2.4861937612481095,
            -40.582967931675746,
            -49.05486732195687,
            -5.492334187217478,
            0,
            12.399086773800962,
            0,
            0,
            0,
            0,
            0,
            0,
            0
        ],
        [
            48.38167686741258,
            85.40591012941445,
            106.69424700216493,
            123.28857936736375,
            123.00611793701036,
            157.88304166069025,
            163.4217335147535,
            169.12118243058902,
            160.34002882566202,
            157.75479185939682,
            105.31208614952533,
            64.73489714112898,
            13.744646758914305,
            -40.604834157186,
            -75.11280382025991,
            -75.26534985682041,
            -30.212577395617163,
            -12.399086773800962,
            0,
            0,
            0,
            0,
            0,
            0,
            0,
            0
        ],
        [
            36.85516300830292,
            65.3709757690015,
            80.76264687389403,
            92.54146210411852,
            88.40855211798848,
            119.47555421996245,
            122.21799627899621,
            125.65979889837337,
            115.63006622953135,
            112.2124909755042,
            62.489118867380895,
            25.222408151675932,
            -20.022236181001578,
            -65.3149595921589,
            -88.25928450015415,
            -75.506449564286,
            -21.175684926253673,
            0,
            0,
            0,
            0,
            0,
            0,
            0,
            0,
            0
        ],
        [
            32.049730119824936,
            58.28972706038498,
            71.87253046479177,
            82.06247344633125,
            76.78941842978311,
            105.99189673977118,
            107.53586877193842,
            109.74476737023166,
            98.96613592822801,
            94.37742370842739,
            47.2463007275414,
            13.206571971367358,
            -25.962654010409903,
            -60.80402256775724,
            -68.4405653845778,
            -23.038751527153988,
            0,
            0,
            0,
            0,
            0,
            0,
            0,
            0,
            0,
            0
        ],
        [
            30.505768940183387,
            58.61006521599909,
            72.89054382562539,
            83.39083280161344,
            78.54855579833668,
            106.8027255758781,
            107.8645212846731,
            109.09122134550218,
            97.39842115133129,
            90.65198545084992,
            45.681566764712905,
            14.704684711366905,
            -17.678736410021067,
            -38.228264388047954,
            0,
            0,
            0,
            0,
            0,
            0,
            0,
            0,
            0,
            0,
            0,
            0
        ],
        [
            10.682176937352931,
            24.197607125745325,
            28.611327701670188,
            31.341458857408117,
            21.128362979798418,
            43.17200756775614,
            41.06101443705873,
            40.459730378472116,
            29.940768065414893,
            25.66213956478229,
            -5.507844160521821,
            -19.145712077959097,
            0,
            0,
            0,
            0,
            0,
            0,
            0,
            0,
            0,
            0,
            0,
            0,
            0,
            0
        ],
        [
            0,
            11.572096503913556,
            13.330024354014876,
            13.771691238539212,
            3.3230432162052845,
            20.967784744340513,
            18.041003818690278,
            16.544180386775583,
            7.985269039706371,
            3.4122677785104405,
            0,
            0,
            0,
            0,
            0,
            0,
            0,
            0,
            0,
            0,
            0,
            0,
            0,
            0,
            0,
            0
        ],
        [
            0,
            9.191043928534178,
            17.28136907995858,
            20.18465827561002,
            13.331877490530628,
            25.551039872554036,
            20.430244370369355,
            10.813902221635853,
            0,
            0,
            0,
            0,
            0,
            0,
            0,
            0,
            0,
            0,
            0,
            0,
            0,
            0,
            0,
            0,
            0,
            0
        ],
        [
            0,
            0,
            0,
            0,
            0,
            0,
            0,
            0,
            0,
            0,
            0,
            0,
            0,
            0,
            0,
            0,
            0,
            0,
            0,
            0,
            0,
            0,
            0,
            0,
            0,
            0
        ]
    ],
    "abs_M": [
        [
            0,
            0,
            0,
            0,
            0,
            0,
            0,
            0,
            0,
            0,
            9.972365527231425,
            32.70738363905014,
            47.080327891691695,
            65.09295715634335,
            73.81295956140652,
            75.86086138092845,
            63.200775761538715,
            62.16608036545638,
            48.728139104653536,
            38.04809524825217,
            37.02257361133544,
            34.09139446083623,
            13.3395289126539,
            0,
            0,
            0
        ],
        [
            0,
            0,
            0,
            0,
            0,
            0,
            0,
            5.670081896534374,
            18.06127480144706,
            35.21795314262074,
            52.04586077344469,
            76.03661489199958,
            92.09036673943487,
            119.83261456755021,
            133.478266733104,
            138.73695862856076,
            116.21535300328132,
            116.20965185680821,
            95.0561540087962,
            81.16047921250227,
            87.21029497865008,
            83.30781250492309,
            51.979991774479494,
            38.97325708588852,
            13.671196909112338,
            0
        ],
        [
            0,
            0,
            0,
            0,
            0,
            2.754468608801541,
            14.831802037013949,
            24.028967783007687,
            39.523680615863164,
            62.53138552608261,
            81.92477296681545,
            112.70085973368624,
            130.2154765802324,
            163.8496316807625,
            176.62435430976217,
            178.23828579954417,
            145.54029585254406,
            143.58767679557403,
            114.48337344314601,
            94.9657331085496,
            101.90888027020793,
            98.13095412606752,
            57.865344740522815,
            45.55862509809143,
            22.69348592961437,
            0
        ],
        [
            0,
            0,
            0,
            0,
            3.5760261393102315,
            2.5578096234709995,
            7.053869148736348,
            13.222060834720304,
            28.558267061861027,
            53.479568958713834,
