{
    "bin_ranges": {
        "m3pi_lower_limit": 1.3,
        "m3pi_upper_limit": 1.34,
        "t_lower_limit": 0.141,
        "t_upper_limit": 0.194
    },
    "info": "The dalitz matrix M is computed as sqrt(-Kibble) * (A[1]-A[2])",
    "bin_centers": [
        0.29900000000000004,
        0.33999999999999997,
        0.38,
        0.42000000000000004,
        0.45999999999999996,
        0.5,
        0.54,
        0.5800000000000001,
        0.62,
        0.66,
        0.69,
        0.71,
        0.73,
        0.75,
        0.77,
        0.79,
        0.81,
        0.83,
        0.85,
        0.87,
        0.89,
        0.91,
        0.94,
        0.98,
        1.02,
        1.06,
        1.1,
        1.1400000000000001,
        1.18
    ],
    "real(M)": [
        [
            0,
            0,
            0,
            0,
            0,
            0,
            0,
            0,
            0,
            0,
            0,
            0,
            0,
            0,
            20.39397223719657,
            38.95010931347777,
            61.69722531018944,
            69.58992326109912,
            70.2628750392838,
            80.64316498843762,
            86.07048554227985,
            76.49059694445752,
            66.18017825403474,
            50.50809431556524,
            44.48589234449146,
            18.092925558309226,
            0,
            0,
            0
        ],
        [
            0,
            0,
            0,
            0,
            0,
            0,
            0,
            0,
            0,
            -15.463003742718579,
            -17.443457708322605,
            -31.250377361603622,
            -12.12548691083441,
            -0.24738171633162162,
            65.1400359348534,
            91.590386325582,
            127.82308590653057,
            131.0666438248839,
            123.36483934530489,
            137.21088181366417,
            143.06049075311225,
            123.20323135875493,
            104.10650461713249,
            79.59858620463261,
            80.6556218946156,
            60.58207679060453,
            34.21551243862904,
            0,
            0
        ],
        [
            0,
            0,
            0,
            0,
            0,
            0,
            0,
            -11.029095689699005,
            -31.213117165540716,
            -43.36564677080168,
            -43.090711407550586,
            -63.554610496946715,
            -33.78195784812155,
            -16.784889507610387,
            74.38600362854609,
            108.5840061342843,
            155.44642276485885,
            157.4263474483675,
            145.31388288393487,
            162.23135205079362,
            168.85646291437797,
            142.20051820102753,
            117.06451769506684,
            85.9932642168453,
            89.98552506853426,
            67.98006840790192,
            39.584508296009176,
            16.780015750232614,
            0
        ],
        [
            0,
            0,
            0,
            0,
            0,
            -2.4450315864896583,
            -14.147715984657054,
            -18.347436018595257,
            -43.901935699625106,
            -56.58625522984099,
            -54.219917232041446,
            -79.2479764508112,
            -40.84348988214986,
            -19.275427010142476,
            93.03701385617671,
            134.1644990053442,
            190.26990229192975,
            191.7489777708691,
            176.42060970709835,
            196.11701835641966,
            203.51559539881706,
            171.30563362168638,
            141.04164826571196,
            103.98591757855269,
            109.0064132997285,
            83.37382670513678,
            50.139320575138385,
            23.722406826932385,
            0
        ],
        [
            0,
            0,
            0,
            0,
            0,
            -7.155644619912416,
            -22.63203036899954,
            -26.40088658621108,
            -57.25241544179219,
            -71.28385299864082,
            -67.67722878953424,
            -96.79572461810079,
            -51.32905795758665,
            -26.038255428323403,
            104.1984675063873,
            151.19225836534258,
            215.15986177102363,
            216.14721461063675,
            197.990157611181,
            219.98071470189024,
            227.9415067149096,
            190.9050381007866,
            156.16742607951622,
            113.97239826694963,
            119.68918018796468,
            91.01082423945964,
            54.03834249430403,
            25.145339916844627,
            0
        ],
        [
            0,
            0,
            0,
            2.4450315864896583,
            7.155644619912416,
            0,
            -16.392103317774833,
            -18.111449364079945,
            -51.85974067181356,
            -65.72231560599074,
            -60.15581036835407,
            -92.2885662826128,
            -40.1794317285353,
            -11.188391302271565,
            135.08943118770804,
            187.53608313172933,
            258.6091535919264,
            259.3359580213971,
            238.80978923471102,
            262.77717999430615,
            271.11166832739,
            229.74198116019144,
            190.73493765855193,
            143.25877575614527,
            147.95411710431156,
            114.55010536923992,
            71.53883766125749,
            36.03473600758029,
            0
        ],
        [
            0,
            0,
            0,
            14.147715984657054,
            22.63203036899954,
            16.392103317774833,
            0,
            0.717214107569708,
            -34.90481537056383,
            -48.06629121934504,
            -40.408908310527366,
            -74.9627016206954,
            -16.82074242180682,
            15.590363576519998,
            176.0420212490358,
            233.32079422414836,
            310.58448426735737,
            311.02376872417386,
            288.33751640333566,
            313.81696298226007,
            322.20303026008366,
            276.84303445781956,
            233.65923933959513,
            180.78338135167687,
            182.9954298257894,
            143.6371794838659,
            92.9774451065617,
            47.41661216041504,
            0
        ],
        [
            0,
            0,
            11.029095689699005,
            18.347436018595257,
            26.40088658621108,
            18.111449364079945,
            -0.717214107569708,
            0,
            -39.093318236235824,
            -53.215928982849796,
            -44.740602959973494,
            -82.00865953698468,
            -19.134446008563867,
            15.770865011456415,
            188.06111024489155,
            249.07538022017292,
            331.2381251713493,
            331.047664360118,
            306.20238923596395,
            332.65374161916344,
            340.81441036267955,
            291.9893197789438,
            245.28733258128372,
            188.26665100449853,
            188.70079869913528,
            145.4391927490801,
            90.36404910536689,
            38.055461923155626,
            0
        ],
        [
            0,
            0,
            31.213117165540716,
            43.901935699625106,
            57.25241544179219,
            51.85974067181356,
            34.90481537056383,
            39.093318236235824,
            0,
            -12.356704425706864,
            -1.5021060046177066,
            -40.1311951459653,
            27.66646427021979,
            65.4248480471103,
            248.30216929118288,
            312.8097416682737,
            399.2042390045267,
            398.4445936084801,
            371.61071627745577,
            398.38381364224693,
            405.65598706098535,
            353.2399747100611,
            302.0663500265396,
            238.64537313655205,
            232.38262993858484,
            178.84850501232359,
            109.2524715107456,
            8.875418083476344,
            0
        ],
        [
            0,
            15.46300374271858,
            43.36564677080168,
            56.58625522984099,
            71.28385299864082,
            65.72231560599074,
            48.06629121934504,
            53.215928982849796,
            12.356704425706864,
            0,
            11.899092364899468,
            -28.432867906611712,
            42.95381948819239,
            82.59281685698178,
            273.6109712074676,
            340.4144729906821,
            429.6144685545584,
            427.8631054978699,
            398.99433799044755,
            425.4380126745558,
            431.44816991335375,
            375.97707896542056,
            320.9793502572064,
            252.4059739405294,
            239.71010950390453,
            177.11970667320807,
            92.37474721030718,
            0,
            0
        ],
        [
            0,
            17.443457708322605,
            43.090711407550586,
            54.219917232041446,
            67.67722878953424,
            60.15581036835407,
            40.408908310527366,
            44.740602959973494,
            1.5021060046177066,
            -11.899092364899468,
            0,
            -41.75144767580884,
            31.506804934391848,
            71.98731877851736,
            267.514398159585,
            335.3126196643657,
            425.7287018612282,
            423.05958445147485,
            392.76839077396136,
            418.6433016921889,
            423.5923599990518,
            366.39092691029845,
            309.2871008922778,
            238.22746563144742,
            221.37202415194096,
            153.24802243520708,
            50.9364045610765,
            0,
            0
        ],
        [
            0,
            31.250377361603622,
            63.554610496946715,
            79.2479764508112,
            96.79572461810079,
            92.2885662826128,
            74.9627016206954,
            82.00865953698468,
            40.1311951459653,
            28.432867906611712,
            41.75144767580884,
            0,
            74.95109570143181,
            116.39473728467799,
            314.62726082724197,
            383.0379122226959,
            473.9267504536882,
            470.4561255732174,
            438.9359355951543,
            463.6726094191796,
            466.97961316535793,
            407.73358547160285,
            347.1750996210266,
            270.35564560950223,
            243.64147570032185,
            160.19950649190858,
            0,
            0,
            0
        ],
        [
            0,
            12.12548691083441,
            33.78195784812155,
            40.84348988214986,
            51.32905795758665,
            40.1794317285353,
            16.82074242180682,
            19.134446008563867,
            -27.66646427021979,
            -42.95381948819239,
            -31.506804934391848,
            -74.95109570143181,
            0,
            41.121200383289676,
            240.6459348869036,
            308.9662722638207,
            399.9135178524465,
            395.9300100148055,
            364.0170553759054,
            388.72072160937114,
            392.09036911146745,
            333.38365869356227,
            274.4392629725837,
            201.6541589035485,
            179.05331147963216,
            102.01219376917804,
            0,
            0,
            0
        ],
        [
            0,
            0.24738171633162162,
            16.784889507610387,
            19.275427010142476,
            26.038255428323403,
            11.188391302271565,
            -15.590363576519998,
            -15.770865011456415,
            -65.4248480471103,
            -82.59281685698178,
            -71.98731877851736,
            -116.39473728467799,
            -41.121200383289676,
            0,
            200.54814833376415,
            268.7773515779244,
            359.5694916415545,
            355.05173897076446,
            322.70728986396193,
            346.9664150791015,
            349.9047010103679,
            291.38859228980095,
            233.08490666484948,
            162.29885406176325,
            139.7102825564605,
            60.31185297095329,
            0,
            0,
            0
        ],
        [
            -20.39397223719657,
            -65.1400359348534,
            -74.38600362854609,
            -93.03701385617671,
            -104.1984675063873,
            -135.08943118770804,
            -176.0420212490358,
            -188.06111024489155,
            -248.30216929118288,
            -273.6109712074676,
            -267.514398159585,
            -314.62726082724197,
            -240.6459348869036,
            -200.54814833376415,
            0,
            68.07518445992564,
            159.15070438315144,
            155.53844418408076,
            125.05733551900254,
            151.72863799793507,
            158.08526870179998,
            105.00594595153785,
            57.48128203030282,
            8.290342789127209,
            15.963924360546224,
            0,
            0,
            0,
            0
        ],
        [
            -38.950109313477746,
            -91.590386325582,
            -108.5840061342843,
            -134.1644990053442,
            -151.19225836534258,
            -187.53608313172933,
            -233.32079422414836,
            -249.07538022017292,
            -312.8097416682737,
            -340.4144729906821,
            -335.3126196643657,
            -383.0379122226959,
            -308.9662722638207,
            -268.7773515779244,
            -68.07518445992564,
            0,
            90.93974048886632,
            87.68753325676683,
            58.129211642166844,
            85.41636569320583,
            92.8403616239538,
            42.531207311327705,
            0.17609796199006492,
            -38.15641410808196,
            -16.848767000864193,
            0,
            0,
            0,
            0
        ],
        [
            -61.69722531018944,
            -127.8230859065306,
            -155.44642276485885,
            -190.26990229192975,
            -215.15986177102363,
            -258.6091535919264,
            -310.58448426735737,
            -331.2381251713493,
            -399.2042390045267,
            -429.6144685545584,
            -425.7287018612282,
            -473.9267504536882,
            -399.9135178524465,
            -359.5694916415545,
            -159.15070438315144,
            -90.93974048886632,
            0,
            -2.211876174045166,
            -29.84457257789845,
            -1.0432496891580119,
            8.679372545143671,
            -36.8788435641597,
            -70.398815474011,
            -90.07705382784992,
            -37.728423028687885,
            0,
            0,
            0,
            0
        ],
        [
            -69.58992326109914,
            -131.06664382488353,
            -157.42634744836775,
            -191.7489777708691,
            -216.1472146106368,
            -259.3359580213971,
            -311.02376872417403,
            -331.0476643601181,
            -398.4445936084802,
            -427.86310549787,
            -423.05958445147496,
            -470.4561255732175,
            -395.93001001480553,
            -355.0517389707645,
            -155.53844418408076,
            -87.68753325676683,
            2.2118761740451665,
            0,
            -27.055674942213045,
            1.0360305395177392,
            10.33432618598353,
            -33.35429397848825,
            -63.92938526314118,
            -75.6282971116471,
            0,
            0,
            0,
            0,
            0
        ],
        [
            -70.26287503928377,
            -123.36483934530489,
            -145.31388288393487,
            -176.42060970709846,
            -197.990157611181,
            -238.80978923471102,
            -288.33751640333566,
            -306.20238923596395,
            -371.61071627745577,
            -398.99433799044755,
            -392.76839077396136,
            -438.9359355951543,
            -364.0170553759054,
            -322.70728986396193,
            -125.05733551900254,
            -58.129211642166844,
            29.84457257789845,
            27.055674942213045,
            0,
            26.192922889975986,
            33.73060552149021,
            -9.100124176985032,
            -38.945751497147675,
            -45.494243412062744,
            0,
            0,
            0,
            0,
            0
        ],
        [
            -80.64316498843831,
            -137.21088181366417,
            -162.23135205079376,
            -196.11701835641995,
            -219.98071470189035,
            -262.77717999430615,
            -313.8169629822602,
            -332.65374161916344,
            -398.38381364224693,
            -425.4380126745558,
            -418.6433016921889,
            -463.67260941917965,
            -388.7207216093712,
            -346.9664150791015,
            -151.7286379979351,
            -85.41636569320583,
            1.0432496891580119,
            -1.0360305395177392,
            -26.192922889975986,
            0,
            8.346599826546907,
            -29.576929817067846,
            -50.50907259518698,
            -19.6598945779478,
            0,
            0,
            0,
            0,
            0
        ],
        [
            -86.07048554227985,
            -143.06049075311225,
            -168.85646291437791,
            -203.51559539881717,
            -227.9415067149096,
            -271.11166832739,
            -322.20303026008366,
            -340.81441036267955,
            -405.65598706098535,
            -431.44816991335375,
            -423.5923599990518,
            -466.97961316535793,
            -392.09036911146745,
            -349.9047010103679,
            -158.08526870179998,
            -92.8403616239538,
            -8.679372545143671,
            -10.33432618598353,
            -33.73060552149021,
            -8.346599826546907,
            0,
            -32.90459915585212,
            -43.891865602106556,
            0,
            0,
            0,
            0,
            0,
            0
        ],
        [
            -76.49059694445748,
            -123.20323135875493,
            -142.20051820102768,
            -171.30563362168638,
            -190.9050381007866,
            -229.74198116019144,
            -276.84303445781956,
            -291.9893197789438,
            -353.2399747100611,
            -375.97707896542056,
            -366.3909269102985,
            -407.73358547160285,
            -333.38365869356227,
            -291.38859228980095,
            -105.00594595153785,
            -42.531207311327705,
            36.8788435641597,
            33.35429397848825,
            9.100124176985032,
            29.576929817067846,
            32.90459915585212,
            0,
            -10.35886921677381,
            0,
            0,
            0,
            0,
            0,
            0
        ],
        [
            -66.18017825403476,
            -104.10650461713249,
            -117.06451769506701,
            -141.04164826571207,
            -156.16742607951622,
            -190.73493765855193,
            -233.65923933959513,
            -245.28733258128372,
            -302.0663500265396,
            -320.9793502572064,
            -309.2871008922778,
            -347.1750996210266,
            -274.4392629725837,
            -233.08490666484948,
            -57.48128203030282,
            -0.17609796199006492,
            70.398815474011,
            63.92938526314118,
            38.945751497147675,
            50.509072595186986,
            43.891865602106556,
            10.35886921677381,
            0,
            0,
            0,
            0,
            0,
            0,
            0
        ],
        [
            -50.50809431556528,
            -79.5985862046326,
            -85.99326421684535,
            -103.98591757855272,
            -113.97239826694963,
            -143.25877575614527,
            -180.78338135167687,
            -188.26665100449853,
            -238.64537313655208,
            -252.40597394052938,
            -238.2274656314474,
            -270.35564560950223,
            -201.6541589035485,
            -162.29885406176325,
            -8.290342789127209,
            38.15641410808196,
            90.07705382784992,
            75.6282971116471,
            45.49424341206272,
            19.65989457794802,
            0,
            0,
            0,
            0,
            0,
            0,
            0,
            0,
            0
        ],
        [
            -44.48589234449148,
            -80.65562189461563,
            -89.98552506853437,
            -109.0064132997285,
            -119.68918018796468,
            -147.95411710431156,
            -182.99542982578942,
            -188.70079869913525,
            -232.38262993858478,
            -239.71010950390456,
            -221.37202415194096,
            -243.64147570032185,
            -179.05331147963216,
            -139.71028255646047,
            -15.963924360546224,
            16.848767000864193,
            37.728423028687885,
            0,
            0,
            0,
            0,
            0,
            0,
            0,
            0,
            0,
            0,
            0,
            0
        ],
        [
            -18.092925558309226,
            -60.582076790604496,
            -67.98006840790192,
            -83.37382670513679,
            -91.01082423945964,
            -114.55010536923994,
            -143.6371794838659,
            -145.43919274908015,
            -178.84850501232359,
            -177.11970667320804,
            -153.24802243520708,
            -160.19950649190855,
            -102.01219376917804,
            -60.311852970953304,
            0,
            0,
            0,
            0,
            0,
            0,
            0,
            0,
            0,
            0,
            0,
            0,
            0,
            0,
            0
        ],
        [
            0,
            -34.215512438629005,
            -39.58450829600919,
            -50.13932057513839,
            -54.03834249430403,
            -71.5388376612575,
            -92.97744510656177,
            -90.36404910536686,
            -109.25247151074562,
            -92.37474721030708,
            -50.93640456107631,
            0,
            0,
            0,
            0,
            0,
            0,
            0,
            0,
            0,
            0,
            0,
            0,
            0,
            0,
            0,
            0,
            0,
            0
        ],
        [
            0,
            0,
            -16.780015750232664,
            -23.722406826932385,
            -25.145339916844616,
            -36.03473600758028,
            -47.41661216041507,
            -38.05546192315563,
            -8.875418083476461,
            0,
            0,
            0,
            0,
            0,
            0,
            0,
            0,
            0,
            0,
            0,
            0,
            0,
            0,
            0,
            0,
            0,
            0,
            0,
            0
        ],
        [
            0,
            0,
            0,
            0,
            0,
            0,
            0,
            0,
            0,
            0,
            0,
            0,
            0,
            0,
            0,
            0,
            0,
            0,
            0,
            0,
            0,
            0,
            0,
            0,
            0,
            0,
            0,
            0,
            0
        ]
    ],
    "imag(M)": [
        [
            0,
            0,
            0,
            0,
            0,
            0,
            0,
            0,
            0,
            0,
            0,
            0,
            0,
            0,
            -47.96823129051074,
            -55.71885831403412,
            -59.80807741594207,
            -50.00953177420646,
            -41.04292703957882,
            -40.24818821942865,
            -35.607743203898174,
            -27.50065975613678,
            -15.355164160379559,
            -24.774269341021082,
            -3.5815867592736073,
            -6.091198300125342,
            0,
            0,
            0
        ],
        [
            0,
            0,
            0,
            0,
            0,
            0,
            0,
            0,
            0,
            -15.309764809948637,
            -38.32901549568036,
            -75.06625946178266,
            -126.90315466279604,
            -155.5363634553991,
            -168.57988639807257,
            -134.43236793925692,
            -120.84067287928151,
            -87.3102014263266,
            -62.97201684837451,
            -57.9114002083293,
            -47.15432063003622,
            -31.344008725954534,
            -9.251325470479445,
            -28.515610848822487,
            9.132708274092847,
            -9.91574550962878,
            6.653475284544617,
            0,
            0
        ],
        [
            0,
            0,
            0,
            0,
            0,
            0,
            0,
            1.2831549099884423,
            -15.189479984620647,
            -30.614943184182106,
            -63.83532868858921,
            -116.952181950252,
            -188.89844406021538,
            -224.08045366444424,
            -236.9911401971755,
            -185.56006960022722,
            -164.4118686545499,
            -117.5646743393082,
            -84.17398689027334,
            -76.91992136165928,
            -62.41352889349461,
            -41.523256626543,
            -12.5976319943971,
            -37.89331248471404,
            11.680562232502623,
            -14.14355394681998,
            9.90521321872118,
            -4.062528718717541,
            0
        ],
        [
            0,
            0,
            0,
            0,
            0,
            3.6115538357138894,
            -2.716248539204336,
            -1.733628555734045,
            -26.66004983230193,
            -46.22363984232284,
            -88.1375438306646,
            -154.48237646397024,
            -242.9493604071483,
            -284.2920051043426,
            -297.94077458738565,
            -233.22436545466405,
            -206.33867112956514,
            -148.88668632102613,
            -108.23039711741151,
            -99.24970009654382,
            -81.6918959473953,
            -56.62394784827022,
            -22.04431605564414,
            -51.95765398549366,
            7.424975862409651,
            -23.019042913294943,
            7.108416282629316,
            -9.290593828674908,
            0
        ],
        [
            0,
            0,
            0,
            0,
            0,
            14.393348834616491,
            4.1815349221407665,
            7.408156174168411,
            -22.093760390406192,
            -43.641260904775585,
            -91.90715322513442,
            -168.88619217739648,
            -270.95190567240473,
            -317.2343472382311,
            -331.22982496507746,
            -254.86225740955945,
            -222.77232087503478,
            -155.96773418006433,
            -108.86715755188975,
            -98.24565853929788,
            -77.98184967178315,
            -49.33308546622678,
            -10.099928000309973,
            -44.33006078811331,
            22.138783943576843,
            -13.437219526017511,
            18.89761430379261,
            -2.602737559767345,
            0
        ],
        [
            0,
            0,
            0,
            -3.6115538357138894,
            -14.393348834616491,
            0,
            -18.25597656587364,
            -17.9769663556342,
            -55.38399707030818,
            -82.17001514556681,
            -138.23315529194312,
            -225.83192376082587,
            -340.99720034402503,
            -392.70242227533186,
            -407.95334005096555,
            -322.21167404499727,
            -286.2180615392467,
            -211.75704176327878,
            -159.39649314108098,
            -147.52839927356823,
            -124.93835021651616,
            -93.05630909247749,
            -49.28774225019953,
            -85.53298406345674,
            -10.760134711332357,
            -46.37614995171834,
            -6.811187417728939,
            -22.336048476420473,
            0
        ],
        [
            0,
            0,
            0,
            2.716248539204336,
            -4.1815349221407665,
            18.25597656587364,
            0,
            3.2940615974216225,
            -36.21122966879235,
            -63.50869029445259,
            -123.76351805717216,
            -219.10446716574396,
            -344.3243270879967,
            -399.4706659093409,
            -414.63688164216967,
            -319.67300439384945,
            -279.4121192206169,
            -197.62285570843545,
            -140.2324627906553,
            -127.00123158691822,
            -102.34102073425194,
            -67.86813884210254,
            -21.006984233079642,
            -60.6631024088304,
            17.4497348454307,
            -22.690115030126794,
            14.700397355243428,
            -6.725510020255609,
            0
        ],
        [
            0,
            0,
            -1.2831549099884423,
            1.733628555734045,
            -7.408156174168411,
            17.9769663556342,
            -3.2940615974216225,
            0,
            -43.60872811739345,
            -73.3064945089008,
            -138.48649696329622,
            -241.3236336529641,
            -375.9350496799979,
            -434.5736159469925,
            -450.05208837961914,
            -347.42517330974937,
            -303.7205661816861,
            -215.82799067464663,
            -154.25998647316067,
            -139.87396207612778,
            -113.38948350076933,
            -76.60289396457375,
            -26.817987886871485,
            -67.97054569978441,
            13.929180138813782,
            -26.775060254989665,
            11.441928814131348,
            -7.084965921854921,
            0
        ],
        [
            0,
            0,
            15.189479984620647,
            26.66004983230193,
            22.093760390406192,
            55.38399707030818,
            36.21122966879235,
            43.60872811739345,
            0,
            -28.708068001181143,
            -96.1622672177264,
            -204.272188668897,
            -345.8421751284386,
            -406.447718095178,
            -421.28526202532305,
            -311.4578374822936,
            -264.304079081148,
            -170.9958414811326,
            -105.86068378467714,
            -90.58379511879883,
            -62.916726477472004,
            -24.86075431765264,
            25.768920310345873,
            -19.01614255266745,
            60.4956112677111,
            13.629508406154253,
            40.23011613435271,
            1.8013324731470586,
            0
        ],
        [
            0,
            15.309764809948641,
            30.614943184182106,
            46.22363984232284,
            43.641260904775585,
            82.17001514556681,
            63.50869029445259,
            73.3064945089008,
            28.708068001181143,
            0,
            -69.90432719756987,
            -182.71171629215763,
            -330.2514732029147,
            -392.56334686571876,
            -406.8899538593892,
            -291.26860098646864,
            -241.37768540509896,
            -143.87992839669337,
            -76.09086119792251,
            -60.21077261611805,
            -31.77939634269729,
            6.98712829194305,
            57.6755700764651,
            10.301397632914084,
            85.7745626209248,
            34.42291265207931,
            45.46515875096821,
            0,
            0
        ],
        [
            0,
            38.32901549568036,
            63.83532868858921,
            88.1375438306646,
            91.90715322513442,
            138.23315529194312,
            123.76351805717216,
            138.48649696329622,
            96.1622672177264,
            69.90432719756987,
            0,
            -114.81868755286902,
            -265.191018137756,
            -327.8014009223294,
            -341.2093993156898,
            -221.79178747727136,
            -170.11496685273835,
            -70.32642280131581,
            -1.4139869465221966,
            14.24543849712016,
            42.20586396509294,
            80.05051674517345,
            127.97508519166243,
            74.98977868811778,
            139.27799381848993,
            75.0480705727813,
            44.29553571559733,
            0,
            0
        ],
        [
            0,
            75.06625946178266,
            116.952181950252,
            154.48237646397024,
            168.88619217739648,
            225.83192376082587,
            219.10446716574396,
            241.3236336529641,
            204.272188668897,
            182.71171629215763,
            114.81868755286902,
            0,
            -150.9727591179804,
            -212.95635040934528,
            -225.2893105405773,
            -103.58012732189145,
            -50.96893674475454,
            49.61539747536508,
            118.34647349380043,
            132.82167925363868,
            159.00681846279218,
            194.29934443252586,
            236.56918644345046,
            173.4461059164367,
            218.99384115001297,
            129.16362580593977,
            0,
            0,
            0
        ],
        [
            0,
            126.90315466279604,
            188.89844406021538,
            242.9493604071483,
            270.95190567240473,
            340.99720034402503,
            344.3243270879967,
            375.9350496799979,
            345.8421751284386,
            330.2514732029147,
            265.191018137756,
            150.9727591179804,
            0,
            -61.10143393928165,
            -72.36617094383442,
            51.075812711364705,
            104.09444433126015,
            204.5879070166136,
            272.12856778288176,
            284.36961645564753,
            307.4131806371679,
            338.4218453609667,
            371.727500500258,
            292.99937013727066,
            309.5796656682865,
            175.2437733136774,
            0,
            0,
            0
        ],
        [
            0,
            155.5363634553991,
            224.08045366444424,
            284.2920051043426,
            317.2343472382311,
            392.70242227533186,
            399.4706659093409,
            434.5736159469925,
            406.447718095178,
            392.56334686571876,
            327.8014009223294,
            212.95635040934528,
            61.10143393928165,
            0,
            -10.970901664450214,
            113.25272156198086,
            166.1998250750063,
            266.2119798507285,
            332.55428996400656,
            343.0737052896668,
            363.76983324702286,
            391.58683595976044,
            418.29418410914207,
            329.49501784228664,
            322.759945799757,
            144.21373405194697,
            0,
            0,
            0
        ],
        [
            47.96823129051074,
            168.57988639807257,
            236.9911401971755,
            297.94077458738565,
            331.22982496507746,
            407.95334005096555,
            414.63688164216967,
            450.05208837961914,
            421.28526202532305,
            406.8899538593892,
            341.2093993156898,
            225.2893105405773,
            72.36617094383442,
            10.970901664450214,
            0,
            124.39908800584635,
            177.04187756795696,
            276.29271464621695,
            341.41555950739775,
            350.59121306282736,
            369.44299016746,
            394.694733231948,
            416.10383591888507,
            320.6176695803287,
            291.74499360506303,
            0,
            0,
            0,
            0
        ],
        [
            55.71885831403409,
            134.43236793925692,
            185.56006960022722,
            233.22436545466405,
            254.86225740955945,
            322.21167404499727,
            319.67300439384945,
            347.42517330974937,
            311.4578374822936,
            291.26860098646864,
            221.79178747727136,
            103.58012732189145,
            -51.075812711364705,
            -113.25272156198086,
            -124.39908800584635,
            0,
            52.93053350042154,
            152.36165735785693,
            217.93273893258367,
            228.37072495934868,
            248.69403672262698,
            275.4943257200338,
            299.6969899408826,
            214.2379081290569,
            184.74375291658097,
            0,
            0,
            0,
            0
        ],
        [
            59.80807741594207,
            120.84067287928154,
            164.4118686545499,
            206.33867112956514,
            222.77232087503478,
            286.2180615392467,
            279.4121192206169,
            303.7205661816861,
            264.304079081148,
            241.37768540509896,
            170.11496685273835,
            50.96893674475454,
            -104.09444433126015,
            -166.1998250750063,
            -177.04187756795696,
            -52.93053350042154,
            0,
            98.7931047896407,
            163.7840002057356,
            174.37270403449375,
            194.58052555614012,
            220.7813955897313,
            243.42086339107928,
            160.595890090574,
            106.30574035494594,
            0,
            0,
            0,
            0
        ],
        [
            50.009531774206486,
            87.31020142632636,
            117.56467433930838,
            148.88668632102613,
            155.96773418006438,
            211.75704176327878,
            197.62285570843554,
            215.82799067464668,
            170.99584148113266,
            143.8799283966934,
            70.32642280131583,
            -49.615397475365086,
            -204.58790701661363,
            -266.21197985072854,
            -276.29271464621695,
            -152.36165735785693,
            -98.79310478964071,
            0,
            65.46635709801183,
            77.90823041949332,
            100.01667476428004,
            127.98630371166418,
            153.61165791769963,
            84.11589261706982,
            0,
            0,
            0,
            0,
            0
        ],
        [
            41.0429270395788,
            62.97201684837451,
            84.17398689027334,
            108.2303971174116,
            108.86715755188975,
            159.39649314108098,
            140.2324627906553,
            154.25998647316067,
            105.86068378467714,
            76.09086119792251,
            1.4139869465221966,
            -118.34647349380043,
            -272.12856778288176,
            -332.55428996400656,
            -341.41555950739775,
            -217.93273893258367,
            -163.7840002057356,
            -65.46635709801183,
            0,
            14.027617820605101,
            37.52403666927665,
            66.43902390995355,
            93.26133575316612,
            35.757954790212054,
            0,
            0,
            0,
            0,
            0
        ],
