{
    "bin_ranges": {
        "m3pi_lower_limit": 1.78,
        "m3pi_upper_limit": 1.82,
        "t_lower_limit": 0.141,
        "t_upper_limit": 0.194
    },
    "info": "The dalitz matrix M is computed as sqrt(-Kibble) * (A[1]-A[2])",
    "bin_centers": [
        0.29900000000000004,
        0.33999999999999997,
        0.38,
        0.42000000000000004,
        0.45999999999999996,
        0.5,
        0.54,
        0.5800000000000001,
        0.62,
        0.66,
        0.69,
        0.71,
        0.73,
        0.75,
        0.77,
        0.79,
        0.81,
        0.83,
        0.85,
        0.87,
        0.89,
        0.91,
        0.94,
        0.98,
        1.02,
        1.06,
        1.1,
        1.1400000000000001,
        1.18,
        1.22,
        1.26,
        1.3,
        1.34,
        1.38,
        1.42,
        1.46,
        1.5,
        1.54,
        1.58,
        1.62,
        1.66
    ],
    "real(M)": [
        [
            0,
            0,
            0,
            0,
            0,
            0,
            0,
            0,
            0,
            0,
            0,
            0,
            0,
            0,
            0,
            0,
            0,
            0,
            0,
            0,
            0,
            0,
            0,
            0,
            0,
            -33.97945136383073,
            -58.50137058657901,
            -63.64644660441176,
            -83.38210937220275,
            -98.15272736940113,
            -92.62202711250615,
            -101.13620679880275,
            -108.52128091701152,
            -102.75566528454182,
            -75.02535252458216,
            -39.69399029458968,
            0,
            0,
            0,
            0,
            0
        ],
        [
            0,
            0,
            0,
            0,
            0,
            0,
            0,
            0,
            0,
            0,
            0,
            0,
            0,
            0,
            0,
            0,
            0,
            0,
            34.53876818288568,
            62.77064927654739,
            67.82058267586513,
            64.90130996402323,
            73.41136415482764,
            76.0827975153196,
            76.05412318955617,
            80.51123056832238,
            63.28492222382039,
            79.3453129692929,
            57.31500547121704,
            40.30095398521037,
            54.738891577911446,
            36.79818495990012,
            12.316405192260426,
            0.07396854775809042,
            14.801920160630182,
            -26.99689196519187,
            -25.59635336568821,
            8.688246037619425,
            0,
            0,
            0
        ],
        [
            0,
            0,
            0,
            0,
            0,
            0,
            0,
            0,
            0,
            0,
            0,
            0,
            0,
            51.349176895478784,
            117.56226805542795,
            189.79834220352691,
            245.98473581069666,
            240.04956771338044,
            271.1559830578789,
            276.2917340567929,
            264.0514226255477,
            250.35438722296993,
            262.23411761494236,
            268.13199365033626,
            272.15388537054224,
            283.01379923188995,
            263.61751370095516,
            289.2053480520693,
            262.5213072903957,
            241.7915124079716,
            261.3478927440882,
            236.58811062709825,
            201.2427434829345,
            179.6131275813302,
            191.62109061259866,
            121.81777106228489,
            105.36082164075509,
            137.87715797327112,
            60.50954863409947,
            0,
            0
        ],
        [
            0,
            0,
            0,
            0,
            0,
            0,
            0,
            0,
            0,
            -2.1741609511237754,
            8.09548696740115,
            36.361490515486516,
            77.59570050668742,
            105.3260488420054,
            196.3847719344347,
            286.9179161217915,
            346.94991312422985,
            315.08352186838005,
            343.38261614746176,
            337.0212084116726,
            309.7023199065857,
            283.08849973625667,
            288.78192490110666,
            286.04878522039786,
            283.2058598122207,
            290.48291192445333,
            261.8353536579297,
            289.43775796026586,
            254.40316275781194,
            227.75001522682774,
            250.67754381217475,
            221.13135751922405,
            179.83234776508652,
            156.10160065743656,
            174.5108883301039,
            94.43554657562142,
            81.25649677639629,
            135.29230978613882,
            52.01409699308688,
            113.60696549431322,
            0
        ],
        [
            0,
            0,
            0,
            0,
            0,
            0,
            0,
            0,
            30.001164608892214,
            13.568550648975254,
            40.14880111453544,
            85.19957454309778,
            143.4362299345213,
            178.68822374027386,
            297.6151459738124,
            410.91931113692107,
            482.0935356140624,
            436.7372976105523,
            468.4117917680352,
            457.5810657862229,
            422.046494412126,
            388.3715891016773,
            393.84438529281397,
            389.452949849579,
            385.49549498508406,
            393.693697711459,
            360.15125070957873,
            392.09611207906937,
            351.399939200434,
            320.44447900467924,
            346.50402704066397,
            311.90308258919686,
            263.52471506998523,
            234.99594202664818,
            254.6504631256469,
            159.85604374272,
            141.570288477719,
            202.0563345151431,
            98.5492104762399,
            183.89749249443173,
            0
        ],
        [
            0,
            0,
            0,
            0,
            0,
            0,
            0,
            13.425232470540964,
            22.485488460582626,
            -19.467821129741434,
            9.31619209080302,
            62.28758063624011,
            129.84741496596115,
            167.5211086330369,
            306.14653722525946,
            435.64389231696856,
            513.5265245280185,
            453.67527960185,
            485.4558053701274,
            467.9113754277991,
            422.36505467469544,
            379.72903293536547,
            381.18555567856754,
            370.6326605018911,
            361.5190525518951,
            366.9696498877079,
            325.9755234076967,
            359.5284338558733,
            311.99774293850504,
            276.19610704199437,
            304.9850823959968,
            266.5707888880754,
            213.5850736381637,
            183.68274131113958,
            208.6499949312251,
            106.75395545490471,
            91.8447194004382,
            167.7076717653708,
            61.52915049478312,
            180.45869635808938,
            0
        ],
        [
            0,
            0,
            0,
            0,
            0,
            0,
            0,
            -40.3961452509993,
            -46.38726090060794,
            -112.45539907709137,
            -85.76727172125042,
            -28.452534599618048,
            44.967019148508946,
            82.70263678023184,
            236.7807350232659,
            378.92001651320015,
            461.1442576874378,
            386.58977026369473,
            416.81902266156004,
            391.56816155807763,
            335.3211041984779,
            282.9582739015143,
            278.53837987195345,
            259.64435030408794,
            243.41791869972377,
            244.32005160353123,
            194.81269535913498,
            228.62966591194564,
            174.03216902562772,
            133.51218622140763,
            165.09486426852192,
            124.10864858121144,
            68.57623366096018,
            39.91380006750882,
            73.04690850239989,
            -30.41883690589571,
            -36.152016598924504,
            60.65504603968471,
            -36.25489983189624,
            121.66397267227755,
            0
        ],
        [
            0,
            0,
            0,
            0,
            0,
            -13.425232470540964,
            40.3961452509993,
            0,
            4.579823169413654,
            -62.708589534802556,
            -24.787802839999312,
            44.64196709645588,
            131.24814176502412,
            176.64819434075153,
            352.06322353144407,
            512.7744464202632,
            605.7305022986028,
            524.1165294698329,
            559.037532111626,
            532.4998070434848,
            471.88708299273947,
            415.7516138500002,
            413.19625399469965,
            395.32214266619485,
            380.10606485706097,
            383.2205769150666,
            331.01631359124076,
            368.97954963300293,
            310.35568766432516,
            266.50356286297404,
            300.03062603003366,
            254.27203597132123,
            192.0221349264344,
            157.82180045997936,
            188.91413911054138,
            71.8021205034895,
            57.94786842504134,
            150.91973798529563,
            34.00045450838747,
            176.72775918572998,
            0
        ],
        [
            0,
            0,
            0,
            0,
            -30.001164608892214,
            -22.485488460582626,
            46.38726090060794,
            -4.579823169413654,
            0,
            -76.46349382757717,
            -33.93263081056302,
            43.08795116218864,
            138.5052718537159,
            187.853683402301,
            379.9831976092339,
            555.0608514276761,
            655.2940915064562,
            564.5830980805271,
            601.4017966313161,
            571.3113290008913,
            504.37902146810956,
            442.5738746544793,
            438.71695667410523,
            418.124454776092,
            400.6340264280116,
            403.0658823056839,
            346.1176933114603,
            386.2155464004755,
            322.7339311599233,
            275.3040376627269,
            310.7579591868018,
            261.53864799983467,
            194.94704315601243,
            158.4521173450318,
            191.36966467265793,
            67.46040750423924,
            53.188658319173705,
            150.5384403692881,
            29.22525103629509,
            167.41834042176882,
            0
        ],
        [
            0,
            0,
            0,
            2.1741609511237754,
            -13.568550648975254,
            19.467821129741434,
            112.45539907709137,
            62.708589534802556,
            76.46349382757717,
            0,
            52.5642787940957,
            140.28193684370922,
            247.42160174594454,
            303.8830901029965,
            514.8508867207029,
            706.4925035149514,
            816.5851062051887,
            720.3564235283828,
            761.7543171013,
            731.0267950883373,
            660.7390587816159,
            596.0469259801054,
            594.3192779542901,
            575.1598350711355,
            558.9367068383265,
            563.5034334903964,
            504.2780930670282,
            547.7594742465769,
            480.46314836830015,
            429.5929136109145,
            465.69320228560724,
            411.22232814082054,
            337.48832466381407,
            294.3735020350786,
            322.57764777810337,
            184.95316930532957,
            159.82731695618278,
            245.5591470030208,
            102.54112892342064,
            191.8154847799367,
            0
        ],
        [
            0,
            0,
            0,
            -8.09548696740115,
            -40.14880111453544,
            -9.31619209080302,
            85.76727172125042,
            24.787802839999312,
            33.93263081056302,
            -52.5642787940957,
            0,
            90.7703483574124,
            201.8700308731632,
            259.22670135527864,
            479.5069907788759,
            679.027049838642,
            792.4306771788977,
            688.8216097654988,
            730.1028493365928,
            695.728378595785,
            620.0269130507482,
            550.4044501698496,
            546.1247557525446,
            523.1314379607004,
            503.6259306747114,
            506.22236043373493,
            442.69671701666783,
            486.6261921040674,
            415.65730958316584,
            362.34757281908435,
            399.845040915159,
            343.93289165311603,
            268.85303830839655,
            226.29026820090704,
            257.97016846053197,
            120.51223006362002,
            99.9926735193858,
            192.32279016448294,
            57.79894142996948,
            132.71461078371837,
            0
        ],
        [
            0,
            0,
            0,
            -36.361490515486516,
            -85.19957454309778,
            -62.28758063624011,
            28.452534599618048,
            -44.64196709645588,
            -43.08795116218864,
            -140.28193684370922,
            -90.7703483574124,
            0,
            111.75102299399157,
            167.87821231778503,
            392.3599892061982,
            595.2365051147419,
            709.1518429512732,
            599.3056163020302,
            639.0451317610153,
            600.9466449366782,
            520.4653705861638,
            446.4430876382711,
            438.78421891959965,
            411.27676648259126,
            387.92906984264897,
            387.85764481806916,
            320.56518428248177,
            364.12033774436344,
            290.63412355581863,
            236.07839853410113,
            275.25029035085817,
            219.88631484524066,
            146.15682510245955,
            106.95408929253676,
            144.6947800293839,
            12.860767091350995,
            2.1805501179131848,
            107.20264907276525,
            -7.546384233719872,
            70.70698217845671,
            0
        ],
        [
            0,
            0,
            0,
            -77.59570050668742,
            -143.4362299345213,
            -129.84741496596115,
            -44.967019148508946,
            -131.24814176502412,
            -138.5052718537159,
            -247.42160174594454,
            -201.8700308731632,
            -111.75102299399143,
            0,
            54.33766942481907,
            282.28718444118977,
            487.83929334244596,
            601.7096388081794,
            485.3361404235692,
            523.0971064590691,
            480.9419782818417,
            395.413902575003,
            316.73911983967076,
            305.2542552621317,
            272.74197853993206,
            245.16442219330395,
            242.12882561339987,
            170.98068420910127,
            214.0832459607044,
            138.30588577193487,
            82.891790969009,
            124.19442241653358,
            70.2111407644751,
            -1.0126350214763928,
            -35.41292148685645,
            10.06844757936308,
            -113.43513798755616,
            -111.07547602032214,
            10.402310677352572,
            -76.41479212736503,
            0,
            0
        ],
        [
            0,
            0,
            -51.349176895478784,
            -105.3260488420054,
            -178.68822374027386,
            -167.5211086330369,
            -82.70263678023184,
            -176.64819434075153,
            -187.853683402301,
            -303.8830901029965,
            -259.22670135527864,
            -167.87821231778503,
            -54.33766942481907,
            0,
            232.9472535133961,
            442.668316161529,
            558.0215650530678,
            436.8254822737009,
            474.07816658245457,
            429.3507230893323,
            340.2346590829767,
            258.2876061129932,
            244.79962523316553,
            209.47021536628074,
            179.53388944272535,
            175.04797182413014,
            101.28457658309419,
            144.65970757427849,
            67.05217813367126,
            10.77085072255159,
            53.556086460207496,
            -0.10880023406505568,
            -70.47597245207064,
            -102.50472384657732,
            -52.76952710854339,
            -171.97860046546324,
            -162.25346575748952,
            -32.57660602955463,
            -100.25971025730846,
            0,
            0
        ],
        [
            0,
            0,
            -117.56226805542795,
            -196.3847719344347,
            -297.6151459738124,
            -306.14653722525946,
            -236.7807350232659,
            -352.06322353144407,
            -379.9831976092339,
            -514.8508867207029,
            -479.5069907788759,
            -392.3599892061982,
            -282.2871844411901,
            -232.9472535133961,
            0,
            209.11156885193594,
            321.4603471041506,
            191.3901345089021,
            224.11072858098186,
            173.06714880568265,
            76.86448834545472,
            -11.656079229037818,
            -31.816321344088347,
            -75.39976285576533,
            -112.20339133541445,
            -121.67415285296003,
            -200.4231412169584,
            -158.1039777523598,
            -237.42023197524443,
            -293.0248985256595,
            -245.7394811034842,
            -294.0751924129666,
            -356.38717770616125,
            -376.357844979474,
            -309.7687934532371,
            -407.5379785798937,
            -368.05813112289684,
            -199.84338618851856,
            -196.089551526862,
            0,
            0
        ],
        [
            0,
            0,
            -189.79834220352691,
            -286.9179161217915,
            -410.91931113692107,
            -435.64389231696856,
            -378.92001651320015,
            -512.7744464202632,
            -555.0608514276778,
            -706.4925035149514,
            -679.027049838642,
            -595.2365051147419,
            -487.83929334244596,
            -442.668316161529,
            -209.11156885193594,
            0,
            110.02616586561535,
            -28.01867896262802,
            0.8752637180311411,
            -55.7222837458938,
            -158.23103621754746,
            -252.57899681204228,
            -278.45720523441537,
            -329.09900212508506,
            -371.68946805009386,
            -385.205645409558,
            -468.0338305222732,
            -426.12695768357537,
            -506.47602709508686,
            -560.8753956724679,
            -508.84315137694745,
            -551.5807888232739,
            -605.645724334143,
            -613.534354715623,
            -530.3566090165397,
            -606.343967827079,
            -536.7599560918298,
            -329.1939307515957,
            -239.59377412353382,
            0,
            0
        ],
        [
            0,
            0,
            -245.98473581069666,
            -346.94991312422985,
            -482.0935356140624,
            -513.5265245280185,
            -461.1442576874378,
            -605.7305022986028,
            -655.2940915064571,
            -816.5851062051887,
            -792.4306771788977,
            -709.1518429512732,
            -601.7096388081798,
            -558.0215650530678,
            -321.4603471041506,
            -110.02616586561535,
            0,
            -143.55059642066587,
            -116.28473078108007,
            -176.2563305967915,
            -282.95033539760703,
            -381.119420831427,
            -410.02860628787937,
            -464.5272305185612,
            -510.1892225422087,
            -525.577171680365,
            -610.77571672094,
            -568.3143035454051,
            -649.215921860357,
            -702.6608934584676,
            -647.0784909287936,
            -686.1379696304015,
            -734.8250899537718,
            -734.714652396491,
            -640.6202217636948,
            -701.5011749444909,
            -610.768896116638,
            -375.8561585704174,
            -193.9115559100788,
            0,
            0
        ],
        [
            0,
            0,
            -240.04956771338044,
            -315.08352186838005,
            -436.7372976105523,
            -453.67527960185,
            -386.58977026369473,
            -524.1165294698329,
            -564.5830980805271,
            -720.3564235283828,
            -688.8216097654988,
            -599.3056163020299,
            -485.33614042356953,
            -436.8254822737009,
            -191.39013450890192,
            28.01867896262802,
            143.55059642066587,
            0,
            30.718633347193997,
            -27.719576636065998,
            -133.90964602399518,
            -231.48988571904917,
            -257.45980202382935,
            -308.8636651855413,
            -351.89882012506376,
            -364.8325632430791,
            -449.442273993362,
            -405.20815111557545,
            -487.02747931718363,
            -541.8505979290059,
            -487.4068728197073,
            -529.8141177877986,
            -583.0076439959623,
            -588.3212409714384,
            -501.2786035681293,
            -569.926696936271,
            -489.0972211069774,
            -271.68788169853275,
            0,
            0,
            0
        ],
        [
            0,
            -34.53876818288568,
            -271.1559830578789,
            -343.38261614746176,
            -468.4117917680352,
            -485.4558053701274,
            -416.81902266156004,
            -559.037532111626,
            -601.4017966313173,
            -761.7543171013,
            -730.1028493365928,
            -639.0451317610153,
            -523.0971064590699,
            -474.07816658245457,
            -224.11072858098186,
            -0.8752637180311411,
            116.28473078108007,
            -30.718633347193997,
            0,
            -60.09345197241129,
            -168.73979543030137,
            -268.51401882706836,
            -295.4827893188056,
            -348.32591656769006,
            -392.42618445783677,
            -405.7156717991979,
            -491.4643103705542,
            -446.2575967900487,
            -528.42221478744,
            -582.7319326474071,
            -526.1909402945313,
            -566.7909163460478,
            -617.2260052214975,
            -618.2836097276581,
            -525.7580114926453,
            -584.6979621112971,
            -490.2900133962199,
            -255.63242864911933,
            0,
            0,
            0
        ],
        [
            0,
            -62.770649276547445,
            -276.2917340567929,
            -337.0212084116726,
            -457.5810657862229,
            -467.9113754277991,
            -391.56816155807763,
            -532.4998070434848,
            -571.3113290008913,
            -731.0267950883373,
            -695.728378595785,
            -600.9466449366782,
            -480.9419782818417,
            -429.3507230893323,
            -173.06714880568273,
            55.72228374589376,
            176.2563305967916,
            27.719576636065998,
            60.09345197241129,
            0,
            -109.48986619247094,
            -209.9471067446864,
            -235.9560261439772,
            -287.96702758294737,
            -331.3056541812851,
            -343.63020002168014,
            -429.61830123013164,
            -383.26790113271613,
            -466.0505055729824,
            -520.8369180430734,
            -464.15552187520944,
            -505.6231309412268,
            -556.9634800015464,
            -558.7574094233953,
            -467.59872970173313,
            -524.8896580214545,
            -428.0361465852735,
            -191.42496886103115,
            0,
            0,
            0
        ],
        [
            0,
            -67.82058267586513,
            -264.0514226255477,
            -309.7023199065857,
            -422.046494412126,
            -422.36505467469544,
            -335.3211041984779,
            -471.88708299273947,
            -504.37902146810956,
            -660.7390587816159,
            -620.0269130507482,
            -520.4653705861638,
            -395.4139025750034,
            -340.2346590829767,
            -76.86448834545476,
            158.23103621754734,
            282.95033539760715,
            133.90964602399518,
            168.73979543030137,
            109.48986619247094,
            0,
            -100.3565846803942,
            -124.46044266455326,
            -174.56159089927553,
            -216.3159699627452,
            -227.15741379942347,
            -313.06605087298317,
            -265.7512020455942,
            -349.508350391238,
            -405.5607325866216,
            -350.18722002538493,
            -394.3224590708253,
            -448.9455044793672,
            -454.7151075939446,
            -369.49603380397446,
            -430.16154455677673,
            -338.1106783897618,
            -107.67865456479183,
            0,
            0,
            0
        ],
        [
            0,
            -64.90130996402321,
            -250.35438722296993,
            -283.08849973625667,
            -388.3715891016773,
            -379.72903293536547,
            -282.9582739015143,
            -415.7516138500002,
            -442.5738746544793,
            -596.0469259801054,
            -550.4044501698496,
            -446.4430876382711,
            -316.73911983967076,
            -258.2876061129932,
            11.656079229037818,
            252.57899681204228,
            381.11942083142685,
            231.48988571904917,
            268.5140188270683,
            209.9471067446864,
            100.3565846803942,
            0,
            -22.467662599769653,
            -70.97167996303045,
            -111.4322105300437,
            -121.08668453063866,
            -207.0806168755848,
            -159.11298316997943,
            -243.92801438968542,
            -301.3181155287683,
            -247.48902808351048,
            -294.2870811645879,
            -352.0729726081986,
            -361.72964763732324,
            -282.67135683980933,
            -345.8180517979889,
            -257.48992572854866,
            0,
            0,
            0,
            0
        ],
        [
            0,
            -73.41136415482764,
            -262.2341176149423,
            -288.78192490110666,
            -393.84438529281397,
            -381.18555567856754,
            -278.53837987195345,
            -413.19625399469965,
            -438.71695667410523,
            -594.3192779542901,
            -546.1247557525446,
            -438.7842189195999,
            -305.2542552621319,
            -244.79962523316553,
            31.816321344088347,
            278.45720523441537,
            410.0286062878796,
            257.45980202382935,
            295.4827893188056,
            235.9560261439772,
            124.46044266455326,
            22.467662599769653,
            0,
            -48.8389000093925,
            -89.48888558295175,
            -98.89717314196844,
            -185.62647323292566,
            -136.83525996213947,
            -222.10751029334,
            -279.4018641590685,
            -225.01960812961735,
            -271.1566677227701,
            -327.203865941874,
            -334.2312479599364,
            -253.8181521448147,
            -303.18534376189945,
            -191.64727559673477,
            0,
            0,
            0,
            0
        ],
        [
            0,
            -76.0827975153196,
            -268.13199365033626,
            -286.04878522039786,
            -389.452949849579,
            -370.6326605018911,
            -259.64435030408794,
            -395.32214266619485,
            -418.124454776092,
            -575.1598350711355,
            -523.1314379607004,
            -411.27676648259103,
            -272.74197853993206,
            -209.47021536628074,
            75.39976285576527,
            329.09900212508495,
            464.5272305185612,
            308.8636651855413,
            348.32591656769006,
            287.96702758294737,
            174.56159089927553,
            70.97167996303045,
            48.8389000093925,
            0,
            -40.5802294213871,
            -49.584064255975214,
            -136.93850352236632,
            -87.52936505418987,
            -173.2530970135536,
            -230.49848221365366,
            -176.44484323518083,
            -222.09377511736372,
            -276.02199797126417,
            -280.0880697043474,
            -199.85928971947044,
            -224.7061166502621,
            0,
            0,
            0,
            0,
            0
        ],
        [
            0,
            -76.0541231895562,
            -272.15388537054224,
            -283.2058598122207,
            -385.49549498508406,
            -361.5190525518951,
            -243.41791869972357,
            -380.10606485706063,
            -400.6340264280116,
            -558.9367068383265,
            -503.6259306747114,
            -387.92906984264897,
            -245.1644221933041,
            -179.53388944272535,
            112.20339133541445,
            371.68946805009386,
            510.18922254220854,
            351.89882012506376,
            392.42618445783677,
            331.3056541812851,
            216.3159699627452,
            111.4322105300437,
            89.48888558295175,
            40.5802294213871,
            0,
            -8.807797962519546,
            -96.46189104947318,
            -46.9529530533076,
            -132.6077346041937,
            -189.31031597523216,
            -136.05568482708475,
            -180.42851040019616,
            -230.65940148553773,
            -229.8601025749407,
            -148.6799190076886,
            -122.88368291229968,
            0,
            0,
            0,
            0,
            0
        ],
        [
            33.97945136383073,
            -80.51123056832238,
            -283.01379923188995,
            -290.48291192445333,
            -393.693697711459,
            -366.9696498877079,
            -244.32005160353097,
            -383.2205769150664,
            -403.0658823056839,
            -563.5034334903964,
            -506.22236043373493,
            -387.85764481806916,
            -242.12882561339993,
            -175.04797182413014,
            121.67415285295998,
            385.20564540955786,
            525.577171680365,
            364.8325632430791,
            405.71567179919776,
            343.63020002168014,
            227.15741379942347,
            121.08668453063866,
            98.89717314196844,
            49.584064255975214,
            8.807797962519546,
            0,
            -87.3828770889008,
            -37.95110909298693,
            -122.31312977596029,
            -176.9925342775978,
            -123.84279605687222,
            -164.31219390922215,
            -206.51429985372633,
            -194.65661707065797,
            -103.32118920276658,
            0,
            0,
            0,
            0,
            0,
            0
        ],
        [
            58.501370586579085,
            -63.28492222382039,
            -263.61751370095516,
            -261.8353536579303,
            -360.15125070957816,
            -325.975523407697,
            -194.81269535913484,
            -331.01631359124076,
            -346.11769331146047,
            -504.2780930670282,
            -442.69671701666783,
            -320.56518428248165,
            -170.98068420910127,
            -101.28457658309419,
            200.4231412169584,
            468.033830522273,
            610.77571672094,
            449.442273993362,
            491.46431037055413,
            429.61830123013146,
            313.06605087298317,
            207.0806168755848,
            185.62647323292563,
            136.93850352236632,
            96.46189104947318,
            87.3828770889008,
            0,
            47.24801480339215,
            -37.470741245954606,
            -92.82404368436363,
            -45.10257105430475,
            -86.79424051174666,
            -126.68411592643604,
            -110.35129327326227,
            0,
            0,
            0,
            0,
            0,
            0,
            0
        ],
        [
            63.64644660441169,
            -79.3453129692929,
            -289.2053480520693,
            -289.43775796026586,
            -392.0961120790694,
            -359.5284338558733,
            -228.62966591194547,
            -368.97954963300293,
            -386.2155464004753,
            -547.7594742465769,
            -486.6261921040674,
            -364.12033774436344,
            -214.0832459607044,
            -144.65970757427849,
            158.10397775235975,
            426.12695768357537,
            568.3143035454051,
            405.20815111557545,
            446.2575967900487,
            383.26790113271613,
            265.7512020455942,
            159.11298316997943,
            136.83525996213947,
            87.52936505418987,
            46.9529530533076,
            37.95110909298693,
            -47.24801480339215,
            0,
            -79.86032609674302,
            -128.8443369751935,
            -78.87083165557935,
            -108.5106915644508,
            -124.4719367464273,
            -49.717705771838006,
            0,
            0,
            0,
            0,
            0,
            0,
            0
        ],
        [
            83.38210937220268,
            -57.315005471217326,
            -262.5213072903957,
            -254.40316275781194,
            -351.39993920043406,
            -311.99774293850504,
            -174.03216902562772,
            -310.35568766432516,
            -322.7339311599233,
            -480.46314836830015,
            -415.65730958316584,
            -290.63412355581863,
            -138.30588577193487,
            -67.05217813367126,
            237.42023197524443,
            506.47602709508686,
            649.215921860357,
            487.02747931718363,
            528.42221478744,
            466.0505055729824,
            349.508350391238,
            243.92801438968542,
            222.10751029334,
            173.2530970135536,
            132.6077346041937,
            122.31312977596029,
            37.47074124595461,
            79.86032609674302,
            0,
            -49.68309492542845,
            -9.706364311217202,
            -40.31224741061024,
            -41.90533004131342,
            0,
            0,
            0,
            0,
            0,
            0,
            0,
            0
        ],
        [
            98.15272736940113,
            -40.30095398521058,
            -241.79151240797165,
            -227.75001522682777,
            -320.44447900467924,
            -276.19610704199437,
            -133.51218622140752,
            -266.50356286297426,
            -275.3040376627269,
            -429.5929136109145,
            -362.34757281908435,
            -236.07839853410113,
            -82.891790969009,
            -10.77085072255159,
            293.0248985256596,
            560.8753956724679,
            702.6608934584676,
            541.8505979290059,
            582.7319326474071,
            520.8369180430734,
            405.5607325866216,
            301.3181155287683,
            279.4018641590685,
            230.49848221365366,
            189.31031597523216,
            176.9925342775978,
            92.82404368436362,
            128.8443369751935,
            49.68309492542845,
            0,
            26.895960490960675,
            -3.7438155962864688,
            0,
            0,
            0,
            0,
            0,
            0,
            0,
            0,
            0
        ],
        [
            92.62202711250627,
            -54.73889157791143,
            -261.3478927440882,
            -250.67754381217475,
            -346.50402704066346,
            -304.98508239599676,
            -165.09486426852192,
            -300.03062603003366,
            -310.7579591868017,
            -465.69320228560724,
            -399.84504091515896,
            -275.25029035085817,
            -124.19442241653363,
            -53.556086460207496,
            245.7394811034842,
            508.8431513769474,
            647.0784909287936,
            487.4068728197073,
            526.1909402945312,
            464.15552187520944,
            350.18722002538493,
            247.48902808351048,
            225.01960812961735,
            176.44484323518083,
            136.05568482708475,
            123.84279605687222,
            45.10257105430474,
            78.87083165557935,
            9.706364311217202,
            -26.895960490960675,
            0,
            0,
            0,
            0,
            0,
            0,
            0,
            0,
            0,
            0,
            0
        ],
        [
            101.13620679880275,
            -36.79818495990012,
            -236.58811062709827,
            -221.13135751922408,
            -311.90308258919663,
            -266.57078888807536,
            -124.1086485812114,
            -254.27203597132134,
            -261.53864799983467,
            -411.22232814082054,
            -343.93289165311603,
            -219.88631484524066,
            -70.21114076447512,
            0.10880023406505568,
            294.0751924129666,
            551.5807888232739,
            686.1379696304014,
            529.8141177877986,
            566.7909163460478,
            505.6231309412268,
            394.3224590708253,
            294.2870811645879,
            271.1566677227701,
            222.09377511736372,
            180.42851040019616,
            164.31219390922215,
            86.79424051174665,
            108.5106915644508,
            40.31224741061024,
            3.7438155962864688,
            0,
            0,
            0,
            0,
            0,
            0,
            0,
            0,
            0,
            0,
            0
        ],
        [
            108.52128091701161,
            -12.316405192260484,
            -201.24274348293451,
            -179.83234776508652,
            -263.5247150699849,
            -213.58507363816366,
            -68.57623366096017,
            -192.0221349264344,
            -194.94704315601243,
            -337.48832466381407,
            -268.85303830839655,
            -146.15682510245955,
            1.0126350214763926,
            70.47597245207064,
            356.38717770616125,
            605.6457243341429,
            734.8250899537719,
            583.0076439959624,
            617.2260052214975,
            556.9634800015465,
            448.9455044793672,
            352.0729726081986,
            327.203865941874,
            276.02199797126417,
            230.65940148553773,
            206.51429985372633,
            126.684115926436,
            124.4719367464273,
            41.90533004131342,
            0,
            0,
            0,
            0,
            0,
            0,
            0,
            0,
            0,
            0,
            0,
