{
    "bin_ranges": {
        "m3pi_lower_limit": 2.34,
        "m3pi_upper_limit": 2.38,
        "t_lower_limit": 0.141,
        "t_upper_limit": 0.194
    },
    "info": "The dalitz matrix M is computed as sqrt(-Kibble) * (A[1]-A[2])",
    "bin_centers": [
        0.29900000000000004,
        0.33999999999999997,
        0.38,
        0.42000000000000004,
        0.45999999999999996,
        0.5,
        0.54,
        0.5800000000000001,
        0.62,
        0.66,
        0.69,
        0.71,
        0.73,
        0.75,
        0.77,
        0.79,
        0.81,
        0.83,
        0.85,
        0.87,
        0.89,
        0.91,
        0.94,
        0.98,
        1.02,
        1.06,
        1.1,
        1.1400000000000001,
        1.18,
        1.22,
        1.26,
        1.3,
        1.34,
        1.38,
        1.42,
        1.46,
        1.5,
        1.54,
        1.58,
        1.62,
        1.66,
        1.7,
        1.74,
        1.78,
        1.82,
        1.8599999999999999,
        1.9,
        1.94,
        1.98,
        2.02,
        2.06,
        2.1,
        2.14,
        2.18,
        2.22
    ],
    "real(M)": [
        [
            0,
            0,
            0,
            0,
            0,
            0,
            0,
            0,
            0,
            0,
            0,
            0,
            0,
            0,
            0,
            0,
            0,
            0,
            0,
            0,
            0,
            0,
            0,
            0,
            0,
            0,
            0,
            0,
            0,
            0,
            0,
            0,
            0,
            8.071203768265894,
            -13.25871425478266,
            14.807637243681707,
            44.80601405642332,
            -25.110562072213977,
            -2.811528277282912,
            -0.5006040015996905,
            -25.102855269929385,
            61.28705530889388,
            56.876836612851754,
            25.013018366810172,
            75.21463837866762,
            40.080552067517935,
            43.1901577465579,
            0,
            0,
            0,
            0,
            0,
            0,
            0,
            0
        ],
        [
            0,
            0,
            0,
            0,
            0,
            0,
            0,
            0,
            0,
            0,
            0,
            0,
            0,
            0,
            0,
            0,
            0,
            0,
            0,
            0,
            0,
            0,
            0,
            0,
            0,
            0,
            0,
            -25.75172682666443,
            -5.819251658576427,
            11.019615982158415,
            33.13128915122424,
            -34.46102487892756,
            3.9338254319406514,
            43.623701314663094,
            -18.74390659200208,
            49.5856330864159,
            109.10235467659511,
            -31.57527923568235,
            12.363765109152558,
            16.922342247885464,
            -28.03150063567505,
            130.47243345047065,
            124.02960639679506,
            65.77699941652948,
            172.54021997817475,
            110.0745928221101,
            152.22474103201165,
            114.37913677849782,
            -9.359867397357421,
            29.786634965826654,
            40.29352671079176,
            0,
            0,
            0,
            0
        ],
        [
            0,
            0,
            0,
            0,
            0,
            0,
            0,
            0,
            0,
            0,
            0,
            0,
            0,
            0,
            0,
            0,
            0,
            0,
            0,
            0,
            0,
            0,
            0,
            7.635820384984507,
            -25.50286114238477,
            -38.180830687121514,
            -78.29286116961286,
            -99.4862904969103,
            -49.95097244355485,
            -23.17811469210365,
            7.591766779661496,
            -98.75359778551764,
            -43.52349115914843,
            10.495244046282034,
            -78.79686162996289,
            13.493865551724065,
            91.96789162591423,
            -98.65809333786724,
            -40.558722637194464,
            -34.97354145369817,
            -94.68457501739394,
            115.582938003338,
            108.03500447680942,
            31.980612768931444,
            178.17583585568454,
            97.7940288922173,
            162.50207282868365,
            118.27106154746869,
            -58.435212227155326,
            13.310777128542352,
            83.14679129960835,
            2.4919436246703044,
            0,
            0,
            0
        ],
        [
            0,
            0,
            0,
            0,
            0,
            0,
            0,
            0,
            0,
            0,
            0,
            0,
            0,
            0,
            0,
            0,
            0,
            0,
            0,
            -1.756017033154191,
            -61.21470548208176,
            -81.24463856268385,
            -42.3887235332844,
            45.81297027610238,
            -15.917256772219481,
            -26.56575297127705,
            -77.53507010585949,
            -98.93096159549488,
            -25.65473186728443,
            13.189205282726437,
            55.311479736592865,
            -77.81526632772712,
            -5.54287680070831,
            63.54128305961935,
            -45.469072597273666,
            69.43659085857237,
            166.14129194111158,
            -65.61025121700112,
            5.757628905472767,
            12.90640530238434,
            -59.312058975365126,
            195.1799108136786,
            185.7189499919931,
            92.85781766723582,
            270.1595712886798,
            171.37280770047934,
            250.3942835079235,
            195.14274322496502,
            -29.89715708299614,
            58.22572691967955,
            151.45216414115325,
            33.952811787271486,
            80.45276129397965,
            0,
            0
        ],
        [
            0,
            0,
            0,
            0,
            0,
            0,
            0,
            0,
            0,
            0,
            0,
            0,
            0,
            0,
            15.56087189989762,
            132.20892064979046,
            121.40324662471629,
            47.96575268051888,
            74.50753260452748,
            157.70869979985684,
            61.25520829323367,
            56.30339479991316,
            148.33327470546223,
            299.2992438304445,
            236.36984257206493,
            243.11347588194593,
            198.15854349402883,
            190.11717339726036,
            296.2050269810543,
            357.47394697665334,
            420.65661717773287,
            274.1014403698881,
            370.58152022626234,
            461.3065717011412,
            341.7866634053749,
            483.1839018425238,
            601.4474890546198,
            336.42130892092115,
            422.54399920374743,
            432.5919164148878,
            349.17985504439275,
            642.3982518760919,
            628.2731338995891,
            515.6151093511912,
            714.2299471544793,
            590.2012115515131,
            670.6016165112635,
            591.4500828279415,
            307.3267063045799,
            388.0591800091296,
            472.99283658990583,
            291.9456531339033,
            310.8366887705011,
            56.76562544706106,
            0
        ],
        [
            0,
            0,
            0,
            0,
            0,
            0,
            0,
            0,
            0,
            0,
            0,
            27.168276673605316,
            92.74847126997052,
            149.50743708057226,
            12.31699630571478,
            150.5932387971909,
            57.49760242193682,
            -92.31077634799294,
            -71.972520955347,
            25.569613934621163,
            -121.69244126332548,
            -141.16243343337064,
            -42.486754455280575,
            119.13430744468705,
            18.543975128888604,
            6.142201222169975,
            -65.24344737206435,
            -90.86304281092383,
            17.509074603525633,
            74.0661273735405,
            133.4850141769288,
            -46.37146559943872,
            53.358064285570755,
            147.10357572334996,
            2.9817801788276976,
            156.18277519096506,
            283.9401702137964,
            -20.19129296139096,
            73.86555112957492,
            83.41678079557424,
            -10.81675141735856,
            320.80496404485007,
            308.0203735859695,
            186.2343409766753,
            417.3967940742381,
            287.41320360479426,
            391.02621012905445,
            317.7125143623296,
            14.880399752115789,
            131.30001637178714,
            260.92687302949463,
            92.17681935471686,
            174.94191220472192,
            -54.1838290820673,
            0
        ],
        [
            0,
            0,
            0,
            0,
            0,
            0,
            0,
            0,
            0,
            62.582194112148265,
            233.08994841151048,
            134.3569197320499,
            226.90802900857878,
            295.78937992820266,
            86.00160172658666,
            278.28274184610746,
            154.5195331392495,
            -33.00908868227979,
            -0.4917911959445533,
            125.11722187277357,
            -49.14295981364427,
            -66.6796649595082,
            58.13841261174962,
            254.8584616767957,
            144.34262464874575,
            136.5495939273946,
            61.371709280940486,
            38.47740767845287,
            166.54706762654027,
            235.03803414461024,
            305.97934625484385,
            108.69072344131867,
            223.85826000311226,
            331.51721947238605,
            173.97239713848145,
            346.56548651949487,
            490.0755418937922,
            154.39810618972277,
            259.5634927976171,
            270.56044149236527,
            166.23593512476052,
            531.9694804699509,
            516.3405275708823,
            379.60145745111504,
            632.0382570126545,
            484.6020381164107,
            594.442493292367,
            507.5398059757887,
            164.59411116777568,
            284.77033747055907,
            418.6773956634282,
            216.4764344106858,
            294.10046699390784,
            0.9775219236121976,
            0
        ],
        [
            0,
            0,
            0,
            0,
            0,
            0,
            0,
            0,
            35.893766563433466,
            152.4614451020703,
            361.17157322011616,
            191.3744703811226,
            303.92177242569693,
            381.20549597277886,
            111.38371301318062,
            343.675575672899,
            190.4612934651603,
            -33.64999197709477,
            5.128179146343008,
            151.50689063221475,
            -50.5947592183944,
            -70.174846874021,
            73.01756458894569,
            295.43209833810215,
            169.80276287467026,
            160.6432361875029,
            76.61148056086145,
            51.281190292640595,
            193.2374017013047,
            268.7012282762867,
            346.58941286742447,
            129.18986193801936,
            255.6951839897275,
            373.6142870806032,
            200.7609549554332,
            389.54799453328275,
            546.1822424976417,
            179.1713980033675,
            293.886521079714,
            305.7235892416077,
            191.81843669460477,
            590.2137326608117,
            572.882217592839,
            423.6862130802903,
            698.2594984161615,
            537.4611552383168,
            656.7694561699642,
            561.9117157906065,
            188.10569576330198,
            318.7270863262921,
            464.69491514617266,
            243.7011587812286,
            329.39403002697065,
            5.173128136611178,
            0
        ],
        [
            0,
            0,
            0,
            0,
            0,
            0,
            0,
            -35.893766563433466,
            0,
            116.62971926077314,
            351.5580791690128,
            120.71467036723045,
            243.02489641045068,
            320.9619302744626,
            -7.685540988351179,
            252.89633333800444,
            66.82020947098178,
            -196.92735732830153,
            -159.10940851814033,
            -0.11876518985099616,
            -233.95208236392654,
            -261.4728180898821,
            -109.9488506865846,
            125.5185037854266,
            -24.576257062378478,
            -44.77851696654566,
            -146.37994183398712,
            -182.6740512038823,
            -35.62176953269704,
            38.971656288840904,
            116.55726065726348,
            -126.3229973415297,
            5.272607926047975,
            127.8985913438125,
            -63.95933823172134,
            136.55054691733267,
            302.70248932067693,
            -96.34681924712513,
            26.08161730851738,
            38.22310656702966,
            -84.3076952502974,
            346.4601909875838,
            330.0466926055426,
            172.87554321952786,
            473.2617471047228,
            306.5051904359014,
            442.77103143361103,
            350.65198555520453,
            -38.80146787640221,
            116.50590094108615,
            291.5451468096062,
            77.44844102537625,
            198.97874003569885,
            -105.29460393392309,
            0
        ],
        [
            0,
            0,
            0,
            0,
            0,
            0,
            -62.582194112148265,
            -152.4614451020703,
            -116.62971926077314,
            0,
            255.8698583577942,
            -29.175370514000296,
            99.84769707870025,
            176.52019669196383,
            -207.34059575073124,
            76.80857554630889,
            -141.54532715750406,
            -444.1238903289807,
            -409.49098115989943,
            -240.96431752580062,
            -506.5976118673132,
            -543.7138683603152,
            -387.4731710769657,
            -143.598440883131,
            -320.5695900243652,
            -354.80570538750095,
            -476.4895245826364,
            -526.4061769586068,
            -377.4516655226852,
            -306.4260526890204,
            -231.63985400541043,
            -501.15915226443275,
            -366.7292732274943,
            -241.37644489163236,
            -452.89624401888136,
            -242.39256368752459,
            -68.05947367801573,
            -498.22226801587675,
            -368.63673734655424,
            -356.01007800383354,
            -486.09565166148684,
            -23.611677159300033,
            -37.6192417740567,
            -200.1646782689608,
            127.13291914241366,
            -41.72944297490166,
            114.50285834159125,
            30.16197051967946,
            -366.7519641563466,
            -181.01605615333753,
            29.660588807476813,
            -164.9085607258586,
            3.6483751266466338,
            -251.92116615495905,
            0
        ],
        [
            0,
            0,
            0,
            0,
            0,
            0,
            -233.08994841151048,
            -361.17157322011616,
            -351.5580791690128,
            -255.8698583577942,
            0,
            -331.13342891452754,
            -206.3344763381503,
            -139.07063953575135,
            -569.8594140146149,
            -277.31860500088976,
            -526.3319704060476,
            -864.1320586645329,
            -839.3421017367691,
            -671.4030563962056,
            -966.8726348250422,
            -1017.8529838773247,
            -868.4154689216823,
            -631.4464436415824,
            -839.9850917684422,
            -895.9312654917877,
            -1043.040293269964,
            -1113.0736909890145,
            -972.3573346425355,
            -912.8185892940537,
            -848.2456339953912,
            -1144.4477140322997,
            -1014.6382309481438,
            -893.1705910674558,
            -1123.869030353645,
            -910.2490597100182,
            -733.1598170568744,
            -1187.8111948752185,
            -1054.0828097362767,
            -1040.9316871923686,
            -1174.9640834777954,
            -687.0068088444019,
            -694.9804572156858,
            -855.3199535815962,
            -501.1458415392992,
            -661.5016544643877,
            -478.92960153585426,
            -542.6216514580456,
            -925.7160661164392,
            -696.2624001823087,
            -433.45378303448587,
            -578.427768561703,
            -332.07656003702544,
            -478.53210498252645,
            0
        ],
        [
            0,
            0,
            0,
            0,
            0,
            -27.168276673605316,
            -134.3569197320499,
            -191.3744703811226,
            -120.71467036723045,
            29.175370514000296,
            331.13342891452754,
            0,
            150.07982595625947,
            238.35906680644953,
            -196.2749683210211,
            126.92397336558304,
            -117.18479266805195,
            -453.75417897730966,
            -412.1011101824778,
            -221.95338054387622,
            -514.6615307047933,
            -553.1632594121509,
            -377.0010644948924,
            -104.84156160907665,
            -296.2189344645931,
            -330.6553534082466,
            -460.68648148592996,
            -512.2306848330207,
            -347.37434384597213,
            -267.9087791628807,
            -184.7487206059586,
            -475.2950947893755,
            -327.84016243208436,
            -190.68687329640247,
            -418.1687668668772,
            -189.56973782513447,
            -0.5864708722945843,
            -463.98286645486195,
            -323.69728370312197,
            -309.7747354707378,
            -449.6186287705904,
            47.421115308569775,
            31.64440257339986,
            -143.73744456486273,
            205.7939253340524,
            23.143058262888378,
            187.92165928142114,
            95.03962875608691,
            -330.54548397236243,
            -136.3484066805672,
            81.87068318376731,
            -128.09475437663414,
            39.89693504030647,
            -219.33083450777488,
            0
        ],
        [
            0,
            0,
            0,
            0,
            0,
            -92.74847126997052,
            -226.90802900857878,
            -303.92177242569693,
            -243.02489641045068,
            -99.84769707870025,
            206.3344763381503,
            -150.07982595625947,
            0,
            85.03670444614497,
            -376.1571158310433,
            -45.38154285536094,
            -306.25835244882796,
            -662.5876999859272,
            -624.9237060242592,
            -433.0068006991206,
            -742.3825722242169,
            -787.5805152227058,
            -612.7356869483026,
            -341.11354100449455,
            -548.8332857775249,
            -593.5763558211578,
            -736.4725449482725,
            -797.7088788179638,
            -635.1908303533954,
            -560.3253826054366,
            -481.1593099371929,
            -786.3712822096691,
            -639.7797836050826,
            -503.251130196482,
            -741.2846471900376,
            -509.35362264162035,
            -317.53635566667765,
            -795.5543496371671,
            -652.1026040287998,
            -637.591292037084,
            -779.9460716225317,
            -267.40467612684955,
            -280.18131191851967,
            -455.2799722584428,
            -90.73328581323378,
            -270.0430459494421,
            -91.62483148477827,
            -174.77967518727854,
            -594.8576526834062,
            -378.4741818177339,
            -134.3037603625191,
            -319.4010297362131,
            -113.15905002596666,
            -308.14536635757133,
            0
        ],
        [
            0,
            0,
            0,
            0,
            0,
            -149.50743708057226,
            -295.78937992820266,
            -381.20549597277886,
            -320.9619302744626,
            -176.52019669196383,
            139.07063953575135,
            -238.35906680644953,
            -85.03670444614497,
            0,
            -483.93808868418097,
            -142.86432720746106,
            -417.1988305908549,
            -790.0041706525524,
            -753.5392156064519,
            -557.2735271290682,
            -880.3598276778683,
            -929.6076323561805,
            -752.4305930471945,
            -476.7126822858016,
            -696.0333604808751,
            -746.7108511756421,
            -898.2807591172747,
            -965.3193171212074,
            -801.6398601425558,
            -728.0697197692859,
            -649.8546684356932,
            -966.7176266846456,
            -818.5357511280155,
            -680.4635580301107,
            -926.9461161829747,
            -690.2039671790271,
            -494.3919313639255,
            -985.7723519854815,
            -838.7017255435812,
            -823.4683718034241,
            -968.5173440101898,
            -441.6622526581103,
            -452.7320370287419,
            -629.2547504487278,
            -252.5542100991409,
            -431.54508349054936,
            -243.712323011927,
            -321.96871599358514,
            -741.8559947999896,
            -510.8897286023183,
            -250.22551170977653,
            -420.9327510220738,
            -191.4499619694445,
            -337.03205871425035,
            0
        ],
        [
            0,
            0,
            0,
            0,
            -15.56087189989762,
            -12.31699630571478,
            -86.00160172658666,
            -111.38371301318062,
            7.685540988351179,
            207.34059575073124,
            569.8594140146149,
            196.2749683210211,
            376.1571158310433,
            483.93808868418097,
            0,
            372.6113278545241,
            106.13686484995303,
            -262.2944984511643,
            -207.0693508519917,
            12.891042017175876,
            -304.6044946337824,
            -339.2884344563183,
            -132.88688003103576,
            181.23268059527638,
            -16.777099549198528,
            -42.331939027833315,
            -173.2069115436353,
            -218.51394125529976,
            -28.102532549986606,
            67.92038062997077,
            166.9833845309707,
            -141.51981109329168,
            25.865345981907648,
            180.87623449142475,
            -60.762280377747715,
            191.30667918088608,
            399.0231678665005,
            -100.14733628670346,
            52.69618176364498,
            67.68002805146988,
            -84.38394817420338,
            448.1531485843297,
            426.4449118575315,
            231.75252784440798,
            598.2500120576357,
            392.05203129677716,
            554.8124343140609,
            439.6574821035018,
            -30.347452436209657,
            152.59428739407878,
            352.2372955020255,
            98.96252942631953,
            219.70039195546423,
            -80.4646605025013,
            0
        ],
        [
            0,
            0,
            0,
            0,
            -132.20892064979046,
            -150.5932387971909,
            -278.28274184610746,
            -343.675575672899,
            -252.89633333800444,
            -76.80857554630889,
            277.31860500088976,
            -126.92397336558304,
            45.38154285536094,
            142.86432720746106,
            -372.6113278545241,
            0,
            -288.75407520774155,
            -682.1291238253912,
            -637.095663347575,
            -421.81007701826377,
            -760.9936090446042,
            -807.9436803601873,
            -611.5202511143568,
            -309.04452609287387,
            -532.9333480303104,
            -578.1567444318505,
            -730.5328222682936,
            -793.7808636525945,
            -613.8084743850319,
            -529.7274438690205,
            -441.39467934709614,
            -769.9446439068663,
            -608.9742453969272,
            -459.4195250707365,
            -714.9790719653807,
            -463.0678591679686,
            -255.10817129495823,
            -769.2134932070927,
            -613.8351522612495,
            -597.5864517721003,
            -749.9876294112366,
            -200.15985303099842,
            -214.48214968515558,
            -402.54825399026373,
            -14.638065194533654,
            -207.55650865455783,
            -20.301759025562024,
            -111.36952052266224,
            -556.6055582909842,
            -331.41577287909575,
            -81.35397848849249,
            -274.2431433788369,
            -71.47276800462896,
            -208.31090684801916,
            0
        ],
        [
            0,
            0,
            0,
            0,
            -121.40324662471629,
            -57.49760242193682,
            -154.5195331392495,
            -190.4612934651603,
            -66.82020947098178,
            141.54532715750406,
            526.3319704060476,
            117.18479266805195,
            306.25835244882796,
            417.1988305908549,
            -106.13686484995303,
            288.75407520774155,
            0,
            -396.5177623670278,
            -340.73848442548973,
            -109.80698487275916,
            -450.45123176769016,
            -490.12468154891246,
            -275.4136412019789,
            51.48743805624955,
            -163.70484220155242,
            -195.957430971092,
            -338.98005644831045,
            -391.2490446530486,
            -194.8652547821288,
            -97.81654749558604,
            2.621476857512125,
            -325.06171455680453,
            -152.13159283379812,
            7.970927550441275,
            -247.76874249502504,
            14.769839605386,
            230.96249438969292,
            -292.6198641571769,
            -132.89712785221934,
            -116.93897031110396,
            -274.8427495009647,
            282.4882993026554,
            261.73864639753737,
            61.72526552867964,
            446.42016454008115,
            236.5256046690544,
            410.4617449205202,
            297.6797535765856,
            -177.9292467983474,
            20.82772185223563,
            236.01025916309044,
            -3.8198271540815454,
            132.60065231140726,
            -81.26410480428096,
            0
        ],
        [
            0,
            0,
            0,
            0,
            -47.96575268051888,
            92.31077634799294,
            33.00908868227979,
            33.64999197709477,
            196.92735732830153,
            444.1238903289807,
            864.1320586645329,
            453.75417897730966,
            662.5876999859272,
            790.0041706525524,
            262.2944984511643,
            682.1291238253912,
            396.5177623670278,
            0,
            69.27682922571574,
            318.43447979588035,
            -20.76731137112202,
            -50.52087490276938,
            186.16444250882878,
            542.1883281922138,
            340.4709002645938,
            325.6098410324619,
            196.16516607856715,
            158.78138775106137,
            375.06787525856157,
            488.33881237618004,
            603.828094164346,
            279.87414732547444,
            467.00663589139646,
            639.5434291587325,
            385.3707248079241,
            659.5671877065918,
            884.606609390478,
            352.16938314702844,
            515.9141475077905,
            530.8075178316589,
            366.16418760876326,
            928.544200991527,
            898.6323441831993,
            683.3006715784181,
            1059.9258563554558,
            827.7538130210606,
            981.4008554032695,
            838.8271634222436,
            323.65199196229406,
            483.30446963419945,
            647.3628392347838,
            340.58406890584104,
            377.8731900300084,
            5.599995557845513,
            0
        ],
        [
            0,
            0,
            0,
            0,
            -74.50753260452748,
            71.972520955347,
            0.4917911959445533,
            -5.128179146343008,
            159.10940851814033,
            409.49098115989943,
            839.3421017367691,
            412.1011101824778,
            624.9237060242592,
            753.5392156064519,
            207.0693508519917,
            637.095663347575,
            340.73848442548973,
            -69.27682922571574,
            0,
            254.08812977592638,
            -96.28975516463923,
            -128.6380095282459,
            111.63939802763532,
            473.28939822398263,
            263.0351758508977,
            244.6208997706542,
            109.06261733035146,
            68.04167223265165,
            286.82813373774485,
            400.27316268128385,
            516.1148536088389,
            182.8435139797239,
            372.330249479981,
            547.0141375061698,
            286.01126436065323,
            564.8974475257339,
            793.6867056761446,
            249.75913951410072,
            416.5627032947157,
            431.8073936304593,
            264.448481663229,
            838.0174115896101,
            808.4901056194827,
            590.8321097711745,
            975.4465761410326,
            741.8106246016099,
            900.2795151202412,
            758.9824590993223,
            242.78379465774887,
            409.1569840307099,
            578.8284926120813,
            279.722708329611,
            318.4134400364968,
            0,
            0
        ],
        [
            0,
            0,
            0,
            1.756017033154191,
            -157.70869979985684,
            -25.569613934621163,
            -125.11722187277357,
            -151.50689063221475,
            0.11876518985099616,
            240.96431752580062,
            671.4030563962056,
            221.95338054387622,
            433.0068006991206,
            557.2735271290682,
            -12.891042017175876,
            421.81007701826377,
            109.80698487275916,
            -318.43447979588035,
            -254.08812977592638,
            0,
            -366.0131081215271,
            -405.5011456884468,
            -168.41406825951188,
            190.17584098915523,
            -36.56038793629525,
            -66.146482812756,
            -214.9329214704682,
            -266.29956855615245,
            -51.385797831325846,
            56.40680232081661,
            167.28503242153786,
            -179.83857439082567,
            7.749625812019861,
            180.92912542169216,
            -89.67292304723208,
            191.48898286074754,
            422.35017761188044,
            -133.48456920118755,
            36.33057224521632,
            52.86933067140782,
            -115.15449252029649,
            472.12165666208955,
            447.1272392380475,
            232.76979814510366,
            631.8530388269799,
            405.532368176449,
            579.0539250434296,
            451.94093080893805,
            -48.79218086322905,
            143.17293091956876,
            341.9568132191617,
            83.42037358918074,
            169.06434075595504,
            0,
            0
        ],
        [
            0,
            0,
            0,
            61.21470548207648,
            -61.25520829323367,
            121.69244126332548,
            49.14295981364427,
            50.59475921839474,
            233.95208236392654,
            506.5976118673132,
            966.8726348250422,
            514.6615307047933,
            742.3825722242169,
            880.3598276778683,
            304.6044946337824,
            760.9936090446042,
            450.45123176769016,
            20.76731137112202,
            96.28975516463923,
            366.0131081215271,
            0,
            -31.536361252752332,
            224.1765907004331,
            607.5540166654166,
            391.0885494430471,
            375.55001109565,
            237.35653834021025,
            197.91328482389616,
            429.5321079230899,
            550.6894785545284,
            673.9324394369611,
            328.7638445369966,
            528.1158424299873,
            711.4971819587926,
            441.18153285267664,
            731.9784930644786,
            969.9408610718806,
            405.21751069184677,
            577.8948199812359,
            592.7587627908287,
            418.0719157780766,
            1008.9809725412146,
            975.0979879838798,
            746.5553364436158,
            1137.2135460422562,
            890.5175985713302,
            1044.5694041759198,
            889.9849954069967,
            354.6275087225927,
            508.9188124072621,
            656.7569327987245,
            334.86039780324177,
            305.7627070067704,
            0,
            0
        ],
        [
            0,
            0,
            0,
            81.24463856268385,
            -56.30339479991316,
            141.16243343337064,
            66.6796649595082,
            70.174846874021,
            261.4728180898821,
            543.7138683603152,
            1017.8529838773247,
            553.1632594121509,
            787.5805152227058,
            929.6076323561805,
            339.2884344563183,
            807.9436803601873,
            490.12468154891246,
            50.52087490276938,
            128.6380095282459,
            405.5011456884468,
            31.536361252752332,
            0,
            262.5984931473817,
            655.741825392895,
            435.5807674941486,
            420.77094428521656,
            280.682279406069,
            241.41461784695582,
            478.6694149407651,
            603.0267193106189,
            729.3524995046645,
            378.0340981240634,
            581.7288085093131,
            768.9226938314332,
            493.8506768558432,
            790.0664506454181,
            1032.16396439037,
            457.41797761098127,
            632.762899830346,
            647.3876645265626,
            469.2781704031882,
            1068.2464918148335,
            1032.382562990177,
            798.9683319554224,
            1192.3508911364543,
            939.9364604290513,
            1091.9287304903,
            931.5696356448765,
            388.86685159119605,
            537.4162072006042,
            673.9678792766143,
            342.6581456455953,
            268.7610018125423,
            0,
            0
        ],
        [
            0,
            0,
            0,
            42.388723533285976,
            -148.33327470546462,
            42.486754455280575,
            -58.138412611750034,
            -73.01756458894542,
            109.9488506865846,
            387.4731710769657,
            868.415468921685,
            377.0010644948935,
            612.7356869483026,
            752.4305930471945,
            132.88688003103576,
            611.5202511143568,
            275.4136412019789,
            -186.16444250882878,
            -111.63939802763532,
            168.41406825951213,
            -224.1765907004331,
            -262.5984931473817,
            0,
            394.55496094392674,
            156.85287863015267,
            131.60761013187826,
            -22.04998809072006,
            -71.16684167648451,
            164.90137309050854,
            285.2892951467325,
            408.267101142933,
            41.071840123243454,
            244.96125559064367,
            432.50137472702454,
            146.4161525207638,
            447.31269704199224,
            693.3368264709397,
            103.49176829342139,
            283.169147868144,
            299.38616934656096,
            119.92722233408143,
            735.253884871492,
            703.5129672501913,
            472.3595879496011,
            880.4979329079533,
            634.226703254414,
            800.0103532266953,
            652.5059604957507,
            126.78631328735707,
            298.2369625136198,
            457.3141963066302,
            170.31325177333,
            97.18403506660721,
            0,
            0
        ],
        [
            0,
            0,
            -7.635820384984514,
            -45.81297027610238,
            -299.2992438304445,
            -119.13430744468705,
            -254.8584616767957,
            -295.43209833810215,
            -125.5185037854266,
            143.598440883131,
            631.4464436415824,
            104.84156160907665,
            341.11354100449455,
            476.7126822858016,
            -181.23268059527638,
            309.04452609287387,
            -51.48743805624955,
            -542.1883281922138,
            -473.28939822398263,
            -190.17584098915523,
            -607.5540166654157,
            -655.741825392895,
            -394.5549609439263,
            0,
            -261.7916426164061,
            -301.93899638917463,
            -474.3621980366861,
            -537.3651804400473,
            -304.0294606125814,
            -189.7734949338152,
            -71.98952029439455,
            -460.0389025542216,
            -256.5015441098156,
            -68.94813794882931,
            -369.0442004055087,
            -62.272331578784616,
            188.88529371341826,
            -419.0524957698973,
            -233.09970947343092,
            -213.61245735741826,
            -392.872233587877,
            244.21942129746824,
            220.16014054994693,
            -4.611640107080217,
            424.5761171898528,
            191.13635623924668,
            378.6893161463908,
            254.35961649985944,
            -237.68276448795672,
            -28.05459995196506,
            170.39302670285204,
            -28.59578580150711,
            0,
            0,
            0
        ],
        [
            0,
            0,
            25.50286114238477,
            15.917256772219481,
            -236.36984257206493,
            -18.543975128888604,
            -144.34262464874575,
            -169.80276287467026,
            24.576257062378478,
            320.5695900243652,
            839.9850917684422,
            296.2189344645931,
            548.8332857775249,
            696.0333604808751,
            16.777099549198528,
            532.9333480303104,
            163.70484220155242,
            -340.4709002645944,
            -263.0351758508977,
            36.56038793629525,
            -391.0885494430466,
            -435.5807674941486,
            -156.85287863015267,
            261.7916426164061,
            0,
            -32.70293747720555,
            -202.63656143689687,
            -259.8823231327489,
            -11.689621068248973,
            112.72600297317852,
            239.987389928501,
            -154.85030039473142,
