{
    "bin_ranges": {
        "m3pi_lower_limit": 1.9000000000000001,
        "m3pi_upper_limit": 1.9400000000000002,
        "t_lower_limit": 0.141,
        "t_upper_limit": 0.194
    },
    "info": "The dalitz matrix M is computed as sqrt(-Kibble) * (A[1]-A[2])",
    "bin_centers": [
        0.29900000000000004,
        0.33999999999999997,
        0.38,
        0.42000000000000004,
        0.45999999999999996,
        0.5,
        0.54,
        0.5800000000000001,
        0.62,
        0.66,
        0.69,
        0.71,
        0.73,
        0.75,
        0.77,
        0.79,
        0.81,
        0.83,
        0.85,
        0.87,
        0.89,
        0.91,
        0.94,
        0.98,
        1.02,
        1.06,
        1.1,
        1.1400000000000001,
        1.18,
        1.22,
        1.26,
        1.3,
        1.34,
        1.38,
        1.42,
        1.46,
        1.5,
        1.54,
        1.58,
        1.62,
        1.66,
        1.7,
        1.74,
        1.78
    ],
    "real(M)": [
        [
            0,
            0,
            0,
            0,
            0,
            0,
            0,
            0,
            0,
            0,
            0,
            0,
            0,
            0,
            0,
            0,
            0,
            0,
            0,
            0,
            0,
            0,
            0,
            0,
            0,
            0,
            -11.815893479284757,
            -40.32959588103032,
            -55.839147646034185,
            -83.62200145679094,
            -88.62991666311613,
            -104.72671117244909,
            -127.95610992558474,
            -148.4582046611475,
            -123.18336992522327,
            -118.65751489517325,
            -117.24048549195204,
            -64.4388853970317,
            0,
            0,
            0,
            0,
            0,
            0
        ],
        [
            0,
            0,
            0,
            0,
            0,
            0,
            0,
            0,
            0,
            0,
            0,
            0,
            0,
            0,
            0,
            0,
            0,
            0,
            0,
            0,
            0,
            70.57795548879982,
            135.96194896412896,
            175.99592915193105,
            202.0691415009039,
            244.09448348433665,
            260.0779738342782,
            269.7201477012577,
            280.3558903253272,
            254.42087353537488,
            268.22506998775776,
            252.548895621052,
            216.55552621647385,
            176.74152934461677,
            210.37311036824576,
            192.62647595772793,
            145.33892711094276,
            178.82348532510701,
            85.72541331747675,
            105.9227380019934,
            38.69439221181783,
            0,
            0,
            0
        ],
        [
            0,
            0,
            0,
            0,
            0,
            0,
            0,
            0,
            0,
            0,
            0,
            0,
            0,
            0,
            0,
            39.27451392560446,
            68.745305773699,
            108.94350161419173,
            120.79344714888668,
            134.9758445338058,
            156.65684353851705,
            172.77887368581514,
            193.7466346073437,
            192.0331216862861,
            191.87084467634833,
            226.29732338992144,
            226.96347161569275,
            223.4980425555071,
            225.13664985738828,
            180.4071322110209,
            192.22785071145614,
            167.15542492513012,
            117.78835939911838,
            65.81792148448851,
            113.39876077186742,
            95.80081735576573,
            41.26868785830453,
            101.05433419754561,
            -11.748949103627526,
            48.35206527676799,
            -14.845352155493119,
            -104.6116293420347,
            0,
            0
        ],
        [
            0,
            0,
            0,
            0,
            0,
            0,
            0,
            0,
            0,
            0,
            0,
            50.19052995187735,
            93.07419467928338,
            143.1111785798278,
            166.86497197650954,
            211.48592968764584,
            228.02751443770856,
            282.69407962251375,
            289.07270354301573,
            303.8453461047375,
            331.4912382978564,
            351.4455307837969,
            377.76154339629744,
            374.6328962270105,
            375.65830884612126,
            421.31062237595665,
            424.02194730383025,
            421.7356012307359,
            425.6397016372423,
            372.71962936735997,
            388.42366707849243,
            358.8041342320233,
            299.2671434281418,
            235.82523297797258,
            291.5335375308216,
            267.40873889473005,
            196.89154567166267,
            264.2090406184048,
            116.78569215554262,
            181.6270229810382,
            84.43989850384273,
            -82.54755529330595,
            143.63784831617264,
            0
        ],
        [
            0,
            0,
            0,
            0,
            0,
            0,
            0,
            0,
            0,
            29.489766681815535,
            37.938301047711526,
            51.63238339684447,
            85.288577110693,
            134.98338969107107,
            144.83686546762735,
            187.91803742992215,
            192.7902912761339,
            250.25815891898552,
            244.5781399601358,
            251.3451437354477,
            275.29068992552004,
            290.1380179906359,
            309.04185095054413,
            289.9176024798764,
            278.3841856508537,
            321.62434054381384,
            315.3690449108818,
            304.80082554970875,
            302.9022016686468,
            236.41320426133643,
            251.0229237627571,
            214.5524340290475,
            145.07349158027628,
            72.68201993100276,
            139.28493850559244,
            115.62773077767854,
            40.32821004502052,
            126.9424711154906,
            -33.156129329639825,
            57.98210734368998,
            -37.1391647724921,
            -218.23500442123304,
            143.20112236900044,
            0
        ],
        [
            0,
            0,
            0,
            0,
            0,
            0,
            0,
            11.591779322018173,
            75.3374046644139,
            77.67251792147832,
            85.25818532421928,
            103.40185771510659,
            147.50214653064145,
            210.38492552704346,
            221.14088539605154,
            273.336821341428,
            278.05468756219494,
            346.58261133457523,
            338.7641178223626,
            346.1836313347088,
            373.99765357624517,
            391.0470363279838,
            412.71776868729665,
            390.52572916731026,
            377.6399768555118,
            427.5137444626903,
            420.79509593949956,
            409.2393041912569,
            407.47158179183435,
            332.8120244852118,
            349.47056675812786,
            308.4807542298667,
            230.287994131838,
            148.6359601295734,
            222.42035625526802,
            194.60490678606837,
            108.38088975257942,
            203.12751300332224,
            20.028991577591974,
            118.49743691987075,
            5.152387521734313,
            -212.40381462049135,
            203.58273997218734,
            0
        ],
        [
            0,
            0,
            0,
            0,
            0,
            0,
            0,
            6.6628076884948415,
            51.426998161956206,
            26.041587192041465,
            21.82150476919356,
            36.27462480750678,
            82.14261262109385,
            149.72278621833715,
            155.08272810302066,
            209.2918930146486,
            208.16582767469342,
            281.04049953556876,
            266.0327132637655,
            268.9428581236997,
            295.3554217170527,
            309.69831457766315,
            327.1890923761014,
            293.8867992855189,
            272.20961339281763,
            321.46099420521904,
            308.3678431508938,
            290.7902348560391,
            284.9232651696677,
            199.39499920484494,
            215.67817502958528,
            169.3062057807547,
            83.04921842732834,
            -5.832106227900655,
            77.2748337883466,
            49.982450658469055,
            -39.95839192426523,
            70.35814788221117,
            -122.21144723720838,
            -3.3325571135883147,
            -113.78394694837803,
            -335.0466896565685,
            153.68207087685806,
            0
        ],
        [
            0,
            0,
            0,
            0,
            0,
            -11.591779322018173,
            -6.6628076884948415,
            0,
            53.15990744829042,
            17.7652560491804,
            10.878422171206884,
            26.58801993118882,
            78.25028287717781,
            154.07508174242886,
            158.45482067760926,
            218.16539068075895,
            215.233059734954,
            295.43298127730327,
            277.03357376540276,
            278.8421047409807,
            306.87225202438395,
            321.49106170191277,
            339.0349383060245,
            300.1969863569983,
            274.63303121265545,
            327.1401756631477,
            311.44544132344487,
            291.10178894549006,
            283.7584714279001,
            189.9080436090339,
            207.11126873426144,
            156.40821991503756,
            62.724518049759276,
            -33.44282360024034,
            56.87220158616189,
            27.851926551847875,
            -68.54117101723469,
            51.547048216020166,
            -154.62245481841126,
            -24.81405831826813,
            -140.98270875993387,
            -373.50345582359313,
            150.3182452604568,
            0
        ],
        [
            0,
            0,
            0,
            0,
            0,
            -75.3374046644139,
            -51.426998161956206,
            -53.15990744829042,
            0,
            -50.434556554898634,
            -64.21577682016293,
            -50.23891929185566,
            3.949633168547905,
            84.70138569312151,
            85.68044141332399,
            148.0489013180674,
            141.12024796281528,
            225.86916089111708,
            202.15537544929825,
            200.84682116975392,
            228.37083663539931,
            241.30964846615487,
            256.1404849848087,
            208.70199477326264,
            176.39767735666646,
            229.20268888198282,
            208.66374422678655,
            183.6984319631046,
            173.3446124774136,
            70.52040528883589,
            87.85976698314,
            32.9154296940179,
            -67.28527633951165,
            -169.15085713528686,
            -70.51866869482215,
            -98.6165014991554,
            -197.34404037193372,
            -64.07383755864794,
            -276.0387711135507,
            -129.28319119447704,
            -239.5836535378137,
            -463.5106246566559,
            97.57214386695969,
            0
        ],
        [
            0,
            0,
            0,
            0,
            -29.489766681815535,
            -77.67251792147832,
            -26.041587192041465,
            -17.7652560491804,
            50.434556554898634,
            0,
            -10.73654612152714,
            7.562942270004942,
            69.78499282636898,
            160.610065441078,
            163.75158052620537,
            233.72372369371408,
            228.01375577907365,
            321.78002639007633,
            297.68513625119,
            297.8697860024665,
            329.1591178218242,
            344.5894734865071,
            362.65159026649496,
            314.22864664929995,
            281.98134676142973,
            340.7323758514614,
            320.5558961780652,
            295.37707814392587,
            285.48969760284905,
            176.6906520027549,
            195.6123173597735,
            137.16843944964526,
            30.297250900427887,
            -78.62808729467712,
            24.37907371441967,
            -7.592392256182417,
            -114.72461989581511,
            21.690074528430415,
            -205.56010874489155,
            -58.183874185780816,
            -179.88171190942919,
            -413.5910222937563,
            126.0308124137746,
            0
        ],
        [
            0,
            0,
            0,
            0,
            -37.938301047711526,
            -85.25818532421928,
            -21.82150476919356,
            -10.878422171206884,
            64.21577682016293,
            10.73654612152714,
            0,
            19.985604910402284,
            86.56921965561641,
            183.26140966356257,
            186.74242830627196,
            260.94738503383127,
            254.99595746855044,
            354.0885146564832,
            328.696247541068,
            328.94925582865056,
            361.957105638097,
            378.2383842154494,
            397.2857033701399,
            346.54429401228333,
            312.8695973216211,
            374.5264740101905,
            353.4546917020538,
            327.1438839060503,
            316.7850305148136,
            203.17816814883466,
            222.81553288212524,
            161.75638811750989,
            50.33737744774538,
            -63.080583122577046,
            43.56982735265745,
            9.935714693580639,
            -101.43261745224771,
            38.69252732403923,
            -195.86635337269664,
            -45.53049649492351,
            -169.74106408403293,
            -398.8110984737234,
            116.82032857818155,
            0
        ],
        [
            0,
            0,
            0,
            -50.19052995187735,
            -51.63238339684447,
            -103.40185771510659,
            -36.27462480750678,
            -26.58801993118882,
            50.23891929185566,
            -7.562942270004942,
            -19.985604910402284,
            0,
            68.33137444513393,
            167.77385879752637,
            170.50719853221145,
            246.48906007073623,
            239.48227991955153,
            341.1177127400833,
            314.05495921262883,
            313.5428491668421,
            346.87388922860606,
            362.95267508121634,
            381.5673040821657,
            328.03155890261945,
            292.2657413837818,
            354.7414896102783,
            332.2000971446786,
            304.42294946303673,
            293.18323199251984,
            176.12094696585535,
            196.00233303113174,
            133.2926817715047,
            19.255782628921686,
            -96.45671454572584,
            13.238714237547462,
            -20.304972924699182,
            -132.71257799608046,
            11.52704544398516,
            -224.587499038796,
            -69.44517092446351,
            -190.14467546845395,
            -406.6519924972048,
            92.38707157575105,
            0
        ],
        [
            0,
            0,
            0,
            -93.07419467928338,
            -85.288577110693,
            -147.50214653064145,
            -82.14261262109385,
            -78.25028287717781,
            -3.949633168547905,
            -69.78499282636898,
            -86.56921965561641,
            -68.33137444513393,
            0,
            100.46990337925207,
            100.90069033687797,
            177.0762322826962,
            167.5721800904421,
            270.2465616790451,
            240.19187810806415,
            237.6155134653879,
            269.98768612085325,
            284.6497378623726,
            301.11230295595556,
            242.74850028574187,
            203.06091001440686,
            264.66366430373535,
            239.28639349897853,
            208.94389018203591,
            195.98907965753784,
            75.05289701989683,
            94.94722886053879,
            30.811512509729695,
            -85.14609284994735,
            -201.98558192978996,
            -87.8815934289663,
            -119.18496764121755,
            -229.63531194536168,
            -77.97031914944607,
            -310.3707284036491,
            -144.8223453549453,
            -253.27902948798433,
            -442.4547948425364,
            50.08437272088599,
            0
        ],
        [
            0,
            0,
            0,
            -143.1111785798278,
            -134.98338969107107,
            -210.38492552704346,
            -149.72278621833715,
            -154.07508174242886,
            -84.70138569312151,
            -160.610065441078,
            -183.26140966356257,
            -167.77385879752637,
            -100.46990337925207,
            0,
            -2.7592959575874887,
            72.67328504328947,
            59.8520241668557,
            162.6641377505612,
            128.87500746832038,
            123.49395118707481,
            154.16366527467738,
            166.7123821446238,
            180.04127215790137,
            115.72650138650795,
            71.11287442068249,
            130.88926975378308,
            101.95743146062571,
            68.5024475153523,
            53.44867244043247,
            -71.43557710354148,
            -51.53312974945512,
            -116.76726170011186,
            -233.97886554571502,
            -350.9556692342036,
            -231.43083824140376,
            -258.8726065619096,
            -365.09767049870595,
            -203.6828403829874,
            -428.31053528961115,
            -248.33729703254005,
            -337.6348224627399,
            -486.0213341095052,
            3.254033329628187,
            0
        ],
        [
            0,
            0,
            0,
            -166.86497197650954,
            -144.83686546762735,
            -221.14088539605154,
            -155.08272810302066,
            -158.45482067760926,
            -85.68044141332399,
            -163.75158052620537,
            -186.74242830627196,
            -170.50719853221145,
            -100.90069033687818,
            2.7592959575874887,
            0,
            77.69764846056913,
            64.54913152736351,
            170.2768288869341,
            135.55581581194897,
            130.0423887679054,
            161.54531506176448,
            174.42805138645593,
            188.09991049437565,
            122.16198628778433,
            76.48213718114104,
            137.72506125449365,
            108.11348738638888,
            73.89615733797514,
            58.509575402411315,
            -69.0510086368493,
            -48.67898488997876,
            -115.17578512814539,
            -234.52562738749617,
            -353.3849018061829,
            -231.5128759659742,
            -259.0914681097128,
            -366.24253568384114,
            -202.377803437188,
            -427.47764631250413,
            -245.06488670718036,
            -329.4897386344391,
            -453.29368147248255,
            0,
            0
        ],
        [
            0,
            0,
            -39.27451392560446,
            -211.48592968764584,
            -187.91803742992215,
            -273.336821341428,
            -209.2918930146486,
            -218.16539068075895,
            -148.0489013180674,
            -233.72372369371408,
            -260.94738503383127,
            -246.48906007073623,
            -177.0762322826959,
            -72.67328504328947,
            -77.69764846056913,
            0,
            -15.581107906176618,
            90.92345546023877,
            53.33324045801271,
            45.798320299035595,
            76.28816306351598,
            87.75153371546143,
            99.28724915256238,
            28.775208446501257,
            -20.60359527640338,
            39.73124510559176,
            7.522856131198376,
            -28.96638059143472,
            -45.77988750829012,
            -176.52320725179595,
            -155.8280805167751,
            -223.07108965309243,
            -343.33806184504976,
            -462.1290266515515,
            -335.50054919950685,
            -359.65388073855496,
            -462.8799691207756,
            -290.9488196243206,
            -508.07730052489717,
            -313.6222177183723,
            -378.27282479569516,
            -448.71703314673056,
            0,
            0
        ],
        [
            0,
            0,
            -68.745305773699,
            -228.02751443770856,
            -192.7902912761339,
            -278.05468756219494,
            -208.16582767469342,
            -215.233059734954,
            -141.12024796281528,
            -228.01375577907365,
            -254.99595746855044,
            -239.48227991955153,
            -167.5721800904421,
            -59.8520241668557,
            -64.54913152736351,
            15.581107906176618,
            0,
            109.52222753124336,
            71.34569575876193,
            63.96049723778759,
            95.48969712740627,
            107.51551466322779,
            119.72636582579712,
            48.14366590641687,
            -1.82755497039592,
            60.20852644769916,
            27.671424874744226,
            -9.26840895607644,
            -26.19087718076006,
            -159.20169396448108,
            -137.9947092908016,
            -206.31793340945757,
            -328.4455116518571,
            -448.85565489796096,
            -320.3881092075104,
            -344.806244568411,
            -448.78172468209755,
            -275.50321361576005,
            -492.00584663042235,
            -296.5656268931928,
            -354.2434186147532,
            -380.84797799618553,
            0,
            0
        ],
        [
            0,
            0,
            -108.94350161419173,
            -282.69407962251375,
            -250.25815891898552,
            -346.58261133457523,
            -281.04049953556876,
            -295.43298127730327,
            -225.86916089111708,
            -321.78002639007633,
            -354.0885146564832,
            -341.1177127400833,
            -270.2465616790451,
            -162.6641377505612,
            -170.2768288869341,
            -90.92345546023886,
            -109.52222753124336,
            0,
            -41.54532223692585,
            -51.48059189304039,
            -21.534240344090282,
            -11.439280822924625,
            -2.0730831598086605,
            -78.92868702150611,
            -133.2141969142062,
            -72.77110354989432,
            -108.28549526858518,
            -147.7167490060028,
            -166.15742668850854,
            -302.0135601522957,
            -280.25997790595517,
            -348.6695082453632,
            -470.62695592787077,
            -589.5210038931916,
            -455.2187302422335,
            -474.2253194019802,
            -571.3408813548427,
            -387.61535704803316,
            -590.3223350101438,
            -378.10485641709425,
            -404.0564006732669,
            -324.61189294504067,
            0,
            0
        ],
        [
            0,
            0,
            -120.79344714888668,
            -289.07270354301573,
            -244.5781399601358,
            -338.7641178223626,
            -266.0327132637655,
            -277.03357376540276,
            -202.15537544929825,
            -297.68513625119,
            -328.696247541068,
            -314.05495921262883,
            -240.19187810806454,
            -128.87500746832038,
            -135.55581581194897,
            -53.33324045801271,
            -71.34569575876193,
            41.54532223692585,
            0,
            -9.27229580451683,
            22.140095649230652,
            33.23691707148966,
            43.90784896190886,
            -33.10224641540178,
            -87.18749474278422,
            -24.544484252794994,
            -59.817572671665836,
            -99.2229703453984,
            -117.4453166223472,
            -255.10731113237176,
            -232.83546452330168,
            -302.2436577195215,
            -425.95834427131166,
            -546.4716069717813,
            -411.27068031420066,
            -431.18915004336736,
            -529.49611004528,
            -346.46367917977534,
            -548.234869586241,
            -337.88057880046597,
            -354.80355423379154,
            -140.27516139911125,
            0,
            0
        ],
        [
            0,
            0,
            -134.97584453380583,
            -303.8453461047375,
            -251.3451437354477,
            -346.1836313347088,
            -268.9428581236997,
            -278.8421047409807,
            -200.84682116975392,
            -297.8697860024665,
            -328.94925582865056,
            -313.5428491668421,
            -237.6155134653879,
            -123.49395118707481,
            -130.0423887679054,
            -45.798320299035595,
            -63.96049723778759,
            51.48059189304039,
            9.27229580451683,
            0,
            32.20882457228862,
            43.6824268373546,
            54.77831469780514,
            -23.37896224868696,
            -78.15139165695025,
            -14.169591304724694,
            -49.8357393397881,
            -89.69457757582832,
            -108.03602922779383,
            -247.53216020650294,
            -224.74824718325755,
            -294.83398186552455,
            -419.65190837512927,
            -540.8223987875128,
            -403.8501481226261,
            -423.16900887916154,
            -520.4634857835978,
            -336.0825809264409,
            -532.5998554628582,
            -320.20546913575316,
            -318.21852939668975,
            0,
            0,
            0
        ],
        [
            0,
            0,
            -156.65684353851705,
            -331.4912382978564,
            -275.29068992552004,
            -373.99765357624517,
            -295.3554217170527,
            -306.87225202438395,
            -228.37083663539931,
            -329.1591178218242,
            -361.957105638097,
            -346.87388922860555,
            -269.98768612085325,
            -154.16366527467738,
            -161.54531506176448,
            -76.2881630635159,
            -95.4896971274062,
            21.534240344090282,
            -22.140095649230652,
            -32.20882457228862,
            0,
            11.106200424943655,
            21.583274323661563,
            -58.901963081091466,
            -115.40192646978043,
            -51.059696639847076,
            -87.82640718522303,
            -128.64507811138142,
            -147.42024382369684,
            -288.6950649284915,
            -265.2645537064951,
            -335.490100074136,
            -460.45381127803176,
            -580.9165778338142,
            -440.8011565845261,
            -457.35185662952074,
            -550.5672589111622,
            -361.72595746073114,
            -547.0434506366764,
            -326.4413940760019,
            -289.41923372901283,
            0,
            0,
            0
        ],
        [
            0,
            -70.57795548879982,
            -172.77887368581514,
            -351.4455307837969,
            -290.1380179906359,
            -391.0470363279838,
            -309.69831457766315,
            -321.49106170191277,
            -241.30964846615487,
            -344.5894734865071,
            -378.2383842154494,
            -362.95267508121634,
            -284.6497378623726,
            -166.7123821446238,
            -174.42805138645593,
            -87.75153371546143,
            -107.51551466322779,
            11.439280822924625,
            -33.23691707148966,
            -43.6824268373546,
            -11.106200424943655,
            0,
            10.380895205039398,
            -71.71820403055362,
            -129.3264326834728,
            -64.19519524596822,
            -101.62747422854649,
            -143.05677353244127,
            -162.03611357595173,
            -304.8234841130445,
            -280.77944203446623,
            -351.1815272662508,
            -476.36360561468047,
            -596.3022535780206,
            -453.84311617601867,
            -468.3189368310396,
            -558.0816007607258,
            -366.49096474209034,
            -540.7102703210157,
            -313.9247706517039,
            -232.49295776756495,
            0,
            0,
            0
        ],
        [
            0,
            -135.96194896412896,
            -193.7466346073437,
            -377.76154339629744,
            -309.04185095054413,
            -412.71776868729665,
            -327.1890923761014,
            -339.0349383060245,
            -256.1404849848087,
            -362.65159026649496,
            -397.2857033701399,
            -381.5673040821657,
            -301.11230295595556,
            -180.04127215790137,
            -188.09991049437565,
            -99.28724915256238,
            -119.72636582579699,
            2.0730831598086605,
            -43.90784896190886,
            -54.77831469780514,
            -21.583274323661563,
            -10.380895205039398,
            0,
            -84.18748151026011,
            -143.1805765120877,
            -76.82182755919949,
            -115.05003229897216,
            -157.20224206894673,
            -176.35745454451623,
            -321.02408108925016,
            -296.0512803809449,
            -366.48785181405555,
            -491.5784796959081,
            -610.2342011417729,
            -464.6497909393712,
            -475.7831004872083,
            -559.4807244209237,
            -364.4490457165146,
            -518.2132019305323,
            -280.31059661894386,
            0,
            0,
            0,
            0
        ],
        [
            0,
            -175.99592915193105,
            -192.0331216862861,
            -374.6328962270105,
            -289.9176024798764,
            -390.52572916731026,
            -293.8867992855189,
            -300.1969863569983,
            -208.70199477326264,
            -314.22864664929995,
            -346.54429401228333,
            -328.03155890261945,
            -242.74850028574187,
            -115.72650138650795,
            -122.16198628778433,
            -28.775208446501257,
            -48.14366590641687,
            78.92868702150611,
            33.10224641540178,
            23.37896224868696,
            58.901963081091466,
            71.71820403055362,
            84.18748151026011,
            0,
            -58.4923373828204,
            11.037558397493168,
            -26.790922559135648,
            -68.88112101070985,
            -87.82459878462942,
            -234.53836498611113,
            -209.18460009766673,
            -280.7103101110202,
            -407.0550004616595,
            -526.0385969103871,
            -381.1176587511437,
            -392.556392545006,
            -473.0468016433173,
            -283.7380009408047,
            -413.04287734675273,
            -169.28354746424571,
            0,
            0,
            0,
            0
        ],
        [
            0,
            -202.0691415009039,
            -191.87084467634838,
            -375.65830884612126,
            -278.3841856508537,
            -377.6399768555118,
            -272.20961339281763,
            -274.63303121265545,
            -176.39767735666646,
            -281.98134676142973,
            -312.8695973216211,
            -292.2657413837818,
            -203.06091001440686,
            -71.11287442068249,
            -76.48213718114104,
            20.60359527640338,
            1.82755497039592,
            133.2141969142062,
            87.18749474278421,
            78.15139165695025,
            115.40192646978043,
            129.3264326834728,
            143.1805765120877,
            58.4923373828204,
            0,
            71.77733909863683,
            33.944477896979535,
            -8.358384113907194,
            -27.354870713465193,
            -175.56724694473675,
            -150.03284399653649,
            -222.08856915182247,
            -348.409694800999,
            -465.9572506672643,
            -321.97517109247457,
            -332.02156161677175,
            -405.2274539384528,
            -221.68013758433455,
            -307.4163845093877,
            0,
            0,
            0,
            0,
            0
        ],
        [
            0,
            -244.09448348433665,
            -226.29732338992144,
            -421.31062237595665,
            -321.62434054381384,
            -427.5137444626903,
            -321.46099420521904,
            -327.1401756631477,
            -229.20268888198282,
            -340.7323758514614,
            -374.5264740101905,
            -354.741489610278,
            -264.6636643037356,
            -130.88926975378308,
            -137.72506125449365,
            -39.73124510559174,
            -60.20852644769913,
            72.77110354989432,
            24.54448425279501,
            14.169591304724694,
            51.059696639847076,
            64.19519524596822,
            76.82182755919949,
            -11.037558397493168,
            -71.77733909863683,
            0,
            -39.02747297292525,
            -82.04682123566111,
            -100.98570744361648,
            -249.0162663903091,
            -221.6809267629388,
            -290.9246904164357,
            -412.03151862939524,
            -521.1266318565436,
            -371.8655317380848,
            -369.92083968904853,
            -419.09228915234877,
            -224.38623145936873,
            -189.57714818887126,
            0,
            0,
            0,
            0,
            0
        ],
        [
            11.815893479284757,
            -260.0779738342782,
            -226.96347161569275,
            -424.02194730383025,
            -315.3690449108818,
            -420.79509593949956,
            -308.3678431508938,
            -311.44544132344487,
            -208.6637442267863,
            -320.5558961780652,
            -353.4546917020538,
            -332.20009714467835,
            -239.28639349897853,
            -101.9574314606257,
            -108.11348738638878,
            -7.522856131198379,
            -27.671424874744215,
            108.28549526858517,
            59.817572671665836,
            49.835739339788105,
            87.826407185223,
            101.62747422854648,
            115.05003229897216,
            26.790922559135655,
            -33.94447789697953,
            39.027472972925246,
            0,
            -43.04815230978741,
            -61.95495394225901,
            -209.63560770702395,
            -182.13693342370829,
            -250.2602034255653,
            -368.03335324055803,
            -471.143321151404,
            -323.37067358517504,
            -315.16597503481637,
            -343.3607225914096,
            -146.70911007252252,
            0,
            0,
            0,
            0,
            0,
            0
        ],
        [
            40.32959588103044,
            -269.72014770125764,
            -223.4980425555071,
            -421.7356012307359,
            -304.80082554970875,
            -409.2393041912569,
            -290.7902348560391,
            -291.10178894549006,
            -183.6984319631046,
            -295.37707814392587,
            -327.14388390605046,
            -304.42294946303656,
            -208.94389018203597,
            -68.5024475153523,
            -73.89615733797513,
            28.966380591434707,
            9.268408956076437,
            147.7167490060028,
            99.22297034539835,
            89.69457757582832,
            128.64507811138142,
            143.05677353244127,
            157.20224206894673,
            68.88112101070985,
            8.358384113907194,
            82.04682123566111,
            43.04815230978741,
            0,
            -19.02010087836041,
            -165.58560339551371,
            -138.4096456866943,
            -205.0641795378904,
            -318.2906295022184,
            -413.5282122901676,
            -268.92497867900823,
            -252.46110668734886,
            -247.8067124943623,
            0,
            0,
            0,
            0,
            0,
            0,
            0
        ],
        [
            55.839147646034185,
            -280.35589032532727,
            -225.13664985738822,
            -425.6397016372423,
            -302.9022016686468,
            -407.47158179183435,
            -284.9232651696677,
            -283.7584714279001,
            -173.34461247741348,
            -285.48969760284905,
            -316.7850305148135,
            -293.18323199252,
            -195.98907965753776,
            -53.44867244043247,
            -58.5095754024113,
            45.77988750829011,
            26.190877180760054,
            166.15742668850854,
            117.44531662234718,
            108.03602922779383,
            147.42024382369684,
            162.03611357595173,
            176.35745454451623,
            87.82459878462942,
            27.354870713465193,
            100.98570744361648,
            61.95495394225901,
            19.02010087836041,
            0,
            -144.07573930092107,
            -117.00911080223142,
            -180.69582231627476,
            -286.39982372285795,
            -369.25303284568224,
            -226.88626984173823,
            -193.94990119613425,
            -104.36241987709765,
            0,
            0,
            0,
            0,
            0,
            0,
            0
        ],
        [
            83.62200145679094,
            -254.42087353537488,
            -180.40713221102087,
            -372.71962936735997,
            -236.41320426133643,
            -332.81202448521185,
            -199.39499920484482,
            -189.90804360903377,
            -70.52040528883586,
            -176.6906520027549,
            -203.17816814883457,
            -176.12094696585538,
            -75.05289701989685,
            71.43557710354148,
            69.05100863684929,
            176.5232072517959,
            159.20169396448105,
            302.0135601522957,
            255.10731113237176,
            247.53216020650294,
            288.6950649284915,
            304.8234841130445,
            321.02408108925016,
            234.53836498611113,
            175.56724694473675,
            249.0162663903091,
            209.63560770702395,
            165.58560339551371,
            144.07573930092107,
            0,
            21.400215298163253,
            -45.448358753382095,
            -150.52988217233332,
            -229.19234199178283,
            -107.18541424747988,
            -70.50237786588124,
            0,
            0,
            0,
            0,
            0,
            0,
            0,
            0
        ],
        [
            88.62991666311605,
            -268.22506998775776,
            -192.22785071145614,
            -388.4236670784924,
            -251.0229237627568,
            -349.47056675812786,
            -215.67817502958542,
            -207.1112687342615,
            -87.85976698313998,
            -195.6123173597735,
            -222.8155328821252,
            -196.00233303113168,
            -94.94722886053883,
