{
    "bin_ranges": {
        "m3pi_lower_limit": 1.98,
        "m3pi_upper_limit": 2.02,
        "t_lower_limit": 0.141,
        "t_upper_limit": 0.194
    },
    "info": "The dalitz matrix M is computed as sqrt(-Kibble) * (A[1]-A[2])",
    "bin_centers": [
        0.29900000000000004,
        0.33999999999999997,
        0.38,
        0.42000000000000004,
        0.45999999999999996,
        0.5,
        0.54,
        0.5800000000000001,
        0.62,
        0.66,
        0.69,
        0.71,
        0.73,
        0.75,
        0.77,
        0.79,
        0.81,
        0.83,
        0.85,
        0.87,
        0.89,
        0.91,
        0.94,
        0.98,
        1.02,
        1.06,
        1.1,
        1.1400000000000001,
        1.18,
        1.22,
        1.26,
        1.3,
        1.34,
        1.38,
        1.42,
        1.46,
        1.5,
        1.54,
        1.58,
        1.62,
        1.66,
        1.7,
        1.74,
        1.78,
        1.82,
        1.8599999999999999
    ],
    "real(M)": [
        [
            0,
            0,
            0,
            0,
            0,
            0,
            0,
            0,
            0,
            0,
            0,
            0,
            0,
            0,
            0,
            0,
            0,
            0,
            0,
            0,
            0,
            0,
            0,
            0,
            0,
            0,
            0,
            0,
            332.91758568059083,
            435.2439817601517,
            519.386648237318,
            554.6984231045732,
            569.9738776519281,
            585.2326149447109,
            561.0345891706307,
            564.4664001600052,
            526.6599947386737,
            450.0178989740891,
            384.21551521408185,
            190.0155714166907,
            0,
            0,
            0,
            0,
            0,
            0
        ],
        [
            0,
            0,
            0,
            0,
            0,
            0,
            0,
            0,
            0,
            0,
            0,
            0,
            0,
            0,
            0,
            0,
            0,
            0,
            0,
            0,
            0,
            0,
            -1.0028401793084887,
            9.602308094064423,
            -35.23791281938997,
            -21.151362414626835,
            -13.404250734099216,
            -5.437918184718468,
            32.706007298558774,
            -25.08806868010902,
            -18.578720752723402,
            -60.96498057162283,
            -101.58647637399373,
            -109.80873846009537,
            -160.4485199832785,
            -129.2641077115719,
            -137.6456042996824,
            -175.50432496000718,
            -110.18405464473804,
            -151.45998678011432,
            -70.40345532302963,
            -92.15275931974811,
            -15.812306816976033,
            0,
            0,
            0
        ],
        [
            0,
            0,
            0,
            0,
            0,
            0,
            0,
            0,
            0,
            0,
            0,
            0,
            0,
            0,
            0,
            0,
            0,
            109.96917478794845,
            137.10840756924566,
            137.02385700645755,
            179.84541172576974,
            205.98287482812057,
            238.60319107413102,
            300.33727899193167,
            246.39685059298688,
            300.7704860720992,
            336.87575761600516,
            368.6671296070325,
            439.0948056340592,
            372.88543559078744,
            393.63970664763355,
            345.92614371874345,
            298.50603656077857,
            291.2344115886144,
            224.3946455564287,
            261.7777707480837,
            242.34835698170775,
            177.8579741036883,
            246.43090275951818,
            160.86762184643382,
            239.25438924811812,
            148.32806874372932,
            202.29408612309203,
            41.177618123881565,
            0,
            0
        ],
        [
            0,
            0,
            0,
            0,
            0,
            0,
            0,
            0,
            0,
            0,
            0,
            0,
            12.049269683382782,
            61.22854810136753,
            102.70350960710284,
            157.7428391223002,
            167.6903512483899,
            249.7194175596354,
            221.44662643362835,
            180.27731948935212,
            225.62410466171335,
            245.35912979031076,
            269.04364144931435,
            330.1501817152483,
            239.9810935827769,
            297.54818503360264,
            332.2400300213726,
            362.5769568033516,
            441.78640854346264,
            353.44337764284387,
            373.7524313833352,
            311.86662176280805,
            251.91116652057283,
            241.8401693511438,
            160.92537937802442,
            207.04563964727103,
            185.75708911550535,
            111.03767134417664,
            199.80547691212905,
            102.02297995472566,
            210.06697798228177,
            109.81707219381525,
            207.46561034053468,
            14.717473025946207,
            68.60758200125328,
            0
        ],
        [
            0,
            0,
            0,
            0,
            0,
            0,
            0,
            0,
            0,
            4.296185536627204,
            28.7759259680203,
            18.28305834926783,
            -3.6104002841679277,
            70.3645009649991,
            113.67971744616209,
            176.83561286194504,
            171.56717827352156,
            270.7036325488371,
            217.46370574173486,
            152.12383378732653,
            202.2196358066236,
            219.11907701262965,
            237.78390440713073,
            300.1367099851139,
            180.1410995101922,
            240.73612515239554,
            274.3322967133872,
            303.418777270326,
            390.4162713208058,
            282.2740969306918,
            302.09757836749037,
            227.42736000362274,
            156.18943564968205,
            143.66860452908873,
            50.300331412279725,
            104.56133381938798,
            82.06659138222709,
            -1.070537895716978,
            106.30097049145313,
            -1.0840763516352747,
            133.52361192343025,
            26.72523155551784,
            160.03990959389319,
            -56.26833628305376,
            65.86076115367236,
            0
        ],
        [
            0,
            0,
            0,
            0,
            0,
            0,
            0,
            0,
            40.45704636111689,
            -4.85524714352312,
            23.41625257701091,
            -1.2299122571954773,
            -36.66185508540842,
            60.806959982365946,
            111.9496468811256,
            186.60122554885717,
            173.80292600412582,
            290.6540872488028,
            220.0880234769165,
            137.06826130929485,
            193.61214484603073,
            210.28854395877832,
            227.59170696067048,
            294.6485183890146,
            150.99877190248563,
            216.9758324508107,
            251.93365155874542,
            281.94582027723106,
            377.8721553599622,
            253.0534125547874,
            273.6384981484103,
            188.12722999449514,
            107.143499766436,
            92.71143602537497,
            -12.043983304623223,
            49.37934815316187,
            25.12635868425316,
            -66.67115179611457,
            55.96892339962913,
            -61.98535050941385,
            93.35186579692045,
            -22.576528367262224,
            135.9432786941114,
            -105.09978713225189,
            54.139491739416805,
            0
        ],
        [
            0,
            0,
            0,
            0,
            0,
            0,
            0,
            5.672357295820427,
            74.08756889003071,
            -11.626617848969387,
            25.064539517185885,
            -7.422584124166459,
            -51.5350730849395,
            67.19709758084522,
            127.09965770449438,
            213.7332049504181,
            196.41041502851044,
            330.7157900638713,
            246.57732858943066,
            149.32221119175162,
            213.09872404877254,
            230.9522710527542,
            248.95178039698698,
            322.68119204792094,
            159.35614826536099,
            232.1563118744511,
            270.0372825885427,
            302.37296409010423,
            407.87517562642836,
            268.5761696277827,
            290.70858336164355,
            195.71863131725246,
            106.06447182306182,
            90.02322541415826,
            -25.360286535522622,
            42.34088077347997,
            15.822957119688793,
            -84.84420071604059,
            50.33992967563079,
            -78.87048619359955,
            92.58864532523025,
            -34.21277018676057,
            141.7814808794458,
            -123.7662985285769,
            56.14824640320623,
            0
        ],
        [
            0,
            0,
            0,
            0,
            0,
            0,
            -5.672357295820427,
            0,
            86.16570293429577,
            -28.878169057690307,
            13.883503900314462,
            -25.81265099661422,
            -78.08249889134291,
            58.8140522011387,
            126.12652265616529,
            223.19744234339063,
            201.4897091514057,
            351.37899989292936,
            254.56335891556662,
            143.91050826381962,
            213.99817809669656,
            232.6081051135469,
            250.77014206586458,
            330.09890729904265,
            147.8216176355602,
            226.44057694698816,
            266.5531954413301,
            300.6139273613454,
            414.7018900867403,
            261.4741205525169,
            284.7801008831614,
            180.70755445479332,
            82.83315909560606,
            65.27845468575583,
            -59.88657481409984,
            13.86219713766582,
            -14.39434775307813,
            -122.6553991408394,
            24.626201033275798,
            -113.79184620623205,
            73.05796441676155,
            -61.740619221240884,
            130.51929042199512,
            -151.53465847043188,
            46.40208677942812,
            0
        ],
        [
            0,
            0,
            0,
            0,
            0,
            -40.45704636111689,
            -74.08756889003071,
            -86.16570293429577,
            0,
            -152.81473148574165,
            -113.8879860718848,
            -165.80390194220425,
            -231.03261099105396,
            -83.00110098844003,
            -14.013375416791625,
            87.75882001587357,
            57.2978044182268,
            217.06758004373518,
            104.09617711455829,
            -23.29896383098333,
            48.54023036041072,
            63.87388023458087,
            76.48426423859767,
            153.9713862235563,
            -52.648213935794715,
            25.512531399515535,
            62.41242734567495,
            93.42561289618631,
            211.59666829250367,
            41.97006401755652,
            63.85065520714324,
            -50.454647824615165,
            -156.83888197028773,
            -175.64978202628802,
            -308.6818666778086,
            -226.92925006084178,
            -253.08128880220974,
            -363.0460174190352,
            -197.89734912408179,
            -335.5496132608191,
            -123.84640638782885,
            -250.90252051770048,
            -26.91747689818449,
            -295.2673105106531,
            -48.97709645303858,
            0
        ],
        [
            0,
            0,
            0,
            0,
            -4.296185536627204,
            4.85524714352312,
            11.626617848969387,
            28.878169057690307,
            152.81473148574165,
            0,
            58.58314557463607,
            10.152130455945464,
            -52.91029560117414,
            119.00250671780125,
            202.70713333120617,
            321.58565551732676,
            295.2683276694843,
            476.1698904744964,
            359.56209583082654,
            227.54075422858082,
            311.71068763359256,
            334.2699247093101,
            356.40120489113986,
            450.49020872717335,
            237.70651991317177,
            330.67237235589937,
            378.1670815981996,
            418.25419851700366,
            550.4576216072193,
            373.7266107471074,
            400.63519934782727,
            281.008914269297,
            168.70279251709277,
            148.32304941488292,
            4.963527770318951,
            88.13698744486948,
            54.70203401136006,
            -69.6057249964244,
            94.55004798352604,
            -64.16663849088005,
            141.29904091867786,
            -13.783227050443788,
            190.85441184988497,
            -121.97501003243657,
            70.97531856996127,
            0
        ],
        [
            0,
            0,
            0,
            0,
            -28.7759259680203,
            -23.41625257701091,
            -25.064539517185885,
            -13.883503900314462,
            113.8879860718848,
            -58.58314557463607,
            0,
            -54.68938676847983,
            -124.62724892184012,
            56.025920778758014,
            142.32380329462075,
            265.7750050113883,
            235.10794526975934,
            423.96829019497284,
            297.96400061636865,
            156.06061121930384,
            242.64382274544107,
            264.2104334673659,
            284.3370857196886,
            379.3291701140306,
            152.118845928383,
            246.5470018112892,
            293.46055418367644,
            332.8804688640305,
            468.9848402197575,
            282.24527507517837,
            308.94357876209773,
            183.0561078361532,
            65.45723849436119,
            44.34243344845722,
            -104.23161523530203,
            -16.306166942994523,
            -49.03510117670496,
            -175.1627055936261,
            -1.2859899771644328,
            -160.59386307776813,
            57.31537678083681,
            -94.40222139376236,
            123.69583959833949,
            -177.60874743233182,
            30.94642407407247,
            0
        ],
        [
            0,
            0,
            0,
            0,
            -18.28305834926783,
            1.2299122571954773,
            7.422584124166459,
            25.81265099661422,
            165.80390194220425,
            -10.152130455945464,
            54.68938676847983,
            0,
            -70.47622282255765,
            119.49847098025654,
            211.0736160356122,
            340.9598799355621,
            310.89454814950426,
            508.1476488699602,
            379.28361813138497,
            234.09703568911172,
            325.1924553083846,
            348.9770502959686,
            371.90141344904083,
            472.5513420289171,
            240.70794845244208,
            340.2740332982176,
            390.54639028181305,
            432.78194331126906,
            574.1132315532388,
            383.14946602058035,
            411.31646839590644,
            282.41970066215583,
            161.7733826132103,
            139.7837356991103,
            -13.277779111633377,
            75.54832251756038,
            40.191337056368,
            -91.21492942028104,
            83.13389263531637,
            -83.42831220021029,
            132.9469505376525,
            -27.741827229456398,
            182.96870634758486,
            -129.08509250252803,
            53.52423722951076,
            0
        ],
        [
            0,
            0,
            0,
            -12.049269683382782,
            3.6104002841679277,
            36.66185508540842,
            51.5350730849395,
            78.08249889134291,
            231.03261099105396,
            52.91029560117414,
            124.62724892184012,
            70.47622282255765,
            0,
            199.51065766955642,
            296.69757435334196,
            433.30854877830217,
            404.296752636257,
            610.1514629129324,
            478.95119468695884,
            331.0001953723557,
            426.88712102878833,
            453.2199546801927,
            479.4235046668668,
            586.2614713030296,
            350.5455214990206,
            455.65636752481066,
            509.6693342907735,
            555.0360582687485,
            701.7410404227641,
            506.91712536933414,
            536.6266154529949,
            404.85010761466754,
            281.1811307843787,
            258.1273597346785,
            100.41695434580325,
            189.55212141445878,
            150.96298405574265,
            13.6410209930394,
            187.1003649196473,
            12.259731837177533,
            224.8691665044642,
            53.43725151901825,
            252.8007387125866,
            -72.34473648842643,
            70.58720409367525,
            0
        ],
        [
            0,
            0,
            0,
            -61.22854810136753,
            -70.3645009649991,
            -60.806959982365946,
            -67.19709758084522,
            -58.8140522011387,
            83.00110098844003,
            -119.00250671780125,
            -56.025920778758014,
            -119.49847098025654,
            -199.51065766955642,
            0,
            93.67377104252294,
            228.1300265557276,
            191.73180910427303,
            397.7916265068036,
            256.4406495623973,
            98.18217265430687,
            191.3585431089651,
            213.06313838343044,
            232.28896562884665,
            332.5185046071588,
            81.52617737157476,
            181.63635012591192,
            230.08618199268557,
            270.5495342093065,
            415.8404349113522,
            212.0990925113102,
            239.6226070749967,
            103.04526411050358,
            -23.770955506159194,
            -46.14860315449333,
            -204.4395882909471,
            -108.80279403289101,
            -141.54904231157417,
            -272.4240935373155,
            -84.35564393070965,
            -246.95747285270036,
            -13.03617153315959,
            -161.97239374582531,
            68.02543657097483,
            -207.28941353496438,
            2.0781020049790957,
            0
        ],
        [
            0,
            0,
            0,
            -102.70350960710284,
            -113.67971744616209,
            -111.9496468811256,
            -127.09965770449438,
            -126.12652265616529,
            14.013375416791577,
            -202.70713333120617,
            -142.32380329462075,
            -211.0736160356122,
            -296.69757435334196,
            -93.67377104252294,
            0,
            135.6681258338175,
            95.30215389948872,
            304.6588781907285,
            156.45359098654592,
            -8.911625462331447,
            84.4329944673524,
            104.34576736016861,
            120.66406720352354,
            219.28159791332212,
            -42.133908763946344,
            57.09585231932906,
            103.68105244984915,
            142.4587001000843,
            288.9461081173112,
            78.65909329073024,
            105.58103028079134,
            -34.680740120471484,
            -164.20227370366857,
            -186.2999335514457,
            -346.2119612025353,
            -246.3105022391123,
            -276.29599836723963,
            -404.77958004742106,
            -208.01422098282796,
            -365.189268218265,
            -119.61473950814367,
            -257.09492182895576,
            -12.48342029506279,
            -254.9501327805107,
            0,
            0
        ],
        [
            0,
            0,
            0,
            -157.7428391223002,
            -176.83561286194504,
            -186.60122554885717,
            -213.7332049504181,
            -223.19744234339063,
            -87.75882001587357,
            -321.58565551732676,
            -265.7750050113883,
            -340.9598799355621,
            -433.30854877830217,
            -228.1300265557276,
            -135.6681258338175,
            0,
            -45.3540259762755,
            166.09670972148342,
            10.17326450305054,
            -163.11924929309976,
            -70.60844853366427,
            -53.39417403993451,
            -41.26647335101144,
            54.093504365998186,
            -218.95087546955222,
            -121.93629347176406,
            -78.33936943511122,
            -42.18516232437909,
            104.65936209577852,
            -112.49276359733047,
            -86.4735660715119,
            -230.31243201209125,
            -362.15699590329973,
            -383.39378525880727,
            -543.8380860844129,
            -438.50827920670287,
            -463.9629999251751,
            -587.5906712337239,
            -379.59681605777564,
            -527.3384363905919,
            -266.06578728310683,
            -385.45519805650827,
            -118.99069165648534,
            -311.05552856291735,
            0,
            0
        ],
        [
            0,
            0,
            0,
            -167.6903512483899,
            -171.56717827352156,
            -173.80292600412582,
            -196.41041502851044,
            -201.4897091514057,
            -57.2978044182268,
            -295.2683276694843,
            -235.10794526975934,
            -310.89454814950426,
            -404.296752636257,
            -191.73180910427303,
            -95.30215389948872,
            45.3540259762755,
            0,
            218.16488304661658,
            59.29252408719177,
            -117.3013928786568,
            -21.367006189751514,
            -2.6884591648032945,
            11.209194456884102,
            110.63557774377976,
            -167.0858330617503,
            -66.31659708538024,
            -20.42234850029711,
            17.6317333858016,
            168.44371084635804,
            -52.518114876105656,
            -25.495456623024193,
            -171.8532334685667,
            -306.06151070519303,
            -327.7923815641339,
            -491.28520979086676,
            -384.8554796824153,
            -411.6284577027089,
            -538.0108130461068,
            -329.26737504453115,
            -480.0878815111565,
            -220.1529281904976,
            -341.928036575426,
            -82.94689803900884,
            -260.2180158810274,
            0,
            0
        ],
        [
            0,
            0,
            -109.96917478794845,
            -249.7194175596354,
            -270.7036325488371,
            -290.6540872488028,
            -330.7157900638713,
            -351.37899989292936,
            -217.06758004373518,
            -476.1698904744964,
            -423.96829019497284,
            -508.14764886996113,
            -610.1514629129324,
            -397.7916265068036,
            -304.6588781907285,
            -166.09670972148342,
            -218.16488304661684,
            0,
            -168.0219502281246,
            -353.8944646323117,
            -260.5138550898794,
            -246.07181919387813,
            -238.53328857729815,
            -145.15549863565712,
            -436.44351726594374,
            -340.12666042030725,
            -299.07035412845823,
            -265.1544862933155,
            -115.34763043507503,
            -343.5183989475653,
            -317.7599557052531,
            -467.2708885755277,
            -602.8720894169949,
            -622.4701411487976,
            -784.2394283003547,
            -670.0566155496834,
            -688.7939056412265,
            -805.4482285173253,
            -580.5838196082518,
            -714.0300973683451,
            -430.51144656935867,
            -520.6345442554205,
            -224.69197935148273,
            -304.6486105253871,
            0,
            0
        ],
        [
            0,
            0,
            -137.1084075692456,
            -221.44662643362835,
            -217.46370574173486,
            -220.0880234769165,
            -246.57732858943066,
            -254.56335891556662,
            -104.09617711455829,
            -359.56209583082654,
            -297.96400061636865,
            -379.28361813138497,
            -478.95119468695884,
            -256.4406495623973,
            -156.45359098654592,
            -10.17326450305054,
            -59.29252408719177,
            168.0219502281246,
            0,
            -186.29270712624458,
            -87.12719792307207,
            -68.83037303421031,
            -56.09001074567829,
            45.46651345852979,
            -246.19619962035597,
            -142.83473030457995,
            -96.55046231208615,
            -58.265411212581974,
            97.27394242549441,
            -132.82560387952162,
            -105.20258734741883,
            -256.65729014619154,
            -394.7246203104363,
            -415.893670422998,
            -582.254891056371,
            -470.1238956907366,
            -494.03638667563337,
            -618.1382032561984,
            -399.9251495236072,
            -544.0440751403682,
            -274.0270764649479,
            -379.06383124698533,
            -112.53744325467969,
            -184.71404808642052,
            0,
            0
        ],
        [
            0,
            0,
            -137.02385700645755,
            -180.27731948935212,
            -152.12383378732653,
            -137.06826130929485,
            -149.32221119175162,
            -143.91050826381962,
            23.29896383098333,
            -227.54075422858082,
            -156.06061121930384,
            -234.09703568911172,
            -331.0001953723557,
            -98.18217265430687,
            8.911625462331447,
            163.11924929309976,
            117.3013928786568,
            353.8944646323117,
            186.29270712624458,
            0,
            105.1416737702859,
            127.53248924514406,
            145.81837702476554,
            255.89523119581173,
            -35.562765927922634,
            75.05000121710046,
            126.73600746170482,
            169.48606535488207,
            330.6584927633403,
            98.77144118974678,
            128.06321413568463,
            -25.472382848948687,
            -166.27218190297333,
            -189.54545120749387,
            -361.0090796678661,
            -251.99599057727468,
            -282.19660813792126,
            -414.93471956511473,
            -205.6053842885405,
            -362.25551102366626,
            -109.59572863103244,
            -233.03759481093235,
            -4.919076903245874,
            -49.261683961827735,
            0,
            0
        ],
        [
            0,
            0,
            -179.84541172576974,
            -225.62410466171335,
            -202.2196358066236,
            -193.61214484603073,
            -213.09872404877254,
            -213.99817809669656,
            -48.54023036041072,
            -311.71068763359256,
            -242.64382274544107,
            -325.1924553083846,
            -426.88712102878833,
            -191.3585431089651,
            -84.4329944673524,
            70.60844853366427,
            21.367006189751514,
            260.5138550898794,
            87.12719792307207,
            -105.1416737702859,
            0,
            20.791723153580094,
            36.51723070423996,
            145.05209925756444,
            -154.99039334350175,
            -45.208940160288776,
            4.914058525928501,
            46.31204156801645,
            208.41531729871596,
            -28.2967155694579,
            0.8155373154879934,
            -154.91313972102196,
            -296.8496174498652,
            -318.86689158674307,
            -489.7627867597213,
            -376.1827607537705,
            -402.0448939055959,
            -529.3462487886313,
            -311.65662849575745,
            -457.7920092027254,
            -194.33549976879908,
            -296.74667261625257,
            -53.801346200055534,
            0,
            0,
            0
        ],
        [
            0,
            0,
            -205.98287482812057,
            -245.35912979031076,
            -219.11907701262965,
            -210.28854395877832,
            -230.9522710527542,
            -232.6081051135469,
            -63.87388023458087,
            -334.2699247093101,
            -264.2104334673659,
            -348.9770502959686,
            -453.2199546801927,
            -213.06313838343044,
            -104.34576736016861,
            53.39417403993451,
            2.6884591648032945,
            246.07181919387813,
            68.83037303421031,
            -127.53248924514406,
            -20.791723153580094,
            0,
            15.455446390528763,
            125.20516395334083,
            -180.62427927130432,
            -69.47929528796413,
            -18.984112156940174,
            22.678253590649998,
            186.8718931875181,
            -53.517331235892264,
            -24.079352771219504,
            -181.73967216626494,
            -325.02034638797977,
            -346.63666240030886,
            -518.1897936363653,
            -402.3091325000539,
            -426.6384343929505,
            -551.9363128543166,
            -331.1114926044515,
            -472.2317334182348,
            -206.60919601112872,
            -296.84937319347586,
            -54.935021188985715,
            0,
            0,
            0
        ],
        [
            0,
            1.0028401793084958,
            -238.60319107413102,
            -269.04364144931435,
            -237.78390440713073,
            -227.59170696067048,
            -248.95178039698698,
            -250.77014206586458,
            -76.48426423859767,
            -356.40120489113986,
            -284.3370857196886,
            -371.90141344904083,
            -479.4235046668661,
            -232.28896562884665,
            -120.66406720352364,
            41.26647335101148,
            -11.209194456884115,
            238.53328857729815,
            56.09001074567829,
            -145.81837702476554,
            -36.51723070423996,
            -15.455446390528763,
            0,
            111.94124553821162,
            -201.6438835022448,
            -88.18802161164912,
            -36.838543080734674,
            5.466917931189729,
            172.76420099616666,
            -72.53905988604721,
            -42.550267899724574,
            -202.7447275544652,
            -347.7407507554957,
            -368.7772819881063,
            -541.0020260752511,
            -422.20742673579707,
            -444.45202510507096,
            -566.5602964480388,
            -342.4581958781048,
            -475.4772667001445,
            -209.07925193456387,
            -278.4587107698675,
            -39.573533833097535,
            0,
            0,
            0
        ],
        [
            0,
            -9.602308094064423,
            -300.33727899193167,
            -330.1501817152483,
            -300.1367099851139,
            -294.6485183890146,
            -322.68119204792094,
            -330.09890729904265,
            -153.9713862235563,
            -450.49020872717335,
            -379.3291701140306,
            -472.5513420289171,
            -586.2614713030296,
            -332.5185046071588,
            -219.28159791332212,
            -54.093504365998186,
            -110.63557774377976,
            145.15549863565712,
            -45.46651345852979,
            -255.89523119581173,
            -145.05209925756444,
            -125.20516395334083,
            -111.94124553821162,
            0,
            -325.3736175400826,
            -211.14160011952953,
            -160.45096726142555,
            -118.70190546677094,
            51.291956268241904,
            -200.19859842641998,
            -169.55625841932445,
            -331.93960721821327,
            -477.4029453799055,
            -495.64504220237575,
            -665.1127321779215,
            -539.3850293086332,
            -553.848095469134,
            -664.2785668774397,
            -429.6947305147273,
            -538.7551558813115,
            -260.5494496282562,
            -269.2428240589052,
            0,
            0,
            0,
            0
        ],
        [
            0,
            35.23791281938997,
            -246.39685059298688,
            -239.9810935827769,
            -180.1410995101922,
            -150.99877190248563,
            -159.35614826536099,
            -147.8216176355602,
            52.648213935794715,
            -237.70651991317177,
            -152.118845928383,
            -240.70794845244208,
            -350.5455214990206,
            -81.52617737157476,
            42.133908763946344,
            218.95087546955222,
            167.0858330617503,
            436.44351726594374,
            246.19619962035597,
            35.562765927922634,
            154.99039334350175,
            180.62427927130432,
            201.6438835022448,
            325.3736175400826,
            0,
            123.87927644949575,
            181.37589336711838,
            228.3285733058035,
            404.3970383362171,
            149.7504170219715,
            180.74114448239575,
            14.34505487677443,
            -136.05837989102935,
            -159.59111568655334,
            -336.75678107775667,
            -220.44652186557911,
            -247.1165257742513,
            -370.22831989803973,
            -160.99376173958166,
            -285.7977526856616,
            -60.59348751575942,
            -75.28762244452085,
            0,
            0,
            0,
            0
        ],
        [
            0,
            21.151362414626835,
            -300.7704860720992,
            -297.54818503360264,
            -240.73612515239554,
            -216.9758324508107,
            -232.1563118744511,
            -226.44057694698816,
            -25.512531399515535,
            -330.67237235589937,
            -246.5470018112892,
            -340.27403329821794,
            -455.65636752481066,
            -181.63635012591192,
            -57.09585231932906,
            121.93629347176406,
            66.31659708538028,
            340.12666042030725,
            142.83473030457995,
            -75.05000121710046,
            45.208940160288776,
            69.47929528796413,
            88.18802161164912,
            211.14160011952953,
            -123.87927644949575,
            0,
            56.47537529031016,
            102.55471400638167,
            279.92999378428283,
            21.206827646659107,
            52.64180095746827,
            -114.20238767382466,
            -263.155533134821,
            -283.1029107437077,
            -454.29754521300237,
            -331.67998232276614,
            -348.56595184011985,
            -454.39866134404457,
            -237.17801830103699,
            -324.1914711298963,
            -89.59778633503366,
            0,
            0,
            0,
            0,
            0
        ],
        [
            0,
            13.404250734099216,
            -336.87575761600516,
            -332.2400300213726,
            -274.3322967133872,
            -251.93365155874542,
            -270.0372825885427,
            -266.5531954413301,
            -62.412427345675034,
            -378.1670815981996,
            -293.46055418367644,
            -390.54639028181305,
            -509.6693342907735,
            -230.08618199268557,
            -103.68105244984915,
            78.33936943511122,
            20.42234850029711,
            299.0703541284584,
            96.55046231208615,
            -126.73600746170482,
            -4.914058525928501,
            18.984112156940174,
            36.83854308073468,
            160.4509672614255,
            -181.37589336711844,
            -56.47537529031017,
            0,
            46.00800514332533,
            224.6239526701426,
            -36.54825113720934,
            -4.65879721748978,
            -171.15432698583956,
            -318.10728583161483,
            -334.9670540254782,
            -499.67088280678325,
            -373.0168050905696,
            -381.3064712426006,
            -469.13207160022114,
            -249.05123189721778,
            -289.17742898649703,
            -3.271159887441952,
            0,
            0,
            0,
            0,
            0
        ],
        [
            0,
            5.437918184718468,
            -368.66712960703256,
            -362.5769568033516,
            -303.418777270326,
            -281.94582027723106,
            -302.37296409010423,
            -300.6139273613454,
            -93.42561289618631,
            -418.25419851700366,
            -332.8804688640305,
            -432.7819433112695,
            -555.0360582687485,
            -270.5495342093065,
            -142.45870010008437,
            42.18516232437909,
            -17.631733385801606,
            265.1544862933155,
            58.265411212581974,
            -169.48606535488207,
            -46.31204156801645,
            -22.678253590649998,
            -5.466917931189729,
            118.70190546677094,
            -228.3285733058035,
            -102.55471400638167,
            -46.00800514332533,
            0,
            179.23823677127774,
            -82.86290280206151,
            -50.45638478807939,
            -215.31335935045394,
            -358.83475911269795,
            -371.8784089158985,
            -527.6216754039347,
            -396.9972753296298,
            -394.57471129427984,
            -458.3458858302569,
            -234.41207283435375,
            -188.3643055060997,
            0,
            0,
            0,
            0,
            0,
            0
        ],
        [
            -332.9175856805917,
            -32.706007298558774,
            -439.09480563405907,
            -441.78640854346264,
            -390.4162713208058,
            -377.8721553599622,
            -407.87517562642836,
            -414.7018900867403,
            -211.59666829250367,
            -550.4576216072193,
            -468.9848402197575,
            -574.1132315532388,
            -701.7410404227641,
            -415.8404349113522,
            -288.9461081173114,
            -104.65936209577858,
            -168.4437108463581,
            115.34763043507503,
            -97.27394242549443,
            -330.6584927633403,
            -208.41531729871596,
            -186.8718931875181,
            -172.76420099616666,
            -51.291956268241904,
            -404.3970383362171,
            -279.92999378428283,
            -224.62395267014256,
            -179.23823677127774,
            0,
            -260.44693695414304,
            -225.59624615737002,
            -384.422634759114,
            -518.6734565446228,
            -521.337593089551,
            -657.6276024786451,
            -513.0951849621341,
            -483.90017800486095,
            -496.1402357678863,
            -233.12408525465085,
            0,
            0,
            0,
            0,
            0,
            0,
            0
