{
    "bin_ranges": {
        "m3pi_lower_limit": 1.82,
        "m3pi_upper_limit": 1.86,
        "t_lower_limit": 0.141,
        "t_upper_limit": 0.194
    },
    "info": "The dalitz matrix M is computed as sqrt(-Kibble) * (A[1]-A[2])",
    "bin_centers": [
        0.29900000000000004,
        0.33999999999999997,
        0.38,
        0.42000000000000004,
        0.45999999999999996,
        0.5,
        0.54,
        0.5800000000000001,
        0.62,
        0.66,
        0.69,
        0.71,
        0.73,
        0.75,
        0.77,
        0.79,
        0.81,
        0.83,
        0.85,
        0.87,
        0.89,
        0.91,
        0.94,
        0.98,
        1.02,
        1.06,
        1.1,
        1.1400000000000001,
        1.18,
        1.22,
        1.26,
        1.3,
        1.34,
        1.38,
        1.42,
        1.46,
        1.5,
        1.54,
        1.58,
        1.62,
        1.66,
        1.7
    ],
    "real(M)": [
        [
            0,
            0,
            0,
            0,
            0,
            0,
            0,
            0,
            0,
            0,
            0,
            0,
            0,
            0,
            0,
            0,
            0,
            0,
            0,
            0,
            0,
            0,
            0,
            0,
            0,
            9.846247476355595,
            21.180933631731182,
            33.86408247097215,
            31.169498684912657,
            20.016162366549057,
            11.035514805477714,
            13.292599188460185,
            6.427561410156723,
            1.8277314809426983,
            -6.627063713796319,
            -5.883164207925443,
            -1.1478629605935298,
            0,
            0,
            0,
            0,
            0
        ],
        [
            0,
            0,
            0,
            0,
            0,
            0,
            0,
            0,
            0,
            0,
            0,
            0,
            0,
            0,
            0,
            0,
            0,
            0,
            0,
            33.18573814845274,
            58.63348540498637,
            80.5276153705668,
            90.28842257819956,
            96.92882975608522,
            81.8398667074931,
            71.86120074926436,
            76.17521777999659,
            94.67500703491314,
            82.71892711334763,
            58.654635381755824,
            41.32620836833325,
            45.32457479262349,
            32.73349484755511,
            23.86641350391434,
            5.656793927905831,
            3.0796719502584016,
            -3.06822231299913,
            0.769902948374896,
            3.568371538439256,
            0,
            0,
            0
        ],
        [
            0,
            0,
            0,
            0,
            0,
            0,
            0,
            0,
            0,
            0,
            0,
            0,
            0,
            6.679624317891436,
            67.86286963597496,
            108.04704739826686,
            174.21497268985124,
            160.57584154949217,
            185.17943357321374,
            179.8403576012195,
            186.28320732483076,
            207.0108116139007,
            203.85325876857598,
            201.91989141335975,
            173.56939500681992,
            157.4246948820876,
            163.0696239339125,
            188.21311895019846,
            171.96031574338937,
            140.0142610799729,
            117.25476942543538,
            122.47579197772104,
            105.40357609873277,
            92.69525904083926,
            66.65393951857737,
            60.462491928637725,
            47.94085656867817,
            48.130117225435924,
            46.3103858450541,
            40.144486519507794,
            0,
            0
        ],
        [
            0,
            0,
            0,
            0,
            0,
            0,
            0,
            0,
            0,
            0,
            52.385257239461374,
            48.21933249144972,
            135.94019184695534,
            152.06214369852916,
            240.30957893661096,
            287.212703585269,
            380.8742881527195,
            344.10891059813036,
            373.320750457742,
            360.6953090432987,
            367.15404732024024,
            393.9312272432208,
            388.8516189324716,
            387.2276581549608,
            353.43078821373143,
            336.1416475531019,
            345.96380222276855,
            379.1216591068442,
            361.08508533355774,
            323.62608887191016,
            296.74400554343913,
            302.7984591109663,
            280.95845636661676,
            263.2015274020244,
            227.87062293617052,
            214.86393495196404,
            192.048567380637,
            182.5208363883074,
            167.9022491383419,
            145.75382267369588,
            89.75510985683236,
            0
        ],
        [
            0,
            0,
            0,
            0,
            0,
            0,
            0,
            0,
            26.356538023192442,
            64.06836833720125,
            74.68900381601591,
            41.89394041851258,
            164.3222448593262,
            170.93356878697026,
            279.6762873023508,
            328.8100396165033,
            438.6809496595112,
            379.84992221152135,
            407.4450498113018,
            383.59180233519737,
            384.65314486904214,
            411.1954501143118,
            396.9148361172584,
            386.12508046393015,
            339.0389028574999,
            313.16612345648406,
            320.18048237341736,
            355.1057340453251,
            331.3099121321969,
            286.0134135823083,
            253.89395691733694,
            260.61544661498874,
            236.0791214892411,
            217.21041654251283,
            179.1359138365048,
            168.01342310885272,
            147.02342048802134,
            143.4888328461595,
            137.15256300990666,
            127.75330328818227,
            93.03569697045398,
            0
        ],
        [
            0,
            0,
            0,
            0,
            0,
            0,
            0,
            32.566054798684846,
            55.36790172660945,
            90.38087078141417,
            95.7777247423677,
            49.0950582306885,
            202.60416074930095,
            206.39317568791768,
            335.9234366864955,
            390.78572368923466,
            517.9442914890944,
            443.4157594760952,
            472.434212340307,
            441.3158370801704,
            439.93702961864363,
            468.4134445236432,
            448.83405867871454,
            433.1883442745409,
            376.96201295601315,
            345.7255002033744,
            352.21327455735434,
            390.3932668891056,
            362.5676130506732,
            310.92381159176153,
            274.40461368215307,
            281.6468585319338,
            254.0651168361307,
            233.0340819533703,
            190.71702371229793,
            178.76555013871652,
            156.00508198088184,
            153.15858758796628,
            147.76005504624166,
            140.11234872774833,
            106.656919588471,
            0
        ],
        [
            0,
            0,
            0,
            0,
            0,
            0,
            0,
            -7.403398326644703,
            -5.884134925472228,
            17.63327043519868,
            10.853234484277037,
            -52.78174093102874,
            122.15942786953242,
            118.80835943988147,
            262.06481771569844,
            317.75221273747917,
            456.272765702702,
            363.74069504235706,
            390.2137257460538,
            348.80780678958075,
            341.63100777676624,
            368.4412255828232,
            339.138992719942,
            313.0636138462956,
            243.0789131906015,
            202.23285435180736,
            204.30550612260862,
            242.34064720770297,
            208.45575583184385,
            149.5107160992088,
            108.47441394468049,
            116.79846556134535,
            88.21635389986189,
            68.33932087311254,
            26.84855609066964,
            20.59873806424057,
            4.855385439175368,
            13.816589976384742,
            23.84436496304263,
            37.1002918629955,
            32.3977061811684,
            0
        ],
        [
            0,
            0,
            0,
            0,
            0,
            -32.566054798684846,
            7.403398326644703,
            0,
            4.325509916156912,
            33.78867254479996,
            26.735967300422953,
            -45.56357219377259,
            154.5578083474262,
            150.62142403232778,
            311.8933284413519,
            373.70943125381194,
            527.7706520729029,
            423.6465506721321,
            452.4456376881997,
            405.9939801717676,
            397.6792987205811,
            426.9607839957945,
            394.27869035473526,
            365.32155116679917,
            288.5403904367677,
            243.9423773813606,
            246.2681096829409,
            287.6600999318796,
            250.71775296832942,
            186.6046250014196,
            141.9527557878721,
            150.69171233690255,
            119.36388548734573,
            97.3275572381292,
            51.83632494854896,
            44.15751432396196,
            26.003846319027687,
            34.02993928243371,
            42.627799233967764,
            53.72347032247798,
            43.91102836005929,
            0
        ],
        [
            0,
            0,
            0,
            0,
            -26.356538023192442,
            -55.36790172660945,
            5.884134925472228,
            -4.325509916156912,
            0,
            32.66946350809429,
            23.976047881853763,
            -57.10040941569388,
            165.16569155113058,
            159.92987822535798,
            337.0647106164034,
            403.87175835542587,
            571.6858172063182,
            456.1981726301109,
            486.5516640914871,
            434.8134952842837,
            424.8619730976996,
            455.8912396513229,
            419.2587988345188,
            386.62470939351795,
            302.6060331331201,
            253.72456927570212,
            255.6226249156276,
            299.59524334850477,
            259.39618215358877,
            190.23199592464758,
            142.14921037847228,
            151.34515251513685,
            117.78215879454086,
            94.28188818832625,
            45.96686744625664,
            38.07094684100578,
            19.221459332172824,
            28.21136387681707,
            37.80360696298415,
            49.74704147142532,
            39.21458821876382,
            0
        ],
        [
            0,
            0,
            0,
            0,
            -64.06836833720125,
            -90.38087078141417,
            -17.63327043519868,
            -33.78867254479996,
            -32.66946350809429,
            0,
            -12.222332562450125,
            -102.68455935311657,
            138.79305293856777,
            131.18256699579953,
            321.9217650999211,
            392.3030530860036,
            571.9036772648216,
            444.830708803636,
            475.6742274316177,
            418.0700902467516,
            405.6947826207084,
            437.5009835281838,
            395.95936141310693,
            358.40635178875266,
            266.3165267615821,
            212.31744377149863,
            212.89554284611097,
            258.54930404786137,
            214.84393675499194,
            140.7930468177477,
            89.62611292002371,
            99.60950194115838,
            64.74830773549783,
            41.06735455292678,
            -8.11280805244403,
            -14.007038411369154,
            -30.539045296328826,
            -17.01918959627142,
            -1.8029362043065356,
            17.077577963331013,
            15.366422126539453,
            0
        ],
        [
            0,
            0,
            0,
            -52.385257239461374,
            -74.68900381601591,
            -95.7777247423677,
            -10.853234484277037,
            -26.735967300422953,
            -23.976047881853763,
            12.222332562450125,
            0,
            -95.48600668879982,
            161.0063085785005,
            153.18880460188626,
            354.9311852447326,
            429.19882797108363,
            618.4350277219603,
            484.4345365293833,
            516.8259270966553,
            456.221908805341,
            443.2260550544186,
            476.62078066883925,
            433.06653660861383,
            393.790610259665,
            297.53593186519015,
            241.2319972757636,
            241.9358183324242,
            289.55144858752,
            243.9003491406009,
            166.6625185848038,
            113.25619488145739,
            123.30862174243482,
            86.703127361507,
            61.604471424458175,
            10.089998957695201,
            3.1667925385550175,
            -14.86120193272266,
            -2.400339920506581,
            11.107505769676653,
            26.804756124067918,
            18.11941254113148,
            0
        ],
        [
            0,
            0,
            0,
            -48.21933249144972,
            -41.89394041851258,
            -49.0950582306885,
            52.78174093102874,
            45.56357219377259,
            57.100409415694116,
            102.68455935311657,
            95.48600668879982,
            0,
            269.1490992156034,
            264.1806539843205,
            475.818858786063,
            555.3365693746085,
            753.3893431242907,
            617.521442997869,
            653.3520694421345,
            593.1758258327379,
            582.0199796424122,
            618.5561506502846,
            576.7002499608485,
            539.9035269831883,
            444.099262233927,
            388.9313182206351,
            391.7791518822359,
            442.1188076107157,
            396.0962568253499,
            317.0339750025866,
            261.65863825612263,
            270.3438176898316,
            230.31089410333638,
            200.91525984183963,
            143.31723043559037,
            129.58713782207252,
            102.62554067601586,
            103.89332122474043,
            102.21902259926357,
            95.56687305499736,
            43.281512126620356,
            0
        ],
        [
            0,
            0,
            0,
            -135.94019184695534,
            -164.3222448593262,
            -202.60416074930095,
            -122.15942786953242,
            -154.5578083474262,
            -165.16569155113058,
            -138.79305293856777,
            -161.0063085785005,
            -269.1490992156028,
            0,
            -13.996346016484646,
            195.8415437956307,
            269.4920494517962,
            465.53607789443475,
            317.7541499689568,
            347.2092497508773,
            278.1664271224478,
            259.9289308678538,
            291.0662675458006,
            239.02140875720013,
            190.4220230690489,
            82.74753921446579,
            18.367317871536834,
            15.0982665236978,
            62.15615192775516,
            12.368045540408273,
            -69.13309224515858,
            -124.09983089812629,
            -111.13320239007514,
            -145.08777906629123,
            -164.95064859078016,
            -209.67271939325394,
            -205.24989457392164,
            -208.57279323476584,
            -176.04217496393815,
            -136.07944186018423,
            -83.48958691802301,
            -14.915190719610116,
            0
        ],
        [
            0,
            0,
            -6.679624317891436,
            -152.06214369852916,
            -170.93356878697026,
            -206.39317568791768,
            -118.80835943988147,
            -150.62142403232778,
            -159.92987822535798,
            -131.18256699579953,
            -153.18880460188626,
            -264.1806539843205,
            13.996346016484646,
            0,
            216.49818619084456,
            292.57501423524764,
            494.4611555770945,
            342.65651378894876,
            373.1263456995978,
            302.38730785778074,
            283.86443755635645,
            316.0232667297598,
            262.894616544896,
            213.4119459619321,
            103.4147318751962,
            37.81270368514009,
            34.73834494882172,
            83.03236121787101,
            32.22640507637885,
            -50.97128456317722,
            -107.06822088085323,
            -93.9596483897107,
            -128.73110406828303,
            -149.20378867405446,
            -194.8979579969145,
            -190.7660671607705,
            -194.45161714057434,
            -162.0857170964575,
            -122.42560304853355,
            -70.3406007467404,
            0,
            0
        ],
        [
            0,
            0,
            -67.862869635975,
            -240.30957893661096,
            -279.6762873023508,
            -335.9234366864955,
            -262.06481771569844,
            -311.8933284413519,
            -337.0647106164034,
            -321.9217650999211,
            -354.9311852447326,
            -475.818858786063,
            -195.8415437956311,
            -216.49818619084456,
            0,
            72.23082089422681,
            273.799163306715,
            112.40451991034689,
            138.37860095334796,
            60.77441638182977,
            36.99149989469605,
            65.39790354789028,
            4.604983405041111,
            -53.623356874010895,
            -172.62186908899784,
            -244.97127350677965,
            -252.1591757221781,
            -205.61219002834625,
            -258.8011724460771,
            -343.36043581689637,
            -398.44445026734536,
            -381.09075296087593,
            -410.1704045312315,
            -422.06550414131976,
            -456.29424695021095,
            -436.22614220572194,
            -419.065338090658,
            -359.0202871851904,
            -281.4829942824928,
            -170.73566309189448,
            0,
            0
        ],
        [
            0,
            0,
            -108.04704739826688,
            -287.212703585269,
            -328.8100396165033,
            -390.78572368923466,
            -317.75221273747917,
            -373.70943125381194,
            -403.87175835542587,
            -392.3030530860036,
            -429.19882797108363,
            -555.3365693746085,
            -269.4920494517967,
            -292.57501423524764,
            -72.23082089422681,
            0,
            204.8235325050959,
            37.61813242539373,
            62.54402603717687,
            -18.528280615386887,
            -44.378062838930646,
            -16.735286779518773,
            -80.90461179242256,
            -142.7512406594944,
            -266.24087537846566,
            -341.59052601384184,
            -349.98000929875,
            -303.1570195201611,
            -357.48926467952776,
            -443.1021232449612,
            -497.96908729200413,
            -478.4630933506062,
            -505.2195560875715,
            -513.4675273029513,
            -542.8922839335855,
            -515.7946850213552,
            -489.30720871880385,
            -416.6538119727121,
            -321.0750758182197,
            -177.35834949371332,
            0,
            0
        ],
        [
            0,
            0,
            -174.21497268985124,
            -380.8742881527195,
            -438.6809496595112,
            -517.9442914890944,
            -456.272765702702,
            -527.7706520729029,
            -571.6858172063194,
            -571.9036772648216,
            -618.4350277219603,
            -753.3893431242907,
            -465.53607789443515,
            -494.4611555770945,
            -273.799163306715,
            -204.8235325050959,
            0,
            -175.78863358679288,
            -154.7384138429255,
            -241.87502033560884,
            -272.30667338347826,
            -247.85682105683077,
            -318.68156466650333,
            -388.02560298600787,
            -519.1981519442306,
            -600.1149641474959,
            -611.6192712502553,
            -565.7129566384905,
            -621.4056909974021,
            -707.2905659236899,
            -760.1236425384308,
            -735.5483693193596,
            -755.6054790107514,
            -754.2276494075319,
            -770.8421799684935,
            -726.3570672153907,
            -676.8750280232109,
            -573.276100926597,
            -432.80285893377226,
            -200.02635490591516,
            0,
            0
        ],
        [
            0,
            0,
            -160.57584154949217,
            -344.10891059813036,
            -379.84992221152135,
            -443.4157594760952,
            -363.74069504235706,
            -423.6465506721321,
            -456.1981726301109,
            -444.830708803636,
            -484.4345365293833,
            -617.5214429978681,
            -317.75414996895734,
            -342.65651378894876,
            -112.40451991034672,
            -37.61813242539373,
            175.78863358679288,
            0,
            25.209506794667245,
            -60.22326683952639,
            -87.8968507684283,
            -59.73480341360087,
            -127.49276558072073,
            -192.82641840538633,
            -321.8376255038616,
            -400.36888692591634,
            -409.09256514678657,
            -360.4275189711936,
            -416.03801938628686,
            -503.29176729161935,
            -558.0947554938357,
            -535.7990242473077,
            -560.1216395643528,
            -564.4001577584551,
            -588.5298402023078,
            -553.3969262259715,
            -515.7707227378065,
            -427.6144884522651,
            -306.910547441074,
            -74.5253800766454,
            0,
            0
        ],
        [
            0,
            0,
            -185.17943357321374,
            -373.320750457742,
            -407.4450498113018,
            -472.434212340307,
            -390.2137257460538,
            -452.4456376881997,
            -486.5516640914871,
            -475.6742274316177,
            -516.8259270966553,
            -653.3520694421345,
            -347.2092497508775,
            -373.1263456995978,
            -138.37860095334796,
            -62.54402603717687,
            154.7384138429255,
            -25.209506794667256,
            0,
            -87.59431351135993,
            -116.23472386692553,
            -87.93967331392608,
            -157.5121568414318,
            -224.621195197184,
            -356.2887707634177,
            -436.3334614249116,
            -445.20832166522854,
            -395.6571297095178,
            -451.7010074629932,
            -539.4249281117901,
            -593.8081412834172,
            -569.7970119130403,
            -592.337661305492,
            -593.9418683800025,
            -614.4033403872612,
            -574.0867269047034,
            -529.1222272552866,
            -430.57406022075037,
            -291.14165255248855,
            0,
            0,
            0
        ],
        [
            0,
            -33.18573814845274,
            -179.8403576012195,
            -360.6953090432987,
            -383.59180233519737,
            -441.3158370801704,
            -348.80780678958075,
            -405.9939801717676,
            -434.8134952842837,
            -418.0700902467516,
            -456.221908805341,
            -593.1758258327379,
            -278.1664271224478,
            -302.38730785778074,
            -60.77441638182977,
            18.528280615386887,
            241.87502033560884,
            60.22326683952639,
            87.59431351135993,
            0,
            -27.607946367194984,
            2.655370317134242,
            -66.08454955522579,
            -131.87662426532373,
            -263.54049590961097,
            -343.0229298980948,
            -350.6285908965834,
            -299.47463358984464,
            -355.80155825514225,
            -444.5578871769831,
            -499.96961561828886,
            -476.77646064314814,
            -501.0939696191247,
            -504.90994107105246,
            -528.0736403002462,
            -491.0269293693078,
            -449.696122378559,
            -355.5337658856872,
            -217.24496033981262,
            0,
            0,
            0
        ],
        [
            0,
            -58.63348540498637,
            -186.28320732483076,
            -367.15404732024024,
            -384.65314486904214,
            -439.93702961864363,
            -341.63100777676624,
            -397.6792987205811,
            -424.8619730976996,
            -405.6947826207084,
            -443.2260550544186,
            -582.0199796424114,
            -259.9289308678538,
            -283.86443755635645,
            -36.99149989469601,
            44.378062838930624,
            272.30667338347814,
            87.8968507684283,
            116.2347238669255,
            27.607946367194984,
            0,
            31.201046058183827,
            -38.031900817327646,
            -104.08162312049382,
            -236.98241879545,
            -316.90892742980765,
            -324.02355143747224,
            -271.78731114731255,
            -328.421342417962,
            -417.772799671138,
            -473.3519151030194,
            -449.72034988667053,
            -473.8666553948455,
            -477.2577729652024,
            -499.5182871986646,
            -461.13135910565455,
            -417.1434409901087,
            -318.4712664387851,
            -162.59744127414407,
            0,
            0,
            0
        ],
        [
            0,
            -80.5276153705668,
            -207.0108116139007,
            -393.9312272432208,
            -411.1954501143118,
            -468.4134445236432,
            -368.4412255828232,
            -426.9607839957945,
            -455.8912396513229,
            -437.5009835281838,
            -476.62078066883925,
            -618.5561506502846,
            -291.0662675458006,
            -316.0232667297598,
            -65.39790354789028,
            16.735286779518766,
            247.85682105683077,
            59.73480341360087,
            87.93967331392608,
            -2.655370317134242,
            -31.201046058183827,
            0,
            -70.90979033271405,
            -138.60306598083864,
            -273.788514506344,
            -354.97032075231635,
            -362.1740492982341,
            -309.1729078671557,
            -365.91818698318724,
            -455.1884081287572,
            -509.81264010363503,
            -484.1986888676226,
            -505.8852878524317,
            -505.80269953301945,
            -523.0156043494654,
            -477.9356468358571,
            -423.79296504123965,
            -309.1480688776931,
            -94.023990750335,
            0,
            0,
            0
        ],
        [
            0,
            -90.28842257819954,
            -203.85325876857598,
            -388.8516189324716,
            -396.9148361172584,
            -448.83405867871454,
            -339.138992719942,
            -394.27869035473526,
            -419.2587988345188,
            -395.95936141310693,
            -433.06653660861383,
            -576.7002499608485,
            -239.02140875720036,
            -262.894616544896,
            -4.604983405041114,
            80.90461179242253,
            318.6815646665032,
            127.49276558072073,
            157.5121568414318,
            66.08454955522579,
            38.031900817327646,
            70.90979033271405,
            0,
            -67.27732248541972,
            -203.38158094145643,
            -284.5907396493502,
            -290.83304686240126,
            -236.40411387452684,
            -293.4958494892576,
            -383.5156666440668,
            -438.5499989405221,
            -413.0965655591341,
            -435.2318126038107,
            -435.5418696679189,
            -452.2893678453817,
            -406.69465090341237,
            -349.3152270179132,
            -224.97406486120414,
            0,
            0,
            0,
            0
        ],
        [
            0,
            -96.92882975608522,
            -201.91989141335975,
            -387.2276581549608,
            -386.12508046393015,
            -433.1883442745409,
            -313.0636138462956,
            -365.32155116679917,
            -386.62470939351795,
            -358.40635178875266,
            -393.790610259665,
            -539.9035269831883,
            -190.4220230690489,
            -213.4119459619321,
            53.623356874010895,
            142.7512406594944,
            388.0256029860077,
            192.82641840538633,
            224.62119519718394,
            131.87662426532373,
            104.08162312049382,
            138.60306598083864,
            67.27732248541972,
            0,
            -137.48618716291568,
            -218.95296338259152,
            -224.30974517717047,
            -168.5343272307947,
            -225.9467435993,
            -316.39930190424786,
            -371.3161681472026,
            -345.6726631721749,
            -367.27756840704325,
            -366.64552070591685,
            -380.18816021281015,
            -330.72073187107554,
            -262.0526133483685,
            -87.62099111155088,
            0,
            0,
            0,
            0
        ],
        [
            0,
            -81.83986670749307,
            -173.56939500681992,
            -353.43078821373143,
            -339.0389028574999,
            -376.96201295601315,
            -243.0789131906015,
            -288.5403904367677,
            -302.6060331331201,
            -266.3165267615821,
            -297.53593186519015,
            -444.099262233927,
            -82.74753921446579,
            -103.4147318751962,
            172.62186908899784,
            266.24087537846566,
            519.1981519442306,
            321.8376255038616,
            356.2887707634177,
            263.54049590961097,
            236.98241879545,
            273.788514506344,
            203.38158094145643,
            137.48618716291568,
            0,
            -80.9524859647128,
            -85.45425897115149,
            -29.216085562671882,
            -87.69034421848093,
            -179.6030521815136,
            -236.25076559302525,
            -213.71927532034633,
            -238.51032374914624,
            -241.8987287439033,
            -257.87420635125716,
            -212.34799594910484,
            -136.78520216549413,
            0,
            0,
            0,
            0,
            0
        ],
        [
            -9.846247476355595,
            -71.86120074926436,
            -157.4246948820876,
            -336.1416475531019,
            -313.16612345648406,
            -345.7255002033744,
            -202.23285435180736,
            -243.9423773813606,
            -253.72456927570195,
            -212.31744377149863,
            -241.2319972757636,
            -388.9313182206351,
            -18.367317871536834,
            -37.81270368514009,
            244.97127350677977,
            341.5905260138418,
            600.1149641474958,
            400.36888692591634,
            436.3334614249116,
            343.0229298980948,
            316.90892742980765,
            354.97032075231635,
            284.5907396493502,
            218.95296338259152,
            80.9524859647128,
            0,
            -4.312959244673776,
            51.58251559478098,
            -7.6981323043718,
            -100.1014887569482,
            -157.241721519659,
            -136.8520243090756,
            -162.6342069755027,
            -167.14446836074586,
            -180.33339910381133,
            -130.68151251743714,
            0,
            0,
            0,
            0,
            0,
            0
        ],
        [
            -21.180933631731182,
            -76.17521777999556,
            -163.0696239339125,
            -345.96380222276855,
            -320.18048237341736,
            -352.21327455735434,
            -204.30550612260828,
            -246.2681096829409,
            -255.6226249156274,
            -212.89554284611097,
            -241.93581833242408,
            -391.7791518822357,
            -15.0982665236978,
            -34.73834494882172,
            252.1591757221781,
            349.9800092987499,
            611.6192712502552,
            409.0925651467865,
            445.2083216652284,
            350.6285908965834,
            324.02355143747224,
            362.174049298234,
            290.83304686240126,
            224.30974517717047,
            85.45425897115148,
            4.312959244673775,
            0,
            55.39499655135108,
            -3.4346151251568364,
            -93.97797732518595,
            -148.59395646361344,
            -127.19945408196695,
            -148.72001665597247,
            -147.1578217740669,
            -144.6751920586339,
            -55.63516527768438,
            0,
            0,
            0,
            0,
            0,
            0
        ],
        [
            -33.86408247097215,
            -94.67500703491311,
            -188.21311895019844,
            -379.1216591068442,
            -355.1057340453251,
            -390.3932668891056,
            -242.3406472077028,
            -287.6600999318796,
            -299.59524334850454,
            -258.54930404786137,
            -289.55144858752,
            -442.1188076107157,
            -62.15615192775519,
            -83.03236121787101,
            205.61219002834616,
            303.157019520161,
            565.7129566384903,
            360.4275189711936,
            395.6571297095178,
            299.47463358984464,
            271.78731114731255,
            309.1729078671557,
            236.40411387452684,
            168.5343272307947,
            29.216085562671882,
            -51.58251559478098,
            -55.39499655135108,
            0,
            -56.284407344460206,
            -141.58699085368042,
            -189.43018239848354,
            -162.46391915692865,
            -172.07963531479612,
            -152.75764855271194,
            -104.68831758201513,
            0,
            0,
            0,
            0,
            0,
            0,
            0
        ],
        [
            -31.169498684912686,
            -82.71892711334816,
            -171.96031574338934,
            -361.0850853335578,
            -331.30991213219664,
            -362.5676130506732,
            -208.45575583184385,
            -250.71775296832942,
            -259.39618215358877,
            -214.84393675499194,
            -243.90034914060084,
            -396.0962568253498,
            -12.368045540408277,
            -32.22640507637885,
            258.8011724460771,
            357.48926467952765,
            621.4056909974021,
            416.03801938628686,
            451.70100746299306,
            355.80155825514225,
            328.421342417962,
            365.91818698318724,
            293.4958494892576,
            225.9467435993,
            87.69034421848093,
            7.6981323043718,
            3.4346151251568364,
            56.284407344460206,
            0,
            -83.25851901674858,
            -129.12420654467513,
            -104.43740922577193,
            -110.53654017403942,
            -81.23638480018212,
            0,
            0,
            0,
            0,
            0,
            0,
            0,
            0
        ],
        [
            -20.016162366549086,
            -58.65463538175585,
            -140.0142610799729,
            -323.6260888719101,
            -286.0134135823083,
            -310.92381159176153,
            -149.51071609920868,
            -186.6046250014196,
            -190.23199592464758,
            -140.7930468177477,
            -166.6625185848038,
            -317.0339750025866,
            69.13309224515858,
            50.97128456317722,
            343.3604358168963,
            443.1021232449612,
            707.2905659236898,
            503.29176729161935,
            539.4249281117901,
            444.5578871769831,
            417.772799671138,
            455.1884081287572,
            383.5156666440668,
            316.39930190424786,
            179.6030521815136,
            100.1014887569482,
            93.97797732518596,
            141.58699085368042,
            83.25851901674858,
            0,
            -46.99170490014123,
            -30.754870059359963,
            -38.71158041596055,
            0,
            0,
            0,
            0,
            0,
            0,
            0,
            0,
            0
        ],
        [
            -11.035514805477703,
            -41.32620836833342,
            -117.2547694254354,
            -296.74400554343913,
            -253.89395691733674,
            -274.40461368215307,
            -108.47441394468049,
            -141.95275578787215,
            -142.1492103784722,
            -89.62611292002371,
            -113.25619488145736,
            -261.65863825612263,
            124.09983089812631,
            107.06822088085323,
            398.4444502673452,
            497.96908729200413,
            760.1236425384308,
            558.0947554938357,
            593.8081412834171,
            499.96961561828886,
            473.3519151030194,
            509.81264010363503,
            438.5499989405221,
            371.3161681472026,
            236.25076559302525,
            157.241721519659,
            148.59395646361344,
            189.43018239848354,
            129.12420654467513,
            46.99170490014123,
            0,
            5.867292592504724,
            0,
            0,
            0,
            0,
            0,
            0,
            0,
            0,
            0,
            0
        ],
        [
            -13.292599188460192,
            -45.32457479262364,
            -122.47579197772106,
            -302.7984591109663,
            -260.6154466149885,
            -281.6468585319338,
            -116.79846556134532,
            -150.69171233690264,
            -151.34515251513676,
            -99.60950194115838,
            -123.30862174243482,
            -270.3438176898316,
            111.13320239007516,
            93.9596483897107,
            381.0907529608758,
            478.4630933506061,
            735.5483693193596,
            535.7990242473077,
            569.7970119130401,
            476.7764606431482,
            449.72034988667053,
            484.1986888676226,
            413.0965655591341,
            345.6726631721749,
            213.71927532034633,
            136.8520243090756,
            127.19945408196692,
            162.46391915692865,
            104.43740922577193,
            30.754870059359963,
            -5.867292592504724,
            0,
            0,
            0,
            0,
            0,
            0,
            0,
            0,
            0,
            0,
            0
        ],
        [
            -6.427561410156738,
            -32.73349484755527,
