{
    "bin_ranges": {
        "m3pi_lower_limit": 1.3,
        "m3pi_upper_limit": 1.34,
        "t_lower_limit": 0.1,
        "t_upper_limit": 0.141
    },
    "info": "The dalitz matrix M is computed as sqrt(-Kibble) * (A[1]-A[2])",
    "bin_centers": [
        0.29900000000000004,
        0.33999999999999997,
        0.38,
        0.42000000000000004,
        0.45999999999999996,
        0.5,
        0.54,
        0.5800000000000001,
        0.62,
        0.66,
        0.69,
        0.71,
        0.73,
        0.75,
        0.77,
        0.79,
        0.81,
        0.83,
        0.85,
        0.87,
        0.89,
        0.91,
        0.94,
        0.98,
        1.02,
        1.06,
        1.1,
        1.1400000000000001,
        1.18
    ],
    "real(M)": [
        [
            0,
            0,
            0,
            0,
            0,
            0,
            0,
            0,
            0,
            0,
            0,
            0,
            0,
            0,
            45.42833678166681,
            85.70241110558241,
            113.60743326554028,
            138.11041009270826,
            144.41301851768003,
            151.937618308967,
            156.97369896606983,
            153.60600485407852,
            148.46672331527196,
            124.65867888009228,
            104.05852856454456,
            46.666196881900234,
            0,
            0,
            0
        ],
        [
            0,
            0,
            0,
            0,
            0,
            0,
            0,
            0,
            0,
            -35.26255354897979,
            -48.12924952731203,
            -45.43689252374255,
            -41.81754638426355,
            -36.34303633372837,
            15.137494215224594,
            64.77674971012055,
            88.00872007302138,
            110.17461881002839,
            100.96259031132956,
            100.49328926080837,
            100.05533208609855,
            88.5329319377697,
            78.91186357955957,
            49.882787165688896,
            50.16001772748605,
            38.235216983757276,
            27.304212839390125,
            0,
            0
        ],
        [
            0,
            0,
            0,
            0,
            0,
            0,
            0,
            -6.308388689258424,
            -10.766293889060966,
            -34.37466407011765,
            -40.424393090910094,
            -29.02946085533158,
            -18.563934185546806,
            -6.906496935447926,
            68.18249355963496,
            137.51731829314363,
            168.90961831096266,
            198.23257206573334,
            185.4348480629366,
            184.45252593058333,
            183.55251638547003,
            168.15677056840892,
            155.0939821053361,
            116.11373073520188,
            114.79559897638309,
            96.42372679659039,
            78.63735925928317,
            58.7638977167128,
            0
        ],
        [
            0,
            0,
            0,
            0,
            0,
            -3.4878421758751954,
            -6.112320440482796,
            -26.13068950385817,
            -33.50820146899239,
            -66.21247610732735,
            -74.00499839428893,
            -59.58536822216868,
            -46.79797046085556,
            -32.81769412770861,
            58.93852865321024,
            142.42140320898375,
            179.0430911191979,
            213.04478570571223,
            196.37289874839902,
            194.2368775378112,
            192.4538247931216,
            173.62968129440645,
            157.88616990696067,
            112.15251274021239,
            112.33553608817958,
            93.57719650304395,
            77.7066691461193,
            65.61815845244706,
            0
        ],
        [
            0,
            0,
            0,
            0,
            0,
            -24.99026269076663,
            -31.290430466982468,
            -60.72193778634994,
            -71.77144464541848,
            -113.01508426207533,
            -123.06970540374054,
            -106.57091442811293,
            -92.19885629046169,
            -76.55793106202616,
            29.1703793652669,
            124.58407624028196,
            165.5562441442816,
            203.46023041326117,
            183.380724641648,
            180.19494617366587,
            177.62524641519946,
            155.89079467652118,
            137.9818221568628,
            86.97996018496683,
            89.07305536396133,
            71.05946793907749,
            58.174766726050265,
            53.06839890332683,
            0
        ],
        [
            0,
            0,
            0,
            3.4878421758751954,
            24.99026269076663,
            0,
            1.9200562480903236,
            -25.77092265665186,
            -31.979666764621342,
            -73.7192723138809,
            -81.30393316409582,
            -60.34770265031873,
            -42.18111436729641,
            -22.922747921183728,
            96.91118557485,
            204.37360017229355,
            250.4830151027998,
            292.8164485718906,
            270.4963423846825,
            266.789589464159,
            263.5786871375828,
            239.0234112168872,
            218.0423869109996,
            159.47665737773127,
            157.81247533184572,
            132.30376076589081,
            109.58057668810375,
            89.52638652156745,
            0
        ],
        [
            0,
            0,
            0,
            6.112320440482796,
            31.290430466982468,
            -1.9200562480903236,
            0,
            -31.808856655344407,
            -38.61675230398599,
            -84.88001520471192,
            -92.94664867292298,
            -69.64528036464245,
            -49.5611288680174,
            -28.39146981967547,
            102.67152122084806,
            219.66072376160045,
            269.370527445158,
            314.80261344544977,
            289.95234858399493,
            285.3612198255544,
            281.3270137930413,
            254.28930778731137,
            230.94779264683555,
            167.25084863887503,
            164.49949845478093,
            136.19185258330364,
            110.29474976609464,
            83.78935774935756,
            0
        ],
        [
            0,
            0,
            6.308388689258424,
            26.13068950385817,
            60.72193778634994,
            25.77092265665186,
            31.808856655344407,
            0,
            -4.227282833610529,
            -51.773951342596476,
            -58.51930488979328,
            -32.13452931123033,
            -9.45681670042003,
            14.178352414026463,
            155.6376160735813,
            281.3332491546509,
            334.4381281167109,
            382.6346570313322,
            355.5931181655581,
            350.03170567854795,
            344.88662749347463,
            315.18901300780743,
            288.5818521734614,
            218.2367359577057,
            210.52224628424614,
            174.13586939398374,
            136.41037889456854,
            83.68160344399858,
            0
        ],
        [
            0,
            0,
            10.766293889060966,
            33.50820146899239,
            71.77144464541848,
            31.979666764621342,
            38.61675230398599,
            4.227282833610529,
            0,
            -50.590614443487915,
            -57.42451542319435,
            -29.106601956657023,
            -4.856817739742714,
            20.299650667003494,
            170.03237402478578,
            302.5176056570481,
            357.93349772260314,
            407.91269059464577,
            378.6420325739949,
            371.9107862611428,
            365.5397369004913,
            333.5025965616416,
            304.0985505472435,
            228.84035908205138,
            217.3355980098423,
            175.11997729039044,
            127.51487277744909,
            13.969012247145276,
            0
        ],
        [
            0,
            35.262553548979795,
            34.37466407011765,
            66.21247610732735,
            113.01508426207533,
            73.7192723138809,
            84.88001520471192,
            51.773951342596476,
            50.590614443487915,
            0,
            -5.255817359984164,
            25.628982181922396,
            51.993021096394116,
            79.06187179989664,
            235.99114377776192,
            374.1326394924572,
            431.3210419161386,
            482.36259214341504,
            450.84318622582833,
            442.42643887764086,
            434.0517070182015,
            398.9870299686051,
            364.93065297839047,
            281.71835869062807,
            259.9765417532886,
            202.43496825958226,
            124.9583316725336,
            0,
            0
        ],
        [
            0,
            48.12924952731203,
            40.424393090910094,
            74.00499839428893,
            123.06970540374054,
            81.30393316409582,
            92.94664867292298,
            58.51930488979328,
            57.42451542319435,
            5.255817359984164,
            0,
            31.898585781880154,
            59.04220512685364,
            86.81064260820956,
            247.5610971697144,
            388.51307116868685,
            446.2167313086326,
            497.32759542045534,
            464.1281306125051,
            454.35348992016526,
            444.4679743480286,
            407.4919913269562,
            370.51498598370006,
            283.0809578440866,
            254.7969203180837,
            186.96981263300907,
            74.32178620864197,
            0,
            0
        ],
        [
            0,
            45.43689252374255,
            29.02946085533158,
            59.58536822216868,
            106.57091442811293,
            60.34770265031873,
            69.64528036464245,
            32.13452931123033,
            29.106601956657023,
            -25.628982181922396,
            -31.898585781880154,
            0,
            27.09184587221292,
            54.84579133800579,
            217.29188679919048,
            359.3969651193388,
            417.10318526753514,
            468.0336978555991,
            433.94495002271316,
            423.5298337510642,
            413.0411422976165,
            375.4949002115237,
            337.872971138923,
            250.4360469757935,
            221.10252443158157,
            150.9380236252575,
            0,
            0,
            0
        ],
        [
            0,
            41.81754638426355,
            18.563934185546806,
            46.79797046085556,
            92.19885629046169,
            42.18111436729641,
            49.5611288680174,
            9.45681670042003,
            4.856817739742714,
            -51.993021096394116,
            -59.04220512685364,
            -27.09184587221292,
            0,
            27.775658683042458,
            191.54039263447675,
            334.4272482254206,
            391.9768539895319,
            442.54639688451937,
            407.6540223553992,
            396.57530816887896,
            385.4292887592178,
            347.3536821566107,
            309.00562971286496,
            221.5980782499084,
            190.35019737504368,
            115.26146184700086,
            0,
            0,
            0
        ],
        [
            0,
            36.34303633372837,
            6.906496935447926,
            32.81769412770861,
            76.55793106202616,
            22.922747921183728,
            28.39146981967547,
            -14.178352414026463,
            -20.299650667003494,
            -79.06187179989664,
            -86.81064260820956,
            -54.84579133800579,
            -27.775658683042458,
            0,
            164.64047070984216,
            307.8877702678659,
            365.10282864432764,
            415.12997232956553,
            379.56078926516363,
            367.8530390744225,
            356.07745129363985,
            317.63466800437493,
            278.7122777392137,
            191.84797575440723,
            158.31608557185436,
            73.90463228834344,
            0,
            0,
            0
        ],
        [
            -45.42833678166681,
            -15.137494215224594,
            -68.18249355963496,
            -58.93852865321024,
            -29.1703793652669,
            -96.91118557485,
            -102.67152122084806,
            -155.6376160735813,
            -170.03237402478578,
            -235.99114377776192,
            -247.5610971697144,
            -217.29188679919048,
            -191.54039263447675,
            -164.64047070984216,
            0,
            143.23473690581,
            200.52275349445657,
            250.97822649491133,
            216.66094844630956,
            206.84695671489163,
            197.73647607731763,
            163.25947216575213,
            132.15921923401962,
            62.41746178193938,
            51.73782617165109,
            0,
            0,
            0,
            0
        ],
        [
            -85.70241110558236,
            -64.77674971012055,
            -137.51731829314363,
            -142.42140320898375,
            -124.58407624028196,
            -204.37360017229355,
            -219.66072376160045,
            -281.3332491546509,
            -302.5176056570481,
            -374.1326394924572,
            -388.51307116868685,
            -359.3969651193388,
            -334.4272482254206,
            -307.8877702678659,
            -143.23473690581,
            0,
            57.63499013932714,
            108.77489280813212,
            76.32536072161503,
            68.92016731157574,
            63.00489547327687,
            33.24055744801227,
            11.163873886668048,
            -38.47564715790782,
            -20.553610456844996,
            0,
            0,
            0,
            0
        ],
        [
            -113.60743326554028,
            -88.0087200730214,
            -168.90961831096266,
            -179.0430911191979,
            -165.5562441442816,
            -250.4830151027998,
            -269.370527445158,
            -334.4381281167109,
            -357.93349772260314,
            -431.3210419161386,
            -446.2167313086326,
            -417.10318526753514,
            -391.9768539895319,
            -365.10282864432764,
            -200.52275349445657,
            -57.63499013932714,
            0,
            51.146306856442536,
            19.93858376101628,
            13.820395402711599,
            9.556341818093152,
            -17.300151933296334,
            -34.12516765663126,
            -69.96558324838422,
            -30.421908236432557,
            0,
            0,
            0,
            0
        ],
        [
            -138.11041009270835,
            -110.17461881002808,
            -198.23257206573362,
            -213.04478570571223,
            -203.46023041326123,
            -292.8164485718906,
            -314.80261344544994,
            -382.6346570313323,
            -407.9126905946458,
            -482.36259214341516,
            -497.32759542045545,
            -468.0336978555992,
            -442.5463968845194,
            -415.1299723295656,
            -250.97822649491133,
            -108.77489280813212,
            -51.14630685644254,
            0,
            -29.505645308717508,
            -33.97004934953592,
            -36.16729937888597,
            -59.3785649355381,
            -69.62643648968233,
            -87.01137489784864,
            0,
            0,
            0,
            0,
            0
        ],
        [
            -144.41301851767997,
            -100.96259031132956,
            -185.4348480629366,
            -196.37289874839917,
            -183.380724641648,
            -270.4963423846825,
            -289.95234858399493,
            -355.5931181655581,
            -378.6420325739949,
            -450.84318622582833,
            -464.1281306125051,
            -433.94495002271316,
            -407.6540223553992,
            -379.56078926516363,
            -216.66094844630956,
            -76.32536072161503,
            -19.93858376101628,
            29.505645308717508,
            0,
            -5.221868531928608,
            -8.421028399267573,
            -31.5367094311652,
            -42.38919264738161,
            -53.02239809440654,
            0,
            0,
            0,
            0,
            0
        ],
        [
            -151.9376183089683,
            -100.49328926080837,
            -184.4525259305835,
            -194.2368775378115,
            -180.19494617366595,
            -266.789589464159,
            -285.3612198255545,
            -350.03170567854795,
            -371.9107862611428,
            -442.42643887764086,
            -454.35348992016526,
            -423.5298337510643,
            -396.575308168879,
            -367.8530390744225,
            -206.84695671489166,
            -68.92016731157574,
            -13.820395402711599,
            33.97004934953592,
            5.221868531928608,
            0,
            -3.254420179221783,
            -24.72142423787951,
            -33.153942564092475,
            -17.386432868792173,
            0,
            0,
            0,
            0,
            0
        ],
        [
            -156.97369896606983,
            -100.05533208609856,
            -183.55251638547,
            -192.4538247931217,
            -177.62524641519946,
            -263.5786871375828,
            -281.3270137930413,
            -344.88662749347463,
            -365.5397369004913,
            -434.0517070182015,
            -444.4679743480286,
            -413.0411422976165,
            -385.4292887592178,
            -356.07745129363985,
            -197.73647607731763,
            -63.00489547327687,
            -9.556341818093152,
            36.16729937888597,
            8.421028399267573,
            3.254420179221783,
            0,
            -19.248926104445914,
            -23.879051576401213,
            0,
            0,
            0,
            0,
            0,
            0
        ],
        [
            -153.60600485407844,
            -88.5329319377697,
            -168.1567705684091,
            -173.62968129440645,
            -155.89079467652118,
            -239.0234112168872,
            -254.28930778731137,
            -315.18901300780743,
            -333.5025965616416,
            -398.9870299686051,
            -407.4919913269563,
            -375.4949002115237,
            -347.3536821566107,
            -317.63466800437493,
            -163.25947216575213,
            -33.24055744801227,
            17.300151933296334,
            59.3785649355381,
            31.5367094311652,
            24.72142423787951,
            19.248926104445914,
            0,
            -5.167361730553473,
            0,
            0,
            0,
            0,
            0,
            0
        ],
        [
            -148.46672331527202,
            -78.91186357955957,
            -155.09398210533632,
            -157.88616990696082,
            -137.9818221568628,
            -218.0423869109996,
            -230.94779264683555,
            -288.5818521734614,
            -304.0985505472435,
            -364.93065297839047,
            -370.51498598370006,
            -337.872971138923,
            -309.00562971286496,
            -278.7122777392137,
            -132.15921923401962,
            -11.163873886668048,
            34.12516765663126,
            69.62643648968233,
            42.38919264738161,
            33.15394256409248,
            23.879051576401213,
            5.167361730553473,
            0,
            0,
            0,
            0,
            0,
            0,
            0
        ],
        [
            -124.6586788800924,
            -49.88278716568888,
            -116.11373073520194,
            -112.15251274021243,
            -86.97996018496683,
            -159.47665737773127,
            -167.25084863887503,
            -218.2367359577057,
            -228.8403590820514,
            -281.718358690628,
            -283.0809578440865,
            -250.4360469757935,
            -221.5980782499084,
            -191.84797575440723,
            -62.41746178193938,
            38.47564715790782,
            69.96558324838422,
            87.01137489784864,
            53.02239809440652,
            17.38643286879237,
            0,
            0,
            0,
            0,
            0,
            0,
            0,
            0,
            0
        ],
        [
            -104.0585285645446,
            -50.160017727486064,
            -114.79559897638322,
            -112.33553608817958,
            -89.07305536396133,
            -157.81247533184572,
            -164.49949845478096,
            -210.5222462842461,
            -217.33559800984222,
            -259.97654175328864,
            -254.7969203180837,
            -221.10252443158157,
            -190.35019737504368,
            -158.31608557185433,
            -51.73782617165109,
            20.553610456844996,
            30.421908236432557,
            0,
            0,
            0,
            0,
            0,
            0,
            0,
            0,
            0,
            0,
            0,
            0
        ],
        [
            -46.666196881900234,
            -38.235216983757255,
            -96.42372679659037,
            -93.57719650304396,
            -71.05946793907749,
            -132.30376076589081,
            -136.19185258330364,
            -174.1358693939838,
            -175.11997729039044,
            -202.43496825958223,
            -186.96981263300907,
            -150.93802362525747,
            -115.26146184700086,
            -73.90463228834346,
            0,
            0,
            0,
            0,
            0,
            0,
            0,
            0,
            0,
            0,
            0,
            0,
            0,
            0,
            0
        ],
        [
            0,
            -27.3042128393901,
            -78.63735925928319,
            -77.70666914611931,
            -58.174766726050265,
            -109.58057668810376,
            -110.29474976609472,
            -136.4103788945685,
            -127.51487277744911,
            -124.95833167253346,
            -74.3217862086417,
            0,
            0,
            0,
            0,
            0,
            0,
            0,
            0,
            0,
            0,
            0,
            0,
            0,
            0,
            0,
            0,
            0,
            0
        ],
        [
            0,
            0,
            -58.76389771671297,
            -65.61815845244706,
            -53.06839890332681,
            -89.5263865215674,
            -83.7893577493576,
            -83.6816034439986,
            -13.96901224714546,
            0,
            0,
            0,
            0,
            0,
            0,
            0,
            0,
            0,
            0,
            0,
            0,
            0,
            0,
            0,
            0,
            0,
            0,
            0,
            0
        ],
        [
            0,
            0,
            0,
            0,
            0,
            0,
            0,
            0,
            0,
            0,
            0,
            0,
            0,
            0,
            0,
            0,
            0,
            0,
            0,
            0,
            0,
            0,
            0,
            0,
            0,
            0,
            0,
            0,
            0
        ]
    ],
    "imag(M)": [
        [
            0,
            0,
            0,
            0,
            0,
            0,
            0,
            0,
            0,
            0,
            0,
            0,
            0,
            0,
            -31.465070150621997,
            -42.08995420149717,
            -40.346532211595125,
            -29.796615161883995,
            -27.51590396447004,
            -22.575344289770864,
            -9.219740631667827,
            -4.898632091284395,
            4.425206008062564,
            13.249302124032695,
            8.06222455493955,
            1.9115502649452873,
            0,
            0,
            0
        ],
        [
            0,
            0,
            0,
            0,
            0,
            0,
            0,
            0,
            0,
            -14.006010099461243,
            -44.58709916578348,
            -82.95515447803115,
            -121.73929381308261,
            -141.4636729792864,
            -135.77936225432592,
            -129.6145030458908,
            -109.33275153247712,
            -79.34260866121078,
            -71.55612617333409,
            -60.354813073245154,
            -34.82919827472198,
            -26.82968438199533,
            -9.860889618856204,
            7.534129448390475,
            1.0232102168479398,
            -6.410365840443132,
            11.531024733123747,
            0,
            0
        ],
        [
            0,
            0,
            0,
            0,
            0,
            0,
            0,
            -6.245820727137976,
            -26.136651852091163,
            -56.14142669955271,
            -105.41014358726711,
            -162.22000599479105,
            -215.86431104334824,
            -239.91952560463798,
            -228.31378876188217,
            -217.3777163967964,
            -188.19928503592126,
            -147.06609098171148,
            -136.38548817405365,
            -121.40537569914223,
            -87.77816160005221,
            -77.25708640250129,
            -54.80817173925116,
            -30.965521129210433,
            -37.31076974806469,
            -43.9473732471666,
            -11.59930850423562,
            -12.77817195230125,
            0
        ],
        [
            0,
            0,
            0,
            0,
            0,
            -6.5216467549501616,
            -4.651852565755175,
            -10.536522808215198,
            -37.24544421808196,
            -74.39475026155195,
            -135.45434776056348,
            -205.36425364559406,
            -269.91988219103155,
            -296.90078676484524,
            -280.05298926424916,
            -264.6838810114659,
            -227.6860924029111,
            -176.878044922585,
            -163.29618439018725,
            -144.78505751433198,
            -104.19938307347049,
            -91.43334242583406,
            -64.53701421088618,
            -36.1655332371806,
            -43.89676251066789,
            -52.374432209742146,
            -13.819321623276775,
            -16.998858673303307,
            0
        ],
        [
            0,
            0,
            0,
            0,
            0,
            -6.47665860382908,
            4.2225582838125595,
            -0.6691566707444156,
            -31.372136939606886,
            -73.35377249654822,
            -143.6195072231703,
            -224.22918654013156,
            -297.7808332644514,
            -327.04647604837356,
            -305.5125953788542,
            -286.11991028681143,
            -242.19158798735245,
            -182.87373083641455,
            -166.62054762320903,
            -144.94452334692252,
            -98.33113995018745,
            -83.63310751024365,
            -53.07837057949006,
            -21.37025229017158,
            -31.061398377677957,
            -42.209577492631304,
            -1.0228269297436803,
            -8.621700071125082,
            0
        ],
        [
            0,
            0,
            0,
            6.5216467549501616,
            6.47665860382908,
            0,
            15.778575947321256,
            11.261441113673007,
            -23.147691701951967,
            -69.61141296039948,
            -148.07967191967455,
            -238.14053314129353,
            -319.67087820054167,
            -351.0453372583674,
            -325.5013777137827,
            -302.6434424604412,
            -252.69535005184102,
            -185.98253701724207,
            -167.41109667053223,
            -142.98993829946502,
            -91.18469713466271,
            -74.83580406838337,
            -41.19593719970955,
            -6.7859759866274505,
            -18.180312648135306,
            -31.48710853514592,
            11.10206476682277,
            -0.18519896531219415,
            0
        ],
        [
            0,
            0,
            0,
            4.651852565755175,
            -4.2225582838125595,
            -15.778575947321256,
            0,
            -7.710563600579141,
            -48.398442481127134,
            -101.44584303186825,
            -188.83921186227195,
            -288.21557764534407,
            -377.6475160489466,
            -411.64042468563883,
            -383.2261463074748,
            -357.85665437600846,
            -303.0602840200855,
            -230.21370384075863,
            -209.7994951527064,
            -183.0481373976881,
            -126.72046899948056,
            -108.7398869116931,
            -71.89023499183808,
            -33.85362802723261,
            -44.25521407602766,
            -55.54181689866094,
            -7.347725056952047,
            -12.761769331465244,
            0
        ],
        [
            0,
            0,
            6.245820727137976,
            10.536522808215198,
            0.6691566707444156,
            -11.261441113673007,
            7.710563600579141,
            0,
            -43.78664683572064,
            -100.54541694468504,
            -194.4053537940008,
            -301.1044170350668,
            -396.6547696357954,
            -432.1949274436603,
            -400.6216028835901,
            -372.4882732844631,
            -313.0199488413663,
            -234.53850293846406,
            -212.26258199778135,
            -183.35552600713248,
            -123.20512342767732,
            -103.93804928269908,
            -64.84011133747748,
            -24.974493359585164,
            -36.13763700502784,
            -47.94821524545272,
            -0.2943943906300448,
            -6.507143377209232,
            0
        ],
        [
            0,
            0,
            26.136651852091163,
            37.24544421808196,
            31.372136939606886,
            23.147691701951967,
            48.398442481127134,
            43.78664683572064,
            0,
            -57.65874352036128,
            -155.60073066580787,
            -267.69343733118916,
            -367.63563279532895,
            -403.70395292978657,
            -368.7513700948799,
            -337.7026415788806,
            -273.87845258311614,
            -190.44826991031093,
            -166.50814323259345,
            -135.88252427547505,
            -72.94065195239229,
            -53.098654936371844,
            -13.395252836281092,
            25.307187048015276,
            10.067787136964752,
            -7.029278437665143,
            29.62895827063648,
            1.9078829849465453,
            0
        ],
        [
            0,
            14.006010099461246,
            56.14142669955271,
            74.39475026155195,
            73.35377249654822,
            69.61141296039948,
            101.44584303186825,
            100.54541694468504,
            57.65874352036128,
            0,
            -100.88763710492559,
            -217.17643567237508,
            -320.436211965381,
            -356.6057938910749,
            -318.6024367502239,
            -284.9698574603032,
            -217.5416620763078,
            -130.23550970443026,
            -105.1065970757919,
            -73.40777247632586,
            -8.873237282091267,
            10.787681058396934,
            49.527956550182154,
            84.48370682958847,
            62.75822574578886,
            36.85710678485593,
            50.791500727781326,
            0,
            0
        ],
        [
            0,
            44.58709916578348,
            105.41014358726711,
            135.45434776056348,
            143.6195072231703,
            148.07967191967455,
            188.83921186227195,
            194.4053537940008,
            155.60073066580787,
            100.88763710492559,
            0,
            -117.814911595407,
            -222.15279981876424,
            -257.5716216074903,
            -217.12801050486567,
            -181.56868956381095,
            -111.91754885031318,
            -22.600286044654023,
            2.748018282912283,
            34.24027590660876,
            98.31548228155056,
            116.23987129562403,
            150.95800436229447,
            176.97601935405856,
            142.19103762701576,
            96.67661257041058,
            55.26917543279138,
            0,
            0
        ],
        [
            0,
            82.95515447803115,
            162.22000599479105,
            205.36425364559406,
            224.22918654013156,
            238.14053314129353,
            288.21557764534407,
            301.1044170350668,
            267.69343733118916,
            217.17643567237508,
            117.814911595407,
            0,
            -104.20769097550438,
            -138.63913550001257,
            -96.49820489176938,
            -59.747953244313464,
            10.963631935779913,
            100.88927197144731,
            125.66162285671983,
            156.00151561594765,
            218.28767795264943,
            233.44967281272437,
            262.26628054174404,
            276.2597772566952,
            224.01547807161694,
            150.21690458990176,
            0,
            0,
            0
        ],
        [
            0,
            121.73929381308261,
            215.86431104334824,
            269.91988219103155,
            297.7808332644514,
            319.67087820054167,
            377.6475160489466,
            396.6547696357954,
            367.63563279532895,
            320.436211965381,
            222.15279981876424,
            104.20769097550438,
            0,
            -33.73213824016736,
            9.619657423481902,
            47.0979523722284,
            118.30019254418558,
            208.1822527379457,
            231.9345114878189,
            260.64080283573537,
            320.4829271146043,
            332.3774398003177,
            354.3575904027824,
            354.6749510396289,
            282.4855605602919,
            172.4114828054386,
            0,
            0,
            0
        ],
        [
            0,
            141.4636729792864,
            239.91952560463798,
            296.90078676484524,
            327.04647604837356,
            351.0453372583674,
            411.64042468563883,
            432.1949274436603,
            403.70395292978657,
            356.6057938910749,
            257.5716216074903,
            138.63913550001257,
            33.73213824016736,
            0,
            43.829386550870204,
            81.51499140882547,
            152.77463243381098,
            242.3090542039161,
            265.19755155621505,
            292.64804787165235,
            350.5239114581725,
            360.1160895627415,
            377.21844542024013,
            367.66730233499555,
            280.98540738352057,
            133.7515337589635,
            0,
            0,
            0
        ],
        [
            31.465070150621997,
            135.77936225432592,
            228.31378876188217,
            280.05298926424916,
            305.5125953788542,
            325.5013777137827,
            383.2261463074748,
            400.6216028835901,
            368.7513700948799,
            318.6024367502239,
            217.12801050486567,
            96.49820489176938,
            -9.619657423481902,
            -43.829386550870204,
            0,
            37.68167483682078,
            108.92491100758583,
            198.22515754400314,
            220.91700551542945,
            248.08510783657758,
            305.1522765081727,
            314.2266966886024,
            329.9111792017716,
            317.02255623000747,
            225.29951534286346,
            0,
            0,
            0,
            0
        ],
        [
            42.08995420149714,
            129.6145030458908,
            217.3777163967964,
            264.6838810114659,
            286.11991028681143,
            302.6434424604412,
            357.85665437600846,
            372.4882732844631,
            337.7026415788806,
            284.9698574603032,
            181.56868956381095,
            59.747953244313464,
            -47.0979523722284,
            -81.51499140882547,
            -37.68167483682078,
            0,
            71.06998092765302,
            159.84520210981032,
            182.2848457233701,
            209.0452910133896,
            264.92576481332117,
            273.28638831936445,
            286.9897808714866,
            269.31853597154003,
            168.35724923434876,
            0,
            0,
            0,
            0
        ],
        [
            40.346532211595125,
            109.33275153247713,
            188.19928503592126,
            227.6860924029111,
            242.19158798735245,
            252.69535005184102,
            303.0602840200855,
            313.0199488413663,
            273.87845258311614,
            217.5416620763078,
            111.91754885031318,
            -10.963631935779913,
            -118.30019254418558,
            -152.77463243381098,
            -108.92491100758583,
            -71.06998092765302,
            0,
            88.46753012954596,
            111.34387599945998,
            138.54948176252543,
            194.08519048950288,
            203.0959455706169,
            217.2827426210895,
            199.10991776703872,
            90.19243688326904,
            0,
            0,
            0,
            0
        ],
        [
            29.79661516188401,
            79.34260866121055,
            147.0660909817117,
            176.878044922585,
            182.8737308364146,
            185.98253701724207,
            230.21370384075874,
            234.53850293846412,
            190.44826991031096,
            130.23550970443029,
            22.60028604465403,
            -100.88927197144733,
            -208.18225273794576,
            -242.30905420391616,
            -198.22515754400314,
            -159.84520210981032,
            -88.46753012954599,
            0,
            24.095061727465616,
            52.66215847452652,
            108.70132455814951,
            119.75532040830255,
            136.9079519110293,
            122.47929542631249,
            0,
            0,
            0,
            0,
            0
        ],
        [
            27.51590396447003,
            71.55612617333409,
            136.38548817405365,
            163.29618439018736,
            166.62054762320903,
            167.41109667053223,
            209.7994951527064,
            212.26258199778135,
            166.50814323259345,
            105.1065970757919,
            -2.748018282912283,
            -125.66162285671983,
            -231.9345114878189,
            -265.19755155621505,
            -220.91700551542945,
            -182.2848457233701,
            -111.34387599945998,
            -24.095061727465616,
            0,
            28.25323218322998,
            82.3191461791617,
            92.70845218252269,
            107.06370370533067,
            81.95198055412881,
            0,
            0,
            0,
            0,
            0
