{
    "bin_ranges": {
        "m3pi_lower_limit": 1.3399999999999999,
        "m3pi_upper_limit": 1.38,
        "t_lower_limit": 0.1,
        "t_upper_limit": 0.141
    },
    "info": "The dalitz matrix M is computed as sqrt(-Kibble) * (A[1]-A[2])",
    "bin_centers": [
        0.29900000000000004,
        0.33999999999999997,
        0.38,
        0.42000000000000004,
        0.45999999999999996,
        0.5,
        0.54,
        0.5800000000000001,
        0.62,
        0.66,
        0.69,
        0.71,
        0.73,
        0.75,
        0.77,
        0.79,
        0.81,
        0.83,
        0.85,
        0.87,
        0.89,
        0.91,
        0.94,
        0.98,
        1.02,
        1.06,
        1.1,
        1.1400000000000001,
        1.18,
        1.22
    ],
    "real(M)": [
        [
            0,
            0,
            0,
            0,
            0,
            0,
            0,
            0,
            0,
            0,
            0,
            0,
            0,
            0,
            0,
            34.90161818897077,
            61.51346884078715,
            81.23423687395426,
            98.7074155259839,
            97.52205373511477,
            106.05021829159945,
            108.33532121414277,
            111.26997134990857,
            95.64382211301056,
            76.43044734157262,
            62.55115706649917,
            15.491982470765075,
            0,
            0,
            0
        ],
        [
            0,
            0,
            0,
            0,
            0,
            0,
            0,
            0,
            0,
            -28.92784158383231,
            -46.706954130480426,
            -63.80448478904884,
            -57.387643655118076,
            -28.1726220994395,
            14.471013480966171,
            57.4540605378318,
            78.35965953411149,
            93.12415344740977,
            108.51141156729047,
            89.95434532510197,
            95.72939374530078,
            92.57434548500943,
            92.13064403908382,
            65.03232964611256,
            41.24608177436789,
            43.3218112843807,
            41.987439574813905,
            20.033271335831667,
            0,
            0
        ],
        [
            0,
            0,
            0,
            0,
            0,
            0,
            0,
            -11.354764235055026,
            -32.78864287627905,
            -56.7502874576328,
            -65.50382456284485,
            -84.55484086188449,
            -66.87215070880156,
            -18.360559196740834,
            45.52974759693731,
            106.45333764140145,
            134.5823235919262,
            153.72775003093633,
            173.4854816497847,
            147.82685341182778,
            154.9376117073922,
            150.32258563536195,
            149.2458182896652,
            113.38833886610249,
            81.76962051475756,
            83.9826201440999,
            82.17773630817759,
            51.365848445605124,
            13.505279462021548,
            0
        ],
        [
            0,
            0,
            0,
            0,
            0,
            0,
            -12.584412933665421,
            -30.81609754960731,
            -58.10451279450202,
            -87.11777129166342,
            -96.10496188012037,
            -119.43899643668716,
            -95.6274229939788,
            -33.98835173087234,
            45.335190729947556,
            119.64035416415317,
            152.87037460268772,
            174.95832820552502,
            197.75710046783405,
            165.81255805145014,
            173.63667562574756,
            167.52668641829675,
            165.68001777940242,
            122.73870569706021,
            85.49154994353226,
            89.2288418092502,
            89.19468796443444,
            55.18190011741581,
            12.409684042124685,
            0
        ],
        [
            0,
            0,
            0,
            0,
            0,
            -0.19914979051353926,
            -6.987728991960318,
            -25.85713485881442,
            -55.441266027222404,
            -86.3634574681029,
            -94.05182156947883,
            -120.01185750857117,
            -90.15562471476365,
            -16.503230674089103,
            76.85466894421235,
            163.45060651109483,
            201.80844914173704,
            227.0608111536947,
            252.987886343832,
            216.0043584360501,
            224.68999958277502,
            217.40547996809778,
            214.79690806183146,
            165.1707052058645,
            121.89821107130702,
            124.75504809762744,
            122.81057277109952,
            81.48125880199312,
            28.194191223658738,
            0
        ],
        [
            0,
            0,
            0,
            0,
            0.19914979051353926,
            0,
            -8.525762943422057,
            -30.833721707805918,
            -64.7084711497217,
            -99.26095949832235,
            -107.10420572427702,
            -136.10147689671447,
            -101.64702195248778,
            -18.0698194528395,
            87.082861379075,
            184.01590410818827,
            226.46896750487653,
            254.1292307313692,
            282.46481738323706,
            240.78087162182544,
            249.97250107975592,
            241.4650197535126,
            237.98351089144134,
            182.56065262504293,
            134.44722683080147,
            137.06912837421433,
            134.27734186618693,
            88.51044732435206,
            30.16386789976734,
            0
        ],
        [
            0,
            0,
            0,
            12.584412933665421,
            6.987728991960318,
            8.525762943422057,
            0,
            -24.057974394302914,
            -60.662520167370616,
            -97.54020431160714,
            -104.94350940172939,
            -136.26740390418448,
            -97.41548304455398,
            -4.754119997850077,
            111.0960086743865,
            217.37849410922036,
            263.6060503723444,
            293.48975075148013,
            323.97966205063585,
            278.177189405772,
            287.7390303966047,
            278.03799833995845,
            273.468768364789,
            212.4565356071924,
            159.36831517996492,
            160.31169338656375,
            154.54949693052882,
            102.41348888356333,
            36.70200372555711,
            0
        ],
        [
            0,
            0,
            11.354764235055026,
            30.81609754960731,
            25.85713485881442,
            30.833721707805918,
            24.057974394302914,
            0,
            -37.672659912090076,
            -75.43626699109265,
            -81.67205636328787,
            -114.58038521373302,
            -71.40887259584365,
            29.64988430570242,
            155.23293871002244,
            269.9570337137262,
            319.6365083747799,
            351.5241967853584,
            383.8588297582201,
            334.4101284067473,
            344.1038942944219,
            333.1080141950384,
            326.99610496892717,
            260.1800675973832,
            201.42305812101966,
            198.4354791231092,
            186.3744413815006,
            124.07342809520352,
            44.62479489388021,
            0
        ],
        [
            0,
            0,
            32.78864287627905,
            58.10451279450202,
            55.441266027222404,
            64.7084711497217,
            60.662520167370616,
            37.672659912090076,
            0,
            -37.719428305562786,
            -42.38541821248011,
            -76.35646606825495,
            -29.115075845643524,
            79.50009654959051,
            213.69244833219207,
            335.77711920044607,
            388.39999036574375,
            421.88822493380223,
            455.57742880126455,
            402.7928283528679,
            412.21640814824286,
            399.6719313071326,
            391.33794944822114,
            318.25449066501005,
            252.8911513690742,
            243.32126303989858,
            220.9100730476112,
            143.06550723496332,
            31.537086018305462,
            0
        ],
        [
            0,
            28.9278415838323,
            56.7502874576328,
            87.11777129166342,
            86.3634574681029,
            99.26095949832235,
            97.54020431160714,
            75.43626699109265,
            37.719428305562786,
            0,
            -3.3359569094044255,
            -38.239238771082974,
            12.46236628632916,
            127.44922285573509,
            268.7951556322762,
            396.84515202298417,
            451.62982918607815,
            486.07763944285034,
            520.4241920844358,
            464.48950754719476,
            473.12028139038273,
            458.70695117105976,
            447.4389488131724,
            367.80860405092056,
            295.2852100366853,
            276.8537182285923,
            240.12671366813066,
            139.37344434530007,
            0,
            0
        ],
        [
            0,
            46.706954130480426,
            65.50382456284485,
            96.10496188012037,
            94.05182156947883,
            107.10420572427702,
            104.94350940172939,
            81.67205636328787,
            42.38541821248011,
            3.3359569094044255,
            0,
            -36.00422932711629,
            16.445767126705295,
            135.02563470368534,
            280.4173831429776,
            411.71804500567015,
            467.3862720168485,
            501.98143372983094,
            536.2815605740354,
            478.14738397101485,
            485.9320065351127,
            470.1015524190064,
            456.63315191339984,
            372.9919269913923,
            296.37544716337186,
            271.9550693883677,
            224.4589824517991,
            100.48747969531159,
            0,
            0
        ],
        [
            0,
            63.80448478904884,
            84.55484086188449,
            119.43899643668716,
            120.01185750857117,
            136.10147689671447,
            136.26740390418448,
            114.58038521373302,
            76.35646606825495,
            38.239238771082974,
            36.00422932711629,
            0,
            54.01990476747637,
            175.11528730330224,
            323.1359692220811,
            456.4558274542549,
            512.676346213897,
            547.2757810714648,
            581.3171514549092,
            521.6882197505228,
            528.4940400289182,
            511.2369989103896,
            495.19472756337643,
            407.0068147605039,
            324.72163802763015,
            291.17125967677265,
            227.46836962868412,
            47.491704229460765,
            0,
            0
        ],
        [
            0,
            57.387643655118076,
            66.87215070880156,
            95.6274229939788,
            90.15562471476365,
            101.64702195248778,
            97.41548304455398,
            71.40887259584365,
            29.115075845643524,
            -12.46236628632916,
            -16.445767126705295,
            -54.01990476747637,
            0,
            122.08909379807118,
            271.35787924673593,
            405.5642335112282,
            461.63280382697724,
            495.84062591232447,
            529.495427856432,
            468.826362736788,
            475.2233344107722,
            457.53845026711883,
            441.1094259612616,
            353.20619343198786,
            272.4650385419425,
            239.73645457251777,
            173.81251928907724,
            0,
            0,
            0
        ],
        [
            0,
            28.172622099439504,
            18.360559196740834,
            33.98835173087234,
            16.503230674089103,
            18.0698194528395,
            4.754119997850077,
            -29.64988430570242,
            -79.50009654959051,
            -127.44922285573509,
            -135.02563470368534,
            -175.11528730330224,
            -122.08909379807118,
            0,
            149.61848870202246,
            284.0192794818973,
            339.6394943412296,
            373.4276741293192,
            406.892078368283,
            345.9371629628084,
            352.7382147928739,
            335.8304309827983,
            321.4316409799112,
            238.86501271193964,
            167.08318861692436,
            145.56990417713286,
            93.12994601191804,
            0,
            0,
            0
        ],
        [
            0,
            -14.471013480966171,
            -45.52974759693731,
            -45.335190729947556,
            -76.85466894421235,
            -87.082861379075,
            -111.0960086743865,
            -155.23293871002244,
            -213.69244833219207,
            -268.7951556322762,
            -280.4173831429776,
            -323.1359692220811,
            -271.35787924673593,
            -149.61848870202246,
            0,
            134.35778376285072,
            189.60047825931323,
            223.20833957412108,
            256.8366037832987,
            196.41622153055653,
            204.36393072295795,
            189.2468740217376,
            178.7477995077604,
            105.3614814740206,
            48.16870246074351,
            46.05127975511207,
            22.139909076453307,
            0,
            0,
            0
        ],
        [
            -34.90161818897077,
            -57.4540605378318,
            -106.45333764140145,
            -119.64035416415317,
            -163.45060651109483,
            -184.01590410818827,
            -217.37849410922036,
            -269.9570337137262,
            -335.77711920044607,
            -396.84515202298417,
            -411.71804500567015,
            -456.4558274542549,
            -405.5642335112282,
            -284.0192794818973,
            -134.35778376285072,
            0,
            55.11037330372951,
            88.82917388684615,
            122.89190641604415,
            63.62491427047081,
            73.08684464945853,
            60.23965650414534,
            54.356351797911714,
            -8.232065673901868,
            -48.342579644421924,
            -26.77345682269179,
            0,
            0,
            0,
            0
        ],
        [
            -61.51346884078723,
            -78.35965953411149,
            -134.5823235919262,
            -152.87037460268772,
            -201.80844914173704,
            -226.46896750487653,
            -263.6060503723444,
            -319.6365083747799,
            -388.39999036574375,
            -451.62982918607815,
            -467.3862720168485,
            -512.676346213897,
            -461.63280382697724,
            -339.6394943412296,
            -189.60047825931323,
            -55.11037330372951,
            0,
            33.77844119804475,
            67.94832951070153,
            9.608883846438431,
            19.7795750999802,
            8.176741213861535,
            4.623268726694793,
            -51.201939899574626,
            -80.01173995984527,
            -42.6345454211503,
            0,
            0,
            0,
            0
        ],
        [
            -81.23423687395426,
            -93.12415344740977,
            -153.72775003093633,
            -174.95832820552502,
            -227.0608111536947,
            -254.12923073136926,
            -293.4897507514803,
            -351.5241967853585,
            -421.88822493380235,
            -486.07763944285045,
            -501.9814337298308,
            -547.2757810714648,
            -495.84062591232447,
            -373.4276741293192,
            -223.20833957412108,
            -88.82917388684615,
            -33.778441198044746,
            0,
            34.13250860587966,
            -23.075582332059717,
            -12.368261028439791,
            -22.852368678967984,
            -24.472961739686397,
            -73.69023652130356,
            -90.7536960284564,
            -30.314879973551022,
            0,
            0,
            0,
            0
        ],
        [
            -98.7074155259839,
            -108.5114115672905,
            -173.4854816497847,
            -197.75710046783405,
            -252.987886343832,
            -282.46481738323706,
            -323.97966205063585,
            -383.8588297582201,
            -455.57742880126455,
            -520.4241920844358,
            -536.2815605740354,
            -581.3171514549092,
            -529.495427856432,
            -406.892078368283,
            -256.8366037832987,
            -122.89190641604415,
            -67.94832951070153,
            -34.13250860587966,
            0,
            -55.54862902356778,
            -44.07454136003124,
            -53.02192190705389,
            -52.01212427237378,
            -92.41453199174434,
            -92.52015508335575,
            0,
            0,
            0,
            0,
            0
        ],
        [
            -97.52205373511477,
            -89.95434532510195,
            -147.82685341182778,
            -165.81255805145014,
            -216.00435843605007,
            -240.78087162182536,
            -278.17718940577197,
            -334.4101284067474,
            -402.79282835286784,
            -464.48950754719476,
            -478.14738397101473,
            -521.6882197505228,
            -468.826362736788,
            -345.9371629628083,
            -196.41622153055653,
            -63.62491427047081,
            -9.608883846438431,
            23.075582332059717,
            55.54862902356778,
            0,
            9.622217732973896,
            -0.9199541871150723,
            -3.5754513546042186,
            -46.42314930583599,
            -45.42226316721634,
            0,
            0,
            0,
            0,
            0
        ],
        [
            -106.05021829159945,
            -95.72939374530075,
            -154.9376117073923,
            -173.63667562574764,
            -224.68999958277502,
            -249.97250107975592,
            -287.7390303966047,
            -344.1038942944219,
            -412.21640814824286,
            -473.12028139038273,
            -485.9320065351127,
            -528.4940400289182,
            -475.2233344107722,
            -352.7382147928739,
            -204.36393072295795,
            -73.08684464945853,
            -19.7795750999802,
            12.368261028439791,
            44.07454136003124,
            -9.622217732973896,
            0,
            -9.605212440204019,
            -11.059862746067086,
            -45.18658198111765,
            0,
            0,
            0,
            0,
            0,
            0
        ],
        [
            -108.33532121414281,
            -92.57434548500942,
            -150.32258563536195,
            -167.52668641829683,
            -217.40547996809778,
            -241.4650197535126,
            -278.03799833995845,
            -333.1080141950384,
            -399.6719313071326,
            -458.70695117105976,
            -470.1015524190064,
            -511.2369989103896,
            -457.53845026711883,
            -335.8304309827983,
            -189.2468740217376,
            -60.23965650414534,
            -8.176741213861535,
            22.852368678967984,
            53.02192190705389,
            0.919954187115072,
            9.605212440204019,
            0,
            -2.273805273801112,
            -29.13584331196028,
            0,
            0,
            0,
            0,
            0,
            0
        ],
        [
            -111.26997134990853,
            -92.13064403908382,
            -149.2458182896652,
            -165.68001777940245,
            -214.79690806183146,
            -237.98351089144134,
            -273.468768364789,
            -326.99610496892717,
            -391.33794944822114,
            -447.4389488131724,
            -456.63315191339984,
            -495.19472756337643,
            -441.1094259612616,
            -321.4316409799112,
            -178.7477995077604,
            -54.356351797911714,
            -4.623268726694793,
            24.472961739686397,
            52.01212427237378,
            3.5754513546042186,
            11.059862746067086,
            2.273805273801112,
            0,
            0,
            0,
            0,
            0,
            0,
            0,
            0
        ],
        [
            -95.64382211301056,
            -65.03232964611254,
            -113.38833886610249,
            -122.73870569706027,
            -165.1707052058645,
            -182.56065262504293,
            -212.4565356071924,
            -260.1800675973832,
            -318.25449066501005,
            -367.80860405092056,
            -372.9919269913923,
            -407.0068147605039,
            -353.20619343198786,
            -238.86501271193964,
            -105.3614814740206,
            8.232065673901868,
            51.201939899574626,
            73.69023652130355,
            92.41453199174434,
            46.42314930583596,
            45.18658198111765,
            29.135843311960286,
            0,
            0,
            0,
            0,
            0,
            0,
            0,
            0
        ],
        [
            -76.43044734157259,
            -41.24608177436789,
            -81.76962051475756,
            -85.49154994353226,
            -121.89821107130705,
            -134.44722683080147,
            -159.36831517996492,
            -201.42305812101966,
            -252.8911513690742,
            -295.2852100366853,
            -296.37544716337186,
            -324.72163802763015,
            -272.4650385419425,
            -167.08318861692436,
            -48.1687024607435,
            48.34257964442193,
            80.01173995984527,
            90.7536960284564,
            92.52015508335575,
            45.42226316721633,
            0,
            0,
            0,
            0,
            0,
            0,
            0,
            0,
            0,
            0
        ],
        [
            -62.551157066499115,
            -43.32181128438069,
            -83.98262014409994,
            -89.2288418092502,
            -124.75504809762744,
            -137.06912837421433,
            -160.31169338656375,
            -198.4354791231092,
            -243.3212630398986,
            -276.85371822859224,
            -271.9550693883678,
            -291.17125967677265,
            -239.73645457251777,
            -145.56990417713286,
            -46.05127975511207,
            26.77345682269179,
            42.6345454211503,
            30.31487997355097,
            0,
            0,
            0,
            0,
            0,
            0,
            0,
            0,
            0,
            0,
            0,
            0
        ],
        [
            -15.491982470764349,
            -41.98743957481387,
            -82.17773630817757,
            -89.1946879644345,
            -122.81057277109947,
            -134.27734186618693,
            -154.54949693052882,
            -186.3744413815006,
            -220.91007304761123,
            -240.1267136681307,
            -224.4589824517991,
            -227.46836962868412,
            -173.8125192890773,
            -93.129946011918,
            -22.139909076453282,
            0,
            0,
            0,
            0,
            0,
            0,
            0,
            0,
            0,
            0,
            0,
            0,
            0,
            0,
            0
        ],
        [
            0,
            -20.033271335831678,
            -51.365848445605145,
            -55.18190011741587,
            -81.4812588019932,
            -88.51044732435207,
            -102.41348888356336,
            -124.07342809520355,
            -143.06550723496332,
            -139.3734443453001,
            -100.48747969531156,
            -47.49170422946059,
            0,
            0,
            0,
            0,
            0,
            0,
            0,
            0,
            0,
            0,
            0,
            0,
            0,
            0,
            0,
            0,
            0,
            0
        ],
        [
            0,
            0,
            -13.5052794620216,
            -12.409684042124704,
            -28.194191223658763,
            -30.163867899767343,
            -36.702003725557056,
            -44.62479489388022,
            -31.537086018305406,
            0,
            0,
            0,
            0,
            0,
            0,
            0,
            0,
            0,
            0,
            0,
            0,
            0,
            0,
            0,
            0,
            0,
            0,
            0,
            0,
            0
        ],
        [
            0,
            0,
            0,
            0,
            0,
            0,
            0,
            0,
            0,
            0,
            0,
            0,
            0,
            0,
            0,
            0,
            0,
            0,
            0,
            0,
            0,
            0,
            0,
            0,
            0,
            0,
            0,
            0,
            0,
            0
        ]
    ],
    "imag(M)": [
        [
            0,
            0,
            0,
            0,
            0,
            0,
            0,
            0,
            0,
            0,
            0,
            0,
            0,
            0,
            0,
            -20.270247749892373,
            -22.524311596365692,
            -16.827609186533337,
            -13.464358270321492,
            -0.0488879345513834,
            7.4545350661639445,
            10.188456265714635,
            18.8481737383828,
            25.66885677732197,
            23.323968180161653,
            26.277305496527397,
            7.14205658487062,
            0,
            0,
            0
        ],
        [
            0,
            0,
            0,
            0,
            0,
            0,
            0,
            0,
            0,
            -19.043867777217738,
            -52.70780604023223,
            -77.23777366551782,
            -132.83146078352928,
            -174.1139090905651,
            -185.41981479099854,
            -181.58025552939594,
            -163.72847643863753,
            -143.970091011912,
            -136.29389608228223,
            -110.36137888995273,
            -98.14756403718184,
            -95.02225207214705,
            -80.8408367586721,
            -67.38926281390928,
            -65.28620419449861,
            -42.68909193072355,
            -29.80308263070729,
            -13.83838221973038,
            0,
            0
        ],
        [
            0,
            0,
            0,
            0,
            0,
            0,
            0,
            -9.858516504189359,
            -13.815832228279211,
            -47.14326979937231,
            -94.39868771447645,
            -125.96073245031295,
            -204.64892354402835,
            -257.196350028382,
            -265.16141580626805,
            -253.16429499148566,
            -223.56778822063345,
            -193.21276916405984,
            -180.50298660935044,
            -144.16681838115832,
            -126.8947056466899,
            -122.04585139082333,
            -102.82110608570302,
            -85.13204745040349,
            -83.02828157753046,
            -54.49084623316842,
            -39.26392859744907,
            -20.009139110182623,
            -20.97612085801427,
            0
        ],
        [
            0,
            0,
            0,
            0,
            0,
            0,
            2.9009388181890103,
            -19.29427078178678,
            -18.839431773573082,
            -62.21328754237906,
            -121.57058523164736,
            -159.7346890686073,
            -257.14478770891185,
            -319.738061819611,
            -326.2031565718607,
            -308.5184933362568,
            -270.00980862521186,
            -231.3951335380735,
            -214.78820234226504,
            -170.04175564748178,
            -148.66779655532716,
            -142.41780212084893,
            -119.01239672353863,
            -97.73385291293813,
            -95.41233133494902,
            -61.85998734878342,
            -44.454548960771355,
            -22.281563179561132,
            -27.398181006808677,
            0
        ],
        [
            0,
            0,
            0,
            0,
            0,
            -2.0229883950463465,
            13.944544873556245,
            -14.605272209718215,
            -10.72644001286384,
            -61.41390621464896,
            -130.39968153563996,
            -173.9367230714491,
            -287.0173596687296,
            -358.10591659354,
            -363.2551744635841,
            -340.6146400652232,
            -294.32432684846316,
            -248.4509617840118,
            -228.33460014572708,
            -176.20093398126662,
            -151.17940171311847,
            -143.6397016601506,
            -116.59238280447023,
            -92.34025758213282,
            -90.11346058777144,
            -52.990320541551064,
            -34.79424708648398,
            -11.949311276411311,
            -21.86293767384876,
            0
        ],
        [
            0,
            0,
            0,
            0,
            2.0229883950463465,
            0,
            21.289210788458504,
            -13.510626791302064,
            -7.989069619111109,
            -65.90221136143069,
            -143.91095817257585,
            -192.561613794481,
            -319.73773090762194,
            -398.6484553945178,
            -402.97214953826165,
            -376.2443419513828,
            -323.3254513060746,
            -271.23589598547613,
            -248.15356868185643,
            -189.62970345870934,
            -161.4659041084335,
            -152.8080087057302,
            -122.54683174553988,
            -95.53400504052036,
            -92.97912191558757,
            -52.348920464260694,
            -32.77263587149518,
            -8.543343527150178,
            -19.965692062904562,
            0
        ],
        [
            0,
            0,
            0,
            -2.9009388181890103,
            -13.944544873556245,
            -21.289210788458504,
            0,
            -43.77411035181973,
            -40.114329520564674,
            -107.21920546988149,
            -195.0826808047253,
            -249.3961878355042,
            -390.07350992264105,
            -476.8253731026647,
            -481.2174438430499,
            -451.552794415255,
            -393.34144983983134,
            -336.2181928689846,
            -310.8469127914711,
            -246.93171745855906,
            -216.10245581805478,
            -206.40420947309352,
            -172.99704650795374,
            -142.5520589936005,
            -137.8035439267131,
            -91.51951855885034,
            -66.79394237155705,
            -35.81296132451572,
            -37.835770525647476,
            0
        ],
        [
            0,
            0,
            9.858516504189359,
            19.29427078178678,
            14.605272209718215,
            13.510626791302064,
            43.77411035181973,
            0,
            8.832658229872523,
            -60.44444638172989,
            -153.10597118228418,
            -210.06090388152515,
            -360.48890239659613,
            -452.1599702061654,
            -454.8024957837428,
            -420.9552972930812,
            -356.73318939737953,
            -294.08481576984826,
            -265.8374307108086,
            -196.65479000861652,
            -163.2067074639924,
            -152.5746180971713,
            -117.04371415125352,
            -85.68900235277438,
            -82.6546520642322,
            -37.601675495151106,
            -17.310325741347057,
            5.885126402532408,
            -7.926332251031073,
            0
        ],
        [
            0,
            0,
            13.815832228279211,
            18.839431773573082,
            10.72644001286384,
            7.989069619111109,
            40.114329520564674,
            -8.832658229872523,
            0,
            -75.15565311945362,
            -174.62231197863767,
            -235.42440041378788,
            -395.7375407515766,
            -492.8663144878697,
            -494.9821324591835,
            -458.3477132970494,
            -389.6319336962001,
            -322.78483569546285,
            -292.44906373451795,
            -219.03697098292142,
            -183.43089730298485,
            -171.8488087788601,
            -133.96052231750946,
            -100.26607633101428,
            -95.78716800222006,
            -47.97842667657736,
            -25.618386575276975,
            -0.9335649230539218,
            -6.101878947519073,
            0
        ],
        [
            0,
            19.04386777721773,
            47.14326979937231,
            62.21328754237906,
            61.41390621464896,
            65.90221136143069,
            107.21920546988149,
            60.44444638172989,
            75.15565311945362,
            0,
            -102.00214375262149,
            -164.10527216850193,
            -331.0367587465842,
            -431.1201228459041,
            -431.28326738005217,
            -391.02036304594037,
            -317.5267584864851,
            -246.454704096902,
            -213.9206447357718,
            -136.94128977444825,
            -99.77328912328822,
            -87.9098366601718,
            -49.637113553270275,
            -17.58097898855881,
            -17.28793905764207,
            23.886230172221293,
            35.02567965378077,
            38.842953733492806,
            0,
            0
        ],
        [
            0,
            52.70780604023223,
            94.39868771447645,
            121.57058523164736,
            130.39968153563996,
            143.91095817257585,
            195.0826808047253,
            153.10597118228418,
            174.62231197863767,
            102.00214375262149,
            0,
            -61.96951507319155,
            -232.23092143464842,
            -333.3774001639403,
            -331.6278254076585,
            -288.56976637134534,
            -211.778653485061,
            -137.97791433292343,
            -104.14927097215946,
            -25.36512433976208,
            12.177401486956082,
            23.43284478469796,
            60.12307712122206,
            87.56592950105384,
            80.18119626649026,
            108.88772726179793,
            100.27051904463914,
            62.53943302277466,
            0,
            0
        ],
        [
            0,
            77.23777366551782,
            125.96073245031295,
            159.7346890686073,
            173.9367230714491,
            192.561613794481,
            249.3961878355042,
            210.06090388152515,
            235.42440041378788,
            164.10527216850193,
            61.96951507319155,
            0,
            -172.24412519766767,
            -274.033068885671,
            -271.2253345777221,
            -226.63806264260754,
            -148.09068851404265,
            -72.91360399847458,
            -38.53808591456793,
            40.95661194997694,
            78.38803581967065,
            88.96816296104875,
            124.07407982167669,
            147.71253215553133,
            134.4737173652584,
            153.23518807792695,
            128.23308930109815,
            34.98088899667055,
            0,
            0
        ],
        [
            0,
            132.83146078352928,
            204.64892354402835,
            257.14478770891185,
            287.0173596687296,
            319.73773090762194,
            390.07350992264105,
            360.48890239659613,
            395.7375407515766,
            331.0367587465842,
            232.23092143464842,
            172.24412519766767,
            0,
            -100.8759120820451,
            -95.99212311322543,
            -49.27407105884214,
            31.202433475481328,
            107.56780786662507,
            142.0238049748583,
            221.19512948172468,
            257.1415363580827,
            265.2553432182319,
            294.9362545409448,
            307.28892892071303,
            277.19609434723196,
            268.8752014506479,
            198.08055060633748,
            0,
            0,
            0
        ],
        [
            0,
            174.11390909056513,
            257.196350028382,
            319.738061819611,
            358.10591659354,
            398.6484553945178,
            476.8253731026647,
            452.1599702061654,
            492.8663144878697,
            431.1201228459041,
            333.3774001639403,
            274.033068885671,
            100.8759120820451,
            0,
            5.951073820992973,
            53.84602288702881,
            135.3673223992332,
            212.21019252735715,
            246.33547819009738,
            324.80849805279564,
            359.2255146554202,
            365.1393282267967,
            390.1417352038696,
            393.15102133694535,
            349.4090872786223,
            317.45431956376024,
            199.3478063320616,
            0,
            0,
            0
        ],
        [
            0,
            185.41981479099854,
            265.16141580626805,
            326.2031565718607,
            363.2551744635841,
            402.97214953826165,
            481.2174438430499,
            454.8024957837428,
            494.9821324591835,
            431.28326738005217,
            331.6278254076585,
            271.2253345777221,
            95.99212311322543,
            -5.951073820992973,
            0,
            48.16945215367802,
            130.02120600639523,
            206.93504126541725,
            240.77732974092487,
            318.785908492623,
            352.4254934840177,
            357.4096504931597,
            380.4120587716117,
            379.6080806526008,
            330.6227843386482,
            285.925718041111,
            120.54613914829197,
            0,
            0,
            0
        ],
        [
            20.270247749892373,
            181.58025552939594,
            253.16429499148566,
            308.5184933362568,
            340.6146400652232,
            376.2443419513828,
            451.552794415255,
            420.9552972930812,
            458.3477132970494,
            391.02036304594037,
            288.56976637134534,
            226.63806264260754,
            49.27407105884214,
            -53.84602288702881,
            -48.16945215367802,
            0,
            81.92165266140861,
            158.77584018489122,
            192.4790370328963,
            270.13781132429347,
            303.42583354341923,
            308.19889414884625,
            330.55460099581705,
            328.64137298168595,
            278.47324110930833,
            224.71804327020638,
            0,
            0,
            0,
            0
        ],
        [
            22.524311596365724,
            163.72847643863753,
            223.56778822063345,
            270.00980862521186,
            294.32432684846316,
            323.3254513060746,
            393.34144983983134,
            356.73318939737953,
            389.6319336962001,
            317.5267584864851,
