{
    "bin_ranges": {
        "m3pi_lower_limit": 2.42,
        "m3pi_upper_limit": 2.46,
        "t_lower_limit": 0.1,
        "t_upper_limit": 0.141
    },
    "info": "The dalitz matrix M is computed as sqrt(-Kibble) * (A[1]-A[2])",
    "bin_centers": [
        0.29900000000000004,
        0.33999999999999997,
        0.38,
        0.42000000000000004,
        0.45999999999999996,
        0.5,
        0.54,
        0.5800000000000001,
        0.62,
        0.66,
        0.69,
        0.71,
        0.73,
        0.75,
        0.77,
        0.79,
        0.81,
        0.83,
        0.85,
        0.87,
        0.89,
        0.91,
        0.94,
        0.98,
        1.02,
        1.06,
        1.1,
        1.1400000000000001,
        1.18,
        1.22,
        1.26,
        1.3,
        1.34,
        1.38,
        1.42,
        1.46,
        1.5,
        1.54,
        1.58,
        1.62,
        1.66,
        1.7,
        1.74,
        1.78,
        1.82,
        1.8599999999999999,
        1.9,
        1.94,
        1.98,
        2.02,
        2.06,
        2.1,
        2.14,
        2.18,
        2.22,
        2.26
    ],
    "real(M)": [
        [
            0,
            0,
            0,
            0,
            0,
            0,
            0,
            0,
            0,
            0,
            0,
            0,
            0,
            0,
            0,
            0,
            0,
            0,
            0,
            0,
            0,
            0,
            0,
            0,
            0,
            0,
            0,
            0,
            0,
            0,
            0,
            0,
            0,
            0,
            155.19966125864002,
            278.7001055910008,
            294.53399159405836,
            371.19104602558895,
            403.3193343454287,
            354.5394897989558,
            380.1837282256251,
            429.82354916837335,
            388.3930389755482,
            309.8797175979252,
            411.2038122900575,
            391.6058151002155,
            340.66661431611266,
            277.88647395778855,
            149.30534034827946,
            0,
            0,
            0,
            0,
            0,
            0,
            0
        ],
        [
            0,
            0,
            0,
            0,
            0,
            0,
            0,
            0,
            0,
            0,
            0,
            0,
            0,
            0,
            0,
            0,
            0,
            0,
            0,
            0,
            0,
            0,
            0,
            0,
            0,
            0,
            0,
            3.2166532481798678,
            27.18452046105795,
            -20.516438545980446,
            54.035712929987994,
            71.791562652456,
            105.91176645891412,
            139.8388231389572,
            60.762870212683225,
            181.54699466713137,
            80.34395369543837,
            159.79184998463174,
            161.74250811094353,
            26.381847499125392,
            49.75830736020915,
            128.33110028099293,
            52.07098788392944,
            -80.4308814337713,
            137.34543386076353,
            152.02299162346324,
            132.7821359433565,
            136.2435861870795,
            91.53326213396102,
            121.55453505360425,
            118.55708609034464,
            48.84095686662369,
            62.68229753066688,
            0,
            0,
            0
        ],
        [
            0,
            0,
            0,
            0,
            0,
            0,
            0,
            0,
            0,
            0,
            0,
            0,
            0,
            0,
            0,
            0,
            0,
            0,
            0,
            0,
            0,
            0,
            0,
            0,
            -34.72226352339513,
            -163.28773638634792,
            -97.53429493584122,
            -200.79698891649014,
            -224.626293298781,
            -358.082478268677,
            -251.31999802811848,
            -251.53643747102262,
            -225.11561827598325,
            -198.68115856240695,
            -331.5442101455797,
            -178.8054066959023,
            -333.0133846520103,
            -236.50806806836218,
            -243.74223341970134,
            -431.7987430074557,
            -404.8713743383941,
            -302.699912132636,
            -403.41240097413856,
            -576.3455621841639,
            -280.93341666964176,
            -251.4633353980458,
            -263.5736909231739,
            -240.25919302860336,
            -278.8211583872962,
            -203.85276857566626,
            -162.99044506922274,
            -218.94521511854484,
            41.99877506084076,
            -20.385703751474097,
            0,
            0
        ],
        [
            0,
            0,
            0,
            0,
            0,
            0,
            0,
            0,
            0,
            0,
            0,
            0,
            0,
            0,
            0,
            0,
            0,
            0,
            0,
            0,
            -108.77592738081475,
            -166.2564985137176,
            -271.57300003936274,
            -358.2941551118323,
            -196.62420319311036,
            -417.0507144443766,
            -296.10889661393315,
            -447.69440678184276,
            -479.10474349121915,
            -658.6212624945357,
            -517.1286149511275,
            -520.1703581625844,
            -489.9352124332877,
            -460.61111680083565,
            -630.0763120569949,
            -443.86165764943115,
            -636.8932283487298,
            -520.9582669619481,
            -531.9609128765496,
            -762.1806364374899,
            -730.0668083682167,
            -606.3496600231326,
            -727.95630498846,
            -936.5215604631851,
            -576.4859775924771,
            -537.8423240035552,
            -548.8569545654245,
            -515.5499420705095,
            -557.6303028733374,
            -457.49159342210584,
            -397.30987322995884,
            -462.4761823999212,
            -91.9992323757881,
            -158.8616135694166,
            -241.08022497998712,
            0
        ],
        [
            0,
            0,
            0,
            0,
            0,
            0,
            0,
            0,
            0,
            0,
            0,
            0,
            0,
            0,
            0,
            0,
            25.833564688730405,
            -69.8741618624175,
            -176.29464577139962,
            -195.9717214815161,
            -157.84389164854568,
            -138.62980036560685,
            -219.33772984789175,
            -260.3122876017256,
            24.239668046556123,
            -229.208450923559,
            -35.85620555548195,
            -196.3260059666613,
            -206.49302294576634,
            -399.4420421591272,
            -204.34274594576263,
            -187.5852189291522,
            -133.5004302563461,
            -82.90539465616052,
            -268.26367086787224,
            -37.149225357385866,
            -252.2272214394761,
            -107.86737511571332,
            -113.49944359721563,
            -375.41068339542176,
            -334.3720386468744,
            -189.332085105075,
            -330.75726080996844,
            -575.2463765135684,
            -163.49239491041217,
            -126.72829658721388,
            -150.6223339122277,
            -126.41740301368257,
            -194.30242306639374,
            -100.28686236333182,
            -58.2139702265839,
            -173.58210341192517,
            231.92526199978454,
            91.48189552008365,
            -128.88331315813065,
            17.797390191901872
        ],
        [
            0,
            0,
            0,
            0,
            0,
            0,
            0,
            0,
            0,
            0,
            0,
            0,
            -96.64464229246227,
            -252.15814396868655,
            -27.08843748636906,
            -312.14658410798563,
            -120.74560139336347,
            -333.77021641544496,
            -507.41453415946745,
            -533.4570125643139,
            -482.33298260415313,
            -464.34754134183146,
            -584.6474092154683,
            -654.0810688733234,
            -323.0778736127696,
            -652.8110189019887,
            -441.30596641236,
            -650.500822738532,
            -679.742804771174,
            -920.0388420121033,
            -708.8709679935571,
            -703.8641384407485,
            -655.1570789216416,
            -609.6733371726037,
            -831.8876571406119,
            -578.8024358340291,
            -831.2753359105021,
            -674.7346145844232,
            -686.7454391687243,
            -986.5409094936803,
            -942.4600204723554,
            -779.5202777890116,
            -937.7279085783941,
            -1210.0464515996616,
            -740.7562909481778,
            -691.6159151600825,
            -708.2455152243987,
            -667.6595013511611,
            -727.9418813054605,
            -600.9987683384443,
            -528.0177648159131,
            -629.7046330880071,
            -122.83876889134675,
            -235.1780372141403,
            -439.1354913713456,
            -155.76572883213714
        ],
        [
            0,
            0,
            0,
            0,
            0,
            0,
            0,
            0,
            0,
            0,
            -87.32662983099736,
            -157.71643133382543,
            -405.1270796914547,
            -489.02712768801763,
            -40.96242587338775,
            -452.5500752301979,
            -163.01682920727433,
            -437.80320131223755,
            -647.9531759258856,
            -666.3443359591063,
            -591.6237925705551,
            -561.3647944560366,
            -696.0677753233837,
            -766.3477078867401,
            -371.3385845612647,
            -748.0800459032181,
            -500.04312565622206,
            -735.0410259510614,
            -764.3580570547173,
            -1032.247270904464,
            -790.9812499437642,
            -782.8717187151772,
            -726.2510784770792,
            -673.7541572792979,
            -919.9928891490492,
            -636.8128719006628,
            -916.341664883267,
            -741.4404655551297,
            -753.9344567106756,
            -1085.3313782505218,
            -1035.7483097993356,
            -854.9017752058329,
            -1029.5333383728187,
            -1330.3954132063761,
            -811.5357633550456,
            -757.381532490553,
            -776.1413924855929,
            -731.8473687453064,
            -799.5024357106607,
            -660.0854508342173,
            -580.6764191676396,
            -696.2975509027871,
            -132.37839621432065,
            -261.26531455311965,
            -502.48916190807887,
            -189.86550809259688
        ],
        [
            0,
            0,
            0,
            0,
            0,
            0,
            0,
            0,
            0,
            -43.2473414153324,
            -107.31290456037395,
            -175.31040789782435,
            -493.71818709194446,
            -565.8941751237313,
            40.75477629094368,
            -465.5014984235288,
            -93.505734152886,
            -415.5873813198999,
            -653.3891669129595,
            -661.7365865611747,
            -562.5793541731007,
            -517.4880120124535,
            -659.2285860856765,
            -722.6628476239736,
            -261.29081340115283,
            -674.1023642118504,
            -385.0699244950672,
            -637.5097802238714,
            -660.6259281678144,
            -948.6250043311167,
            -673.4463678910663,
            -657.2529447322513,
            -588.3808206931943,
            -524.8883005053715,
            -790.037514180256,
            -474.8195808281926,
            -777.0909762793822,
            -582.2684665883679,
            -593.2805667069849,
            -953.3051356345647,
            -897.6887545602264,
            -699.6904378064768,
            -890.3780471848662,
            -1219.411112500697,
            -655.7832052103971,
            -599.828819209074,
            -624.4589422180527,
            -581.6369106492344,
            -662.2497340241707,
            -518.805173393208,
            -442.6518337400869,
            -581.8280468361772,
            19.083953782189877,
            -141.47416155416823,
            -434.4271771672078,
            -127.32110082356971
        ],
        [
            0,
            0,
            0,
            0,
            0,
            0,
            0,
            0,
            0,
            -49.286029386372014,
            -123.37260912539683,
            -201.82957915549997,
            -586.6960174710155,
            -659.1919794884054,
            74.62235840413754,
            -518.6821015033412,
            -79.56069663644901,
            -448.3004186471463,
            -715.6524218559676,
            -719.4517593379549,
            -602.2279788573833,
            -547.4525516220081,
            -701.2428675793032,
            -765.2552089540696,
            -248.1123092459223,
            -700.6357564082408,
            -378.40114394336507,
            -652.4432739841188,
            -674.4705127367891,
            -986.0688961599673,
            -682.7678257637874,
            -662.6895302483508,
            -585.6255191596235,
            -514.8052424663945,
            -800.8552091382275,
            -457.5371534553247,
            -783.6787493264999,
            -571.6153964705028,
            -582.6142995096213,
            -970.9249943345011,
            -910.1028296075957,
            -695.8816740811096,
            -901.4290298685145,
            -1256.2053558401042,
            -648.7207336573806,
            -588.9996692830732,
            -616.4021627195899,
            -571.4651057216988,
            -659.775880216362,
            -507.3115880023133,
            -427.78822603394383,
            -580.4846780859345,
            62.126624312814094,
            -115.22834899377638,
            -436.3233857838215,
            -114.69383405430561
        ],
        [
            0,
            0,
            0,
            0,
            0,
            0,
            0,
            43.2473414153324,
            49.286029386372014,
            0,
            -78.23236834811247,
            -163.0121156596166,
            -603.3914583084639,
            -674.5538546227166,
            175.19487312734535,
            -493.9116220893843,
            8.836055967543913,
            -400.06081230548506,
            -692.3019587643281,
            -689.6192926376567,
            -553.2982005834763,
            -487.17757965749587,
            -648.8904045856885,
            -709.1226421869122,
            -134.993888162118,
            -621.1068140431207,
            -263.4189563287951,
            -554.3615798071378,
            -571.8814858451497,
            -902.7854035949969,
            -569.5375125062262,
            -542.906113828537,
            -455.389336527083,
            -375.1811053452832,
            -679.1388663198978,
            -307.0508389707063,
            -654.4738194974883,
            -424.6255093456796,
            -434.6420423259695,
            -849.3175774002941,
            -783.2050948960507,
            -553.5937700999606,
            -773.7319564883928,
            -1153.7723367096573,
            -506.1404817105064,
            -444.79437382430694,
            -477.3046127578291,
            -433.54353009224366,
            -532.8579578876308,
            -376.8072859328415,
            -299.9891781649252,
            -471.6805225393272,
            198.55066676283522,
            -4.465873763670191,
            -361.11587065960424,
            -49.23510643986774
        ],
        [
            0,
            0,
            0,
            0,
            0,
            0,
            87.32662983099736,
            107.31290456037395,
            123.37260912539683,
            78.23236834811247,
            0,
            -87.34041300558974,
            -564.1858434946928,
            -633.1039558889707,
            298.76678371171414,
            -421.62590748779746,
            127.38152245580935,
            -308.21904924726744,
            -616.5752581057334,
            -607.8515576913494,
            -456.5079400043273,
            -380.8631660846139,
            -546.129419532523,
            -600.9500574812009,
            16.744548620824727,
            -491.01023175026944,
            -105.3649176651456,
            -406.21958350283876,
            -418.33409198921765,
            -761.1784740215215,
            -404.39316262642353,
            -371.27862710159206,
            -274.60493473513816,
            -186.16702242391364,
            -501.8022371033013,
            -107.81160108078285,
            -469.6948903293948,
            -226.27789339599832,
            -235.07126384888204,
            -668.4406166441353,
            -598.4383640161786,
            -357.9508326939674,
            -589.0071224543246,
            -987.8387338783151,
            -312.62776286287874,
            -251.6035604659482,
            -289.62089227466294,
            -249.04857423413586,
            -358.94684443107,
            -203.94436343809843,
            -133.34434341427243,
            -323.1151756933062,
            358.23258346193,
            129.68857265638533,
            -259.1538741074414,
            27.446416666756043
        ],
        [
            0,
            0,
            0,
            0,
            0,
            0,
            157.71643133382543,
            175.31040789782435,
            201.82957915549997,
            163.0121156596166,
            87.34041300558974,
            0,
            -498.37641905506285,
            -564.4622836951946,
            421.1373667202006,
            -330.53440010575576,
            249.48441087019972,
            -201.85346686412058,
            -519.2352331443036,
            -505.33256068463373,
            -343.0373691187771,
            -259.9961469691108,
            -425.7302432747136,
            -474.7100109326678,
            173.4573663107833,
            -346.1842898014887,
            59.64445689696122,
            -245.71695988034742,
            -252.5026222200591,
            -601.4062298799328,
            -227.7362851032559,
            -188.94498833109228,
            -84.98485445193982,
            10.001064752710493,
            -312.1625934040932,
            96.96435709288929,
            -273.5532028520599,
            -20.745586220840718,
            -28.338489093229683,
            -473.5904943750769,
            -401.0439846710437,
            -153.72651838607945,
            -392.2594157453894,
            -803.8632977037821,
            -111.90611648263959,
            -52.40201335330002,
            -95.60984162699503,
            -59.15161534522093,
            -178.29742740229648,
            -27.08656009699802,
            35.7872156302005,
            -169.77706616824747,
            511.98461785989304,
            260.4206890427015,
            -156.48678628392076,
            97.97222796074833
        ],
        [
            0,
            0,
            0,
            0,
            0,
            96.64464229246227,
            405.1270796914547,
            493.71818709194446,
            586.6960174710155,
            603.3914583084639,
            564.1858434946928,
            498.37641905506285,
            0,
            -43.34152797895742,
            1013.6738030323334,
            250.6017843837922,
            879.0975798904014,
            430.36757564698894,
            121.63199155829172,
            157.57019478347456,
            347.12453091025355,
            453.57156164296936,
            310.9448539796536,
            297.7936402624729,
            1004.4633485979784,
            500.46775470005576,
            951.9430622426074,
            666.6361926838359,
            688.1152428361312,
            354.8584299354793,
            765.1719196479547,
            828.0775440119073,
            956.1291260859462,
            1072.8148870173397,
            757.7989204887389,
            1193.4633564916685,
            824.286408981602,
            1094.0393375873855,
            1093.2208350603755,
            639.6744684425543,
            715.5659699129519,
            967.7613271306033,
            717.3289578425456,
            285.61895456626286,
            982.7274120046865,
            1025.9268241383957,
            958.7288028359009,
            967.5736564828221,
            810.5898870959896,
            922.9654809730941,
            935.8687304539322,
            663.7853664263596,
            1281.8076471505437,
            929.0504286756474,
            382.2249175020531,
            446.94087050424145
        ],
        [
            0,
            0,
            0,
            0,
            0,
            252.15814396868655,
            489.02712768801763,
            565.8941751237313,
            659.1919794884054,
            674.5538546227166,
            633.1039558889707,
            564.4622836951946,
            43.34152797895742,
            0,
            1104.9686433026775,
            310.1816482489324,
            965.7327696840744,
            500.00271619219734,
            180.6415489222702,
            219.4932551191493,
            417.53594769537597,
            529.1684787222844,
            383.4070289127961,
            372.4312383924271,
            1105.0788309509446,
            586.6621347074833,
            1054.6432857609939,
            762.304240626638,
            786.3494134858033,
            444.8676836691766,
            869.1556003958253,
            935.4150177210782,
            1068.5161794987653,
            1189.6917754291642,
            866.7748463270383,
            1315.4728203960985,
            936.716155023183,
            1214.3135740376756,
            1213.6771960694152,
            748.0351069547596,
            825.7846446442429,
            1084.0914712906324,
            826.4273966972779,
            382.77309829983545,
            1095.9170661960775,
            1138.2036025821972,
            1066.9380855401137,
            1072.9901227067082,
            908.8351842218966,
            1019.2616156893608,
            1026.9280730074206,
            743.0205593072186,
            1362.1118012967993,
            991.4018843603898,
            424.3599868850397,
            452.9924724341396
        ],
        [
            0,
            0,
            0,
            0,
            0,
            27.08843748636906,
            40.96242587338775,
            -40.75477629094368,
            -74.62235840413754,
            -175.19487312734535,
            -298.76678371171414,
            -421.1373667202006,
            -1013.6738030323334,
            -1104.9686433026775,
            0,
            -870.9611343598372,
            -233.2428641478499,
            -758.6246323313587,
            -1130.409356068727,
            -1129.7823271553543,
            -963.5568647645013,
            -886.0347174162728,
            -1091.9421836423178,
            -1173.8338406326507,
            -485.3608149012494,
            -1084.13318944039,
            -662.8189199941075,
            -1021.4762197041326,
            -1050.8642157434647,
            -1452.7966895021643,
            -1063.530369052967,
            -1038.9099516329834,
            -941.843876414779,
            -853.1402001474884,
            -1216.3540410326623,
            -782.937302210062,
            -1194.3286294919749,
            -927.2832134745944,
            -940.6064572341608,
            -1425.197782079474,
            -1346.675545202739,
            -1076.9029699036976,
            -1328.9803872402726,
            -1763.8791955817392,
            -1006.4808111535125,
            -927.0589770600438,
            -953.8749947459196,
            -890.4908257769576,
            -988.1363796381323,
            -790.743808122957,
            -680.7031442117262,
            -845.3270716183524,
            -66.25958986878979,
            -252.12595362848154,
            -567.7084817322577,
            -156.10507234161994
        ],
        [
            0,
            0,
            0,
            0,
            0,
            312.14658410798563,
            452.5500752301979,
            465.5014984235288,
            518.6821015033412,
            493.9116220893843,
            421.62590748779746,
            330.53440010575576,
            -250.6017843837922,
            -310.1816482489324,
            870.9611343598372,
            0,
            692.6445471604079,
            179.61224227308242,
            -174.49798970652932,
            -143.96896188680319,
            56.85132513076173,
            165.20645399462015,
            -6.012050578903369,
            -37.60888685259095,
            721.7314350721214,
            152.82103032595415,
            631.4528391936436,
            305.24222312626915,
            315.2260449822991,
            -60.053829233159995,
            374.7762370417232,
            432.2513783267398,
            561.1970631808772,
            678.5257406063877,
            329.222827612233,
            793.6136955871341,
            388.4174624324898,
            674.9790587111394,
            670.3200037991402,
            178.96904155964683,
            259.9777143840846,
            531.9102965384051,
            264.72149959815397,
            -194.73188642676317,
            558.6886752194328,
            612.1127663090505,
            549.5323011344107,
            570.5907762628997,
            417.8446338448639,
            554.430799007161,
            588.3218856219786,
            326.849849769148,
            998.0979949037576,
            661.8948872560798,
            152.04074272986026,
            238.34211640922211
        ],
        [
            0,
            0,
            0,
            0,
            -25.833564688730405,
            120.74560139336347,
            163.01682920727433,
            93.505734152886,
            79.56069663644901,
            -8.836055967543913,
            -127.38152245580935,
            -249.48441087019972,
            -879.0975798904014,
            -965.7327696840744,
            233.2428641478499,
            -692.6445471604079,
            0,
            -553.2937779681816,
            -941.2506397963118,
            -931.4401949118064,
            -745.6019249119888,
            -654.7922712171019,
            -861.6110686335862,
            -933.019299019611,
            -189.17947466355153,
            -809.6474218477028,
            -351.5349303597562,
            -718.4602992228348,
            -738.1402134626363,
            -1151.1747303530901,
            -731.0568374328204,
            -696.0747332470538,
            -585.7170905467588,
            -485.0892760823747,
            -860.168866305936,
            -399.27952076742446,
            -826.2960208790973,
            -542.3065447089873,
            -553.5053655426151,
            -1059.3490224197883,
            -976.2680572528318,
            -694.4741295085666,
            -959.7771385132299,
            -1416.9106836381886,
            -630.9186837367802,
            -554.6706659194981,
            -591.0006851255303,
            -535.5580429832527,
            -649.5591817630954,
            -460.50504326866127,
            -365.6717066579241,
            -556.8886664815911,
            209.94033474648492,
            -16.241422305411934,
            -367.65159067005885,
            -35.28363703684919
        ],
        [
            0,
            0,
            0,
            0,
            69.8741618624175,
            333.77021641544496,
            437.80320131223755,
            415.5873813198999,
            448.3004186471463,
            400.06081230548506,
            308.21904924726744,
            201.85346686412058,
            -430.36757564698894,
            -500.00271619219734,
            758.6246323313587,
            -179.61224227308242,
            553.2937779681816,
            0,
            -382.60606993118165,
            -355.4838083217668,
            -147.56328040473207,
            -37.99945436743652,
            -227.2815253726373,
            -270.5716097382032,
            522.0994529842901,
            -87.96067190005607,
            407.8610943476852,
            55.693550658135536,
            58.37312540288171,
            -343.5459119283018,
            106.83252127153827,
            160.89490728432514,
            290.44950840108163,
            408.2458109097064,
            37.402152645424856,
            520.0220559289942,
            92.33774768269039,
            389.66550050354823,
            382.8572415109594,
            -131.73152401785092,
            -47.074867809591424,
            237.60666451542423,
            -39.26412576987193,
            -514.8237507246366,
            273.8296482320431,
            334.4812541146101,
            275.97202511937076,
            305.84710232109467,
            157.70879440157864,
            310.5826810686184,
            359.27792190302443,
            108.6658416525207,
            808.5401800289508,
            488.23169629611215,
            18.489239678579157,
            97.86083663085088
        ],
        [
            0,
            0,
            0,
            0,
            176.29464577139962,
            507.41453415946745,
            647.9531759258856,
            653.3891669129595,
            715.6524218559676,
            692.3019587643281,
            616.5752581057334,
            519.2352331443036,
            -121.63199155829172,
            -180.6415489222702,
            1130.409356068727,
            174.49798970652932,
            941.2506397963118,
            382.60606993118165,
            0,
            38.94342995305125,
            263.4768094489216,
            386.51666752913314,
            207.28986450033315,
            182.42774154961003,
            1014.2489125717126,
            406.11618614153235,
            931.0333722496971,
            585.8944422303522,
            603.4771939720645,
            205.8853479372545,
            679.7840245610699,
            746.8778826530872,
            890.0517264595891,
            1019.974363435914,
            649.1374426432509,
            1149.384801564357,
            718.0382029881138,
            1025.9523395909932,
            1021.6385425385334,
            497.4543416458988,
            583.2530823424321,
            871.0822486572683,
            584.1908646664323,
            92.90833961551554,
            886.9920913254947,
            936.5404818478717,
            861.7457482789101,
            873.3076009773122,
            700.1414151202476,
            827.4506815255389,
            842.9423833658382,
            549.1415893372393,
            1199.0759886195106,
            808.3444243774206,
            251.4324947510934,
            0
        ],
        [
            0,
            0,
            0,
            0,
            195.9717214815161,
            533.4570125643139,
            666.3443359591063,
            661.7365865611747,
            719.4517593379549,
            689.6192926376567,
            607.8515576913494,
            505.33256068463373,
            -157.57019478347456,
            -219.4932551191493,
            1129.7823271553543,
            143.96896188680319,
            931.4401949118064,
            355.4838083217668,
            -38.94342995305125,
            0,
            229.4783230312973,
            354.6439702155716,
            169.11807506457367,
            141.61296580329764,
            992.0413892723952,
            367.0071661734269,
            902.5956129669584,
            547.4919273466871,
            563.8250198118701,
            155.66413584038816,
            638.8463527027316,
            706.0669525646064,
            851.0969965009979,
            982.6237131591838,
            602.8306152824777,
            1112.6497253113403,
            671.5338711530827,
            985.0514721079365,
            980.0543903285741,
            445.16334535805737,
            532.4951500757016,
            825.7341974862738,
            533.6639245189915,
            34.06665773952373,
            842.5798555095239,
            893.487569429045,
            818.2165599275107,
            830.8514263385307,
            656.4861684005901,
            786.6223359253064,
            803.3960378434315,
            509.0439409553474,
            1158.9884968804904,
            764.8894783795329,
            215.6989728485575,
            0
        ],
        [
            0,
            0,
            0,
            108.77592738081475,
            157.84389164854568,
            482.33298260415313,
            591.6237925705493,
            562.5793541731007,
            602.2279788573833,
            553.2982005834787,
            456.5079400043273,
            343.0373691187759,
            -347.12453091025355,
            -417.53594769537597,
            963.5568647645013,
            -56.85132513076173,
            745.6019249119888,
            147.56328040473207,
            -263.4768094489216,
            -229.4783230312973,
            0,
            122.51142942260581,
            -76.09219389766778,
            -115.04548491047355,
            745.1498307189312,
            95.51937424594652,
            633.9265897606685,
            261.86324058059705,
            270.20858015797495,
            -154.60124215876726,
            331.8233405986459,
            393.8212573425135,
            535.8320174442296,
            664.631010810715,
            272.3821133654427,
            788.4061696837529,
            335.3000444626354,
            652.4598299517024,
            645.7150800771933,
            100.15439189384769,
            189.51204423480382,
            489.4036165413828,
            194.7776219179163,
            -309.25241429024305,
            517.6985544880569,
            575.8667996875348,
            507.6050580229642,
            530.383059106153,
            366.0655015075098,
            512.174075854764,
            546.313910052936,
            271.7934840494244,
            944.2433885418279,
            579.6515609168749,
            89.4470535059936,
            0
        ],
        [
            0,
            0,
            0,
            166.2564985137176,
            138.62980036560685,
            464.34754134183146,
            561.3647944560366,
            517.4880120124535,
            547.4525516220081,
            487.17757965749587,
            380.8631660846139,
            259.9961469691108,
            -453.57156164296936,
            -529.1684787222844,
            886.0347174162728,
            -165.20645399462015,
            654.7922712171019,
            37.99945436743652,
            -386.51666752913314,
            -354.6439702155716,
            -122.51142942260562,
            0,
            -207.6136233654624,
            -252.91573055903132,
            621.475793712811,
            -47.819248895608624,
            497.5314606238353,
            112.82702313658643,
            117.07673749273937,
            -320.53590867068885,
            172.28002745384956,
            232.1342833235582,
            373.88028063015673,
            502.4127880161762,
            100.12496822221514,
            623.9672687983077,
            160.65484714570871,
            482.4484577398756,
            474.7343759968869,
            -80.7999258649166,
            10.447604266964646,
            316.22032404338506,
            18.15833205747989,
            -491.5578875608625,
            350.87107529368086,
            413.24698376654965,
            348.2816709155433,
            376.512982509661,
            216.777029188775,
            371.7656211487702,
            414.83929899828104,
            150.6028094656359,
            830.4768849356793,
            479.5665959125164,
            30.154682983031424,
            0
        ],
        [
            0,
            0,
            0,
            271.57300003937735,
            219.3377298478876,
            584.6474092154683,
            696.067775323389,
            659.2285860856804,
            701.2428675793032,
            648.890404585686,
            546.129419532523,
            425.7302432747148,
            -310.9448539796536,
            -383.4070289127961,
            1091.9421836423178,
            6.012050578903369,
            861.6110686335862,
            227.2815253726373,
            -207.28986450033315,
            -169.11807506457367,
            76.09219389766778,
            207.6136233654627,
            0,
            -37.70988066312078,
            873.4875619704081,
            190.7917195757217,
            760.7702975653439,
            371.30308890216776,
            382.4102028481931,
            -61.901496513259985,
            451.2563319708905,
            518.0680158196191,
            668.5007887466938,
            804.6616189678883,
            394.7348733925295,
            935.6310308864818,
            462.07200586129375,
            793.7294807949206,
            786.3901048906006,
            216.84218717515947,
            309.48672038189534,
            620.5671500764928,
            312.69919957096204,
            -211.9391263907509,
            642.8689679426102,
            699.262842384494,
            624.216047564718,
            642.0186517297869,
            467.04801639618495,
            607.6364547275638,
            630.6761056649829,
            342.09954661034243,
            975.867251319902,
            575.37238213689,
            78.23662660480822,
            0
        ],
        [
            0,
            0,
            0,
            358.2941551118323,
            260.3122876017256,
            654.0810688733234,
            766.3477078867401,
            722.6628476239736,
            765.2552089540696,
            709.1226421869122,
            600.9500574812009,
            474.7100109326678,
            -297.7936402624729,
            -372.4312383924271,
            1173.8338406326507,
            37.60888685259095,
            933.019299019611,
            270.5716097382032,
            -182.42774154961003,
            -141.61296580329764,
            115.04548491047355,
            252.91573055903132,
            37.70988066312078,
            0,
            949.0772160554012,
            240.37395685719267,
            833.5060843982081,
            430.0359913624444,
            442.4934842803236,
            -17.274730352337222,
            515.4511893464622,
            585.2791299635397,
            741.4763062134143,
            882.6235547091003,
            458.9629041866927,
            1017.9932160781447,
            528.8090706377501,
            870.8650860802136,
            862.7615815022994,
            275.40844535015,
            370.32145672846576,
            689.3422787699589,
            371.9435109910852,
            -167.06712914252682,
            707.0118439483783,
            761.9655144863748,
            682.1331338730184,
            696.213090491597,
            514.2386942751311,
            649.8006167204464,
            663.7966585891244,
            367.2363614994793,
            954.9950419956227,
            520.1942187264214,
            0,
            0
        ],
        [
            0,
            0,
            34.72226352339513,
