{
    "bin_ranges": {
        "m3pi_lower_limit": 2.34,
        "m3pi_upper_limit": 2.38,
        "t_lower_limit": 0.1,
        "t_upper_limit": 0.141
    },
    "info": "The dalitz matrix M is computed as sqrt(-Kibble) * (A[1]-A[2])",
    "bin_centers": [
        0.29900000000000004,
        0.33999999999999997,
        0.38,
        0.42000000000000004,
        0.45999999999999996,
        0.5,
        0.54,
        0.5800000000000001,
        0.62,
        0.66,
        0.69,
        0.71,
        0.73,
        0.75,
        0.77,
        0.79,
        0.81,
        0.83,
        0.85,
        0.87,
        0.89,
        0.91,
        0.94,
        0.98,
        1.02,
        1.06,
        1.1,
        1.1400000000000001,
        1.18,
        1.22,
        1.26,
        1.3,
        1.34,
        1.38,
        1.42,
        1.46,
        1.5,
        1.54,
        1.58,
        1.62,
        1.66,
        1.7,
        1.74,
        1.78,
        1.82,
        1.8599999999999999,
        1.9,
        1.94,
        1.98,
        2.02,
        2.06,
        2.1,
        2.14,
        2.18,
        2.22
    ],
    "real(M)": [
        [
            0,
            0,
            0,
            0,
            0,
            0,
            0,
            0,
            0,
            0,
            0,
            0,
            0,
            0,
            0,
            0,
            0,
            0,
            0,
            0,
            0,
            0,
            0,
            0,
            0,
            0,
            0,
            0,
            0,
            0,
            0,
            0,
            0,
            -324.7297536180877,
            -477.646309565222,
            -550.8230247337356,
            -652.420100794598,
            -727.1875004167705,
            -727.2583786539,
            -748.8776017395817,
            -695.7029370951078,
            -681.8513947850963,
            -669.6999761810821,
            -651.4649340928854,
            -647.9859988348333,
            -511.1583843063878,
            -380.4537448305725,
            0,
            0,
            0,
            0,
            0,
            0,
            0,
            0
        ],
        [
            0,
            0,
            0,
            0,
            0,
            0,
            0,
            0,
            0,
            0,
            0,
            0,
            0,
            0,
            0,
            0,
            0,
            0,
            0,
            0,
            0,
            0,
            0,
            0,
            0,
            0,
            0,
            -123.99683621638933,
            -139.57204778954588,
            -216.8657776893991,
            -302.47790504182075,
            -228.87568222455033,
            -237.20546482658767,
            -226.73333770090395,
            -264.51466033054106,
            -217.54121086220965,
            -290.62737317452553,
            -338.438610914852,
            -271.0901685968797,
            -271.9395544857856,
            -159.75988215227412,
            -143.7314659224839,
            -156.6501953550843,
            -190.65158582035025,
            -304.02009627008283,
            -209.7033012764046,
            -282.4371062029793,
            -256.7827809549147,
            -221.407074680199,
            -115.3655728513429,
            -48.0573103526871,
            0,
            0,
            0,
            0
        ],
        [
            0,
            0,
            0,
            0,
            0,
            0,
            0,
            0,
            0,
            0,
            0,
            0,
            0,
            0,
            0,
            0,
            0,
            0,
            0,
            0,
            0,
            0,
            0,
            45.629534293708815,
            112.5531991010597,
            152.46881410613963,
            140.49676775697256,
            144.58966553154693,
            230.37557182646648,
            169.89015207836815,
            96.27560942275078,
            260.8253133001452,
            288.34854181753894,
            336.4246452931466,
            311.59991424890416,
            399.40557803421365,
            319.120923530502,
            270.25804127937323,
            371.26050147960746,
            376.64737123432343,
            527.3685080015972,
            546.0984223712053,
            521.7187471129268,
            463.74326286221793,
            291.81644860388457,
            392.51343025467065,
            254.84197437018196,
            240.0653434653679,
            222.73912961819806,
            299.77108675319005,
            282.6866051909814,
            206.47439979127302,
            0,
            0,
            0
        ],
        [
            0,
            0,
            0,
            0,
            0,
            0,
            0,
            0,
            0,
            0,
            0,
            0,
            0,
            0,
            0,
            0,
            0,
            0,
            0,
            -80.41382036626938,
            -33.124786312289025,
            -107.58272479624817,
            -72.43199637932129,
            -105.86184248657213,
            -53.777372625601515,
            -45.652618320139574,
            -105.71213587610632,
            -132.51759658514794,
            -44.89974713387454,
            -150.39370913449102,
            -266.32779634260197,
            -75.1208906957192,
            -58.34013533853359,
            -14.29977720930202,
            -58.867431050644335,
            37.30992515384262,
            -70.75526038270237,
            -137.7067477693599,
            -20.263315296540114,
            -17.022324115060975,
            164.5719644802007,
            188.80401281003947,
            163.70568759143814,
            100.90210028878461,
            -97.66671006401356,
            39.803205952716496,
            -110.72750804291766,
            -105.59150209203075,
            -97.23311042080229,
            43.632778164794914,
            82.80101075009823,
            75.11691836356646,
            -48.67087374118345,
            0,
            0
        ],
        [
            0,
            0,
            0,
            0,
            0,
            0,
            0,
            0,
            0,
            0,
            0,
            0,
            0,
            0,
            0.5023854639019074,
            38.79515729639007,
            -50.995663203298946,
            -34.29813645864765,
            -6.212742238721913,
            -112.73982014238098,
            32.217355942000665,
            -76.86729085679707,
            4.902890309623989,
            -20.328499839551874,
            66.86449140628561,
            90.04347856629035,
            25.823889771115248,
            3.940582168137132,
            120.84449352235727,
            1.9658984629724394,
            -128.07895059996633,
            107.23470928016918,
            133.2487512419649,
            190.40571265481802,
            142.77786357694717,
            259.051342167271,
            136.30992938649254,
            61.15380654345884,
            199.3549187157303,
            204.0850958660363,
            414.5014126158019,
            441.75097608333215,
            411.0161265968925,
            335.59313938591373,
            101.29360238130108,
            255.73185744708746,
            73.34367648027795,
            70.21807565631119,
            68.60609333494305,
            222.8457246536631,
            255.47772527631824,
            228.97150896382706,
            35.020302698647725,
            -25.876016010443248,
            0
        ],
        [
            0,
            0,
            0,
            0,
            0,
            0,
            0,
            0,
            0,
            0,
            0,
            -60.58732809913843,
            -185.3339566296824,
            -257.06051732732436,
            -244.76772769402126,
            -200.37607168714229,
            -404.8843679125459,
            -399.03786479860014,
            -382.22813968274903,
            -554.1231323074135,
            -379.9180778672099,
            -545.6145645272022,
            -471.87400430020506,
            -543.086470111501,
            -474.29791650278503,
            -482.1164206818555,
            -590.8289112146691,
            -646.317488407733,
            -538.2143136510891,
            -701.650720573587,
            -874.4799590085685,
            -626.0321719443893,
            -616.1038499348048,
            -568.7615863090956,
            -638.4283740019154,
            -519.9390292834299,
            -669.7988908804908,
            -763.0388866852084,
            -612.8069947251549,
            -610.5425641840536,
            -373.6061199001422,
            -339.9155851149683,
            -368.0111825456624,
            -442.60925340936416,
            -692.1531828771363,
            -498.8411847907467,
            -680.4481380573562,
            -653.715691234178,
            -618.1160401873341,
            -395.41722851800074,
            -298.5601994775723,
            -252.82550479694316,
            -384.3837320392528,
            -324.91440899937936,
            0
        ],
        [
            0,
            0,
            0,
            0,
            0,
            0,
            0,
            0,
            0,
            -32.4836510384025,
            -178.2264961685705,
            -59.4148468510165,
            -188.37435877094723,
            -228.84344276971692,
            -160.6936680925392,
            -66.24668499362373,
            -308.83514485847246,
            -273.33551160833105,
            -228.78658337244656,
            -419.24756238512873,
            -187.46382712364698,
            -369.28769137165,
            -257.03442518765115,
            -311.9098082914548,
            -206.64839614103272,
            -193.08000229639413,
            -296.34870549117943,
            -339.82916625961514,
            -199.89842991725973,
            -367.71086456528946,
            -546.3725633425453,
            -254.46164735516143,
            -231.34416682850912,
            -167.96381065641327,
            -236.2047843939411,
            -96.70682228774142,
            -256.5284128135932,
            -354.74993667635863,
            -184.86563763061224,
            -180.53536376851378,
            81.48306264091485,
            116.8339804069939,
            81.92819075284719,
            -6.505130798959656,
            -290.6548800916844,
            -88.20645253461379,
            -303.32262501871406,
            -291.7758569006403,
            -274.7097661075471,
            -54.82632208887712,
            19.4110371829895,
            28.08461374992379,
            -179.7845521190794,
            -209.07227038487352,
            0
        ],
        [
            0,
            0,
            0,
            0,
            0,
            0,
            0,
            0,
            -107.30539426898889,
            -115.74661778276656,
            -320.98004526215385,
            -135.76338475762273,
            -306.725271456984,
            -353.9692709584398,
            -266.2385393904552,
            -151.56079999328261,
            -445.1746198884332,
            -402.46075335180495,
            -350.6674214151074,
            -573.5602952694658,
            -305.78824372569824,
            -516.6147033354083,
            -390.2192494363546,
            -455.9451441939299,
            -341.0259105901336,
            -329.9483778686414,
            -449.0462618823684,
            -500.8203521665316,
            -349.1421893748811,
            -537.9302565843857,
            -737.6596557676431,
            -418.8365734908143,
            -396.0559866426483,
            -328.90792147748095,
            -405.7999398703796,
            -254.88227033825507,
            -431.1117659902041,
            -539.3730486210843,
            -354.4482214207132,
            -349.9187328382759,
            -63.996024085441995,
            -24.81572789963782,
            -61.60767223100043,
            -156.02308999917355,
            -462.77638103463016,
            -238.9709781132115,
            -468.899453394335,
            -451.1125672132636,
            -426.18511541756044,
            -178.76792946564254,
            -88.05055078573295,
            -66.3088330743942,
            -279.15556027238216,
            -293.15281882962586,
            0
        ],
        [
            0,
            0,
            0,
            0,
            0,
            0,
            0,
            107.30539426898889,
            0,
            115.89853091374627,
            -89.94935999389999,
            175.63769864707334,
            -2.1374405431043972,
            -28.97526472169188,
            101.04852407669526,
            258.23401556719756,
            -57.09277530596659,
            14.861863643536585,
            95.33395516545794,
            -135.7808330587134,
            185.79941421205592,
            -31.584521745907978,
            137.12301798547745,
            98.35530963578391,
            257.37054168413226,
            299.1951405993097,
            196.29059676435267,
            165.88104255604776,
            356.02913446396377,
            172.69861930310861,
            -23.665047585482757,
            342.2004766926099,
            384.00283781635915,
            471.9293841201531,
            401.7259456028271,
            576.1057151634013,
            394.3376708114798,
            283.99590082588884,
            487.9155497432648,
            494.3371784908686,
            801.4176749079177,
            839.2280153627119,
            791.9031194823045,
            679.0085776167678,
            333.73870939033105,
            555.1147973073997,
            283.38865103047294,
            272.38496954070524,
            262.2784230774694,
            482.86443138034963,
            524.6579885078104,
            478.47562684927715,
            160.483874913978,
            18.717638786182366,
            0
        ],
        [
            0,
            0,
            0,
            0,
            0,
            0,
            32.4836510384025,
            115.74661778276656,
            -115.89853091374627,
            0,
            -264.18546070780764,
            35.77249527952179,
            -181.00023967535324,
            -221.17867052670067,
            -83.05542739937201,
            84.11358737599205,
            -278.84272916791525,
            -206.7665651132946,
            -125.63192075832346,
            -389.52651666464726,
            -42.044276468224375,
            -289.18585069162594,
            -114.87661150306535,
            -171.5140086291102,
            -11.639362957242572,
            20.807093672068874,
            -103.02297530036333,
            -147.19263960039177,
            47.774861068256484,
            -159.98004044908845,
            -380.479354665256,
            5.364948883873887,
            42.79196882661786,
            130.53950647155838,
            49.310028094032546,
            231.43246945227216,
            32.6011212853249,
            -88.43191955004987,
            128.11153397322528,
            134.31269168676525,
            463.12861910947356,
            505.24910839999467,
            457.89245064474306,
            342.2364763017087,
            -19.255986383732033,
            225.44305369163052,
            -52.920757563728976,
            -50.92151683820607,
            -44.92139267674929,
            209.39296654802817,
            278.04071323685616,
            259.34457322977613,
            -35.347541919955255,
            -124.16673621792866,
            0
        ],
        [
            0,
            0,
            0,
            0,
            0,
            0,
            178.2264961685705,
            320.98004526215385,
            89.94935999389999,
            264.18546070780764,
            0,
            348.08821559449257,
            128.09191316856536,
            101.3412295884104,
            267.05091532515763,
            462.4945426175773,
            86.55395720819557,
            178.65047238951112,
            279.64059568482486,
            11.281028922456226,
            395.55087774885976,
            145.02486627396425,
            349.23838285306243,
            312.7593819400166,
            504.487786410285,
            559.7322128931481,
            448.684691849926,
            420.75925820849585,
            643.667823256782,
            441.0029806467151,
            224.00960824815604,
            643.3716107064721,
            694.8128785034905,
            797.6043124503396,
            721.4993100288582,
            920.0772090623296,
            717.5039297658021,
            594.8694954211537,
            823.9422304504982,
            830.6264688652328,
            1172.598850721152,
            1212.1026264798165,
            1155.465237513154,
            1024.6990403767477,
            634.3360538631237,
            873.186553991086,
            562.5425794412375,
            539.6677328775628,
            515.4741980943168,
            742.2296642751473,
            766.9235463972211,
            688.9735734286982,
            310.64663900663703,
            114.12005755272402,
            0
        ],
        [
            0,
            0,
            0,
            0,
            0,
            60.58732809913843,
            59.4148468510165,
            135.76338475762273,
            -175.63769864707334,
            -35.77249527952179,
            -348.08821559449257,
            0,
            -251.2466146251154,
            -297.664486003485,
            -141.63249881673164,
            45.47487480015883,
            -364.4474561323843,
            -284.4448410211175,
            -194.94895159972322,
            -489.80745206666643,
            -104.82309275209096,
            -379.9404629340061,
            -188.9434132099044,
            -253.82358624962188,
            -80.75478901458553,
            -47.905787305654016,
            -185.7322362483586,
            -236.06975195060744,
            -25.82653742069329,
            -253.78836602893722,
            -494.8420084615383,
            -77.71597568165787,
            -38.736262163603165,
            54.803457324087184,
            -34.31897253547149,
            161.39209662131108,
            -54.159389847638444,
            -185.2244773426057,
            47.90957775580775,
            54.46900230417103,
            408.34224244152847,
            453.769115741745,
            403.3441463076062,
            280.08640866495745,
            -105.93987794662189,
            158.11265396325302,
            -136.95728825689176,
            -131.39427583394482,
            -120.82760335966199,
            153.87068787215802,
            231.2275406026108,
            216.81954328847934,
            -80.63395169850375,
            -149.2924138526506,
            0
        ],
        [
            0,
            0,
            0,
            0,
            0,
            185.3339566296824,
            188.37435877094723,
            306.725271456984,
            2.1374405431043972,
            181.00023967535324,
            -128.09191316856536,
            251.2466146251154,
            0,
            -36.30221701700241,
            138.5858006077408,
            345.0165875818749,
            -71.28205936670375,
            22.860614299360464,
            126.38864958242192,
            -169.72162694765495,
            239.90079737026758,
            -35.87237405198192,
            176.12575627005913,
            126.71140388288279,
            322.53208456023594,
            372.2770797602138,
            244.8559550334713,
            206.98008672641902,
            436.97459450445,
            214.08913814307002,
            -23.052928407651525,
            416.8862250590206,
            466.10462183317435,
            570.3425371666929,
            485.4231975298994,
            692.2930408752221,
            474.88927244118696,
            343.08898098414807,
            584.1130690904228,
            590.6717503105955,
            952.1252322117948,
            994.8679118981387,
            937.1968728945135,
            802.6392713744618,
            396.40849571852345,
            653.7007863582331,
            335.19024258206025,
            320.9281684244833,
            307.4202453331534,
            557.776940173572,
            599.1861615484014,
            537.1104714994667,
            175.57854314697562,
            19.597878198277744,
            0
        ],
        [
            0,
            0,
            0,
            0,
            0,
            257.06051732732436,
            228.84344276971692,
            353.9692709584398,
            28.97526472169188,
            221.17867052670067,
            -101.3412295884104,
            297.664486003485,
            36.30221701700241,
            0,
            183.68770341954934,
            399.68019501327655,
            -31.787152508528944,
            67.39230305288324,
            176.09420663160753,
            -129.52399794989228,
            296.0667893171796,
            11.780197335572444,
            232.8548732881104,
            183.97422071827404,
            388.21159287491224,
            441.38966934083106,
            311.78877020335784,
            274.4925497008476,
            512.9636840060073,
            284.9638869706021,
            42.3703213972665,
            496.18689638949854,
            547.8365528673299,
            655.85434836122,
            569.3102722473011,
            782.3440358264523,
            559.4547104866876,
            424.3845833397525,
            671.7295419289982,
            678.1956650864443,
            1048.2749680843024,
            1091.146740918166,
            1030.797747483932,
            891.4237453382508,
            473.8069909235749,
            734.7767010189823,
            406.52471924853944,
            388.81703936257276,
            371.19096885968526,
            621.0019410222899,
            656.0682094080222,
            583.6358834741361,
            208.38607174508255,
            38.64549168662172,
            0
        ],
        [
            0,
            0,
            0,
            0,
            -0.5023854639019074,
            244.76772769402126,
            160.6936680925392,
            266.2385393904552,
            -101.04852407669526,
            83.05542739937201,
            -267.05091532515763,
            141.63249881673164,
            -138.5858006077408,
            -183.68770341954934,
            0,
            216.97816028174324,
            -237.37213509789987,
            -141.19447619912702,
            -35.16004716138721,
            -357.5878407055316,
            76.25151005682865,
            -223.5209988227955,
            -4.001071036857551,
            -65.66643798378206,
            134.17186186399675,
            178.7453953508523,
            35.71966094903579,
            -11.613791101312835,
            225.25459242435866,
            -16.929155036019335,
            -273.28308900227466,
            186.46676749681413,
            233.6636008905613,
            339.40063532927286,
            246.19542307686334,
            461.12278826811325,
            229.77188367834125,
            89.48542883424264,
            342.0973458128904,
            348.8220359377384,
            728.9368193455351,
            775.0390049052307,
            716.7885196096324,
            579.2081162518198,
            159.07133506398944,
            434.1043306719887,
            109.68804170396504,
            104.70589311049974,
            102.64666423660327,
            375.3903276052353,
            433.46800925761164,
            388.0455659084306,
            50.765569667179925,
            -50.68633897978586,
            0
        ],
        [
            0,
            0,
            0,
            0,
            -38.79515729639007,
            200.37607168714229,
            66.24668499362373,
            151.56079999328261,
            -258.23401556719756,
            -84.11358737599205,
            -462.4945426175773,
            -45.47487480015883,
            -345.0165875818749,
            -399.68019501327655,
            -216.97816028174324,
            0,
            -477.6026575488305,
            -385.2839313572657,
            -282.76281960629035,
            -622.4999953782105,
            -181.47376452222528,
            -497.23616164374243,
            -280.48100123290544,
            -356.24432718211926,
            -162.22295300585247,
            -127.50275712226927,
            -285.01849745722535,
            -343.43847376282514,
            -109.30848067261905,
            -366.4474316119415,
            -637.2348151098535,
            -172.54656367172998,
            -130.4563536217015,
            -27.581878708247924,
            -127.79516335814921,
            88.61101530324022,
            -151.20265030392179,
            -296.6152792211001,
            -38.75823579503339,
            -31.46512667610396,
            358.89029472443036,
            408.865594098359,
            353.6604819000039,
            219.14590722576483,
            -201.6520716052327,
            88.9247821059105,
            -229.11057150447283,
            -218.7209280364497,
            -201.99903748592715,
            97.05800273828902,
            182.79951329262744,
            170.75215103863346,
            -117.31329470712063,
            -124.59659642560412,
            0
        ],
        [
            0,
            0,
            0,
            0,
            50.995663203298946,
            404.8843679125459,
            308.83514485847246,
            445.1746198884332,
            57.09277530596659,
            278.84272916791525,
            -86.55395720819557,
            364.4474561323843,
            71.28205936670375,
            31.787152508528944,
            237.37213509789987,
            477.6026575488305,
            0,
            110.68890407796454,
            231.39474972164197,
            -104.14719412069293,
            364.51618399412695,
            53.24786798558808,
            296.59432053725374,
            244.44910280681626,
            468.314863815411,
            527.0456525900822,
            387.093417334885,
            347.62021776406465,
            606.8637153074386,
            360.8153808549402,
            99.48478430023789,
            590.3266200969726,
            646.3999430107665,
            762.9795428291116,
            669.8237624692503,
            898.8052823293539,
            658.9589054215502,
            513.6514334766786,
            778.3434921073442,
            784.3318640562884,
            1178.8349720012102,
            1222.5552893094168,
            1155.6632815379833,
            1004.3784564446505,
            557.6090583420737,
            831.1563004091485,
            480.11910335882834,
            457.3294912204559,
            433.68997648199365,
            686.0907056380632,
            709.3171853228367,
            615.3916541585745,
            220.2010895727129,
            31.84370361378088,
            0
        ],
        [
            0,
            0,
            0,
            0,
            34.29813645864765,
            399.03786479860014,
            273.33551160833105,
            402.46075335180495,
            -14.861863643536585,
            206.7665651132946,
            -178.65047238951112,
            284.4448410211175,
            -22.860614299360464,
            -67.39230305288324,
            141.19447619912702,
            385.2839313572657,
            -110.68890407796454,
            0,
            120.95440454620885,
            -227.59655026787834,
            251.37508002830657,
            -71.8154828849114,
            173.787777910874,
            114.41544077578035,
            338.668951795365,
            393.60603382377565,
            245.09777862004952,
            200.00190447264444,
            461.27715561247277,
            205.22280239627256,
            -65.96432871086338,
            433.1494811455532,
            487.50149088033436,
            604.081434179432,
            506.54766579128756,
            738.7483004673277,
            492.21653160806954,
            342.8874834933143,
            612.7752489475474,
            618.9601182203534,
            1022.0287844855618,
            1067.6558816522222,
            1001.1594669414809,
            849.5070481452186,
            398.2247674021318,
            680.8116985142055,
            329.7117775575138,
            313.50090522537465,
            297.91290878523495,
            562.2378051992249,
            595.9923161318757,
            513.7284504202537,
            141.60253796752346,
            1.442247764569033,
            0
        ],
        [
            0,
            0,
            0,
            0,
            6.212742238721913,
            382.22813968274903,
            228.78658337244656,
            350.6674214151074,
            -95.33395516545794,
            125.63192075832346,
            -279.64059568482486,
            194.94895159972322,
            -126.38864958242192,
            -176.09420663160753,
            35.16004716138721,
            282.76281960629035,
            -231.39474972164197,
            -120.95440454620885,
            0,
            -361.5047568057969,
            127.31040652355374,
            -207.7668268694592,
            39.70945702549748,
            -27.1597055952555,
            197.06744378073248,
            247.90963104847194,
            90.67211163095172,
            39.74327184596983,
            302.696993850583,
            36.584522042851724,
            -244.4757325826655,
            262.4995680188104,
            314.9899022314066,
            431.42384714745356,
            329.5219195289484,
            564.7903394241067,
            311.75241931524056,
            158.57154732073943,
            433.5925006127474,
            440.1339530379565,
            851.6790805725415,
            899.435182883647,
            833.7128673170457,
            682.2326867787611,
            227.4002112024246,
            519.333067389411,
            169.35532144359536,
            160.67786879642313,
            154.30234824081916,
            431.32733136503214,
            477.04291413453507,
            408.62677402206316,
            65.72723845695027,
            0,
            0
        ],
        [
            0,
            0,
            0,
            80.41382036626938,
            112.73982014238098,
            554.1231323074135,
            419.24756238512873,
            573.5602952694658,
            135.7808330587134,
            389.52651666464726,
            -11.281028922456226,
            489.80745206666643,
            169.72162694765495,
            129.52399794989228,
            357.5878407055316,
            622.4999953782105,
            104.14719412069293,
            227.59655026787834,
            361.5047568057969,
            0,
            510.8103945101283,
            176.19995084835838,
            443.1113000040701,
            391.3989550596612,
            636.9611577148316,
            704.0169624550986,
            557.2961759395138,
            518.5191992183579,
            799.7261399181789,
            539.1165453405307,
            262.4067405183877,
            789.6305692760541,
            851.405767243513,
            977.238256900873,
            878.982042567241,
            1123.3747011727578,
            868.3112758083245,
            713.70407611342,
            993.8480531633207,
            998.5884530457146,
            1413.618434679996,
            1456.0117734295382,
            1380.6280138523928,
            1215.6007066493012,
            740.0584131483723,
            1019.0820522925497,
            643.7583633882144,
            609.82891595546,
            572.6518571377183,
            812.4199769148275,
            807.743988481652,
            671.3913808664132,
            239.82308081056865,
            0,
            0
        ],
        [
            0,
            0,
            0,
            33.12478631228617,
            -32.217355942000665,
            379.9180778672099,
            187.46382712364698,
            305.78824372570034,
            -185.79941421205592,
            42.044276468224375,
            -395.55087774885976,
            104.82309275209096,
            -239.90079737026758,
            -296.0667893171796,
            -76.25151005682865,
            181.47376452222528,
            -364.51618399412695,
            -251.37508002830657,
            -127.31040652355374,
            -510.8103945101283,
            0,
            -355.15873901145244,
            -99.83816067022093,
            -175.81162490437953,
            53.490627157552034,
            101.26808357194713,
            -68.26540149545185,
            -126.16452165856892,
            144.04028497260734,
            -137.76950808796522,
            -434.4497474935992,
            90.75577516527484,
            142.40574518088786,
            260.94276454939774,
            152.68000006468102,
            395.43729598821693,
            131.1916123763476,
            -28.519150263626358,
            256.57738044859576,
            263.62650340666704,
            690.384940302815,
            740.7894181564502,
            674.5736671964376,
            520.8801123936605,
            56.569272934464145,
            361.45391774405704,
            9.232331559588063,
            8.61776346801106,
            12.125540517504922,
            301.94300786266103,
            357.20598757402274,
            298.5953115044628,
            -0.5419793428097233,
            0,
            0
        ],
        [
            0,
            0,
            0,
            107.58272479624817,
            76.86729085679707,
            545.6145645272022,
            369.28769137165,
            516.6147033354083,
            31.584521745907978,
            289.18585069162594,
            -145.02486627396425,
            379.9404629340061,
            35.87237405198192,
            -11.780197335572444,
            223.5209988227955,
            497.23616164374243,
            -53.24786798558808,
            71.8154828849114,
            207.7668268694592,
            -176.19995084835838,
            355.15873901145244,
            0,
            273.23643043327087,
            210.91086460985883,
            459.79952604668705,
            522.3043220559359,
            362.0934341794565,
            315.1105386643621,
            602.0708635763638,
            324.9042019886873,
            31.812899771779655,
            575.7165980399086,
            635.6736099294361,
            762.6343758246,
            657.380633860931,
            908.3001849401036,
            641.7671100814018,
            480.35516679846876,
            769.8108742970562,
            774.7604064884287,
            1204.1630055685575,
            1249.0051476180906,
            1173.231817426549,
            1006.3967521711697,
            522.6339359936811,
            814.3378173912308,
            438.27392576528285,
            413.17477176566626,
            386.72921493057635,
            638.552637105651,
            642.7845585899233,
            513.8425240099699,
            120.06680047827248,
            0,
            0
        ],
        [
            0,
            0,
            0,
            72.43199637932399,
            -4.902890309624068,
            471.87400430020506,
            257.03442518765297,
            390.2192494363531,
            -137.12301798547745,
            114.87661150306535,
            -349.2383828530635,
            188.94341320990497,
            -176.12575627005913,
            -232.8548732881104,
            4.001071036857551,
            280.48100123290544,
            -296.59432053725374,
            -173.787777910874,
            -39.70945702549748,
            -443.1113000040707,
            99.83816067022093,
            -273.23643043327087,
            0,
            -75.77893436574125,
            169.9842362867604,
            223.99945927451532,
            49.19235740336078,
            -8.254504571240348,
            278.59892673802005,
            -14.30652020842309,
            -322.6053569963872,
            230.11471214967204,
            286.08336835775265,
            411.59310505442835,
            299.5961540301913,
            553.8505352798601,
            278.503595673136,
            112.19759623895493,
            408.66027674856565,
            414.94321887571886,
            856.1395389113206,
            905.3467875201937,
            832.9472458287111,
            669.6610492742319,
            186.76909799835002,
            494.03975300939413,
            127.30996337593714,
            119.43174740090271,
            114.03491873835527,
            388.8756409361501,
            419.0431218277736,
            322.498911941317,
            17.034867016229217,
            0,
            0
        ],
        [
            0,
            0,
            -45.62953429370886,
            105.86184248657213,
            20.328499839551874,
            543.086470111501,
            311.9098082914548,
            455.9451441939299,
            -98.35530963578391,
            171.5140086291102,
            -312.7593819400166,
            253.82358624962188,
            -126.71140388288279,
            -183.97422071827404,
            65.66643798378206,
            356.24432718211926,
            -244.44910280681626,
            -114.41544077578035,
            27.1597055952555,
            -391.3989550596612,
            175.81162490437927,
            -210.91086460985883,
            75.77893436574116,
            0,
            258.07234509115233,
            316.6568973405225,
            137.72697880849842,
            80.48795799354048,
            379.7358033588729,
            78.35416993191669,
            -238.77127809806203,
            334.39637342231464,
            393.4218468984825,
            523.9284371590401,
            408.96980202312307,
            671.4613845628738,
            387.73272273031364,
            216.39184500870908,
            520.7603195610808,
            526.1060811586109,
            976.9207334844231,
            1024.4966953889912,
            946.8972823723834,
            776.083930921582,
            280.23894588500445,
            587.08130446724,
            210.4728103154146,
            196.17696445084465,
            182.7716350023946,
            439.841419647681,
            443.4880921828291,
            302.1908206444623,
            0,
            0,
            0
        ],
        [
            0,
            0,
            -112.5531991010597,
            53.777372625601515,
            -66.86449140628561,
            474.29791650278503,
            206.64839614103272,
            341.0259105901336,
            -257.37054168413226,
            11.639362957242572,
            -504.487786410285,
            80.75478901458553,
            -322.53208456023594,
            -388.21159287491224,
            -134.17186186399675,
            162.22295300585247,
            -468.314863815411,
            -338.66895179536556,
            -197.06744378073248,
            -636.9611577148316,
            -53.490627157551955,
            -459.79952604668705,
            -169.9842362867604,
            -258.07234509115233,
            0,
            51.898788747136216,
            -141.25529508740107,
            -207.9069247887611,
            94.14512289045376,
            -223.30590831497943,
            -555.9689249801077,
            29.910701585339076,
