{
    "bin_ranges": {
        "m3pi_lower_limit": 1.74,
        "m3pi_upper_limit": 1.78,
        "t_lower_limit": 0.1,
        "t_upper_limit": 0.141
    },
    "info": "The dalitz matrix M is computed as sqrt(-Kibble) * (A[1]-A[2])",
    "bin_centers": [
        0.29900000000000004,
        0.33999999999999997,
        0.38,
        0.42000000000000004,
        0.45999999999999996,
        0.5,
        0.54,
        0.5800000000000001,
        0.62,
        0.66,
        0.69,
        0.71,
        0.73,
        0.75,
        0.77,
        0.79,
        0.81,
        0.83,
        0.85,
        0.87,
        0.89,
        0.91,
        0.94,
        0.98,
        1.02,
        1.06,
        1.1,
        1.1400000000000001,
        1.18,
        1.22,
        1.26,
        1.3,
        1.34,
        1.38,
        1.42,
        1.46,
        1.5,
        1.54,
        1.58,
        1.62
    ],
    "real(M)": [
        [
            0,
            0,
            0,
            0,
            0,
            0,
            0,
            0,
            0,
            0,
            0,
            0,
            0,
            0,
            0,
            0,
            0,
            0,
            0,
            0,
            0,
            0,
            0,
            0,
            34.16196890852221,
            51.113613195293055,
            57.41755711850777,
            62.52543371395731,
            50.211955802213744,
            76.84185705392814,
            67.09046309562116,
            59.73074806050827,
            48.961189591497195,
            37.25981669876742,
            15.879834449287262,
            0,
            0,
            0,
            0,
            0
        ],
        [
            0,
            0,
            0,
            0,
            0,
            0,
            0,
            0,
            0,
            0,
            0,
            0,
            0,
            0,
            0,
            0,
            0,
            62.345257714209545,
            134.0510803815211,
            164.14393351116698,
            177.15489694151893,
            230.52542866709967,
            242.39865271888826,
            263.46734436211705,
            262.8749718073107,
            251.8999338514158,
            250.22432172144343,
            254.34018084138341,
            228.58829322232984,
            276.63515177447874,
            258.3680849701551,
            245.17765324617483,
            226.10587446295793,
            206.68711730897326,
            170.13490822738575,
            170.35098654661297,
            123.20048847606955,
            0,
            0,
            0
        ],
        [
            0,
            0,
            0,
            0,
            0,
            0,
            0,
            0,
            0,
            0,
            0,
            0,
            24.147302901663952,
            51.92697754419637,
            127.12866693820432,
            185.42233907522223,
            251.92816527201828,
            275.6845507833494,
            286.5935334101104,
            275.68315708268165,
            257.01544667071613,
            319.795191837759,
            304.8085468274462,
            306.8794421653006,
            285.87756088878456,
            256.73475401379125,
            244.78858304902656,
            243.5471495731858,
            205.01688244062433,
            266.4032572722667,
            242.35891768012002,
            227.46967586360626,
            207.49600216478763,
            190.31125785205106,
            153.77544725892128,
            177.55121997499353,
            151.5636084827728,
            117.20930754959525,
            8.149719080501436,
            0
        ],
        [
            0,
            0,
            0,
            0,
            0,
            0,
            0,
            0,
            0,
            14.039270016491837,
            7.140913729059307,
            20.597653505881873,
            81.08898364226864,
            115.68046004711272,
            231.3772209107795,
            305.52578983988036,
            388.6845649886451,
            408.0352694680636,
            411.7430742391571,
            388.15685319316646,
            356.893013708535,
            434.1369629958854,
            408.0080650691118,
            404.3849396622422,
            373.9108839955159,
            335.1892319738106,
            318.7682301330576,
            315.9939412351698,
            268.54314931983157,
            342.03029073271017,
            312.7167447355424,
            294.7307685707366,
            270.8753278019568,
            250.66027353844606,
            207.0890027559832,
            238.8290719547468,
            211.41887506377614,
            179.82510070391416,
            110.38004528502414,
            0
        ],
        [
            0,
            0,
            0,
            0,
            0,
            0,
            0,
            0,
            11.908817521956745,
            31.663274010217762,
            13.090672742424395,
            32.11866787807632,
            115.05160900882272,
            157.53333378983586,
            304.7324001100056,
            393.493269815369,
            491.8789470539534,
            509.4889252877886,
            508.5538922019762,
            475.2571135942274,
            433.87634425339763,
            523.7440760783381,
            488.39426829714364,
            479.96205395700076,
            441.1125657896554,
            393.74494941943954,
            373.12394744561743,
            368.76079352188015,
            313.16946281778763,
            397.25963264983517,
            363.1409128077314,
            342.34281779202774,
            315.0606942559026,
            292.2464666324867,
            242.74485101532872,
            281.1715377997757,
            252.19275341812306,
            220.97127332179397,
            152.70240906869338,
            0
        ],
        [
            0,
            0,
            0,
            0,
            0,
            0,
            10.659555087074718,
            15.611900018835927,
            1.6606868020848633,
            21.945228187626356,
            -6.48359313499464,
            15.484625549504743,
            115.3884863690975,
            163.61420715907573,
            336.7000624755404,
            437.5491226108526,
            548.7399547559279,
            564.4643859051992,
            558.9884562152947,
            516.5575711430524,
            465.56491391207726,
            566.0969278962906,
            521.5675960304387,
            507.61156517429885,
            460.0698085804994,
            403.865173042947,
            378.60572641887785,
            372.17470266942064,
            308.7784425593035,
            402.3310645229457,
            363.9523183828072,
            341.01107731584204,
            311.39196096077205,
            287.388300477997,
            234.28357907837878,
            280.4716839491022,
            252.6582470563724,
            224.64161975939686,
            159.68984109872292,
            0
        ],
        [
            0,
            0,
            0,
            0,
            0,
            -10.659555087074718,
            0,
            -15.57600940874716,
            -44.027357880265455,
            -26.591958473730582,
            -65.70966028348055,
            -42.81756642025937,
            70.41714200105977,
            122.41712875775961,
            317.3160776392398,
            427.9483418394643,
            549.6933539445131,
            562.7935351421268,
            552.2761950967518,
            500.6094748098163,
            439.9241849429581,
            549.3148402679492,
            495.10756023457776,
            474.5186707699323,
            417.6028904736226,
            352.1000727526412,
            321.6581639027512,
            312.6894702634653,
            241.80370575953944,
            344.01827296319203,
            302.1191571583621,
            278.0263803111321,
            247.58748041972783,
            224.3797488511944,
            170.68567390279773,
            226.85986821342547,
            204.3057182119601,
            184.43050535940247,
            129.49764371996372,
            0
        ],
        [
            0,
            0,
            0,
            0,
            0,
            -15.611900018835927,
            15.57600940874716,
            0,
            -29.66048500292639,
            -5.451757560354199,
            -47.74552840375308,
            -20.118712477309757,
            108.89382236471172,
            167.96798401991208,
            386.2419612574252,
            509.2303373144889,
            643.9246487656922,
            657.7401746000667,
            645.5370139338414,
            588.1388978211445,
            521.1219436260501,
            641.1708980784637,
            581.4268146021453,
            558.7185524677377,
            496.5274965522879,
            425.1963739694084,
            392.0899810538229,
            382.21107368057517,
            305.1269280302993,
            415.13667881101276,
            368.9756962485774,
            341.7899130777302,
            307.4370023094411,
            280.4505275179737,
            220.2590702622813,
            276.87515461341206,
            248.00374425277488,
            219.94366194048024,
            150.58001119712821,
            0
        ],
        [
            0,
            0,
            0,
            0,
            -11.908817521956745,
            -1.6606868020848633,
            44.027357880265455,
            29.66048500292639,
            0,
            31.2920560376312,
            -13.133509903345821,
            19.28518268227015,
            163.2312113450372,
            229.30519816775234,
            469.6148638936206,
            604.5213574896103,
            751.6875852153415,
            766.6363669483247,
            753.3044862048133,
            690.9853215164005,
            618.451191595381,
            748.7330504171547,
            684.2862817170017,
            660.091617059139,
            593.3665951397928,
            516.8780689860108,
            481.4261696950041,
            470.68379627681816,
            387.7414396094789,
            504.48682112830096,
            453.86075745486636,
            423.04827725801545,
            384.0744597592603,
            352.25722903812533,
            284.534259580894,
            338.5587824906833,
            300.45169896923954,
            259.4882040566411,
            167.2207925184433,
            0
        ],
        [
            0,
            0,
            0,
            -14.039270016491837,
            -31.663274010217762,
            -21.945228187626356,
            26.591958473730582,
            5.451757560354199,
            -31.2920560376312,
            0,
            -50.860704916684675,
            -16.86768544794437,
            138.15483429948023,
            208.11966691577436,
            466.3749572446062,
            609.982234306019,
            766.4738614412917,
            780.3163138082369,
            763.8655273103002,
            694.9924743568818,
            615.443647382474,
            753.4460379393952,
            682.1274365604284,
            653.575956474722,
            580.1093886593183,
            496.7853245929983,
            457.6062832968454,
            445.03867031700304,
            356.3183095910253,
            479.31092239539004,
            425.51078149266783,
            393.07979115961155,
            352.5291073572061,
            320.0011484370163,
            250.63143848537433,
            308.0457774605842,
            269.7805486676589,
            227.49773452413604,
            127.21790455222452,
            0
        ],
        [
            0,
            0,
            0,
            -7.140913729059307,
            -13.090672742424395,
            6.48359313499464,
            65.70966028348055,
            47.74552840375308,
            13.133509903345821,
            50.860704916684675,
            0,
            37.94594324137068,
            203.47907894556002,
            278.81641540299233,
            552.2125131870765,
            704.367001361209,
            869.7381259062969,
            885.0175875896449,
            868.4776829893347,
            796.9908198002602,
            714.3951670395933,
            859.5834703280217,
            785.8734348507725,
            757.0915813875944,
            681.2371214190015,
            594.9492511321415,
            554.4148032649532,
            541.1960980088421,
            448.4576075081704,
            574.8512396479539,
            517.2172146700854,
            481.0512396144828,
            435.70081257962937,
            397.6187392993938,
            320.5856483740741,
            370.75423827937965,
            319.9871088438544,
            258.23625737703753,
            112.94972980938843,
            0
        ],
        [
            0,
            0,
            0,
            -20.597653505881873,
            -32.11866787807632,
            -15.484625549504743,
            42.81756642025937,
            20.118712477309757,
            -19.28518268227023,
            16.86768544794437,
            -37.94594324137068,
            0,
            169.79932638200614,
            246.23499399061947,
            527.0333106676709,
            682.4895263302994,
            851.4627024271973,
            865.7014152460631,
            847.2409666901644,
            772.3219305962148,
            686.1144910044112,
            834.2794398910951,
            756.8609569221343,
            725.3668712008769,
            645.8691002485177,
            556.0427832030493,
            513.4821343330888,
            499.21475740376684,
            403.93083378624624,
            532.9876996822937,
            474.2883556191474,
            437.94011466325037,
            392.7179831231403,
            355.42661151866344,
            279.37949392286856,
            332.0924555633716,
            283.2497488617362,
            222.41411548403673,
            57.121263931107364,
            0
        ],
        [
            0,
            0,
            -24.147302901663952,
            -81.08898364226864,
            -115.05160900882272,
            -115.3884863690975,
            -70.41714200105977,
            -108.89382236471172,
            -163.231211345037,
            -138.15483429948023,
            -203.47907894556002,
            -169.79932638200592,
            0,
            73.54913198390045,
            357.6828360166326,
            512.6865112528478,
            681.6519694003161,
            691.5764032871064,
            668.1173134830709,
            586.9126558157626,
            494.41729704013505,
            642.787739455912,
            558.168652565249,
            519.8639006776106,
            433.45763564734784,
            337.6806453929305,
            291.53540551664867,
            275.61892322061607,
            178.40395152809378,
            311.62600748625664,
            255.03132507539058,
            223.231047981185,
            184.76090999895004,
            157.1321505135097,
            93.91766648190143,
            164.3181559095615,
            138.4276144222749,
            109.39454946109994,
            0,
            0
        ],
        [
            0,
            0,
            -51.92697754419637,
            -115.68046004711272,
            -157.53333378983586,
            -163.61420715907573,
            -122.41712875775961,
            -167.96798401991208,
            -229.30519816775234,
            -208.11966691577436,
            -278.81641540299233,
            -246.23499399061947,
            -73.54913198390045,
            0,
            289.99972941717243,
            447.11702971350337,
            618.5100217845336,
            626.6145090343688,
            600.5675420824906,
            515.4300160469801,
            418.88914980903803,
            569.3164627459479,
            480.3738942857583,
            438.54883991655504,
            348.0242454757128,
            248.50879778250604,
            200.29537127597737,
            183.5131879569473,
            84.50718850333888,
            220.83815933276367,
            164.631238121782,
            134.54310889140356,
            98.75321212813063,
            75.20372932026648,
            17.53403683174939,
            95.40284157995484,
            79.16905307204236,
            62.74762894928446,
            0,
            0
        ],
        [
            0,
            0,
            -127.12866693820432,
            -231.3772209107795,
            -304.7324001100056,
            -336.7000624755404,
            -317.3160776392398,
            -386.2419612574252,
            -469.6148638936218,
            -466.3749572446062,
            -552.2125131870765,
            -527.0333106676709,
            -357.6828360166329,
            -289.99972941717243,
            0,
            153.75461106943519,
            322.3247848647004,
            323.779337685605,
            290.5973488179171,
            197.2949853388819,
            92.746894125704,
            241.26421999903368,
            142.90413311467648,
            91.68722361173226,
            -7.544374285500838,
            -114.04547115524105,
            -166.1877009761931,
            -184.14762488405952,
            -283.3706172089013,
            -140.7394701438915,
            -190.8112999221426,
            -210.85872403309696,
            -232.50373532065254,
            -236.69789299600222,
            -268.45901068975024,
            -156.4679374345412,
            -125.0754062892589,
            -66.54426177467016,
            0,
            0
        ],
        [
            0,
            0,
            -185.42233907522223,
            -305.52578983988036,
            -393.493269815369,
            -437.5491226108526,
            -427.9483418394643,
            -509.2303373144889,
            -604.5213574896113,
            -609.982234306019,
            -704.367001361209,
            -682.4895263302994,
            -512.686511252848,
            -447.11702971350377,
            -153.75461106943519,
            0,
            168.94381217059836,
            166.97079265687097,
            129.7582684447535,
            31.303393047415387,
            -78.38574087126612,
            70.65149631934165,
            -33.44492887703459,
            -89.83770666858145,
            -194.23338879647727,
            -304.9432045266389,
            -359.1416334283274,
            -377.36740627006185,
            -476.778916269008,
            -329.318743629375,
            -375.67615978111945,
            -389.5787093003208,
            -402.61523350473294,
            -394.97870400751344,
            -410.5953032216481,
            -277.9153214924158,
            -215.83881993970334,
            -100.54169152160061,
            0,
            0
        ],
        [
            0,
            0,
            -251.92816527201828,
            -388.6845649886451,
            -491.8789470539534,
            -548.7399547559279,
            -549.6933539445131,
            -643.9246487656922,
            -751.6875852153406,
            -766.4738614412917,
            -869.7381259062969,
            -851.4627024271973,
            -681.6519694003173,
            -618.5100217845331,
            -322.3247848647004,
            -168.94381217059836,
            0,
            -5.577736381571618,
            -46.94407382729424,
            -150.59147151586347,
            -265.4294158341522,
            -116.13957653109541,
            -225.97787408773556,
            -287.56039927555213,
            -396.9700295744627,
            -511.6032845284453,
            -567.5000763164421,
            -585.5228960501832,
            -684.3437702697946,
            -531.4586920989697,
            -572.9275426793245,
            -579.234012660157,
            -581.7694655524678,
            -559.8461752425535,
            -555.7912020644125,
            -398.0010265107083,
            -296.481662294963,
            -79.84393665703307,
            0,
            0
        ],
        [
            0,
            -62.345257714209545,
            -275.6845507833494,
            -408.0352694680636,
            -509.4889252877886,
            -564.4643859051992,
            -562.7935351421268,
            -657.7401746000667,
            -766.6363669483247,
            -780.3163138082369,
            -885.0175875896444,
            -865.7014152460631,
            -691.5764032871069,
            -626.6145090343688,
            -323.779337685605,
            -166.97079265687097,
            5.577736381571614,
            0,
            -42.0640201271565,
            -147.57104959290828,
            -264.40554631085,
            -112.19635272137343,
            -223.79966270218395,
            -286.11656254987514,
            -396.944841519276,
            -512.8835680972387,
            -569.0083468061495,
            -586.5938174855813,
            -685.7749887933727,
            -530.3135763030189,
            -571.0969185352861,
            -576.0154319807062,
            -576.5571837665564,
            -551.7154078076372,
            -542.7831766399418,
            -380.3737709219164,
            -266.384922508341,
            0,
            0,
            0
        ],
        [
            0,
            -134.0510803815211,
            -286.5935334101104,
            -411.7430742391571,
            -508.5538922019762,
            -558.9884562152947,
            -552.2761950967518,
            -645.5370139338414,
            -753.3044862048151,
            -763.8655273103006,
            -868.4776829893347,
            -847.2409666901644,
            -668.1173134830709,
            -600.5675420824911,
            -290.5973488179171,
            -129.7582684447535,
            46.94407382729424,
            42.064020127156475,
            0,
            -106.63985962618864,
            -224.77002295908602,
            -69.2754024652032,
            -181.80226969911993,
            -243.98229045259467,
            -355.4868983190446,
            -472.1780453881487,
            -528.2706424474488,
            -545.4554926467683,
            -645.1692964911597,
            -488.0506189951403,
            -529.0734741243984,
            -533.9922627942526,
            -534.3932386757988,
            -509.09891440936906,
            -498.256068644213,
            -335.918449218744,
            -213.2413115421267,
            0,
            0,
            0
        ],
        [
            0,
            -164.14393351116698,
            -275.68315708268165,
            -388.15685319316646,
            -475.2571135942274,
            -516.5575711430524,
            -500.6094748098163,
            -588.1388978211445,
            -690.9853215164005,
            -694.9924743568818,
            -796.9908198002602,
            -772.3219305962144,
            -586.9126558157626,
            -515.4300160469801,
            -197.29498533888182,
            -31.303393047415387,
            150.59147151586347,
            147.57104959290828,
            106.63985962618864,
            0,
            -118.35033503565522,
            41.1288536053953,
            -71.03489428375147,
            -131.74488940094344,
            -242.8790350310279,
            -359.6396119473789,
            -415.5070449465931,
            -432.6157057551114,
            -533.5636018521266,
            -376.54488017370363,
            -419.89085266807024,
            -427.7693825692404,
            -431.96806256136716,
            -411.4610520821265,
            -405.41227699753574,
            -253.3657546111217,
            -133.5983084043648,
            0,
            0,
            0
        ],
        [
            0,
            -177.15489694151893,
            -257.01544667071613,
            -356.893013708535,
            -433.87634425339763,
            -465.56491391207726,
            -439.9241849429581,
            -521.1219436260501,
            -618.451191595381,
            -615.443647382474,
            -714.3951670395933,
            -686.1144910044109,
            -494.41729704013505,
            -418.88914980903803,
            -92.74689412570405,
            78.38574087126612,
            265.4294158341521,
            264.40554631085,
            224.77002295908602,
            118.35033503565522,
            0,
            163.35651726783036,
            51.75810391244825,
            -7.375559879292151,
            -118.04530137746772,
            -234.8498416720946,
            -290.63784889643495,
            -307.981602429602,
            -410.45022996707854,
            -254.45506078638581,
            -300.8476766701892,
            -312.698997706705,
            -321.98306676497134,
            -307.98998244462575,
            -308.7724409672668,
            -171.20033234435184,
            -50.30133708323888,
            0,
            0,
            0
        ],
        [
            0,
            -230.5254286670996,
            -319.795191837759,
            -434.1369629958854,
            -523.7440760783381,
            -566.0969278962906,
            -549.3148402679492,
            -641.170898078464,
            -748.733050417154,
            -753.4460379393952,
            -859.5834703280211,
            -834.2794398910951,
            -642.787739455912,
            -569.3164627459479,
            -241.26421999903368,
            -70.65149631934165,
            116.13957653109541,
            112.19635272137343,
            69.2754024652032,
            -41.1288536053953,
            -163.35651726783036,
            0,
            -115.81259789332768,
            -178.60347898243896,
            -292.4405953254823,
            -411.2223602125971,
            -467.0853586189988,
            -482.80370867954946,
            -582.4278824801866,
            -420.91226223813203,
            -460.24499240884137,
            -462.2190746739302,
            -457.93216731434376,
            -425.4399932089243,
            -398.1720207488822,
            -223.56542559105154,
            0,
            0,
            0,
            0
        ],
        [
            0,
            -242.39865271888826,
            -304.80854682744626,
            -408.0080650691118,
            -488.39426829714364,
            -521.5675960304387,
            -495.1075602345771,
            -581.4268146021459,
            -684.2862817170017,
            -682.1274365604284,
            -785.8734348507719,
            -756.8609569221338,
            -558.1686525652492,
            -480.3738942857583,
            -142.90413311467648,
            33.44492887703459,
            225.97787408773561,
            223.79966270218395,
            181.80226969911993,
            71.03489428375147,
            -51.75810391244825,
            115.81259789332768,
            0,
            -61.6250524828011,
            -175.3649609788787,
            -294.3453173739915,
            -350.0453442582983,
            -365.7756411074196,
            -466.2110366491238,
            -305.9112642488533,
            -347.29935430350235,
            -351.9917707271553,
            -350.7488318757588,
            -321.7127608578694,
            -293.5510623298453,
            -122.44437191903475,
            0,
            0,
            0,
            0
        ],
        [
            0,
            -263.4673443621171,
            -306.8794421653006,
            -404.3849396622422,
            -479.9620539569998,
            -507.61156517429885,
            -474.51867076993193,
            -558.7185524677382,
            -660.091617059139,
            -653.575956474722,
            -757.0915813875939,
            -725.3668712008764,
            -519.8639006776106,
            -438.54883991655504,
            -91.68722361173226,
            89.83770666858145,
            287.56039927555213,
            286.11656254987514,
            243.98229045259473,
            131.74488940094344,
            7.375559879292151,
            178.60347898243896,
            61.6250524828011,
            0,
            -114.39496538798804,
            -233.79138733081325,
            -289.1112245148405,
            -304.2316765580524,
            -403.67059744091296,
            -244.11983234092264,
            -284.6009563256588,
            -288.1590973619971,
            -284.2145801167896,
            -250.1389219187381,
            -201.2301343924961,
            0,
            0,
            0,
            0,
            0
        ],
        [
            -34.16196890852221,
            -262.8749718073107,
            -285.87756088878456,
            -373.9108839955159,
            -441.11256578965487,
            -460.0698085804994,
            -417.6028904736224,
            -496.5274965522874,
            -593.3665951397925,
            -580.1093886593183,
            -681.2371214190018,
            -645.8691002485177,
            -433.457635647348,
            -348.0242454757128,
            7.544374285500838,
            194.23338879647727,
            396.9700295744626,
            396.944841519276,
            355.4868983190445,
            242.8790350310279,
            118.04530137746772,
            292.4405953254823,
            175.3649609788787,
            114.39496538798804,
            0,
            -119.4219810354899,
            -174.75927775965496,
            -190.42637805667772,
            -289.7064847177916,
            -135.15055783031397,
            -177.5473233141465,
            -184.06361594945005,
            -182.36316871228732,
            -148.86609915716855,
            -58.49377229130199,
            0,
            0,
            0,
            0,
            0
        ],
        [
            -51.113613195293055,
            -251.89993385141767,
            -256.73475401379125,
            -335.1892319738106,
            -393.7449494194389,
            -403.865173042947,
            -352.1000727526412,
            -425.1963739694088,
            -516.8780689860105,
            -496.7853245929983,
            -594.9492511321412,
            -556.042783203049,
            -337.6806453929305,
            -248.50879778250604,
            114.04547115524105,
            304.9432045266388,
            511.60328452844516,
            512.8835680972387,
            472.1780453881487,
            359.6396119473789,
            234.8498416720946,
            411.2223602125971,
            294.3453173739915,
            233.79138733081325,
            119.4219810354899,
            0,
            -55.88964187830783,
            -73.14259577545724,
            -172.51866585149986,
            -26.77146963697051,
            -72.71174282023281,
            -84.75433723906686,
            -88.12206483536988,
            -55.821085027015265,
            0,
            0,
            0,
            0,
            0,
            0
        ],
        [
            -57.41755711850777,
            -250.22432172144343,
            -244.78858304902658,
            -318.7682301330576,
            -373.12394744561686,
            -378.60572641887785,
            -321.6581639027516,
            -392.0899810538229,
            -481.4261696950043,
            -457.6062832968454,
            -554.4148032649529,
            -513.4821343330885,
            -291.5354055166488,
            -200.29537127597737,
            166.18770097619307,
            359.1416334283274,
            567.500076316442,
            569.0083468061495,
            528.2706424474488,
            415.50704494659306,
            290.63784889643495,
            467.0853586189988,
            350.0453442582983,
            289.1112245148405,
            174.75927775965496,
            55.88964187830783,
            0,
            -18.13495996080539,
            -115.0843827362609,
            21.118827844386495,
            -25.086393636730907,
            -38.635316896659226,
            -39.549296756950305,
            0,
            0,
            0,
            0,
            0,
            0,
            0
        ],
        [
            -62.525433713957256,
            -254.34018084138475,
            -243.54714957318575,
            -315.9939412351698,
            -368.76079352188015,
            -372.17470266942064,
            -312.6894702634653,
            -382.21107368057517,
            -470.68379627681793,
            -445.03867031700304,
            -541.1960980088421,
            -499.21475740376667,
            -275.6189232206161,
            -183.5131879569473,
            184.1476248840595,
            377.36740627006185,
            585.5228960501832,
            586.5938174855813,
            545.4554926467683,
            432.6157057551114,
            307.981602429602,
            482.80370867954946,
            365.7756411074196,
            304.2316765580524,
            190.42637805667772,
            73.14259577545724,
            18.13495996080539,
            0,
            -91.5954928941355,
            33.61216097638209,
            -9.402411813782496,
            -19.7662832133605,
            0,
            0,
            0,
            0,
            0,
            0,
            0,
            0
        ],
        [
            -50.211955802213716,
            -228.58829322232978,
            -205.01688244062433,
            -268.54314931983157,
            -313.16946281778723,
            -308.7784425593035,
            -241.8037057595393,
            -305.1269280302996,
            -387.7414396094789,
            -356.3183095910253,
            -448.4576075081704,
            -403.9308337862462,
            -178.4039515280938,
            -84.50718850333888,
            283.3706172089013,
            476.7789162690079,
            684.3437702697945,
            685.7749887933727,
            645.1692964911596,
            533.5636018521266,
            410.45022996707854,
            582.4278824801866,
            466.2110366491238,
            403.67059744091296,
            289.7064847177916,
            172.51866585149986,
            115.0843827362609,
            91.5954928941355,
            0,
            99.03389219131732,
            44.173595415710835,
            0,
            0,
            0,
            0,
            0,
            0,
            0,
            0,
            0
        ],
        [
            -76.8418570539281,
            -276.6351517744788,
            -266.4032572722668,
            -342.03029073271017,
            -397.25963264983466,
            -402.3310645229457,
            -344.0182729631918,
            -415.1366788110131,
            -504.4868211283008,
            -479.31092239539004,
            -574.8512396479539,
            -532.9876996822936,
            -311.6260074862568,
            -220.83815933276367,
            140.73947014389148,
            329.318743629375,
            531.4586920989695,
            530.3135763030189,
            488.05061899514027,
            376.54488017370363,
            254.45506078638581,
            420.91226223813203,
            305.9112642488533,
            244.11983234092264,
            135.15055783031397,
            26.77146963697051,
            -21.118827844386495,
            -33.61216097638209,
            -99.03389219131732,
            0,
            -4.046556195452412,
            0,
            0,
            0,
            0,
            0,
            0,
            0,
            0,
            0
        ],
        [
            -67.0904630956212,
            -258.3680849701558,
            -242.35891768012,
            -312.7167447355425,
            -363.1409128077311,
            -363.9523183828072,
            -302.1191571583621,
            -368.97569624857744,
            -453.86075745486636,
            -425.51078149266783,
            -517.2172146700852,
            -474.28835561914724,
            -255.0313250753906,
            -164.631238121782,
            190.8112999221426,
            375.6761597811194,
            572.9275426793245,
            571.096918535286,
            529.0734741243983,
            419.89085266807024,
            300.8476766701892,
            460.24499240884137,
            347.29935430350235,
            284.6009563256588,
            177.5473233141465,
            72.71174282023281,
            25.086393636730907,
            9.402411813782496,
            -44.173595415710835,
            4.046556195452412,
            0,
            0,
            0,
            0,
            0,
            0,
            0,
            0,
            0,
            0
        ],
        [
            -59.73074806050827,
            -245.17765324617602,
            -227.46967586360626,
            -294.7307685707366,
            -342.34281779202746,
            -341.01107731584204,
            -278.0263803111321,
            -341.7899130777303,
            -423.0482772580155,
            -393.07979115961155,
            -481.0512396144828,
            -437.9401146632503,
            -223.23104798118496,
            -134.54310889140356,
            210.8587240330969,
            389.5787093003207,
            579.234012660157,
            576.0154319807062,
            533.9922627942527,
            427.7693825692404,
            312.698997706705,
            462.2190746739302,
            351.9917707271553,
            288.1590973619971,
            184.06361594945005,
            84.75433723906687,
            38.635316896659226,
            19.7662832133605,
            0,
            0,
            0,
            0,
            0,
            0,
            0,
            0,
            0,
            0,
            0,
            0
        ],
        [
            -48.961189591497195,
            -226.1058744629581,
            -207.49600216478765,
            -270.8753278019568,
            -315.0606942559023,
            -311.391960960772,
            -247.58748041972765,
            -307.4370023094411,
            -384.07445975926026,
            -352.5291073572061,
            -435.70081257962937,
            -392.7179831231403,
            -184.76090999895004,
            -98.75321212813063,
            232.50373532065254,
            402.61523350473294,
            581.7694655524678,
            576.5571837665564,
            534.3932386757988,
            431.96806256136716,
            321.98306676497134,
            457.93216731434376,
            350.7488318757588,
            284.2145801167896,
            182.36316871228732,
            88.12206483536988,
            39.549296756950305,
            0,
            0,
            0,
            0,
            0,
            0,
            0,
            0,
            0,
            0,
            0,
            0,
            0
        ],
        [
            -37.25981669876732,
            -206.68711730897382,
            -190.31125785205106,
            -250.66027353844606,
            -292.24646663248654,
            -287.388300477997,
            -224.3797488511943,
            -280.45052751797374,
            -352.2572290381252,
            -320.0011484370163,
            -397.6187392993938,
            -355.4266115186634,
            -157.1321505135097,
            -75.20372932026648,
            236.69789299600228,
            394.97870400751344,
            559.8461752425535,
            551.7154078076373,
            509.0989144093692,
            411.46105208212657,
            307.98998244462575,
            425.4399932089243,
            321.71276085786934,
            250.1389219187381,
            148.86609915716858,
            55.821085027015265,
            0,
            0,
            0,
            0,
            0,
            0,
            0,
            0,
            0,
            0,
            0,
            0,
            0,
