{
    "bin_ranges": {
        "m3pi_lower_limit": 2.46,
        "m3pi_upper_limit": 2.5,
        "t_lower_limit": 0.1,
        "t_upper_limit": 0.141
    },
    "info": "The dalitz matrix M is computed as sqrt(-Kibble) * (A[1]-A[2])",
    "bin_centers": [
        0.29900000000000004,
        0.33999999999999997,
        0.38,
        0.42000000000000004,
        0.45999999999999996,
        0.5,
        0.54,
        0.5800000000000001,
        0.62,
        0.66,
        0.69,
        0.71,
        0.73,
        0.75,
        0.77,
        0.79,
        0.81,
        0.83,
        0.85,
        0.87,
        0.89,
        0.91,
        0.94,
        0.98,
        1.02,
        1.06,
        1.1,
        1.1400000000000001,
        1.18,
        1.22,
        1.26,
        1.3,
        1.34,
        1.38,
        1.42,
        1.46,
        1.5,
        1.54,
        1.58,
        1.62,
        1.66,
        1.7,
        1.74,
        1.78,
        1.82,
        1.8599999999999999,
        1.9,
        1.94,
        1.98,
        2.02,
        2.06,
        2.1,
        2.14,
        2.18,
        2.22,
        2.26
    ],
    "real(M)": [
        [
            0,
            0,
            0,
            0,
            0,
            0,
            0,
            0,
            0,
            0,
            0,
            0,
            0,
            0,
            0,
            0,
            0,
            0,
            0,
            0,
            0,
            0,
            0,
            0,
            0,
            0,
            0,
            0,
            0,
            0,
            0,
            0,
            0,
            0,
            -42.02431584301213,
            -104.14598458862484,
            -150.82669380120726,
            -209.39461781611243,
            -248.9370195416253,
            -283.1280725570448,
            -301.01076489020886,
            -205.851798082021,
            -198.5351539049606,
            -226.6382273125569,
            -264.4038256701691,
            -205.4561000392496,
            -238.47824128611973,
            -225.17497491155905,
            -82.641239607172,
            -46.73701197190359,
            0,
            0,
            0,
            0,
            0,
            0
        ],
        [
            0,
            0,
            0,
            0,
            0,
            0,
            0,
            0,
            0,
            0,
            0,
            0,
            0,
            0,
            0,
            0,
            0,
            0,
            0,
            0,
            0,
            0,
            0,
            0,
            0,
            0,
            0,
            0,
            -56.24350893885037,
            -65.9116613547347,
            -147.8727328837542,
            -126.11052203202505,
            -142.06836560564514,
            -104.56992173060432,
            -71.53797129501203,
            -34.80993316184346,
            -65.42057738859236,
            -137.71379339277598,
            -174.05172879380257,
            -207.63735705491163,
            -217.79263194518487,
            -27.39878848545211,
            -9.346896313730612,
            -62.66443684413615,
            -142.37847376525565,
            -50.31922299069472,
            -147.78308579718706,
            -178.90129087349706,
            81.57984211137237,
            28.710763620544547,
            95.19570923167335,
            26.33285490310299,
            -23.27981415861562,
            0.48466963124376466,
            0,
            0
        ],
        [
            0,
            0,
            0,
            0,
            0,
            0,
            0,
            0,
            0,
            0,
            0,
            0,
            0,
            0,
            0,
            0,
            0,
            0,
            0,
            0,
            0,
            0,
            0,
            0,
            -118.7759043850793,
            -196.2584968072076,
            -235.83342256715736,
            -351.38386866303193,
            -354.05653944844744,
            -331.9601640869553,
            -474.1339968357417,
            -429.962234105331,
            -455.79354958708444,
            -403.0685570489077,
            -361.360542915114,
            -316.58296653796697,
            -366.0739360820435,
            -470.37146839879506,
            -523.2450845272512,
            -570.987586094935,
            -586.3138264732663,
            -334.5214053240095,
            -311.26951972795393,
            -381.2931515088697,
            -485.22763914788095,
            -359.3362456401879,
            -485.33833973628634,
            -522.3518729126437,
            -155.42828169554812,
            -214.73983145957422,
            -97.56565237802614,
            -176.37559995914683,
            -237.89722116536942,
            -139.87918283712722,
            -194.1877614616599,
            0
        ],
        [
            0,
            0,
            0,
            0,
            0,
            0,
            0,
            0,
            0,
            0,
            0,
            0,
            0,
            0,
            0,
            0,
            0,
            0,
            0,
            0,
            0,
            -160.43564533018406,
            -153.33621519582354,
            -283.8677877556451,
            -315.1241059186154,
            -306.98827628139713,
            -307.195450642238,
            -440.89466758470144,
            -411.4170497696991,
            -357.9420419109975,
            -529.3903886967423,
            -455.0117030631077,
            -475.23966274186154,
            -397.69073580851887,
            -337.0523825687601,
            -274.7814219761254,
            -330.55460465784114,
            -453.8206525900962,
            -514.0678072573784,
            -568.5890760993516,
            -584.4029183679517,
            -277.12649660339906,
            -248.3864025632597,
            -333.51814898882344,
            -460.7803373837719,
            -310.30652017120457,
            -467.2211841638339,
            -517.9707230490967,
            -73.772225420179,
            -153.90708279825762,
            -15.625305118378789,
            -126.83404377469138,
            -226.07355270154991,
            -120.22032913629963,
            -276.63555668580125,
            -155.6993562670423
        ],
        [
            0,
            0,
            0,
            0,
            0,
            0,
            0,
            0,
            0,
            0,
            0,
            0,
            0,
            0,
            0,
            0,
            -40.83841667374574,
            -208.24473880228152,
            -289.810495521704,
            -200.4656556492985,
            -283.17542635992635,
            -417.888271754735,
            -266.4837209666408,
            -418.9503801785385,
            -425.89858425074004,
            -391.7598002683227,
            -377.16074596792754,
            -535.3506876843733,
            -487.85621979595186,
            -414.42269139654434,
            -616.2712150535585,
            -520.5371160840915,
            -539.9273740205883,
            -443.95498063926993,
            -369.45532186936305,
            -294.0775492586716,
            -357.7015802726939,
            -500.0046342102545,
            -568.545725856447,
            -630.5027542947247,
            -647.6959856992617,
            -290.57876882465473,
            -257.0462800358801,
            -355.69954906403365,
            -503.4690639801408,
            -329.67797181340393,
            -512.8387993339335,
            -573.6261519390107,
            -57.78185849889089,
            -153.07365606562306,
            7.678939693522123,
            -126.35581522888104,
            -250.18844189480023,
            -128.28174778306862,
            -342.4274974822617,
            -223.836179917258
        ],
        [
            0,
            0,
            0,
            0,
            0,
            0,
            0,
            0,
            0,
            0,
            0,
            0,
            0,
            -191.14955961010676,
            -187.49788826156595,
            -330.6271185657485,
            -403.1965952731335,
            -661.520622299366,
            -739.43168080756,
            -569.9579998837445,
            -689.4120520320243,
            -876.2022997946848,
            -674.8550060303428,
            -886.1324086149127,
            -909.5560958047155,
            -884.9950357665144,
            -885.8069920777486,
            -1091.370783260034,
            -1051.9628536101943,
            -982.7596007739702,
            -1232.5989905027245,
            -1136.4028923447927,
            -1172.4051170550156,
            -1075.3294349996763,
            -1002.3113417507886,
            -927.5184963233265,
            -1009.5684956217247,
            -1179.1135368346095,
            -1263.2716950766744,
            -1338.306055522935,
            -1361.0977365936028,
            -959.9533508158058,
            -922.2822210667293,
            -1031.6190393195075,
            -1194.135104089848,
            -991.8703049781477,
            -1189.556424468398,
            -1246.6490774558931,
            -648.8282848502828,
            -737.7615164879795,
            -531.9894769030523,
            -656.2808278742272,
            -764.6079764550906,
            -582.9171442465224,
            -785.9724346849952,
            -586.9890646510001
        ],
        [
            0,
            0,
            0,
            0,
            0,
            0,
            0,
            0,
            0,
            0,
            -67.92818636152026,
            -49.10264622724609,
            -276.06611242624155,
            -341.7605448175747,
            -171.16875910820633,
            -330.45770728673847,
            -379.4762054904631,
            -686.1978029335514,
            -743.0154956562598,
            -488.78274734825,
            -610.7824913526848,
            -814.6136101905345,
            -534.283659200906,
            -748.262719046162,
            -741.357592815849,
            -683.0054392779182,
            -657.7997974202231,
            -869.1099795244509,
            -801.9567573484813,
            -703.62653507939,
            -967.2276640672588,
            -841.9595379910205,
            -867.008014487467,
            -744.587759959636,
            -650.8731051494354,
            -556.8333744811874,
            -638.8274749618954,
            -819.1226766133653,
            -905.6514244879442,
            -983.3523913706764,
            -1004.5813840473902,
            -558.0774589610002,
            -515.8815007960326,
            -638.0660669788272,
            -820.8868707257407,
            -602.3475449080056,
            -828.3934475132213,
            -901.543474062111,
            -252.54780074756906,
            -366.7129476610917,
            -157.7221147758065,
            -319.3904566968233,
            -469.6120471327496,
            -303.20336989025265,
            -580.6613351938222,
            -422.5826442172356
        ],
        [
            0,
            0,
            0,
            0,
            0,
            0,
            0,
            0,
            0,
            -43.97910870246282,
            -259.2503997378041,
            -179.89180874915027,
            -517.7150631170272,
            -589.0498905665171,
            -353.642565214483,
            -558.2344857395875,
            -618.1799607893861,
            -991.6626692396206,
            -1056.2214717228742,
            -752.3868731490422,
            -897.8516078539651,
            -1137.0709699109907,
            -814.9072334849949,
            -1066.5207856189593,
            -1064.6298003938637,
            -1005.5811380996389,
            -984.6848326904077,
            -1228.083835623536,
            -1159.9823649198613,
            -1057.652712781146,
            -1356.07277822687,
            -1223.5961195851087,
            -1256.962362735784,
            -1127.5972645488418,
            -1029.6963923873368,
            -931.1688110691636,
            -1025.2050070724613,
            -1226.0475777298132,
            -1323.295297116794,
            -1410.042302154433,
            -1434.233822005878,
            -946.9276015175037,
            -900.4266010220975,
            -1032.2899905286044,
            -1229.124078884043,
            -987.1309739405723,
            -1228.6029772519894,
            -1301.994781116239,
            -586.5674361786963,
            -701.2968527493854,
            -461.4657842528365,
            -623.615741947105,
            -770.7338179887702,
            -568.0045672203489,
            -847.8586304200694,
            -643.3374227934592
        ],
        [
            0,
            0,
            0,
            0,
            0,
            0,
            0,
            0,
            0,
            198.88134453784104,
            -28.343919111569498,
            128.28298680818327,
            -255.94043472399858,
            -297.35139782538795,
            26.559598198776357,
            -182.7197914864408,
            -219.77252282561417,
            -621.146599629468,
            -662.8702789700819,
            -285.24983916041987,
            -423.5870432277746,
            -667.6462759971486,
            -267.0801390420582,
            -502.70865746615453,
            -457.32995405768713,
            -351.9083557055262,
            -291.7218490493019,
            -524.4778582571969,
            -416.8155704849414,
            -274.30073733836406,
            -571.8060706869117,
            -400.75478434830825,
            -412.7429391298766,
            -249.88698645059043,
            -123.66384470944992,
            0.8398368873663807,
            -85.77133809312254,
            -290.19087337509615,
            -384.6294859107777,
            -470.1375166357144,
            -490.63631812999074,
            38.49530796740029,
            88.1689756489615,
            -57.92305284764136,
            -277.48303346333387,
            -27.534402567525873,
            -303.06273321896606,
            -401.931110729285,
            343.8518859274261,
            189.3251327367381,
            409.92879628041914,
            189.73450615986187,
            -23.849890639445068,
            127.06780921857711,
            -258.0108573625735,
            -145.93029357420048
        ],
        [
            0,
            0,
            0,
            0,
            0,
            0,
            0,
            43.97910870246282,
            -198.88134453784104,
            0,
            -328.59336863861574,
            -163.47703785484006,
            -639.2670857115065,
            -704.1337454792803,
            -348.36037828045147,
            -606.0722957239859,
            -664.9562833132289,
            -1132.9120137688838,
            -1193.4637311914717,
            -786.0208691555769,
            -954.8009238344317,
            -1239.3911291004954,
            -817.4849954109133,
            -1104.0810746683167,
            -1080.1556966657072,
            -989.9953342560976,
            -948.5223832552133,
            -1224.171731114169,
            -1128.7795715189825,
            -994.8692419468625,
            -1335.5066592299404,
            -1168.4550504327115,
            -1197.7674840244379,
            -1037.3971625383465,
            -915.2885801869235,
            -793.7065966074485,
            -897.4424880567537,
            -1125.7738282218395,
            -1234.05240866772,
            -1330.735951455125,
            -1355.6519654799044,
            -789.8692840808692,
            -735.4890891840924,
            -888.071857903685,
            -1116.3451671163753,
            -839.726791295186,
            -1121.3850113050648,
            -1210.5696869160806,
            -394.48297497346107,
            -534.7332026230101,
            -269.85991619164986,
            -468.44689208702414,
            -652.041432913288,
            -438.5236060922783,
            -780.3998098468305,
            -575.45887844661
        ],
        [
            0,
            0,
            0,
            0,
            0,
            0,
            67.92818636152026,
            259.2503997378041,
            28.343919111569498,
            328.59336863861574,
            0,
            211.69294971714345,
            -287.53080011452766,
            -331.5691459995485,
            81.92832754412863,
            -175.0390864421375,
            -215.91423283456632,
            -698.4969870852146,
            -741.123146712261,
            -282.14160531396465,
            -442.9102917319224,
            -727.5257018447293,
            -248.4731975518344,
            -518.0592518578543,
            -458.6578833109257,
            -331.09054495612145,
            -257.15199052272146,
            -520.2281060778522,
            -392.58256162046547,
            -226.19789909530326,
            -561.8175637387136,
            -363.95579066248007,
            -374.6958048579426,
            -187.6854628316687,
            -42.894227711384076,
            99.33900320967308,
            2.9517054466338393,
            -226.10276276457395,
            -331.14940785508514,
            -426.19428369591554,
            -448.32968646509727,
            145.81019230106313,
            201.24101128955363,
            37.07978898096122,
            -209.2902975181888,
            69.12206573422448,
            -240.04466823836208,
            -351.98454150694045,
            476.70637528544654,
            301.1896496094207,
            542.0852028191381,
            292.58188951325354,
            50.44226759530388,
            210.0453508834171,
            -220.54470094694818,
            -106.7166341640785
        ],
        [
            0,
            0,
            0,
            0,
            0,
            0,
            49.10264622724609,
            179.89180874915027,
            -128.28298680818327,
            163.47703785484006,
            -211.69294971714345,
            0,
            -541.9018367706047,
            -599.643545037984,
            -175.33694031321224,
            -456.81625843131087,
            -510.40662568770074,
            -1025.8977852867852,
            -1079.9106136496425,
            -610.0418726251916,
            -787.3134645025834,
            -1093.0666033349924,
            -607.8002928521796,
            -905.554371636696,
            -860.4566000640773,
            -744.08632734367,
            -682.7443037177355,
            -969.5607519391249,
            -851.0920485578838,
            -691.9440893690687,
            -1050.8360498077288,
            -857.6077052169921,
            -879.0255118529299,
            -695.4654236228699,
            -554.6448629424752,
            -415.56379979710096,
            -521.5097814692631,
            -763.008494051511,
            -875.4433635760457,
            -976.2802906733659,
            -1000.6758410496249,
            -389.2767222209047,
            -331.09465228249803,
            -497.23417381687125,
            -746.0576254916219,
            -453.26227056331805,
            -762.4223488066133,
            -866.3655396673572,
            -1.7275503769501668,
            -165.5475336165481,
            101.3012662286332,
            -130.66528152556526,
            -349.60000441836706,
            -151.091403532164,
            -545.6536596377566,
            -371.182346186901
        ],
        [
            0,
            0,
            0,
            0,
            0,
            0,
            276.06611242624155,
            517.7150631170272,
            255.94043472399858,
            639.2670857115065,
            287.53080011452766,
            541.9018367706047,
            0,
            -31.414229732164078,
            441.6217833727718,
            173.548824988318,
            143.69448864198847,
            -368.6883265158865,
            -399.62735999777317,
            114.14249079470642,
            -46.72448244397509,
            -341.3981593167334,
            196.08241167639005,
            -70.18099607354999,
            17.17888867962581,
            176.15718815639408,
            276.08005842470254,
            14.269897472710127,
            169.35154934246327,
            364.31075225462894,
            22.73990782159937,
            248.73171160393503,
            251.219738751718,
            462.73553350215815,
            627.8376082426171,
            788.696275682485,
            694.7857508197777,
            458.85681567258706,
            353.1004843934216,
            256.43270688244206,
            235.32839833873413,
            864.4393356761184,
            921.1919361860379,
            743.666039755,
            477.2112940545619,
            762.3946452818222,
            424.7339774936601,
            292.3247017112099,
            1146.6785716282798,
            939.3747242374485,
            1164.8924404918505,
            870.1079274740998,
            577.3084604169628,
            695.3778270664202,
            189.62941117656104,
            230.73908996566627
        ],
        [
            0,
            0,
            0,
            0,
            0,
            191.14955961010676,
            341.7605448175747,
            589.0498905665171,
            297.35139782538795,
            704.1337454792803,
            331.5691459995485,
            599.643545037984,
            31.414229732164078,
            0,
            495.62470308853466,
            216.68534975046578,
            186.6867277458058,
            -345.27195321927377,
            -375.7585908979402,
            159.35622984404216,
            -6.4324535316406815,
            -310.71965698501344,
            248.05060887649077,
            -25.44212806898529,
            67.03295007893385,
            233.22320504409734,
            338.13845807643975,
            69.72550151369997,
            231.3063925690065,
            433.72375647491737,
            83.253103777572,
            317.316452655067,
            321.0691534810446,
            539.7682646323929,
            710.4745380109902,
            876.5945957434044,
            780.6152199876889,
            538.6195850862737,
            430.34408676477904,
            331.3077170354866,
            309.7426254740912,
            955.3978254992359,
            1013.1630448594835,
            830.3535977140558,
            556.2384902555762,
            847.4795657661037,
            500.05200572712994,
            362.8011847343942,
            1235.1370965960673,
            1020.1028870685597,
            1246.9585565447248,
            941.5302379326723,
            637.9257695009546,
            751.5949814346321,
            231.1407935287985,
            262.5997702861976
        ],
        [
            0,
            0,
            0,
            0,
            0,
            187.49788826156595,
            171.16875910820633,
            353.642565214483,
            -26.559598198776357,
            348.36037828045147,
            -81.92832754412863,
            175.33694031321224,
            -441.6217833727718,
            -495.62470308853466,
            0,
            -310.83792244378077,
            -361.7712167748807,
            -933.0966256637506,
            -982.9533351179242,
            -446.3401160876136,
            -635.8235949362946,
            -967.9688975064053,
            -415.2822052372336,
            -730.3126243651523,
            -665.7227918964401,
            -523.8162404274383,
            -443.82214219404216,
            -746.9841314291634,
            -605.7390756243749,
            -421.12030329686155,
            -803.7967395488356,
            -583.6026532596989,
            -598.6446769596292,
            -391.11711809956495,
            -231.23241668587568,
            -74.2821914542689,
            -184.5187407720918,
            -442.4725537283588,
            -560.894419604381,
            -667.4461860770595,
            -692.0186062467029,
            -29.975808717772054,
            32.05682408648815,
            -149.32714935685974,
            -420.74128735020304,
            -109.61431275390515,
            -448.14744112757614,
            -566.937314445875,
            351.0479693631051,
            163.19117249772776,
            432.93041409246354,
            167.67616032458676,
            -85.21820269238904,
            98.47920564131968,
            -341.3175872306152,
            -194.94243184805518
        ],
        [
            0,
            0,
            0,
            0,
            0,
            330.6271185657485,
            330.45770728673847,
            558.2344857395875,
            182.7197914864408,
            606.0722957239859,
            175.0390864421375,
            456.81625843131087,
            -173.548824988318,
            -216.68534975046578,
            310.83792244378077,
            0,
            -41.0737170418052,
            -621.2882657474676,
            -661.2475675858822,
            -95.02168197820724,
            -280.1587574739493,
            -612.6671177014576,
            -26.730123523970292,
            -332.20347170758055,
            -246.97720443036687,
            -83.15301315176109,
            15.89523013131569,
            -280.1032319520908,
            -119.83961682721981,
            83.95910239071533,
            -296.0563611825706,
            -57.68087886130765,
            -61.923903128457596,
            161.2201303377075,
            334.29068207827555,
            503.13989629726984,
            396.77354155294444,
            137.82014300036712,
            20.692390868308074,
            -85.59248593380602,
            -109.3311219076792,
            568.327655726712,
            629.7485250397956,
            440.2418518079267,
            156.8058827495745,
            466.89836075734775,
            110.53031023932348,
            -23.747573449428952,
            896.9203826994165,
            685.2633930754399,
            935.7418206616496,
            636.5718159800643,
            344.7833490896859,
            487.80828461407094,
            -8.505320774658216,
            68.70316831803366
        ],
        [
            0,
            0,
            0,
            0,
            40.83841667374574,
            403.1965952731335,
            379.4762054904631,
            618.1799607893861,
            219.77252282561417,
            664.9562833132289,
            215.91423283456632,
            510.40662568770074,
            -143.69448864198847,
            -186.6867277458058,
            361.7712167748807,
            41.0737170418052,
            0,
            -598.2899309140073,
            -637.7595662495975,
            -51.54607442755857,
            -241.18940416052413,
            -582.6178820253549,
            23.387055617634825,
            -288.7232275248544,
            -198.55035011729194,
            -27.803217341625516,
            76.07573659003238,
            -226.03648202466354,
            -59.53291622110011,
            151.40481063502853,
            -236.9102122158825,
            9.168641235924925,
            6.202841999795033,
            236.18720635714,
            414.5933191430794,
            588.4350534783979,
            480.1716200225436,
            215.58538078620433,
            96.15130348191337,
            -12.293974831062453,
            -36.41989333138668,
            656.5229497537784,
            718.8150822248901,
            524.3954666053751,
            233.9209316023815,
            549.3554668819901,
            184.10934060907041,
            45.40711185840478,
            981.2863830948295,
            762.3847629040541,
            1012.9634083005342,
            704.0110816686083,
            402.5612810430542,
            539.705755310506,
            32.595226175498674,
            98.96526931576149
        ],
        [
            0,
            0,
            0,
            0,
            208.24473880228152,
            661.520622299366,
            686.1978029335514,
            991.6626692396206,
            621.146599629468,
            1132.9120137688838,
            698.4969870852146,
            1025.8977852867852,
            368.6883265158865,
            345.27195321927377,
            933.0966256637506,
            621.2882657474676,
            598.2899309140073,
            0,
            -21.724331800928212,
            600.9361049348231,
            423.41649793903787,
            89.43015403888592,
            738.70109927858,
            450.37988531330365,
            574.3481664891336,
            779.4924194161988,
            914.3723082434441,
            631.1633343769163,
            827.2909233677875,
            1067.3014854276855,
            691.4458390673306,
            964.1392882425318,
            979.8949706656133,
            1232.383170422671,
            1430.0709127945743,
            1621.020767767282,
            1521.1951911199671,
            1259.361301006197,
            1143.7698946985595,
            1037.010944216176,
            1013.8408796410838,
            1720.3182034227505,
            1779.2721506969576,
            1572.8282065289409,
            1264.9365252151488,
            1571.189576293347,
            1179.0202884429718,
            1013.1242430470922,
            1935.1587536333996,
            1675.1427302443813,
            1884.3438459372358,
            1516.418549105348,
            1145.6011589772236,
            1202.0701793321766,
            590.749672972945,
            514.8078563108068
        ],
        [
            0,
            0,
            0,
            0,
            289.810495521704,
            739.43168080756,
            743.0154956562598,
            1056.2214717228742,
            662.8702789700819,
            1193.4637311914717,
            741.123146712261,
            1079.9106136496425,
            399.62735999777317,
            375.7585908979402,
            982.9533351179242,
            661.2475675858822,
            637.7595662495975,
            21.724331800928212,
            0,
            641.3510921253575,
            459.09574003593417,
            116.14910467749692,
            784.0871513155936,
            488.6597120788528,
            616.6850201608951,
            827.8248270513742,
            966.7214288290795,
            677.033141151884,
            878.583276253432,
            1124.8994897420637,
            740.5353294972261,
            1020.1095118241576,
            1036.5895569914924,
            1295.1460998405596,
            1497.4618554395227,
            1692.7104077596152,
            1590.6048343870038,
            1322.947205330569,
            1204.721637325066,
            1095.4822589880946,
            1071.5213674172776,
            1791.964888912385,
            1851.2436619418295,
            1639.6949414747596,
            1324.7448776682963,
            1635.3740356858254,
            1234.4660164942895,
            1063.9240747506744,
            1998.6291902437981,
            1731.0573441797937,
            1938.6788132112981,
            1560.60249433932,
            1179.629997967037,
            1227.103282995556,
            604.6205215141975,
            509.067946398913
        ],
        [
            0,
            0,
            0,
            0,
            200.4656556492985,
            569.9579998837445,
            488.78274734825,
            752.3868731490422,
            285.24983916041987,
            786.0208691555769,
            282.14160531396465,
            610.0418726251916,
            -114.14249079470642,
            -159.35622984404216,
            446.3401160876136,
            95.02168197820724,
            51.54607442755857,
            -600.9361049348231,
            -641.3510921253575,
            0,
            -204.79880398318662,
            -574.0526247714479,
            86.568561281238,
            -248.68132330049733,
            -148.092847352003,
            38.96009413813791,
            153.2943470086936,
            -169.75364420977604,
            11.630140399262691,
            240.21685255389022,
            -174.76083655942804,
            90.96416880583904,
            89.32878065970681,
            336.83974665387404,
            528.6293511211104,
            715.0582829911837,
            599.8546441261313,
            317.9222227690172,
            190.95245893695116,
            75.6963316891658,
            50.11507354882004,
            786.179611130106,
            851.0230580946561,
            643.2547701630025,
            334.0040561501318,
            665.4414223194236,
            277.4256720847983,
            128.8765357298017,
            1107.5895608001586,
            871.8111884180056,
            1124.5891515910296,
            793.6912309826898,
            472.44904330193907,
            596.5448722106252,
            76.09602932891859,
            118.87331630418949
        ],
        [
            0,
            0,
            0,
            0,
            283.1754263599072,
            689.4120520320243,
            610.7824913526725,
            897.8516078539651,
            423.5870432277722,
            954.800923834436,
            442.9102917319242,
            787.313464502586,
            46.72448244397509,
            6.4324535316406815,
            635.8235949362946,
            280.1587574739493,
            241.18940416052413,
            -423.41649793903787,
            -459.09574003593417,
            204.79880398318662,
            0,
            -373.40999239339277,
            311.601076397957,
            -22.160988025889928,
            90.26206460996754,
            290.64456260708306,
            416.036938534648,
            93.59094441453207,
            286.6239703555315,
            527.3100144970058,
            109.81704251340798,
            387.36183572437375,
            391.2071811748278,
            648.8489581733286,
            848.9015245518888,
            1042.7625752457543,
            928.1897757244055,
            642.9736097490838,
            515.1691379797192,
            398.6034772391195,
            372.63814146783585,
            1121.4011282799725,
            1185.322283929221,
            970.732937099605,
            651.9795156462152,
            983.3631586728513,
            582.2496020806516,
            423.105904556299,
            1404.7113473773225,
            1152.4185033250844,
            1391.3921643469778,
            1037.4149888260717,
            690.3944114983404,
            783.6757213907559,
            229.1442390420895,
            213.07171185674534
        ],
        [
            0,
            0,
            0,
            160.43564533018406,
            417.888271754735,
            876.2022997946848,
            814.6136101905345,
            1137.0709699109907,
            667.6462759971486,
            1239.3911291004954,
            727.5257018447293,
            1093.0666033349924,
            341.3981593167334,
            310.71965698501344,
            967.9688975064053,
            612.6671177014576,
            582.6178820253549,
            -89.43015403888592,
            -116.14910467749692,
            574.0526247714479,
            373.40999239339277,
            0,
            714.846423185954,
            390.1797581645945,
            521.4985125805287,
            741.9017262496427,
            884.7420757501366,
            569.1466736523033,
            779.4815936386266,
            1037.5255898211908,
            622.6923335102865,
            916.5061576884418,
            929.9850115235055,
            1201.3431854036812,
            1412.7993966194288,
            1616.7367320635808,
            1505.069718291553,
            1218.3832300538045,
            1090.8873233718834,
            973.5207801394462,
            946.9508602740866,
            1706.963707709349,
            1768.1278753207223,
            1544.2065964362332,
            1212.584303953068,
            1538.9822876184826,
            1119.2760006936537,
            942.5274129112829,
            1917.2037114043324,
            1638.0545534813211,
            1849.9851867029074,
            1457.8242306975264,
            1066.4502946720586,
            1103.8941172036727,
            484.1979079852126,
            352.87364980419335
        ],
        [
            0,
            0,
            0,
            153.3362151958341,
            266.4837209666408,
            674.8550060303428,
            534.283659200906,
            814.9072334849999,
            267.0801390420582,
            817.4849954109103,
            248.4731975518344,
            607.800292852176,
            -196.08241167639005,
            -248.05060887649077,
            415.2822052372336,
            26.730123523970292,
            -23.387055617634825,
            -738.70109927858,
            -784.0871513155936,
            -86.568561281238,
            -311.601076397957,
            -714.846423185954,
            0,
            -367.3419205252278,
            -261.9172806299357,
            -63.28503879680337,
            56.543070265556,
            -294.9644388704721,
            -102.6287110526124,
            140.2307462848932,
            -308.38153425392767,
            -25.544891616037564,
            -29.623557071647564,
            233.35072349887832,
            436.4486406827227,
            633.6699284894195,
            508.6721216141665,
            206.3506378537751,
            70.07844369041852,
            -53.09849533062343,
            -80.3146767797655,
            701.2222435881877,
            769.4659068175579,
            549.4165798154379,
            223.43339096240356,
            573.9022322382791,
            167.52262055517545,
            14.784035340614,
            1037.9132165777194,
            792.5720246743306,
            1051.82116369654,
            710.7667586389678,
            385.9171450632831,
            504.25036013712685,
            12.069940361112558,
            48.29427001721869
        ],
        [
            0,
            0,
            0,
            283.8677877556451,
            418.9503801785385,
            886.1324086149127,
            748.262719046162,
            1066.5207856189593,
            502.70865746615453,
            1104.0810746683167,
            518.0592518578543,
            905.554371636696,
            70.18099607354999,
            25.44212806898529,
            730.3126243651523,
            332.20347170758055,
            288.7232275248544,
            -450.37988531330365,
            -488.6597120788528,
            248.68132330049733,
            22.160988025889928,
            -390.1797581645945,
            367.3419205252278,
            0,
            124.5587379796569,
            345.1806895868809,
            482.9245184723999,
            130.25828055881595,
            341.79170604665256,
            604.7431859883462,
            149.6386228621557,
            452.2208465793212,
            456.4292458357139,
            736.1793156799257,
            952.7033996957954,
            1161.8748134420287,
            1036.7068105240087,
            727.390979403337,
            588.6185400956484,
            462.2296394621725,
            433.5047153994924,
            1235.8558733721693,
            1301.3466747927314,
            1068.635953510496,
            725.7571203690742,
            1074.2725575704997,
            645.374691694543,
            473.98420453500813,
            1494.9754328679644,
            1219.9113756134914,
            1448.9534962212624,
            1066.687734770257,
            696.2447819702764,
            746.1188213794621,
