{
    "bin_ranges": {
        "m3pi_lower_limit": 1.9000000000000001,
        "m3pi_upper_limit": 1.9400000000000002,
        "t_lower_limit": 0.1,
        "t_upper_limit": 0.141
    },
    "info": "The dalitz matrix M is computed as sqrt(-Kibble) * (A[1]-A[2])",
    "bin_centers": [
        0.29900000000000004,
        0.33999999999999997,
        0.38,
        0.42000000000000004,
        0.45999999999999996,
        0.5,
        0.54,
        0.5800000000000001,
        0.62,
        0.66,
        0.69,
        0.71,
        0.73,
        0.75,
        0.77,
        0.79,
        0.81,
        0.83,
        0.85,
        0.87,
        0.89,
        0.91,
        0.94,
        0.98,
        1.02,
        1.06,
        1.1,
        1.1400000000000001,
        1.18,
        1.22,
        1.26,
        1.3,
        1.34,
        1.38,
        1.42,
        1.46,
        1.5,
        1.54,
        1.58,
        1.62,
        1.66,
        1.7,
        1.74,
        1.78
    ],
    "real(M)": [
        [
            0,
            0,
            0,
            0,
            0,
            0,
            0,
            0,
            0,
            0,
            0,
            0,
            0,
            0,
            0,
            0,
            0,
            0,
            0,
            0,
            0,
            0,
            0,
            0,
            0,
            0,
            37.30425342049574,
            116.84456902616888,
            141.30111566499923,
            177.31756509590778,
            171.02921370101495,
            168.81992786795897,
            158.65796474811975,
            169.52188940456125,
            122.3496251274532,
            145.62629119111392,
            102.20893824192174,
            65.28261942822908,
            0,
            0,
            0,
            0,
            0,
            0
        ],
        [
            0,
            0,
            0,
            0,
            0,
            0,
            0,
            0,
            0,
            0,
            0,
            0,
            0,
            0,
            0,
            0,
            0,
            0,
            0,
            0,
            0,
            59.673764991803125,
            121.81941152788804,
            172.56982187611828,
            209.61037973212447,
            241.70712767382446,
            253.75439044657247,
            273.0557438188863,
            254.71142073599654,
            290.5569939619841,
            253.4899576595031,
            236.27837109941888,
            212.18513261408967,
            233.067312347879,
            153.22183700223508,
            214.55154462422672,
            157.30781645998593,
            134.28262151149048,
            97.44197279051066,
            135.41846351482198,
            68.49206864478849,
            0,
            0,
            0
        ],
        [
            0,
            0,
            0,
            0,
            0,
            0,
            0,
            0,
            0,
            0,
            0,
            0,
            0,
            0,
            0,
            52.76562694744505,
            106.376511969974,
            191.3466752918342,
            167.36168080125137,
            160.695203683714,
            201.93813214297558,
            212.17491734313063,
            252.0879197911464,
            285.58396307291366,
            312.0744594069791,
            338.3913981362835,
            339.9807534676714,
            355.7071101429926,
            322.1679575105642,
            364.7985467867387,
            310.9137274992989,
            285.5922980922093,
            252.62375702665852,
            280.3113550554796,
            175.89387448262337,
            260.1661488857243,
            187.69515617759285,
            162.45606981721036,
            119.36942436676333,
            197.10070768820609,
            134.93384680599138,
            220.90617697720998,
            0,
            0
        ],
        [
            0,
            0,
            0,
            0,
            0,
            0,
            0,
            0,
            0,
            0,
            0,
            -4.255941488495877,
            0.8613065347437473,
            54.907530606319305,
            29.704788018277995,
            51.05060200866933,
            80.23437536039255,
            183.35186756062564,
            98.58879927793437,
            59.86738877702513,
            98.97088828395133,
            93.79993822771448,
            123.71117422266163,
            139.98480538453285,
            150.78345980633398,
            164.4398453425056,
            149.8201642601877,
            155.58008038181845,
            103.27847827194024,
            146.70358258715703,
            74.91628988157936,
            40.455927991018115,
            -0.7318273473892892,
            33.8484418701287,
            -88.34570969065713,
            20.516739913907927,
            -56.94372924380734,
            -73.30627122082099,
            -107.15502665880628,
            18.363242836046847,
            -21.696744895032715,
            187.95957280814616,
            -13.477121839654597,
            0
        ],
        [
            0,
            0,
            0,
            0,
            0,
            0,
            0,
            0,
            0,
            38.0993697374699,
            71.88092716430518,
            54.81385783958819,
            75.28188207387522,
            169.24838990310272,
            131.60410805458508,
            165.5966655215284,
            208.3900300005006,
            347.17448125256004,
            237.43253315810023,
            190.83707121570143,
            243.4409388413349,
            239.95805358429092,
            281.05885004333874,
            306.00428064066193,
            323.7710724700274,
            344.3818288372819,
            331.1400786602086,
            341.42824918936304,
            283.49445752654475,
            336.404785181068,
            254.96968643110245,
            216.19016867611404,
            168.8418369682473,
            207.8930761856377,
            65.00830874506272,
            187.27361945056066,
            92.95906891018288,
            67.21261478431896,
            18.568366802127827,
            153.98798027275785,
            91.38735526546644,
            333.09894931564264,
            45.550669887689295,
            0
        ],
        [
            0,
            0,
            0,
            0,
            0,
            0,
            0,
            12.341606929691032,
            6.118400814219775,
            19.695227402839436,
            49.11426480224707,
            14.270359960104564,
            33.70436104685902,
            147.2849351654267,
            91.13805015799745,
            126.49058180093915,
            172.22568667327343,
            333.2693533199059,
            194.9601807838811,
            134.33284794312718,
            191.73532454111054,
            183.1111490714068,
            224.74421710102237,
            245.9591118049272,
            259.630068600208,
            277.26820103425814,
            257.10101222859953,
            264.4751711714939,
            195.49683979647904,
            252.45250380439458,
            158.81809331917881,
            114.13084654126381,
            60.71354417193972,
            105.0663483665067,
            -53.583371600461064,
            85.91324624257244,
            -16.157614109226067,
            -40.120414194013286,
            -88.35613318439327,
            72.8538691140165,
            13.628376062193796,
            309.0891105134115,
            0.8622205126585827,
            0
        ],
        [
            0,
            0,
            0,
            0,
            0,
            0,
            0,
            41.26739662335255,
            -9.776783032991364,
            2.6489867418844883,
            35.49472377531532,
            -10.14262109495934,
            11.39030991337213,
            144.46861040072795,
            75.11832776476493,
            114.10228384649831,
            164.7526161455627,
            347.86188921236993,
            186.10641163128324,
            114.74581653386835,
            178.2842747818465,
            166.69060137252976,
            211.20242772853356,
            231.90328403589967,
            244.3962731985512,
            261.5853148408547,
            237.005105690842,
            243.38846712327666,
            165.57284778852878,
            227.40431097372678,
            123.26024295490312,
            73.59374738071523,
            14.728596657608575,
            63.76248585387578,
            -109.92893823639918,
            44.28455215843172,
            -66.30871788900392,
            -90.64653190885724,
            -141.0361219441725,
            39.19506044304694,
            -21.53385791927535,
            310.1893742210646,
            -21.50642620908856,
            0
        ],
        [
            0,
            0,
            0,
            0,
            0,
            -12.341606929691032,
            -41.26739662335255,
            0,
            -84.0136161044314,
            -80.12614913974748,
            -49.52593357897665,
            -107.85789963853726,
            -87.68360934654314,
            59.775907566409046,
            -24.294004007385794,
            15.18485954640194,
            67.63492127040688,
            268.382437981497,
            82.67247258719,
            -0.9782734390675105,
            65.90014193574042,
            49.32789906614733,
            93.33429232524057,
            109.64314316089686,
            117.49205022530944,
            131.09739035099784,
            99.62533817743139,
            102.7362527380705,
            14.764595361218953,
            79.73375899886881,
            -35.10201570280411,
            -89.71392559988111,
            -153.30849921562742,
            -98.93651755871234,
            -284.63284568343835,
            -114.28063974432213,
            -228.86919851459547,
            -248.54523854213645,
            -294.26427933893837,
            -89.35228788387815,
            -140.5013492112553,
            232.535457086913,
            -93.53984330963674,
            0
        ],
        [
            0,
            0,
            0,
            0,
            0,
            -6.118400814219775,
            9.776783032991364,
            84.0136161044314,
            0,
            20.031908297839017,
            64.86961723480314,
            5.310937130549971,
            34.03411405818213,
            204.0775061015596,
            115.59502446000694,
            164.26612706085615,
            226.799886754809,
            452.0324817425164,
            251.88008542971355,
            164.27248333428403,
            241.45667620601319,
            227.13482304725292,
            280.4769803773694,
            304.735686052768,
            319.1175778950112,
            339.0431596475568,
            309.5387021251919,
            316.7100589527093,
            224.98328349679304,
            297.18366984167784,
            175.11269534345874,
            116.97488691458246,
            48.26258209929441,
            104.81782829496696,
            -96.78939002200546,
            80.83069988641856,
            -47.55724784748792,
            -76.48626107491648,
            -135.27015440998645,
            68.40877389046497,
            -3.0920079817316912,
            361.1936267593046,
            -10.448968713481545,
            0
        ],
        [
            0,
            0,
            0,
            0,
            -38.0993697374699,
            -19.695227402839436,
            -2.6489867418844883,
            80.12614913974748,
            -20.031908297839017,
            0,
            47.84639119459441,
            -19.147758229167174,
            11.392368325213738,
            196.53398820114836,
            98.37192544948466,
            150.21011310345523,
            216.96278526511136,
            460.0908172121137,
            241.6258050145321,
            145.67441893997534,
            228.06159792741968,
            211.56920444244145,
            267.5857844695195,
            291.81165194119484,
            305.5497001480866,
            325.36959043802506,
            292.4387664999051,
            298.9515124016604,
            200.1038929774953,
            276.35466078788016,
            145.82686986362393,
            83.76457018822333,
            10.83234990001486,
            71.12870561410794,
            -141.78770557681034,
            47.03647858404047,
            -87.21203090375518,
            -115.78400546295316,
            -174.84773329022104,
            40.87374461163559,
            -29.870609400063007,
            343.1347362071267,
            -23.622150221744597,
            0
        ],
        [
            0,
            0,
            0,
            0,
            -71.88092716430518,
            -49.11426480224707,
            -35.49472377531532,
            49.52593357897665,
            -64.86961723480314,
            -47.84639119459441,
            0,
            -73.55738181603277,
            -43.042829798710805,
            151.49509955970336,
            45.292519831061064,
            98.20225800591948,
            166.81562466735494,
            421.545301568613,
            189.04518237597753,
            86.15763913663679,
            171.26259434997323,
            152.2906021911195,
            208.87297401431056,
            231.43503363093262,
            243.23899946786824,
            261.6783351384341,
            225.196439001656,
            230.31484197941708,
            125.72627316304634,
            204.33760072442627,
            67.6392842612916,
            2.8841385982563703,
            -72.61380888174416,
            -9.036706970024962,
            -228.55376876961233,
            -30.602593599113938,
            -166.63649145334466,
            -192.14596791508157,
            -247.59402857849645,
            -20.135487158487887,
            -84.01646144579378,
            296.12541255853955,
            -45.309590228675376,
            0
        ],
        [
            0,
            0,
            0,
            4.255941488495877,
            -54.81385783958819,
            -14.270359960104564,
            10.14262109495934,
            107.85789963853726,
            -5.310937130549971,
            19.147758229167174,
            73.55738181603277,
            0,
            34.538994523940026,
            238.99045963815541,
            131.4235914517951,
            188.66853210329657,
            261.9983907208769,
            527.5640859847049,
            289.34880475219603,
            185.17102717339134,
            275.05212437547914,
            257.4013572667232,
            318.4802066889751,
            345.0444348452882,
            360.1555928295088,
            381.7120303850096,
            346.3882749455666,
            353.43800565403143,
            247.37041146180633,
            328.96356851591105,
            189.09314166764585,
            122.56871977186597,
            44.50556506609161,
            108.1869352963848,
            -118.43729551021435,
            80.82407585478325,
            -61.98556041322002,
            -93.02188542282765,
            -155.67067969436198,
            66.10227681879489,
            -9.546967692517743,
            348.1745676950489,
            -9.861656086721093,
            0
        ],
        [
            0,
            0,
            0,
            -0.8613065347437473,
            -75.28188207387522,
            -33.70436104685902,
            -11.39030991337213,
            87.68360934654314,
            -34.03411405818213,
            -11.392368325213738,
            43.042829798710805,
            -34.538994523940026,
            0,
            210.28208342912862,
            97.76191999945442,
            155.69209822906257,
            230.19761908552522,
            502.98639590914,
            256.07763528136064,
            147.60943830226415,
            239.194616543636,
            220.01834672748842,
            281.46756898834644,
            307.0186801680957,
            320.9438998415383,
            341.6521880028407,
            304.13822399806907,
            310.32723259218943,
            200.7411538708509,
            283.770636527625,
            140.16394117224746,
            72.04626772113346,
            -7.48913826611196,
            58.20266645495213,
            -172.08549198516852,
            32.56360340168061,
            -110.88927626332675,
            -139.7131488883459,
            -199.50469196028186,
            28.580504816664227,
            -41.85623388377096,
            312.91705195715787,
            -16.74763647719727,
            0
        ],
        [
            0,
            0,
            0,
            -54.907530606319305,
            -169.24838990310272,
            -147.2849351654267,
            -144.46861040072795,
            -59.775907566409046,
            -204.0775061015596,
            -196.53398820114836,
            -151.49509955970336,
            -238.99045963815541,
            -210.28208342912862,
            0,
            -122.76985910029805,
            -69.45261695550046,
            1.0935265984079958,
            275.9563501016219,
            15.885731894508451,
            -101.30293172103299,
            -12.45488525172029,
            -37.31441580245945,
            18.52775539528073,
            35.8041557964018,
            42.072226639730744,
            56.27464489946099,
            11.835824163049772,
            13.31448357187893,
            -102.52955351535998,
            -19.924651516845152,
            -167.71839825344523,
            -236.67191200600695,
            -315.4814996828121,
            -244.18310089417673,
            -472.3147524992018,
            -255.05828657731988,
            -388.92183315790004,
            -402.5424699202112,
            -442.66292210629666,
            -187.48960132464143,
            -223.61420484282894,
            165.8016655676478,
            -9.348407513572266,
            0
        ],
        [
            0,
            0,
            0,
            -29.704788018277995,
            -131.60410805458508,
            -91.13805015799745,
            -75.11832776476493,
            24.294004007385794,
            -115.59502446000694,
            -98.37192544948466,
            -45.292519831061064,
            -131.4235914517951,
            -97.76191999945463,
            122.76985910029805,
            0,
            58.44117931986598,
            134.41885188854957,
            420.22903170295587,
            156.0395479132287,
            38.708043207179834,
            132.87762776576457,
            110.16200736049717,
            171.41785062918967,
            193.94643578521132,
            204.6479314492826,
            222.90950091836572,
            180.5598593134082,
            184.59096173089182,
            68.03838230541301,
            153.5941472816457,
            3.0911057826156196,
            -67.64111617277928,
            -149.23341651308218,
            -78.91749176527286,
            -314.29964594790664,
            -98.27575716729913,
            -240.16390505792174,
            -261.65131096145865,
            -311.6241858834181,
            -68.66279266335471,
            -121.40560491871258,
            223.49023082648733,
            0,
            0
        ],
        [
            0,
            0,
            -52.76562694744505,
            -51.05060200866933,
            -165.5966655215284,
            -126.49058180093915,
            -114.10228384649831,
            -15.18485954640194,
            -164.26612706085615,
            -150.21011310345523,
            -98.20225800591948,
            -188.66853210329657,
            -155.69209822906234,
            69.45261695550046,
            -58.44117931986598,
            0,
            76.44286998558283,
            368.21780474373975,
            95.59275177928816,
            -26.161378881625048,
            69.03558288564696,
            44.44725878321806,
            105.34126646414227,
            126.1109863639919,
            135.003529500566,
            151.8725753300627,
            107.06138360455589,
            109.95337191633081,
            -9.910746875355231,
            76.83586334776992,
            -76.74467782710693,
            -148.4497564896595,
            -230.60983565416873,
            -157.7112138495371,
            -394.56198420913614,
            -172.68163082412647,
            -312.48600877968636,
            -329.0283934026165,
            -372.23080877335696,
            -121.04844096953245,
            -161.35360246172556,
            175.0243849852778,
            0,
            0
        ],
        [
            0,
            0,
            -106.376511969974,
            -80.23437536039255,
            -208.3900300005006,
            -172.22568667327343,
            -164.7526161455627,
            -67.63492127040688,
            -226.799886754809,
            -216.96278526511136,
            -166.81562466735494,
            -261.9983907208769,
            -230.19761908552522,
            -1.0935265984079958,
            -134.41885188854957,
            -76.44286998558283,
            0,
            297.1019363486203,
            15.912724514967246,
            -110.51131091103728,
            -14.706290075952676,
            -41.46747725321745,
            18.561080506456996,
            37.01187920898686,
            43.617695828780576,
            58.68626338469038,
            11.145318016206385,
            12.676919936301173,
            -110.49805073889404,
            -22.659646620154792,
            -179.03638983117438,
            -251.37499734949358,
            -333.5831953012861,
            -257.6105891499398,
            -494.7520702338968,
            -266.3362486929963,
            -402.406070345633,
            -412.1509939063468,
            -446.01235629725494,
            -184.40804138428413,
            -207.1564679637991,
            121.04276082949022,
            0,
            0
        ],
        [
            0,
            0,
            -191.3466752918342,
            -183.35186756062564,
            -347.17448125256004,
            -333.2693533199059,
            -347.86188921236993,
            -268.382437981497,
            -452.0324817425164,
            -460.0908172121137,
            -421.545301568613,
            -527.5640859847049,
            -502.98639590914,
            -275.9563501016219,
            -420.22903170295587,
            -368.21780474374003,
            -297.1019363486203,
            0,
            -294.39514659038645,
            -430.0730089049993,
            -338.23812609042994,
            -371.4484781177053,
            -318.40511916123313,
            -309.647297962441,
            -311.8129414543656,
            -304.1051255977456,
            -358.88376931588164,
            -362.19675909679904,
            -490.8860707332652,
            -403.11771626825015,
            -561.8087105662578,
            -632.8564696581357,
            -711.460873987756,
            -627.0538293793267,
            -856.4190288288147,
            -611.5972362122031,
            -730.2543917260244,
            -715.8417168583761,
            -717.6790002356158,
            -416.8528454989691,
            -378.84047100146705,
            7.97611642440408,
            0,
            0
        ],
        [
            0,
            0,
            -167.36168080125137,
            -98.58879927793437,
            -237.43253315810023,
            -194.9601807838811,
            -186.10641163128324,
            -82.67247258719,
            -251.88008542971355,
            -241.6258050145321,
            -189.04518237597753,
            -289.34880475219603,
            -256.07763528136104,
            -15.885731894508451,
            -156.0395479132287,
            -95.59275177928816,
            -15.912724514967246,
            294.39514659038645,
            0,
            -132.36448063153105,
            -32.634411110227745,
            -60.843041553738125,
            1.30895447345765,
            19.962218054342312,
            26.32177371943638,
            41.52014564950478,
            -8.18324615184783,
            -6.858004934535814,
            -134.45278699619283,
            -43.62805249500139,
            -204.7987030011414,
            -278.73696682867893,
            -362.270717998137,
            -283.1209723104231,
            -523.5242584714327,
            -288.50955568171923,
            -423.09658791478415,
            -427.8158819325309,
            -453.3989061894409,
            -188.56432191469577,
            -193.05566055403852,
            39.73432861934451,
            0,
            0
        ],
        [
            0,
            0,
            -160.69520368371406,
            -59.86738877702513,
            -190.83707121570143,
            -134.33284794312718,
            -114.74581653386835,
            0.9782734390675105,
            -164.27248333428403,
            -145.67441893997534,
            -86.15763913663679,
            -185.17102717339134,
            -147.60943830226415,
            101.30293172103299,
            -38.708043207179834,
            26.161378881625048,
            110.51131091103728,
            430.0730089049993,
            132.36448063153105,
            0,
            104.25558503271425,
            77.92454205773501,
            144.67686363842967,
            167.77894920878308,
            177.8372180991928,
            196.33520478737074,
            148.2608355598183,
            151.46345937129814,
            23.12469437867087,
            115.79421236105875,
            -47.84958195022897,
            -123.72903588310844,
            -210.0708527402138,
            -133.00639982707838,
            -379.26650112157773,
            -148.0444973119551,
            -289.75912928640156,
            -302.56386905053915,
            -337.44351136637613,
            -91.42559009601224,
            -112.43821968656637,
            0,
            0,
            0
        ],
        [
            0,
            0,
            -201.93813214297558,
            -98.97088828395133,
            -243.4409388413349,
            -191.73532454111054,
            -178.2842747818465,
            -65.90014193574042,
            -241.45667620601319,
            -228.06159792741968,
            -171.26259434997323,
            -275.05212437547874,
            -239.194616543636,
            12.45488525172029,
            -132.87762776576457,
            -69.03558288564689,
            14.706290075952664,
            338.23812609042994,
            32.634411110227745,
            -104.25558503271425,
            0,
            -28.670416132954408,
            36.651898153956104,
            56.960945534050154,
            64.38034527245752,
            80.78139421589692,
            30.016825198741056,
            31.82187203113073,
            -99.2145197690074,
            -5.599302945583488,
            -170.90242540826793,
            -246.424357089023,
            -331.4813357175245,
            -250.6509899071406,
            -494.03038030742096,
            -256.0458580250065,
            -390.19449082509936,
            -392.4139311260412,
            -411.9350549213624,
            -153.2193455455156,
            -139.3071034114289,
            0,
            0,
            0
        ],
        [
            0,
            -59.673764991803125,
            -212.17491734313063,
            -93.79993822771448,
            -239.95805358429092,
            -183.1111490714068,
            -166.69060137252976,
            -49.32789906614733,
            -227.13482304725292,
            -211.56920444244145,
            -152.2906021911195,
            -257.4013572667232,
            -220.01834672748842,
            37.31441580245945,
            -110.16200736049717,
            -44.44725878321806,
            41.46747725321745,
            371.4484781177053,
            60.843041553738125,
            -77.92454205773501,
            28.670416132954408,
            0,
            67.097124854235,
            88.52921661408395,
            96.74037474020255,
            113.93866101847561,
            62.8775632908485,
            65.021892341442,
            -67.48928572973034,
            27.334716008109936,
            -139.84375094385445,
            -216.1837841784314,
            -302.06986329325775,
            -220.94362469335366,
            -465.5734166483058,
            -227.41072173439932,
            -361.50515057999206,
            -363.16086174728895,
            -380.04607746316526,
            -127.89120978812271,
            -101.53911060447258,
            0,
            0,
            0
        ],
        [
            0,
            -121.81941152788804,
            -252.0879197911464,
            -123.71117422266163,
            -281.05885004333874,
            -224.74421710102237,
            -211.20242772853356,
            -93.33429232524057,
            -280.4769803773694,
            -267.5857844695195,
            -208.87297401431056,
            -318.4802066889751,
            -281.46756898834644,
            -18.52775539528073,
            -171.41785062918967,
            -105.34126646414227,
            -18.561080506456975,
            318.40511916123313,
            -1.30895447345765,
            -144.67686363842967,
            -36.651898153956104,
            -67.097124854235,
            0,
            20.016151491862882,
            26.74772412858263,
            42.89787056370991,
            -10.254383892794753,
            -8.831788728034319,
            -143.94730310724555,
            -47.566095522060564,
            -216.53099080639083,
            -292.4844469098227,
            -377.0651278924373,
            -292.4519787922457,
            -533.5196978337849,
            -290.15891185221403,
            -415.657463542337,
            -405.9925412468831,
            -404.0222805842164,
            -144.60888184730499,
            0,
            0,
            0,
            0
        ],
        [
            0,
            -172.56982187611828,
            -285.58396307291366,
            -139.98480538453285,
            -306.00428064066193,
            -245.9591118049272,
            -231.90328403589967,
            -109.64314316089686,
            -304.735686052768,
            -291.81165194119484,
            -231.43503363093262,
            -345.0444348452882,
            -307.0186801680957,
            -35.8041557964018,
            -193.94643578521132,
            -126.1109863639919,
            -37.01187920898686,
            309.647297962441,
            -19.962218054342312,
            -167.77894920878308,
            -56.960945534050154,
            -88.52921661408395,
            -20.016151491862882,
            0,
            6.436805271458825,
            22.567651302730184,
            -32.03416888648556,
            -30.72864197299583,
            -168.24319081799308,
            -70.00946706314764,
            -240.76202105154064,
            -316.3640410223513,
            -399.67372561239586,
            -312.39405171215844,
            -548.7395478081805,
            -303.0445003223058,
            -418.5622921070551,
            -396.7100789179721,
            -370.25260122374925,
            -107.81947568606667,
            0,
            0,
            0,
            0
        ],
        [
            0,
            -209.61037973212447,
            -312.07445940697914,
            -150.78345980633398,
            -323.7710724700274,
            -259.630068600208,
            -244.3962731985512,
            -117.49205022530944,
            -319.1175778950112,
            -305.5497001480866,
            -243.23899946786824,
            -360.1555928295088,
            -320.9438998415383,
            -42.072226639730744,
            -204.6479314492826,
            -135.003529500566,
            -43.617695828780576,
            311.8129414543656,
            -26.321773719436376,
            -177.8372180991928,
            -64.38034527245752,
            -96.74037474020255,
            -26.74772412858263,
            -6.436805271458825,
            0,
            16.313594075978987,
            -39.29071899175096,
            -37.94192254479608,
            -177.06638972459254,
            -77.41330869657317,
            -248.94775161260944,
            -323.657857805744,
            -404.99269980530926,
            -315.639240848996,
            -544.5687352948524,
            -298.89076779717396,
            -401.37523098699245,
            -364.1510143815406,
            -301.0754340436819,
            0,
            0,
            0,
            0,
            0
        ],
        [
            0,
            -241.70712767382446,
            -338.3913981362835,
            -164.4398453425056,
            -344.3818288372819,
            -277.26820103425814,
            -261.5853148408547,
            -131.09739035099784,
            -339.0431596475568,
            -325.36959043802506,
            -261.6783351384341,
            -381.7120303850093,
            -341.652188002841,
            -56.27464489946099,
            -222.90950091836572,
            -151.87257533006263,
            -58.68626338469035,
            304.1051255977456,
            -41.520145649504805,
            -196.33520478737074,
            -80.78139421589692,
            -113.93866101847561,
            -42.89787056370991,
            -22.567651302730184,
            -16.313594075978987,
            0,
            -56.41546660447929,
            -55.02363595450411,
            -194.9383507610679,
            -94.23964397721157,
            -265.1745493690857,
            -337.92546442918365,
            -415.7960532453525,
            -324.0768574946122,
            -541.0997920397521,
            -296.4071191358029,
            -379.3332605001212,
            -317.3886152282723,
            -172.9717072504947,
            0,
            0,
            0,
            0,
            0
        ],
        [
            -37.30425342049574,
            -253.75439044657247,
            -339.9807534676714,
            -149.8201642601877,
            -331.1400786602086,
            -257.10101222859953,
            -237.005105690842,
            -99.62533817743139,
            -309.5387021251915,
            -292.4387664999051,
            -225.196439001656,
            -346.3882749455663,
            -304.13822399806907,
            -11.83582416304977,
            -180.55985931340803,
            -107.06138360455593,
            -11.14531801620638,
            358.8837693158816,
            8.18324615184783,
            -148.26083555981833,
            -30.01682519874105,
            -62.87756329084849,
            10.254383892794753,
            32.03416888648557,
            39.29071899175095,
            56.415466604479285,
            0,
            1.5895753169045455,
            -138.55220249444065,
            -38.11908391682891,
            -208.43607469149626,
            -280.2666707516097,
            -356.0543137096323,
            -265.740278354009,
            -470.8255418300019,
            -235.30349573779472,
            -299.0472103109797,
            -207.0888088663428,
            0,
            0,
            0,
            0,
            0,
            0
        ],
        [
            -116.84456902616924,
            -273.0557438188862,
            -355.7071101429926,
            -155.58008038181845,
            -341.42824918936304,
            -264.4751711714939,
            -243.38846712327666,
            -102.7362527380705,
            -316.7100589527093,
            -298.9515124016604,
            -230.31484197941722,
            -353.43800565403126,
            -310.32723259218955,
            -13.31448357187893,
            -184.59096173089176,
            -109.95337191633077,
            -12.676919936301168,
            362.19675909679904,
            6.858004934535812,
            -151.46345937129814,
            -31.82187203113073,
            -65.021892341442,
            8.831788728034319,
            30.72864197299583,
            37.94192254479608,
            55.02363595450411,
            -1.5895753169045455,
            0,
            -139.30620919470834,
            -39.266462825664746,
            -206.5623211241369,
            -275.0542434920845,
            -345.28059174382173,
            -253.94974779988868,
            -437.573867085872,
            -208.754196421399,
            -232.57329009447358,
            0,
            0,
            0,
            0,
            0,
            0,
            0
        ],
        [
            -141.30111566499923,
            -254.71142073599657,
            -322.1679575105641,
            -103.27847827194024,
            -283.49445752654475,
            -195.49683979647904,
            -165.57284778852878,
            -14.764595361218953,
            -224.98328349679292,
            -200.1038929774953,
            -125.72627316304629,
            -247.37041146180644,
            -200.7411538708508,
            102.52955351535998,
            -68.038382305413,
            9.91074687535523,
            110.49805073889401,
            490.8860707332652,
            134.4527869961928,
            -23.12469437867087,
            99.2145197690074,
            67.48928572973034,
            143.94730310724555,
            168.24319081799308,
            177.06638972459254,
            194.9383507610679,
            138.55220249444065,
            139.30620919470834,
            0,
            95.85027389402877,
            -71.19332219015716,
            -141.27587420193902,
            -212.26530164607397,
            -130.953149590246,
            -299.3974410446577,
            -99.92013593826825,
            -75.01788934089105,
            0,
            0,
            0,
            0,
            0,
            0,
            0
        ],
        [
            -177.31756509590778,
            -290.5569939619841,
            -364.79854678673865,
            -146.70358258715703,
            -336.404785181068,
            -252.4525038043946,
            -227.40431097372667,
            -79.73375899886875,
            -297.1836698416777,
            -276.35466078788016,
            -204.33760072442615,
            -328.96356851591105,
            -283.7706365276251,
            19.924651516845152,
            -153.59414728164566,
            -76.8358633477699,
            22.65964662015479,
            403.11771626825015,
            43.62805249500139,
            -115.79421236105875,
            5.599302945583488,
            -27.334716008109936,
            47.566095522060564,
            70.00946706314764,
            77.41330869657317,
            94.23964397721157,
            38.11908391682891,
            39.266462825664746,
            -95.85027389402877,
            0,
            -157.4065434719932,
            -217.3732076083007,
            -272.9404420580154,
            -183.2246368428081,
            -298.004486796847,
            -86.63051114477898,
            0,
            0,
            0,
            0,
            0,
            0,
            0,
            0
        ],
        [
            -171.02921370101478,
            -253.4899576595031,
            -310.9137274992989,
            -74.91628988157935,
            -254.96968643110213,
            -158.81809331917881,
            -123.2602429549032,
            35.10201570280412,
            -175.11269534345868,
            -145.82686986362393,
            -67.63928426129159,
            -189.0931416676458,
            -140.16394117224752,
            167.71839825344523,
