{
    "bin_ranges": {
        "m3pi_lower_limit": 2.02,
        "m3pi_upper_limit": 2.06,
        "t_lower_limit": 0.1,
        "t_upper_limit": 0.141
    },
    "info": "The dalitz matrix M is computed as sqrt(-Kibble) * (A[1]-A[2])",
    "bin_centers": [
        0.29900000000000004,
        0.33999999999999997,
        0.38,
        0.42000000000000004,
        0.45999999999999996,
        0.5,
        0.54,
        0.5800000000000001,
        0.62,
        0.66,
        0.69,
        0.71,
        0.73,
        0.75,
        0.77,
        0.79,
        0.81,
        0.83,
        0.85,
        0.87,
        0.89,
        0.91,
        0.94,
        0.98,
        1.02,
        1.06,
        1.1,
        1.1400000000000001,
        1.18,
        1.22,
        1.26,
        1.3,
        1.34,
        1.38,
        1.42,
        1.46,
        1.5,
        1.54,
        1.58,
        1.62,
        1.66,
        1.7,
        1.74,
        1.78,
        1.82,
        1.8599999999999999,
        1.9
    ],
    "real(M)": [
        [
            0,
            0,
            0,
            0,
            0,
            0,
            0,
            0,
            0,
            0,
            0,
            0,
            0,
            0,
            0,
            0,
            0,
            0,
            0,
            0,
            0,
            0,
            0,
            0,
            0,
            0,
            0,
            0,
            161.78801646794477,
            278.1473335565631,
            347.68750039330433,
            383.7417983262408,
            406.25858040707567,
            425.29858445977055,
            427.5714979933575,
            443.20849429637644,
            436.80028655978435,
            384.60804248943674,
            339.1669781200174,
            272.20574704969124,
            105.89392691254747,
            0,
            0,
            0,
            0,
            0,
            0
        ],
        [
            0,
            0,
            0,
            0,
            0,
            0,
            0,
            0,
            0,
            0,
            0,
            0,
            0,
            0,
            0,
            0,
            0,
            0,
            0,
            0,
            0,
            0,
            0,
            152.52021005635387,
            213.16252719994796,
            271.84067748441663,
            331.3170401330681,
            368.0278612037907,
            436.57932166378293,
            421.1224111131971,
            430.9360669594215,
            416.5942918123098,
            405.2232123668759,
            407.8460981429575,
            396.3746844839239,
            425.76505018885416,
            433.25638611964246,
            376.4998117348097,
            361.85826013334247,
            362.3838135045528,
            333.9499152504537,
            252.5569399017451,
            211.5384055524062,
            93.28487872801571,
            0,
            0,
            0
        ],
        [
            0,
            0,
            0,
            0,
            0,
            0,
            0,
            0,
            0,
            0,
            0,
            0,
            0,
            0,
            0,
            0,
            0,
            -3.737193451785544,
            0.4181260973498719,
            -2.4001607746692573,
            40.88143965487516,
            41.945436958261396,
            83.39522649954301,
            113.52203552289293,
            71.56306824897564,
            84.93548944587265,
            115.63424250774257,
            121.06124180093391,
            179.87229949704488,
            125.82697994063209,
            114.22386157244927,
            75.55334056436769,
            46.43910701744003,
            40.96945877890645,
            21.670702568296445,
            61.48883574859716,
            77.9836290647696,
            15.319566811946475,
            15.665287078254142,
            45.91447146440876,
            48.973930628411686,
            -8.749818293676958,
            23.947842422677173,
            44.76351343932449,
            20.919604137715364,
            0,
            0
        ],
        [
            0,
            0,
            0,
            0,
            0,
            0,
            0,
            0,
            0,
            0,
            0,
            0,
            0,
            -16.06579876281074,
            -54.71752717792083,
            -44.1229764557112,
            -3.50990377874401,
            -1.9802545349628595,
            41.21225630056581,
            38.87317281555748,
            117.60017886247732,
            116.86109551207092,
            177.50555020709123,
            216.94474408267848,
            158.96819717813324,
            177.7408772742721,
            218.30713829192683,
            226.0731189400797,
            300.2834725211413,
            233.98170738558287,
            220.66795826101907,
            174.36782638514947,
            139.8201944181971,
            133.7726120766324,
            110.63096452071929,
            158.4970527464934,
            177.7203736830552,
            100.60239304795738,
            99.02560186133877,
            133.3444824621569,
            133.93181626595455,
            57.294506751029324,
            93.00253352509442,
            115.57845096170473,
            78.2186730340178,
            1.0801486464942385,
            0
        ],
        [
            0,
            0,
            0,
            0,
            0,
            0,
            0,
            0,
            0,
            0,
            -1.8633728289866514,
            -36.108207375656804,
            -65.00377773096076,
            4.124582665644576,
            -50.29068302092465,
            -12.380609200672684,
            60.34821471300156,
            67.38296658227812,
            131.42479681316215,
            130.64167176420364,
            236.442057051542,
            236.30737210160785,
            314.6075386675123,
            364.86556182484156,
            296.03620805649206,
            321.4821862146923,
            372.4584617996382,
            383.910207261213,
            473.1823807736023,
            397.1699225177738,
            383.2608195451487,
            330.80710283990595,
            291.8236326368218,
            285.46290634974235,
            258.8162374346323,
            313.5827078256595,
            334.59257619045104,
            243.57725645825835,
            238.93414883241448,
            274.9889244856725,
            270.97528209795723,
            175.10706613912683,
            209.4466720932698,
            227.88270585975897,
            172.13225913386236,
            48.81164698533892,
            0
        ],
        [
            0,
            0,
            0,
            0,
            0,
            0,
            0,
            0,
            26.707931839213593,
            20.834576398945643,
            -56.88587304434694,
            -118.78204109310428,
            -161.77406221304577,
            -65.45192838070949,
            -143.44320882809933,
            -97.20150120236286,
            -9.276856558779174,
            -6.184518549237538,
            67.12989636268358,
            60.387592214726595,
            182.2707998389795,
            176.20231174638255,
            260.674305275922,
            309.15097639193266,
            220.1321342177763,
            241.9108776460112,
            293.5627199170295,
            300.51361117042154,
            396.63663648228464,
            305.7030268350958,
            286.1972051878631,
            224.04506528690172,
            178.02603101724634,
            169.58817238655448,
            139.17586829878297,
            201.08530610325565,
            225.99520287742664,
            126.20492584448552,
            124.53841622891272,
            169.97962004981432,
            172.05997034741762,
            72.39367951865758,
            122.30949014010102,
            158.49365556278445,
            115.77154363309076,
            0.6649615138546868,
            0
        ],
        [
            0,
            0,
            0,
            0,
            0,
            0,
            0,
            41.2685772436729,
            95.62002731167199,
            62.039169742740334,
            -40.37303069371523,
            -114.3566351000128,
            -161.4065178620756,
            -36.36614268095369,
            -127.00004672222362,
            -67.27172478729295,
            40.08880187475871,
            45.93855250871924,
            133.37286230422117,
            127.06373602887794,
            268.8594449816571,
            262.76860115722786,
            360.4027982973953,
            416.6305185737678,
            317.58507347159264,
            343.6981945440493,
            402.9552705685064,
            411.95795476323013,
            519.9426060713699,
            419.7996132099668,
            398.96453066650196,
            330.8162664476291,
            280.4090377742557,
            271.2753448973791,
            237.59808845971963,
            305.2803841000837,
            331.7330042067959,
            220.48620547681725,
            216.7209181076047,
            264.1728207805837,
            263.22513226599233,
            149.37853340026666,
            199.22214069965477,
            232.81278719138933,
            177.2944977892221,
            35.86834770246979,
            0
        ],
        [
            0,
            0,
            0,
            0,
            0,
            0,
            -41.2685772436729,
            0,
            21.18773936982503,
            -55.772775742823825,
            -197.59120387827062,
            -294.28092363073176,
            -356.8097535853004,
            -217.95758627605713,
            -330.37639001140894,
            -268.7935935254347,
            -153.60878590228916,
            -154.49263005839765,
            -63.05719707389659,
            -77.4854340239242,
            74.42630589644153,
            60.44923443685742,
            159.0109403494253,
            208.4244646055771,
            87.06991918806496,
            105.35400611141306,
            160.96553366311923,
            162.25213741298745,
            272.90986358585775,
            156.85866713062325,
            128.80394911317848,
            50.41630131062002,
            -7.258970561703061,
            -18.633251506043347,
            -55.2607937525362,
            19.731446900060558,
            51.54616369905863,
            -64.1005836767995,
            -61.063341753407,
            -0.19225486543065493,
            11.038048676528804,
            -96.42420920426328,
            -22.67228253734011,
            39.033753082347914,
            12.822737951809984,
            -90.5429354009293,
            0
        ],
        [
            0,
            0,
            0,
            0,
            0,
            -26.707931839213593,
            -95.62002731167199,
            -21.18773936982503,
            0,
            -95.49340519438988,
            -260.6492878894744,
            -370.8603499872047,
            -441.0240464049004,
            -283.6301729120108,
            -410.0468089990028,
            -341.15776977940214,
            -213.32021422950174,
            -215.1463376865,
            -114.89902783292911,
            -131.94838239717748,
            34.157745866685474,
            17.416377920847157,
            123.43846310831292,
            174.67832871801104,
            39.898667334203374,
            57.716879399113616,
            116.15793227125117,
            115.77490158919059,
            233.8886933451682,
            107.06311719417207,
            75.70676042440661,
            -9.58027359132218,
            -72.14870082484558,
            -84.54328402756914,
            -123.766323505976,
            -42.801602980680904,
            -7.952871591775134,
            -130.76210429709974,
            -125.87759101157803,
            -58.69187611929266,
            -44.07881532481839,
            -155.21805498228093,
            -72.3911633872539,
            -1.6310448534226203,
            -22.274408179644062,
            -117.61630370560425,
            0
        ],
        [
            0,
            0,
            0,
            0,
            0,
            -20.834576398945643,
            -62.039169742740334,
            55.772775742823825,
            95.49340519438988,
            0,
            -175.09579728724285,
            -290.66035866412676,
            -361.12790768176257,
            -180.11740782364754,
            -313.160368954519,
            -231.35147015740802,
            -85.7502921927346,
            -82.6564315363189,
            31.46752787309516,
            17.409767992024715,
            202.13325063608062,
            187.90048027738857,
            308.28672988413143,
            370.41627146228274,
            231.39882033805313,
            256.49152961014426,
            324.5775440634169,
            328.8105245703684,
            459.3520038380682,
            326.884823068916,
            296.0520633069554,
            206.95817514010096,
            141.46940239238975,
            128.69922990982894,
            86.44685941604286,
            171.037464716771,
            205.30362098360663,
            70.95601258257788,
            70.76886492799783,
            134.77001544848937,
            141.04746744187491,
            12.59944693276379,
            85.19232683497295,
            140.16719245182102,
            93.45839907345102,
            -36.23244394532692,
            0
        ],
        [
            0,
            0,
            0,
            0,
            1.8633728289866514,
            56.88587304434694,
            40.37303069371523,
            197.59120387827062,
            260.6492878894744,
            175.09579728724285,
            0,
            -114.91842280352847,
            -181.3503969637673,
            20.44602729501556,
            -113.24715134226726,
            -18.377874376997028,
            143.6350411284977,
            153.93041049801707,
            281.5221164521849,
            273.083361803764,
            474.45501564750987,
            465.28255752129127,
            600.6164106647249,
            676.3853913094971,
            539.7303850978145,
            574.9273841002899,
            654.3055997301168,
            665.7064491645069,
            808.4234346444205,
            674.6533715769029,
            646.2814462268643,
            555.8987033428926,
            489.02875954719195,
            475.8842055775845,
            430.51788060708475,
            515.6785899606083,
            546.4584010848108,
            399.8340824935412,
            390.4419714841026,
            444.8135201171696,
            435.9540289548403,
            284.13956859485717,
            334.4660465098783,
            358.58887814306,
            267.2145102101299,
            74.16443929996454,
            0
        ],
        [
            0,
            0,
            0,
            0,
            36.108207375656804,
            118.78204109310428,
            114.3566351000128,
            294.28092363073176,
            370.8603499872047,
            290.66035866412676,
            114.91842280352847,
            0,
            -64.24861333222617,
            150.47687069789336,
            16.01923373513241,
            118.93122185680835,
            291.16447501678016,
            305.78667452051195,
            441.74857902346434,
            436.64779600298334,
            648.465713852379,
            642.2940843576376,
            786.8822181530974,
            870.9669080566592,
            735.3902808957654,
            776.6738017263438,
            862.9210102688103,
            878.5518079002429,
            1028.7272693219065,
            893.7696848067422,
            866.6384800693011,
            775.1060041534116,
            707.0377928882473,
            693.338755038884,
            645.6717442832091,
            730.8398794626389,
            759.0211559744566,
            604.2589258921296,
            588.5886562647465,
            636.2785914424068,
            617.1758273943225,
            450.00616110543245,
            485.00900743973676,
            487.698892327281,
            365.1940478207147,
            125.70262243965256,
            0
        ],
        [
            0,
            0,
            0,
            0,
            65.00377773096076,
            161.77406221304577,
            161.4065178620756,
            356.8097535853004,
            441.02404640490226,
            361.12790768176257,
            181.3503969637673,
            64.24861333222617,
            0,
            225.21058876937985,
            88.03744739312867,
            196.8406432098823,
            377.1460081355958,
            394.1792556023044,
            536.5393231434682,
            533.0030011521036,
            753.3514405934296,
            748.5257626591247,
            899.855040481376,
            989.2004553341488,
            852.0595552847514,
            896.8665311696037,
            987.6195748344591,
            1005.4225228905574,
            1161.1407894928136,
            1023.5954869492567,
            996.5008447665429,
            902.9820425030275,
            833.19111673721,
            818.7180702049942,
            768.9533475903692,
            854.604876001202,
            881.1812159474304,
            720.0306562278008,
            700.2404250037639,
            743.9613875310004,
            718.1979023617733,
            540.5300032183351,
            565.7179049444364,
            553.8717171706036,
            409.40078052059516,
            134.91435025959862,
            0
        ],
        [
            0,
            0,
            0,
            16.06579876281074,
            -4.124582665644576,
            65.45192838070949,
            36.36614268095369,
            217.95758627605713,
            283.6301729120108,
            180.11740782364754,
            -20.44602729501556,
            -150.47687069789336,
            -225.21058876937985,
            0,
            -149.6677184929435,
            -44.71255364178981,
            134.15344777573725,
            144.53150296032595,
            284.3881445643905,
            273.92499637058506,
            494.39124842051683,
            482.97088270496914,
            629.5109034228445,
            709.811419634005,
            558.119705801269,
            594.487146452289,
            678.9668862625779,
            689.5021632581736,
            842.5582912460208,
            695.8988393527073,
            663.7516714620023,
            564.8597871235822,
            491.7131926783362,
            476.70538032264034,
            427.2231713820311,
            517.9062589815678,
            550.0628094444653,
            392.86580147764704,
            382.4505294601945,
            439.46746298372136,
            429.0546776505328,
            269.0308258664586,
            319.5688199715742,
            338.9776192699713,
            236.53315327471392,
            39.020778215828976,
            0
        ],
        [
            0,
            0,
            0,
            54.71752717792083,
            50.29068302092465,
            143.44320882809933,
            127.00004672222362,
            330.37639001140894,
            410.0468089990013,
            313.160368954519,
            113.24715134226726,
            -16.01923373513241,
            -88.03744739312867,
            149.6677184929435,
            0,
            112.98523405410738,
            301.8707143338072,
            316.85757709123124,
            465.0164764898482,
            458.2195352752336,
            688.8620286807596,
            680.7574897820598,
            836.5963238879821,
            925.5119435302926,
            775.6874120467116,
            818.4117451036329,
            909.8419453657964,
            924.7820875515889,
            1085.0326906596183,
            937.5602647811621,
            906.645786917629,
            806.6650670532704,
            732.2029318279667,
            716.2291492017775,
            663.9884263366148,
            753.58319859723,
            781.9943025361499,
            615.9962054355432,
            597.7962879412344,
            645.8902633613056,
            622.7738266182347,
            445.3201858022722,
            475.8310231124942,
            466.89943153486956,
            322.81046038063585,
            32.096495211935384,
            0
        ],
        [
            0,
            0,
            0,
            44.1229764557112,
            12.380609200672684,
            97.20150120236286,
            67.27172478729295,
            268.7935935254347,
            341.15776977940214,
            231.35147015740802,
            18.377874376997028,
            -118.93122185680835,
            -196.8406432098823,
            44.71255364178981,
            -112.98523405410738,
            0,
            191.05020730155738,
            203.1751499460068,
            352.2842956982469,
            342.1571125370765,
            576.0156260293483,
            564.685052719333,
            720.3052363591776,
            806.0481758063373,
            647.4336390363067,
            686.6917353167361,
            776.2367056139774,
            787.8828092211654,
            948.6498175337478,
            795.1477649280927,
            761.4502253711644,
            657.8201332666285,
            580.9691300987504,
            564.5398300483764,
            511.8836947892837,
            604.5552213315024,
            635.6534742319076,
            470.0474310614244,
            455.93688163384167,
            510.2183151075471,
            493.65771451278175,
            323.4974840019333,
            364.8235703379262,
            367.96767513765315,
            239.77335784100617,
            0,
            0
        ],
        [
            0,
            0,
            0,
            3.50990377874401,
            -60.34821471300156,
            9.276856558779174,
            -40.08880187475871,
            153.60878590228916,
            213.3202142295024,
            85.7502921927346,
            -143.6350411284977,
            -291.16447501678016,
            -377.1460081355958,
            -134.15344777573725,
            -301.8707143338072,
            -191.05020730155738,
            0,
            7.307596865629721,
            155.3623429030989,
            140.08694229180546,
            375.2146893513307,
            358.9621730302617,
            511.8033995206112,
            591.2728745754781,
            421.2120112972117,
            454.47234324692084,
            539.8500879965185,
            546.2850455052503,
            705.8563557309421,
            545.2151149639601,
            507.90510536378156,
            400.26765408790914,
            321.0949323711989,
            304.7079617878873,
            252.70965370791154,
            349.9624413253366,
            385.9799483244622,
            224.03412689362298,
            217.97671490256457,
            283.3394531793152,
            279.6418359948543,
            125.20026380465463,
            187.50466289286896,
            216.42998070839238,
            125.84037509610232,
            0,
            0
        ],
        [
            0,
            0,
            3.737193451785544,
            1.9802545349628595,
            -67.38296658227812,
            6.184518549237538,
            -45.93855250871924,
            154.49263005839765,
            215.1463376865,
            82.6564315363189,
            -153.93041049801707,
            -305.7866745205114,
            -394.1792556023044,
            -144.53150296032595,
            -316.85757709123175,
            -203.1751499460068,
            -7.30759686562973,
            0,
            151.56280051925808,
            135.68125937028503,
            376.2851361307892,
            359.3597984435513,
            515.3844830156676,
            596.0916964458908,
            421.65559927488897,
            455.1899199818185,
            541.9528154075524,
            548.0730029953094,
            710.4641672657865,
            546.1510362467112,
            507.735950789422,
            397.73694411704196,
            316.86633017915113,
            299.99568400451864,
            246.96900896990175,
            345.6152044124423,
            381.9301995906303,
            217.6092511942276,
            211.41143929246488,
            277.21590024080155,
            273.0457807632811,
            117.8864099185599,
            179.25871961613123,
            204.52167831518352,
            107.78290475486884,
            0,
            0
        ],
        [
            0,
            0,
            -0.4181260973498719,
            -41.21225630056581,
            -131.42479681316215,
            -67.12989636268358,
            -133.37286230422117,
            63.05719707389659,
            114.89902783292911,
            -31.46752787309516,
            -281.5221164521849,
            -441.74857902346434,
            -536.5393231434682,
            -284.3881445643905,
            -465.0164764898482,
            -352.2842956982469,
            -155.3623429030989,
            -151.56280051925808,
            0,
            -19.761922304588214,
            222.96355007821256,
            202.3101993989139,
            357.0107527129499,
            433.4348776848919,
            249.75846037676507,
            279.0406752858799,
            363.13814521026194,
            365.499446642476,
            527.7214181370994,
            357.6319089129576,
            316.5758970055166,
            203.4697258901279,
            120.9230321768626,
            104.3933444293751,
            52.15457974363979,
            154.89125772928304,
            195.45074229512193,
            34.35412499351498,
            34.98978945692468,
            109.95677843289734,
            116.4886745483918,
            -24.680053788485143,
            54.052400478814114,
            100.66411231805,
            39.150402899920216,
            0,
            0
        ],
        [
            0,
            0,
            2.4001607746692573,
            -38.87317281555748,
            -130.64167176420364,
            -60.387592214726595,
            -127.06373602887794,
            77.4854340239242,
            131.94838239717748,
            -17.409767992024715,
            -273.083361803764,
            -436.64779600298334,
            -533.0030011521036,
            -273.92499637058506,
            -458.2195352752336,
            -342.1571125370765,
            -140.08694229180546,
            -135.68125937028503,
            19.761922304588214,
            0,
            248.41079910222425,
            227.65610168649397,
            386.0953909831518,
            464.615183633505,
            277.71674801259184,
            308.0377081667058,
            394.11598652433497,
            396.7886018573271,
            562.1057239283437,
            389.0507120221916,
            347.2875923188548,
            232.24144388167045,
            148.25927168745986,
            131.25929486094313,
            77.94678772234926,
            181.5113219686769,
            221.7413788412513,
            58.031403973840995,
            57.6184471067186,
            131.5346603415285,
            135.98809780540273,
            -6.921287263605427,
            67.79358762749825,
            106.05923809666328,
            28.397745751069113,
            0,
            0
        ],
        [
            0,
            0,
            -40.88143965487516,
            -117.60017886247732,
            -236.442057051542,
            -182.2707998389795,
            -268.8594449816571,
            -74.42630589644153,
            -34.157745866685474,
            -202.13325063608062,
            -474.45501564750987,
            -648.4657138523781,
            -753.3514405934296,
            -494.39124842051683,
            -688.8620286807603,
            -576.0156260293487,
            -375.2146893513307,
            -376.2851361307892,
            -222.96355007821302,
            -248.41079910222425,
            0,
            -26.155229625520676,
            128.30785048517313,
            199.43790820176517,
            0.8636571191345656,
            24.494099214003445,
            105.71043078097166,
            102.89955926113235,
            266.4357332541291,
            86.94135937456092,
            42.10687210877871,
            -75.85600535132315,
            -160.83461994593446,
            -176.35103056727874,
            -226.99257833690473,
            -117.09273713637258,
            -69.40974595106329,
            -225.08535631776593,
            -213.13312177373507,
            -123.39490026491563,
            -99.46168816138196,
            -215.87175878258265,
            -108.7167362729742,
            -26.3144165941515,
            0,
            0,
            0
        ],
        [
            0,
            0,
            -41.945436958261396,
            -116.86109551207092,
            -236.30737210160785,
            -176.20231174638255,
            -262.76860115722786,
            -60.44923443685742,
            -17.416377920847157,
            -187.90048027738857,
            -465.28255752129127,
            -642.2940843576376,
            -748.5257626591247,
            -482.97088270496914,
            -680.7574897820598,
            -564.685052719333,
            -358.9621730302617,
            -359.3597984435513,
            -202.3101993989139,
            -227.65610168649397,
            26.155229625520676,
            0,
            158.07930090876272,
            231.32688816453884,
            29.93627291647358,
            54.692907703941536,
            137.8885792989962,
            135.51173904867304,
            301.99694268612194,
            119.95066011920568,
            74.61421526321809,
            -44.93180962987319,
            -131.01890169344324,
            -146.79102280627762,
            -198.18384916710548,
            -87.50235630325496,
            -40.04378867941339,
            -197.54364411002342,
            -186.27319494730992,
            -97.4870216541769,
            -75.16306663014295,
            -191.41024655146424,
            -87.59007713185801,
            -12.258815405651921,
            0,
            0,
            0
        ],
        [
            0,
            0,
            -83.39522649954301,
            -177.50555020709123,
            -314.6075386675123,
            -260.674305275922,
            -360.4027982973953,
            -159.0109403494253,
            -123.43846310831292,
            -308.28672988413143,
            -600.6164106647249,
            -786.8822181530974,
            -899.855040481376,
            -629.5109034228445,
            -836.5963238879821,
            -720.3052363591784,
            -511.80339952061155,
            -515.3844830156676,
            -357.01075271295025,
            -386.0953909831518,
            -128.30785048517313,
            -158.07930090876272,
            0,
            69.87686198229935,
            -141.30910680236045,
            -120.10697005676938,
            -38.60167417437636,
            -44.15241785568109,
            123.42951758640119,
            -64.40361469378927,
            -111.77307161961629,
            -233.8642896015456,
            -320.76468666867055,
            -335.0273484092166,
            -384.26210047828306,
            -268.05054793597,
            -214.77649477673393,
            -366.25569048863196,
            -345.4101084993095,
            -244.9512646484969,
            -207.97382033870596,
            -300.33306968099856,
            -171.16706140032687,
            -56.460494378113786,
            0,
            0,
            0
        ],
        [
            0,
            -152.52021005635373,
            -113.52203552289293,
            -216.94474408267848,
            -364.86556182484156,
            -309.15097639193266,
            -416.6305185737678,
            -208.4244646055771,
            -174.67832871801104,
            -370.41627146228274,
            -676.3853913094971,
            -870.9669080566592,
            -989.2004553341488,
            -709.811419634005,
            -925.5119435302926,
            -806.0481758063373,
            -591.2728745754781,
            -596.0916964458908,
            -433.4348776848919,
            -464.615183633505,
            -199.43790820176517,
            -231.32688816453884,
            -69.87686198229935,
            0,
            -219.4384944577042,
            -199.18921047009164,
            -116.77200086265304,
            -123.6340311969944,
            47.302445738193136,
            -145.8302742870438,
            -194.48603976539349,
            -318.8925204845045,
            -406.55453711568754,
            -419.47101505444834,
            -467.132325783383,
            -346.54610719970447,
            -289.3028889667808,
            -436.36995896665087,
            -408.6807211971653,
            -300.8996717007191,
            -253.957509945664,
            -323.0475784228201,
            -173.75064801541535,
            0,
            0,
            0,
            0
        ],
        [
            0,
            -213.162527199939,
            -71.56306824897564,
            -158.96819717813324,
            -296.03620805649206,
            -220.1321342177763,
            -317.58507347159264,
            -87.06991918806496,
            -39.898667334203374,
            -231.39882033805313,
            -539.7303850978145,
            -735.3902808957654,
            -852.0595552847514,
            -558.119705801269,
            -775.6874120467116,
            -647.4336390363067,
            -421.2120112972117,
            -421.65559927488897,
            -249.75846037676507,
            -277.71674801259184,
            -0.8636571191345656,
            -29.93627291647358,
            141.30910680236045,
            219.4384944577042,
            0,
            25.92313094778248,
            114.70002691319382,
            111.2134451513081,
            288.4421035949415,
            93.0360835268689,
            44.31576202351005,
            -82.26603527803688,
            -172.20857394676557,
            -187.34127651678568,
            -238.7208284654428,
            -122.25627870993902,
            -71.82682605421468,
            -226.61029584287124,
            -209.1324433366742,
            -116.78819978964273,
            -88.35042238868691,
            -167.41253222439286,
            -52.41491334740272,
            0,
            0,
            0,
            0
        ],
        [
            0,
            -271.8406774844097,
            -84.93548944587265,
            -177.7408772742721,
            -321.4821862146923,
            -241.9108776460112,
            -343.6981945440493,
            -105.35400611141306,
            -57.716879399113616,
            -256.49152961014426,
            -574.9273841002899,
            -776.6738017263438,
            -896.8665311696037,
            -594.487146452289,
            -818.4117451036336,
            -686.6917353167361,
            -454.4723432469212,
            -455.1899199818185,
            -279.0406752858799,
            -308.0377081667058,
            -24.494099214003445,
            -54.692907703941536,
            120.10697005676938,
            199.18921047009164,
            -25.92313094778248,
            0,
            90.04210464538752,
            85.98731825866655,
            265.80387080888164,
            66.80082391866678,
            17.238844366020338,
            -110.73747002995555,
            -200.96833675499474,
            -215.2002463666746,
            -265.2977388619018,
            -147.1842296744325,
            -95.33381366325605,
            -245.0972015742696,
            -223.313638383678,
            -129.01702495693772,
            -95.20282367054591,
            -142.87857113533516,
            0,
            0,
            0,
            0,
            0
        ],
        [
            0,
            -331.317040133068,
            -115.6342425077426,
            -218.30713829192683,
            -372.4584617996382,
            -293.5627199170295,
            -402.9552705685064,
            -160.96553366311923,
            -116.15793227125117,
            -324.5775440634169,
            -654.3055997301168,
            -862.9210102688103,
            -987.6195748344591,
            -678.9668862625779,
            -909.8419453657964,
            -776.2367056139774,
            -539.8500879965185,
            -541.9528154075526,
            -363.13814521026194,
            -394.11598652433497,
            -105.71043078097172,
            -137.8885792989962,
            38.60167417437636,
            116.77200086265304,
            -114.7000269131938,
            -90.04210464538754,
            0,
            -5.315996539203776,
            175.94119791967077,
            -26.002714191574338,
            -75.98510043910127,
            -204.14312031005815,
            -293.1161913435349,
            -304.76515681233184,
            -351.04388488551547,
            -229.28957466587306,
            -172.86670117675692,
            -311.1360955675581,
            -278.6576424933522,
            -175.2487161134909,
            -123.58621976373674,
            -89.40256608727043,
            0,
            0,
            0,
            0,
            0
        ],
        [
            0,
            -368.0278612037907,
            -121.06124180093391,
            -226.0731189400797,
            -383.910207261213,
            -300.51361117042154,
            -411.95795476323013,
            -162.25213741298745,
            -115.77490158919059,
            -328.8105245703684,
            -665.7064491645069,
            -878.5518079002429,
            -1005.4225228905574,
            -689.5021632581736,
            -924.7820875515889,
            -787.8828092211658,
            -546.2850455052503,
            -548.0730029953094,
            -365.499446642476,
            -396.7886018573271,
            -102.89955926113235,
            -135.51173904867304,
            44.15241785568109,
            123.6340311969944,
            -111.2134451513081,
            -85.98731825866655,
            5.315996539203775,
            0,
            182.79799573143146,
            -20.75648270851295,
            -70.87854633366516,
            -198.94845046489095,
            -287.00410356906417,
            -297.3662759741057,
            -341.4324702008095,
            -219.75302968006204,
            -162.94324873119953,
            -292.1479791576211,
            -254.2101307563858,
            -149.77954343472933,
            -85.41507704223628,
            0,
            0,
            0,
            0,
            0,
            0
        ],
        [
            -161.78801646790018,
            -436.579321663783,
            -179.87229949704488,
            -300.2834725211413,
            -473.1823807736023,
            -396.63663648228464,
            -519.9426060713699,
            -272.90986358585775,
            -233.8886933451682,
            -459.3520038380682,
            -808.4234346444205,
            -1028.7272693219065,
            -1161.1407894928136,
            -842.5582912460208,
            -1085.0326906596188,
            -948.6498175337483,
            -705.8563557309425,
            -710.4641672657865,
            -527.7214181370994,
            -562.1057239283437,
            -266.4357332541291,
            -301.99694268612194,
            -123.42951758640119,
            -47.302445738193136,
