{
    "bin_ranges": {
        "m3pi_lower_limit": 1.7,
        "m3pi_upper_limit": 1.74,
        "t_lower_limit": 0.1,
        "t_upper_limit": 0.141
    },
    "info": "The dalitz matrix M is computed as sqrt(-Kibble) * (A[1]-A[2])",
    "bin_centers": [
        0.29900000000000004,
        0.33999999999999997,
        0.38,
        0.42000000000000004,
        0.45999999999999996,
        0.5,
        0.54,
        0.5800000000000001,
        0.62,
        0.66,
        0.69,
        0.71,
        0.73,
        0.75,
        0.77,
        0.79,
        0.81,
        0.83,
        0.85,
        0.87,
        0.89,
        0.91,
        0.94,
        0.98,
        1.02,
        1.06,
        1.1,
        1.1400000000000001,
        1.18,
        1.22,
        1.26,
        1.3,
        1.34,
        1.38,
        1.42,
        1.46,
        1.5,
        1.54,
        1.58
    ],
    "real(M)": [
        [
            0,
            0,
            0,
            0,
            0,
            0,
            0,
            0,
            0,
            0,
            0,
            0,
            0,
            0,
            0,
            0,
            0,
            0,
            0,
            0,
            0,
            0,
            0,
            0,
            117.13356992425281,
            146.65929336724952,
            167.1004275788776,
            177.82866358585733,
            160.63736755439538,
            167.97063477054502,
            165.82848497807439,
            151.82789106470238,
            109.06543473020483,
            75.37687912114713,
            0,
            0,
            0,
            0,
            0
        ],
        [
            0,
            0,
            0,
            0,
            0,
            0,
            0,
            0,
            0,
            0,
            0,
            0,
            0,
            0,
            0,
            0,
            44.29332824923638,
            97.3767167805907,
            140.70472674739585,
            162.1340156954708,
            174.31547377420293,
            172.74070955227188,
            228.05117771381148,
            218.74651283313827,
            236.85607164534935,
            217.67059301656005,
            216.5188812965746,
            212.7078240268921,
            168.79944279519452,
            179.73564208298995,
            182.6456976237998,
            175.3478405343369,
            125.69746978250639,
            135.70342324510867,
            145.79611701145555,
            105.77577151243545,
            8.527571450710543,
            0,
            0
        ],
        [
            0,
            0,
            0,
            0,
            0,
            0,
            0,
            0,
            0,
            0,
            0,
            5.765591322214335,
            26.871751379963015,
            54.49018447319408,
            115.93484200975693,
            186.99130446320504,
            263.85035970721765,
            240.72083115263916,
            276.2335224213144,
            280.2752921338312,
            277.2750669663713,
            257.93500619787136,
            324.9942728576039,
            293.3537254376858,
            307.283606608452,
            272.9000612502447,
            266.1145837380026,
            257.61718185128626,
            197.72382200163585,
            211.70016818009182,
            216.3622040023275,
            209.06778019455064,
            146.52115992945588,
            166.7042949968722,
            194.46126517818038,
            162.3892883613406,
            95.58672153628268,
            42.1362419399619,
            0
        ],
        [
            0,
            0,
            0,
            0,
            0,
            0,
            0,
            0,
            0,
            -30.154127884937104,
            -35.54304890723724,
            -22.72844410058988,
            8.77641898516394,
            43.690511853391676,
            128.67858136883547,
            220.08786546491152,
            314.72367967582943,
            267.38228773177343,
            304.18961750197406,
            299.44226967973225,
            287.01555279608914,
            254.9333019710982,
            331.35255708621173,
            281.4748007827457,
            291.09670201541155,
            243.11821663451522,
            230.71632745054734,
            217.62353054469483,
            143.90142221004479,
            160.56405727473415,
            167.29678225900406,
            161.1313472342798,
            89.74383421325133,
            120.66704439788758,
            164.97252953407795,
            140.6508296500168,
            78.40029086813715,
            106.50170782035954,
            0
        ],
        [
            0,
            0,
            0,
            0,
            0,
            0,
            0,
            -3.0213009751148667,
            -25.831276870877364,
            -35.63824411414301,
            -32.321534336392105,
            -9.560881101012477,
            35.802238137437136,
            82.68732489642532,
            191.79141903813647,
            305.433148833574,
            420.4033676516869,
            358.88201251840104,
            401.61480502812185,
            393.90404221603706,
            377.46031837769544,
            338.06410370705123,
            427.4355374573318,
            367.22781151640135,
            377.63055092268445,
            321.2653360062558,
            306.5912481843996,
            291.19660419699585,
            206.0048963938053,
            224.82396071968145,
            232.00190362236103,
            224.1373793987308,
            140.92788848921674,
            175.1387501668753,
            224.96646803908993,
            195.2283825757557,
            119.80483637951984,
            160.61374715578867,
            0
        ],
        [
            0,
            0,
            0,
            0,
            0,
            0,
            -5.369805842650158,
            -32.119395615381826,
            -70.64600913508791,
            -85.67886831681867,
            -83.671952670021,
            -57.34727261306907,
            -4.447923386179914,
            49.04794031434237,
            175.60654718658546,
            305.68380299896114,
            435.88359791715214,
            359.57132904870343,
            405.21449702845587,
            392.64563847087345,
            370.46950735684374,
            322.45625590554664,
            420.59275888262687,
            347.6261351290932,
            355.79019639033953,
            289.39820665964487,
            270.8279471369598,
            252.14571989495968,
            156.06737547337676,
            177.11730182490115,
            185.8205349983631,
            178.51719026036275,
            88.08546024636247,
            129.71638404279403,
            190.25570411364419,
            163.8603281989563,
            88.73068403323084,
            152.11248631197262,
            0
        ],
        [
            0,
            0,
            0,
            0,
            0,
            5.369805842650158,
            0,
            -30.757662588033096,
            -72.74832441401884,
            -85.00186377467705,
            -79.20261671339776,
            -46.667839741973644,
            15.874610055212711,
            78.16983919225994,
            223.15570721242386,
            370.77733017302836,
            517.4188553462941,
            430.29684419087147,
            480.9784707291416,
            466.23868655776204,
            440.9332163393586,
            386.9964010581888,
            495.8473547950853,
            414.2899836704722,
            422.9762655972798,
            349.4060097188115,
            328.7279729251576,
            307.9027589704017,
            202.12250344280827,
            224.74698383766258,
            233.58130590269135,
            224.6422085343365,
            124.70769072439181,
            168.52495751109632,
            232.29099684172283,
            200.69366840055986,
            115.29976809858013,
            177.57987537388294,
            0
        ],
        [
            0,
            0,
            0,
            0,
            3.0213009751148667,
            32.119395615381826,
            30.757662588033096,
            0,
            -42.09198643501324,
            -49.23787812484791,
            -38.103608155962284,
            1.288098277833156,
            73.80902879673019,
            145.34382793325778,
            308.35371083947507,
            473.2346937192991,
            636.1384623167895,
            540.2231714633025,
            596.5945470551725,
            580.8429334754464,
            553.5692098778316,
            495.01306360648204,
            614.9136835964365,
            526.7228088774574,
            536.9235557077277,
            457.48169277352594,
            435.31727798100945,
            412.6543466706106,
            297.80243385665403,
            321.2585014340566,
            329.13886656148867,
            317.1212565695806,
            206.62953306489322,
            249.32695386024687,
            311.5296812606624,
            269.80872869243734,
            168.5708062257259,
            213.30585381304766,
            0
        ],
        [
            0,
            0,
            0,
            0,
            25.831276870877364,
            70.64600913508791,
            72.74832441401884,
            42.09198643501324,
            0,
            -2.406885672645249,
            13.73520437619552,
            59.516102973561104,
            141.32638721616425,
            221.5129423773058,
            401.2932240852242,
            582.2824305265258,
            760.397879769678,
            656.5283470508417,
            718.3159054974279,
            701.7591142610523,
            672.7731321912266,
            610.028963063591,
            740.262263471984,
            645.992584065723,
            657.5701279600224,
            572.6071284680169,
            548.8751041891168,
            524.2162116976577,
            400.6956262689957,
            424.32860421660587,
            430.5617996859168,
            414.7583385869512,
            293.7907508454684,
            333.6551618447516,
            391.6151395983724,
            337.63406027458745,
            218.6286910279027,
            232.07391257991347,
            0
        ],
        [
            0,
            0,
            0,
            30.154127884937104,
            35.63824411414301,
            85.67886831681867,
            85.00186377467705,
            49.23787812484791,
            2.406885672645249,
            0,
            17.751337489398594,
            67.53475010795866,
            156.12179779078514,
            242.5938892994458,
            436.2555142784117,
            630.6047275230928,
            821.3287672110619,
            708.6764160400728,
            774.125660406644,
            755.5283767277637,
            723.7250394961017,
            655.9385042812598,
            794.1001457012288,
            692.2849961730185,
            703.488432766452,
            612.1318874076884,
            585.9761935929085,
            558.8649064945869,
            427.3098585687611,
            451.27830758827946,
            456.6425905695374,
            438.57803324633676,
            310.3822701978176,
            349.87804629663316,
            406.3774967980027,
            345.29668294092505,
            216.6111790973829,
            194.28912606131522,
            0
        ],
        [
            0,
            0,
            0,
            35.54304890723724,
            32.321534336392105,
            83.671952670021,
            79.20261671339776,
            38.103608155962284,
            -13.73520437619552,
            -17.751337489398594,
            0,
            51.87111567715223,
            144.52055250443033,
            234.74412985513874,
            437.5066860562919,
            640.6195657040801,
            839.603289348792,
            720.2477934550828,
            787.7314834929913,
            767.1991447361642,
            732.9428208182317,
            661.1769697890757,
            804.231139087178,
            696.4017158512308,
            706.7013395640283,
            610.4137157650111,
            582.2191353734806,
            553.2070389519596,
            416.18236041446374,
            440.50720584130704,
            445.59561141745337,
            426.5512185059771,
            294.65010114772224,
            334.79608241508043,
            391.01874358099127,
            326.69064830648534,
            194.2893493578075,
            127.21444833996264,
            0
        ],
        [
            0,
            0,
            -5.765591322214335,
            22.72844410058988,
            9.560881101012477,
            57.34727261306907,
            46.667839741973644,
            -1.288098277833156,
            -59.516102973561104,
            -67.53475010795866,
            -51.87111567715223,
            0,
            93.95551393487051,
            185.34097208757896,
            392.70882686426,
            600.262412508391,
            803.414748284542,
            678.7951801491035,
            746.6023274927568,
            723.9324814570697,
            687.2664695024164,
            612.1846739594049,
            757.228875942689,
            644.359070661111,
            653.0960782242123,
            553.012300177579,
            523.1435649289969,
            492.88597766219965,
            352.8296078400591,
            378.1093880433324,
            384.2381620824471,
            366.37179692044793,
            234.8663589425673,
            278.57154964539836,
            338.5448150654425,
            277.91344170202984,
            151.94717513930897,
            0,
            0
        ],
        [
            0,
            0,
            -26.871751379963015,
            -8.77641898516394,
            -35.802238137437136,
            4.447923386179914,
            -15.874610055212711,
            -73.80902879673019,
            -141.32638721616425,
            -156.12179779078514,
            -144.52055250443033,
            -93.9555139348706,
            0,
            91.29888536072714,
            301.9350194013703,
            512.6478557283774,
            718.7465068613832,
            588.082360647146,
            655.2540121575655,
            629.6470899348827,
            589.8422170455167,
            510.8171143306626,
            656.7097948822851,
            537.8615067292749,
            544.212604989151,
            439.94042769352694,
            408.23355632286024,
            376.920647114475,
            234.60093194193695,
            261.790438118918,
            270.45517231315955,
            255.9148856051863,
            128.0104762854074,
            178.9462318922531,
            247.38544471092493,
            197.45041625423283,
            89.15593346044044,
            0,
            0
        ],
        [
            0,
            0,
            -54.49018447319408,
            -43.690511853391676,
            -82.68732489642532,
            -49.04794031434237,
            -78.16983919225994,
            -145.34382793325778,
            -221.5129423773058,
            -242.5938892994458,
            -234.74412985513874,
            -185.34097208757896,
            -91.29888536072706,
            0,
            213.84586350680948,
            427.657285622044,
            636.6430159085636,
            500.2604827515892,
            566.8858443703912,
            538.5323375551811,
            495.78986640899575,
            413.0639490045035,
            559.8454748472227,
            435.43045741672194,
            439.63813223990127,
            331.5508950794352,
            298.27520193369446,
            266.1676872193285,
            122.02744760099914,
            151.29438222499044,
            162.6879024326551,
            151.72088978799172,
            28.026907910821844,
            86.36242549420363,
            163.3193081045903,
            124.8637460649861,
            37.059106365932365,
            0,
            0
        ],
        [
            0,
            0,
            -115.93484200975693,
            -128.67858136883547,
            -191.79141903813647,
            -175.60654718658546,
            -223.15570721242386,
            -308.35371083947507,
            -401.29322408522376,
            -436.2555142784121,
            -437.50668605629147,
            -392.70882686426,
            -301.9350194013703,
            -213.84586350680948,
            0,
            213.84399334812622,
            422.7998999367001,
            278.3213007875408,
            341.93769119758855,
            308.6348100838165,
            260.92455792352433,
            172.67587253903335,
            317.6070121067338,
            184.97211410605055,
            184.98728965749368,
            72.01528852772695,
            36.92172879338951,
            4.790247017457044,
            -139.0559954575488,
            -104.56784582107821,
            -85.75069763223671,
            -86.57968545282957,
            -196.88364179099722,
            -119.55690299926349,
            -18.60339982466778,
            -22.778118392768487,
            -48.92158192227238,
            0,
            0
        ],
        [
            0,
            0,
            -186.99130446320504,
            -220.08786546491152,
            -305.433148833574,
            -305.68380299896114,
            -370.77733017302836,
            -473.2346937192991,
            -582.2824305265241,
            -630.6047275230928,
            -640.6195657040801,
            -600.262412508391,
            -512.6478557283774,
            -427.657285622044,
            -213.84399334812622,
            0,
            208.89787464511582,
            56.69319239861733,
            117.43447845450912,
            79.426618311017,
            27.01151433071535,
            -66.44616050726324,
            76.78466467892609,
            -63.46397326995785,
            -67.16906845744158,
            -184.36415480627613,
            -220.66349250471995,
            -252.14334895358957,
            -394.7330346224533,
            -354.24575762598573,
            -327.0532555274638,
            -316.5305683973899,
            -411.5201139558033,
            -313.29406734167355,
            -185.68636793746833,
            -149.7036298675853,
            -88.60599328845049,
            0,
            0
        ],
        [
            0,
            -44.293328249215286,
            -263.85035970721765,
            -314.72367967582943,
            -420.4033676516869,
            -435.88359791715214,
            -517.4188553462941,
            -636.1384623167895,
            -760.3978797696764,
            -821.3287672110619,
            -839.6032893487913,
            -803.414748284542,
            -718.7465068613832,
            -636.6430159085636,
            -422.7998999367001,
            -208.89787464511582,
            0,
            -159.47190577599747,
            -101.39087196464175,
            -143.78022415915746,
            -200.56181042731376,
            -298.84223391924434,
            -157.06961707669743,
            -304.20957697430504,
            -311.0712449416884,
            -431.75281403463106,
            -468.5972103299641,
            -498.72566774224356,
            -639.0880568211369,
            -591.8545230026987,
            -555.3894633268171,
            -532.371765539588,
            -610.1623295640447,
            -489.1541419830054,
            -332.05841530045063,
            -248.4779362282372,
            0,
            0,
            0
        ],
        [
            0,
            -97.37671678059064,
            -240.72083115263916,
            -267.38228773177343,
            -358.88201251840104,
            -359.57132904870343,
            -430.29684419087147,
            -540.2231714633025,
            -656.5283470508417,
            -708.6764160400728,
            -720.2477934550835,
            -678.7951801491035,
            -588.082360647146,
            -500.2604827515892,
            -278.32130078754096,
            -56.69319239861736,
            159.47190577599756,
            0,
            62.02011796826022,
            21.529280287439374,
            -33.766879457882524,
            -131.4268419072541,
            15.811116526219742,
            -130.34508469021722,
            -134.83144562039632,
            -255.6757498029067,
            -292.46017285540006,
            -323.5438970882988,
            -467.04685793474715,
            -422.52298560261045,
            -390.6195865065,
            -374.17569528890135,
            -459.97476402175806,
            -350.7220830214978,
            -211.61949596539546,
            -148.60539485630758,
            0,
            0,
            0
        ],
        [
            0,
            -140.70472674739062,
            -276.2335224213144,
            -304.18961750197406,
            -401.61480502812185,
            -405.21449702845587,
            -480.9784707291416,
            -596.5945470551725,
            -718.3159054974271,
            -774.1256604066448,
            -787.7314834929907,
            -746.6023274927568,
            -655.2540121575655,
            -566.8858443703908,
            -341.93769119758855,
            -117.43447845450912,
            101.39087196464175,
            -62.02011796826022,
            0,
            -42.15633301986385,
            -99.24701991591978,
            -199.2394816154114,
            -50.78603285248775,
            -200.14384530970244,
            -205.31327922490414,
            -327.7807274175825,
            -364.49477555698763,
            -394.7563743758693,
            -537.3838356601689,
            -489.58475507800205,
            -453.51448565437414,
            -431.5598058278783,
            -508.6004542150461,
            -389.3368168125063,
            -238.13212379338836,
            -145.36067656451002,
            0,
            0,
            0
        ],
        [
            0,
            -162.1340156954708,
            -280.2752921338312,
            -299.44226967973225,
            -393.90404221603706,
            -392.64563847087345,
            -466.2386865577613,
            -580.8429334754464,
            -701.7591142610523,
            -755.5283767277637,
            -767.1991447361635,
            -723.9324814570697,
            -629.6470899348824,
            -538.5323375551811,
            -308.6348100838165,
            -79.426618311017,
            143.7802241591575,
            -21.529280287439374,
            42.15633301986385,
            0,
            -57.324789387532086,
            -158.16298087014727,
            -6.882205319155764,
            -157.34960967757812,
            -161.90399325526928,
            -285.1882011437599,
            -321.8780614916468,
            -352.19020426782305,
            -495.50231848548776,
            -447.4256317669645,
            -411.4322263211839,
            -389.6914297577227,
            -465.0874742951647,
            -346.25189817260485,
            -197.58789276075333,
            -89.41178206907746,
            0,
            0,
            0
        ],
        [
            0,
            -174.31547377420293,
            -277.2750669663713,
            -287.01555279608914,
            -377.46031837769544,
            -370.46950735684374,
            -440.93321633935784,
            -553.5692098778322,
            -672.7731321912266,
            -723.7250394961017,
            -732.9428208182317,
            -687.2664695024168,
            -589.8422170455167,
            -495.78986640899575,
            -260.9245579235245,
            -27.011514330715364,
            200.56181042731384,
            33.766879457882524,
            99.24701991591981,
            57.324789387532086,
            0,
            -101.41372966676191,
            52.67818919993184,
            -98.54650290925304,
            -102.42375271883287,
            -226.38780701258153,
            -263.157002913807,
            -293.76095450575843,
            -437.8926475338949,
            -390.23645690606105,
            -355.21395849113105,
            -334.79171386988054,
            -409.3806285195604,
            -293.0710969187002,
            -150.10498419884112,
            0,
            0,
            0,
            0
        ],
        [
            0,
            -172.74070955227188,
            -257.93500619787136,
            -254.9333019710982,
            -338.06410370705123,
            -322.45625590554664,
            -386.9964010581888,
            -495.01306360648266,
            -610.028963063591,
            -655.9385042812598,
            -661.1769697890751,
            -612.1846739594052,
            -510.8171143306626,
            -413.0639490045035,
            -172.67587253903335,
            66.44616050726329,
            298.8422339192445,
            131.4268419072541,
            199.23948161541145,
            158.16298087014727,
            101.41372966676191,
            0,
            157.25474755870547,
            5.982721558698143,
            3.006207008469858,
            -121.54001577666894,
            -158.77240243574974,
            -190.4590372813266,
            -336.3912148521386,
            -291.09629625426214,
            -259.64152800925166,
            -243.93646618909864,
            -321.59633552080953,
            -214.33410689237832,
            -87.40070786636043,
            0,
            0,
            0,
            0
        ],
        [
            0,
            -228.0511777138114,
            -324.9942728576039,
            -331.35255708621173,
            -427.4355374573318,
            -420.59275888262687,
            -495.8473547950849,
            -614.9136835964365,
            -740.262263471984,
            -794.1001457012288,
            -804.2311390871786,
            -757.2288759426884,
            -656.7097948822848,
            -559.8454748472227,
            -317.6070121067338,
            -76.78466467892609,
            157.06961707669743,
            -15.811116526219742,
            50.78603285248777,
            6.882205319155764,
            -52.67818919993184,
            -157.25474755870547,
            0,
            -155.18959056680262,
            -159.11921403017277,
            -284.311992166942,
            -319.84456562714115,
            -348.0109130815209,
            -487.73916782316695,
            -434.1021447602319,
            -391.40970289428276,
            -360.0406629478012,
            -409.57577107746533,
            -271.0427284608045,
            -85.62895556747087,
            0,
            0,
            0,
            0
        ],
        [
            0,
            -218.74651283314037,
            -293.3537254376858,
            -281.4748007827457,
            -367.22781151640214,
            -347.6261351290932,
            -414.2899836704717,
            -526.7228088774574,
            -645.9925840657224,
            -692.2849961730185,
            -696.4017158512308,
            -644.3590706611108,
            -537.8615067292745,
            -435.43045741672194,
            -184.97211410605055,
            63.463973269957854,
            304.20957697430515,
            130.34508469021722,
            200.14384530970239,
            157.34960967757812,
            98.54650290925304,
            -5.982721558698143,
            155.18959056680262,
            0,
            -3.069899009499529,
            -128.7815934189512,
            -165.07294241353756,
            -194.84274574573323,
            -335.1977980056768,
            -285.5101867561847,
            -248.30555926768105,
            -223.22294773766944,
            -267.9707911714986,
            -136.2843045097898,
            0,
            0,
            0,
            0,
            0
        ],
        [
            -117.13356992425297,
            -236.8560716453505,
            -307.2836066084519,
            -291.09670201541155,
            -377.63055092268377,
            -355.79019639033953,
            -422.9762655972798,
            -536.9235557077282,
            -657.5701279600224,
            -703.488432766452,
            -706.7013395640283,
            -653.0960782242126,
            -544.2126049891507,
            -439.63813223990127,
            -184.98728965749376,
            67.16906845744158,
            311.0712449416885,
            134.83144562039632,
            205.31327922490422,
            161.90399325526928,
            102.42375271883287,
            -3.006207008469858,
            159.11921403017277,
            3.069899009499529,
            0,
            -125.00210203168237,
            -160.18617711366855,
            -188.22669171362577,
            -322.5447533273335,
            -270.19517714740056,
            -228.92938143390782,
            -196.00239191960785,
            -206.5248460569909,
            0,
            0,
            0,
            0,
            0,
            0
        ],
        [
            -146.65929336724952,
            -217.670593016561,
            -272.9000612502447,
            -243.11821663451522,
            -321.26533600625635,
            -289.39820665964487,
            -349.4060097188112,
            -457.48169277352633,
            -572.6071284680169,
            -612.1318874076884,
            -610.4137157650109,
            -553.0123001775793,
            -439.94042769352694,
            -331.5508950794352,
            -72.01528852772695,
            184.3641548062762,
            431.752814034631,
            255.6757498029067,
            327.78072741758257,
            285.1882011437599,
            226.38780701258153,
            121.54001577666894,
            284.311992166942,
            128.7815934189512,
            125.00210203168237,
            0,
            -36.76990245909611,
            -67.2675310012084,
            -199.60114989569607,
            -153.50121824860304,
            -119.84651694641452,
            -93.83439325515795,
            -61.50077112236698,
            0,
            0,
            0,
            0,
            0,
            0
        ],
        [
            -167.1004275788775,
            -216.51888129657596,
            -266.1145837380026,
            -230.71632745054734,
            -306.5912481843996,
            -270.8279471369598,
            -328.72797292515787,
            -435.31727798100945,
            -548.8751041891164,
            -585.9761935929085,
            -582.2191353734804,
            -523.143564928997,
            -408.2335563228601,
            -298.27520193369446,
            -36.92172879338951,
            220.66349250472004,
            468.5972103299642,
            292.4601728554001,
            364.4947755569877,
            321.87806149164675,
            263.157002913807,
            158.77240243574974,
            319.84456562714115,
            165.07294241353756,
            160.18617711366855,
            36.76990245909611,
            0,
            -30.40138726939836,
            -154.55237031200215,
            -110.15217296095642,
            -76.95526208771838,
            -42.2105906840138,
            0,
            0,
            0,
            0,
            0,
            0,
            0
        ],
        [
            -177.82866358585733,
            -212.7078240268933,
            -257.61718185128626,
            -217.62353054469477,
            -291.19660419699585,
            -252.14571989495968,
            -307.9027589704017,
            -412.6543466706109,
            -524.2162116976577,
            -558.8649064945869,
            -553.2070389519597,
            -492.88597766219976,
            -376.920647114475,
            -266.1676872193285,
            -4.7902470174570455,
            252.14334895358962,
            498.72566774224356,
            323.5438970882988,
            394.7563743758693,
            352.190204267823,
            293.76095450575843,
            190.4590372813266,
            348.0109130815209,
            194.84274574573323,
            188.22669171362577,
            67.2675310012084,
            30.40138726939836,
            0,
            -112.6847231741184,
            -70.5599303372262,
            -36.1077397497181,
            0,
            0,
            0,
            0,
            0,
            0,
            0,
            0
        ],
        [
            -160.63736755439552,
            -168.79944279519503,
            -197.72382200163585,
            -143.90142221004479,
            -206.0048963938053,
            -156.06737547337676,
            -202.1225034428081,
            -297.80243385665403,
            -400.69562626899534,
            -427.3098585687611,
            -416.1823604144637,
            -352.8296078400591,
            -234.60093194193686,
            -122.02744760099914,
            139.0559954575488,
            394.7330346224534,
            639.0880568211369,
            467.0468579347472,
            537.3838356601689,
            495.50231848548776,
            437.8926475338949,
            336.3912148521386,
            487.73916782316695,
            335.1977980056768,
            322.5447533273335,
            199.60114989569607,
            154.55237031200215,
            112.6847231741184,
            0,
            13.222139990004296,
            0,
            0,
            0,
            0,
            0,
            0,
            0,
            0,
            0
        ],
        [
            -167.9706347705449,
            -179.73564208298995,
            -211.70016818009188,
            -160.56405727473418,
            -224.82396071968145,
            -177.11730182490115,
            -224.74698383766267,
            -321.2585014340567,
            -424.3286042166058,
            -451.27830758827946,
            -440.5072058413069,
            -378.1093880433324,
            -261.79043811891796,
            -151.29438222499044,
            104.56784582107824,
            354.24575762598573,
            591.8545230026986,
            422.5229856026105,
            489.58475507800205,
            447.42563176696444,
            390.23645690606105,
            291.09629625426214,
            434.1021447602319,
            285.5101867561847,
            270.19517714740056,
            153.50121824860304,
            110.15217296095642,
            70.5599303372262,
            -13.222139990004296,
            0,
            0,
            0,
            0,
            0,
            0,
            0,
            0,
            0,
            0
        ],
        [
            -165.82848497807456,
            -182.64569762379995,
            -216.3622040023276,
            -167.29678225900406,
            -232.00190362236083,
            -185.8205349983631,
            -233.58130590269135,
            -329.13886656148884,
            -430.56179968591664,
            -456.6425905695374,
            -445.59561141745326,
            -384.2381620824472,
            -270.4551723131595,
            -162.6879024326551,
            85.7506976322367,
            327.05325552746393,
            555.3894633268173,
            390.6195865065,
            453.51448565437414,
            411.4322263211839,
            355.21395849113105,
            259.64152800925166,
            391.40970289428276,
            248.30555926768105,
            228.92938143390782,
            119.84651694641452,
            76.95526208771838,
            36.1077397497181,
            0,
            0,
            0,
            0,
            0,
            0,
            0,
            0,
            0,
            0,
            0
        ],
        [
            -151.82789106470216,
            -175.3478405343369,
            -209.06778019455066,
            -161.13134723427981,
            -224.1373793987308,
            -178.51719026036278,
            -224.64220853433656,
            -317.1212565695808,
            -414.758338586951,
            -438.57803324633676,
            -426.551218505977,
            -366.37179692044793,
            -255.9148856051863,
            -151.72088978799172,
            86.57968545282957,
            316.5305683973899,
            532.3717655395881,
            374.1756952889014,
            431.55980582787817,
            389.6914297577227,
            334.79171386988054,
            243.93646618909864,
            360.0406629478012,
            223.22294773766944,
            196.00239191960787,
            93.83439325515796,
            42.2105906840138,
            0,
            0,
            0,
            0,
            0,
            0,
            0,
            0,
            0,
            0,
            0,
            0
        ],
        [
            -109.06543473020459,
            -125.69746978250609,
            -146.5211599294559,
            -89.74383421325135,
            -140.92788848921663,
            -88.08546024636249,
            -124.70769072439177,
            -206.62953306489322,
            -293.7907508454684,
            -310.3822701978176,
            -294.65010114772224,
            -234.86635894256736,
            -128.0104762854074,
            -28.026907910821844,
            196.88364179099722,
            411.52011395580337,
            610.1623295640449,
            459.974764021758,
            508.600454215046,
            465.0874742951647,
            409.3806285195604,
            321.59633552080953,
            409.57577107746533,
            267.9707911714986,
            206.52484605699087,
            61.50077112236698,
            0,
            0,
            0,
            0,
            0,
            0,
            0,
            0,
            0,
            0,
            0,
            0,
            0
        ],
        [
            -75.37687912114698,
            -135.70342324510906,
            -166.7042949968722,
            -120.66704439788772,
            -175.13875016687524,
            -129.71638404279403,
            -168.52495751109635,
            -249.32695386024682,
            -333.6551618447516,
            -349.87804629663316,
            -334.7960824150804,
            -278.5715496453983,
            -178.94623189225308,
            -86.36242549420363,
            119.55690299926341,
            313.2940673416736,
            489.1541419830055,
            350.7220830214979,
            389.33681681250624,
            346.2518981726047,
            293.0710969187002,
            214.33410689237832,
            271.0427284608044,
            136.28430450978976,
            0,
            0,
            0,
            0,
            0,
            0,
            0,
            0,
            0,
            0,
            0,
            0,
            0,
            0,
            0
        ],
        [
            0,
            -145.79611701145654,
            -194.4612651781804,
            -164.97252953407812,
            -224.96646803908996,
            -190.2557041136442,
            -232.29099684172286,
            -311.5296812606624,
            -391.61513959837225,
            -406.3774967980027,
            -391.0187435809911,
            -338.54481506544266,
            -247.38544471092493,
            -163.31930810459028,
            18.60339982466779,
            185.68636793746825,
            332.0584153004507,
            211.61949596539543,
            238.13212379338853,
            197.58789276075333,
            150.10498419884112,
            87.40070786636043,
            85.6289555674708,
            0,
            0,
            0,
            0,
            0,
            0,
            0,
            0,
            0,
            0,
            0,
            0,
            0,
            0,
            0,
