{
    "bin_ranges": {
        "m3pi_lower_limit": 1.1800000000000002,
        "m3pi_upper_limit": 1.2200000000000002,
        "t_lower_limit": 0.1,
        "t_upper_limit": 0.141
    },
    "info": "The dalitz matrix M is computed as sqrt(-Kibble) * (A[1]-A[2])",
    "bin_centers": [
        0.29900000000000004,
        0.33999999999999997,
        0.38,
        0.42000000000000004,
        0.45999999999999996,
        0.5,
        0.54,
        0.5800000000000001,
        0.62,
        0.66,
        0.69,
        0.71,
        0.73,
        0.75,
        0.77,
        0.79,
        0.81,
        0.83,
        0.85,
        0.87,
        0.89,
        0.91,
        0.94,
        0.98,
        1.02,
        1.06
    ],
    "real(M)": [
        [
            0,
            0,
            0,
            0,
            0,
            0,
            0,
            0,
            0,
            0,
            -5.848797260375654,
            -17.245337765392375,
            -27.134766880168975,
            -23.18876628094854,
            -8.455115142430003,
            10.817280468010786,
            27.881321444714448,
            32.843512867450904,
            35.92746990157133,
            47.14873035146993,
            43.54077216401421,
            37.98815238705186,
            26.076078515881193,
            0,
            0,
            0
        ],
        [
            0,
            0,
            0,
            0,
            0,
            0,
            0,
            -5.63648134531384,
            -17.53546637078783,
            -32.876991989308124,
            -60.1725524603628,
            -69.46739413544424,
            -83.00269420138021,
            -67.73578965597835,
            -35.58405422398226,
            1.1809296902807198,
            31.641274768889996,
            39.73353971903046,
            45.18425473052521,
            66.51781635351145,
            62.59038184660253,
            56.77904158736304,
            45.913148850215975,
            47.04184910241507,
            14.837327381989889,
            0
        ],
        [
            0,
            0,
            0,
            0,
            0,
            -3.1265245328084617,
            -19.46626196673015,
            -39.37165061371319,
            -57.6866142952653,
            -80.24710787352886,
            -118.50915436937944,
            -130.5169959100077,
            -148.15235792720483,
            -126.95253075266203,
            -84.02539388552859,
            -35.786305267462005,
            3.743147793455265,
            14.08427435694963,
            21.27037614207029,
            49.463022642499254,
            45.323801689683364,
            39.24426175999219,
            28.369571653196036,
            38.90275959900138,
            11.451551153867278,
            0
        ],
        [
            0,
            0,
            0,
            0,
            -2.979200889488302,
            -8.145178910166301,
            -21.9292250517468,
            -43.3399172672591,
            -62.287725369621896,
            -86.78004590974069,
            -131.41971529804664,
            -144.38233848116698,
            -164.245409308566,
            -137.40674088519256,
            -85.0737780361194,
            -27.035880617140293,
            20.12178279225772,
            32.33826827921192,
            40.69651910869295,
            73.77481857623893,
            68.56101792807453,
            60.98936977388728,
            47.368974478337506,
            58.6667241266242,
            23.422931085463663,
            0
        ],
        [
            0,
            0,
            0,
            2.979200889488302,
            0,
            -3.033748924753366,
            -17.8810373739118,
            -41.377415012336904,
            -61.4013984739582,
            -87.85246514355602,
            -138.00965513697057,
            -151.87041008805775,
            -173.6662523602546,
            -142.13263234255055,
            -81.9437782054253,
            -15.75735543490655,
            37.674673910009275,
            51.341602815737275,
            60.53135791585054,
            97.37614274856698,
            91.05001689508619,
            82.007589158758,
            65.7439724633318,
            76.30419080377104,
            34.049414370293235,
            0
        ],
        [
            0,
            0,
            3.1265245328084617,
            8.145178910166301,
            3.033748924753366,
            0,
            -16.755030973183146,
            -42.84440368452131,
            -64.47251931647696,
            -93.12397981468204,
            -148.2718578234804,
            -163.03591490589497,
            -186.55938528286802,
            -151.10896142120257,
            -84.3524150102745,
            -11.40719078265161,
            47.151369839710966,
            61.92926271256542,
            71.71221041221366,
            111.42512184414876,
            104.08262674358812,
            93.76643978016816,
            75.32236787360064,
            84.4487447251926,
            36.869315339568,
            0
        ],
        [
            0,
            0,
            19.46626196673015,
            21.9292250517468,
            17.8810373739118,
            16.755030973183146,
            0,
            -26.94785169462996,
            -48.81591300063743,
            -78.4087523951982,
            -137.19980141954042,
            -152.38387380915788,
            -177.05183054079137,
            -138.1059816551707,
            -65.80680392066357,
            12.632631460795876,
            75.13314138324452,
            90.4676688639788,
            100.23511982657965,
            141.37724793944304,
            132.37446437173713,
            120.02579272679105,
            97.93404943396008,
            100.83714107546999,
            42.15661515450461,
            0
        ],
        [
            0,
            5.63648134531384,
            39.37165061371319,
            43.3399172672591,
            41.377415012336904,
            42.84440368452131,
            26.94785169462996,
            0,
            -21.464198365890354,
            -51.35466931085998,
            -112.84851657008997,
            -128.1903580323571,
            -153.6155197445313,
            -111.7662055984717,
            -35.11939973663279,
            47.37337853713441,
            112.45564292184595,
            127.65008971655455,
            136.66545642901167,
            177.62336972233715,
            166.20896195408997,
            150.96373652412973,
            123.55486754391976,
            114.2118440325125,
            29.583169630159176,
            0
        ],
        [
            0,
            17.53546637078783,
            57.686614295265464,
            62.287725369622024,
            61.4013984739582,
            64.47251931647696,
            48.81591300063743,
            21.464198365890354,
            0,
            -30.38243885682506,
            -94.10475443305117,
            -109.58256524130076,
            -135.54676551933113,
            -91.54236483835032,
            -11.884701537529688,
            73.10912039083995,
            139.3594309664158,
            153.79226175653486,
            161.47002174073623,
            200.74437999596717,
            186.47936386063415,
            167.86168682981233,
            134.11545515509246,
            105.1272918889551,
            0,
            0
        ],
        [
            0,
            32.876991989308124,
            80.24710787352902,
            86.78004590974069,
            87.85246514355602,
            93.12397981468204,
            78.4087523951982,
            51.35466931085998,
            30.38243885682506,
            0,
            -65.0678487514932,
            -80.48197936028077,
            -106.6369574992312,
            -61.26536200446889,
            19.862978191505686,
            105.45421071900182,
            170.98462029012003,
            183.52384412792367,
            188.6089335678836,
            223.63914951604715,
            204.95034424048796,
            180.96930023633482,
            136.2299028637157,
            53.58655968263058,
            0,
            0
        ],
        [
            5.848797260375654,
            60.1725524603628,
            118.50915436937944,
            131.4197152980468,
            138.00965513697057,
            148.2718578234804,
            137.19980141954042,
            112.84851657008997,
            94.10475443305117,
            65.0678487514932,
            0,
            -15.166838197949467,
            -41.32686989417716,
            4.181858632387437,
            84.74182044078933,
            168.5749760291026,
            231.06673952846734,
            239.9204697131438,
            240.2887481217442,
            267.7735770429732,
            241.4809899950175,
            207.7731893010415,
            140.355958734636,
            0,
            0,
            0
        ],
        [
            17.245337765392375,
            69.46739413544424,
            130.51699591000795,
            144.38233848116698,
            151.87041008805775,
            163.03591490589497,
            152.38387380915788,
            128.1903580323571,
            109.58256524130076,
            80.48197936028077,
            15.166838197949467,
            0,
            -26.14456764563131,
            19.15967333375716,
            98.87133756969067,
            181.0405778248102,
            241.14919380479134,
            247.65502304327268,
            245.08656891187962,
            267.2432702358967,
            236.0915906526488,
            195.66187667588002,
            106.79455974065613,
            0,
            0,
            0
        ],
        [
            27.134766880168975,
            83.00269420138021,
            148.1523579272046,
            164.245409308566,
            173.6662523602546,
            186.55938528286802,
            177.05183054079137,
            153.6155197445313,
            135.54676551933113,
            106.6369574992312,
            41.326869894177165,
            26.14456764563131,
            0,
            44.62570543290743,
            122.65437875188941,
            202.06694480113217,
            258.5439905555982,
            261.55767846322203,
            254.59754901442597,
            268.9142432423923,
            230.04097176315483,
            177.84640378079774,
            0,
            0,
            0,
            0
        ],
        [
            23.18876628094855,
            67.73578965597837,
            126.95253075266223,
            137.40674088519268,
            142.13263234255055,
            151.10896142120257,
            138.1059816551707,
            111.7662055984717,
            91.54236483835032,
            61.26536200446889,
            -4.181858632387438,
            -19.15967333375716,
            -44.62570543290743,
            0,
            77.18537021326345,
            155.0267081587156,
            209.61503890035368,
            211.87904956930723,
            203.9823167081393,
            213.93973819900626,
            172.02889445382527,
            110.76973677006463,
            0,
            0,
            0,
            0
        ],
        [
            8.455115142430001,
            35.584054223982264,
            84.02539388552867,
            85.0737780361194,
            81.9437782054253,
            84.3524150102745,
            65.80680392066357,
            35.11939973663279,
            11.884701537529688,
            -19.86297819150569,
            -84.74182044078933,
            -98.87133756969067,
            -122.65437875188941,
            -77.18537021326345,
            0,
            77.3027720826419,
            131.45016744664557,
            135.34963700777493,
            129.49929199548865,
            137.6583119293575,
            95.80685025427223,
            0,
            0,
            0,
            0,
            0
        ],
        [
            -10.817280468010777,
            -1.1809296902807198,
            35.786305267462005,
            27.035880617140318,
            15.75735543490655,
            11.40719078265161,
            -12.632631460795876,
            -47.37337853713441,
            -73.10912039083995,
            -105.45421071900182,
            -168.5749760291026,
            -181.0405778248102,
            -202.06694480113217,
            -155.0267081587156,
            -77.3027720826419,
            0,
            54.482635249499076,
            61.67042755655132,
            59.987884392019915,
            67.12422591538673,
            18.269873067489325,
            0,
            0,
            0,
            0,
            0
        ],
        [
            -27.881321444714448,
            -31.641274768890003,
            -3.743147793455269,
            -20.121782792257722,
            -37.674673910009275,
            -47.151369839710966,
            -75.13314138324452,
            -112.45564292184595,
            -139.3594309664158,
            -170.98462029012003,
            -231.06673952846737,
            -241.14919380479134,
            -258.5439905555982,
            -209.61503890035368,
            -131.45016744664557,
            -54.482635249499076,
            0,
            10.961683060403649,
            14.26187847984037,
            15.790519037707318,
            0,
            0,
            0,
            0,
            0,
            0
        ],
        [
            -32.8435128674509,
            -39.73353971903042,
            -14.084274356949638,
            -32.33826827921192,
            -51.34160281573728,
            -61.92926271256542,
            -90.46766886397883,
            -127.65008971655455,
            -153.79226175653486,
            -183.52384412792367,
            -239.9204697131438,
            -247.65502304327268,
            -261.55767846322203,
            -211.87904956930723,
            -135.34963700777493,
            -61.67042755655132,
            -10.961683060403649,
            0,
            2.8117631620256587,
            0,
            0,
            0,
            0,
            0,
            0,
            0
        ],
        [
            -35.92746990157132,
            -45.18425473052522,
            -21.27037614207032,
            -40.69651910869297,
            -60.53135791585054,
            -71.71221041221366,
            -100.23511982657968,
            -136.66545642901167,
            -161.47002174073626,
            -188.6089335678836,
            -240.2887481217442,
            -245.08656891187962,
            -254.59754901442597,
            -203.9823167081393,
            -129.49929199548865,
            -59.987884392019915,
            -14.26187847984037,
            -2.8117631620256587,
            0,
            0,
            0,
            0,
            0,
            0,
            0,
            0
        ],
        [
            -47.14873035146993,
            -66.51781635351156,
            -49.46302264249928,
            -73.77481857623896,
            -97.37614274856699,
            -111.42512184414876,
            -141.37724793944307,
            -177.62336972233715,
            -200.7443799959672,
            -223.63914951604715,
            -267.7735770429732,
            -267.2432702358967,
            -268.9142432423923,
            -213.93973819900626,
            -137.6583119293575,
            -67.12422591538673,
            -15.790519037707318,
            0,
            0,
            0,
            0,
            0,
            0,
            0,
            0,
            0
        ],
        [
            -43.54077216401418,
            -62.59038184660255,
            -45.323801689683386,
            -68.56101792807456,
            -91.05001689508619,
            -104.08262674358812,
            -132.37446437173716,
            -166.20896195408997,
            -186.47936386063415,
            -204.95034424048796,
            -241.48098999501744,
            -236.0915906526488,
            -230.04097176315483,
            -172.02889445382527,
            -95.80685025427223,
            -18.269873067489254,
            0,
            0,
            0,
            0,
            0,
            0,
            0,
            0,
            0,
            0
        ],
        [
            -37.98815238705191,
            -56.779041587363054,
            -39.24426175999216,
            -60.98936977388731,
            -82.00758915875801,
            -93.76643978016816,
            -120.02579272679105,
            -150.96373652412973,
            -167.86168682981236,
            -180.9693002363348,
            -207.7731893010414,
            -195.66187667588002,
            -177.84640378079777,
            -110.76973677006465,
            0,
            0,
            0,
            0,
            0,
            0,
            0,
            0,
            0,
            0,
            0,
            0
        ],
        [
            -26.076078515881225,
            -45.913148850215926,
            -28.369571653196058,
            -47.36897447833752,
            -65.74397246333183,
            -75.32236787360064,
            -97.93404943396008,
            -123.55486754391978,
            -134.11545515509246,
            -136.2299028637157,
            -140.35595873463595,
            -106.79455974065617,
            0,
            0,
            0,
            0,
            0,
            0,
            0,
            0,
            0,
            0,
            0,
            0,
            0,
            0
        ],
        [
            0,
            -47.04184910241494,
            -38.90275959900141,
            -58.66672412662421,
            -76.30419080377102,
            -84.4487447251926,
            -100.83714107546999,
            -114.2118440325125,
            -105.12729188895509,
            -53.58655968263069,
            0,
            0,
            0,
            0,
            0,
            0,
            0,
            0,
            0,
            0,
            0,
            0,
            0,
            0,
            0,
            0
        ],
        [
            0,
            -14.83732738198992,
            -11.451551153867264,
            -23.42293108546364,
            -34.049414370293206,
            -36.869315339568,
            -42.15661515450458,
            -29.583169630159162,
            0,
            0,
            0,
            0,
            0,
            0,
            0,
            0,
            0,
            0,
            0,
            0,
            0,
            0,
            0,
            0,
            0,
            0
        ],
        [
            0,
            0,
            0,
            0,
            0,
            0,
            0,
            0,
            0,
            0,
            0,
            0,
            0,
            0,
            0,
            0,
            0,
            0,
            0,
            0,
            0,
            0,
            0,
            0,
            0,
            0
        ]
    ],
    "imag(M)": [
        [
            0,
            0,
            0,
            0,
            0,
            0,
            0,
            0,
            0,
            0,
            5.5329748788563915,
            6.823265781374936,
            -6.494334680466361,
            -23.766326508255727,
            -30.095029153416657,
            -35.75934880841518,
            -22.12609843962716,
            -26.950048426279483,
            -13.98856884956982,
            2.238113847916529,
            6.982893510537466,
            0.44952031443498647,
            14.733617079967756,
            0,
            0,
            0
        ],
        [
            0,
            0,
            0,
            0,
            0,
            0,
            0,
            -1.92316237535896,
            -7.637560127489049,
            -19.552971295598915,
            -34.51337326411454,
            -60.25030913048854,
            -100.60818651082216,
            -138.8041139922619,
            -150.23083824070014,
            -160.02747639523102,
            -134.2448801088936,
            -142.77193319692753,
            -118.96898955918498,
            -88.55810908953964,
            -77.5009051920184,
            -86.55520316230017,
            -44.99421935751423,
            -23.024533610789806,
            -0.7683962143648954,
            0
        ],
        [
            0,
            0,
            0,
            0,
            0,
            -2.5322239001157514,
            -10.679870054456234,
            -10.80827933386676,
            -19.37247316743465,
            -36.27248522497452,
            -56.43883417177304,
            -91.13692749479092,
            -144.65155411621282,
            -194.06443488150296,
            -207.341236611493,
            -218.69341264231832,
            -183.84418555784202,
            -194.28341236288068,
            -163.0030208674788,
            -123.45857087499884,
            -109.23427766151411,
            -121.51855204338541,
            -67.62729889431519,
            -39.31100022859704,
            -6.1966924659022125,
            0
        ],
        [
            0,
            0,
            0,
            0,
            -6.0178052941121365,
            -11.421440468247233,
            -15.941029958471152,
            -13.482929019126004,
            -23.47209733337765,
            -43.59924268400425,
            -67.52800054769611,
            -109.16273742753656,
            -173.0758212934537,
            -231.4287574287697,
            -246.13372039522096,
            -258.6368039446653,
            -216.36415365042325,
            -228.17665004569128,
            -190.75802481021606,
            -143.83862420955177,
            -127.02373187079824,
            -141.66669580347272,
            -78.36029386765867,
            -45.64429912465433,
            -6.658262409652605,
            0
        ],
        [
            0,
            0,
            0,
            6.0178052941121365,
            0,
            0.9473062923695817,
            0.013662052021606043,
            6.625143083239694,
            -2.5630910845446246,
            -23.765792488538448,
            -49.876623698770956,
            -96.79352342004661,
            -168.98261407867764,
            -234.45335703876887,
            -250.03211887439943,
            -263.23382334855546,
            -214.6151067282708,
            -227.47203494827818,
            -185.04394338958815,
            -132.32719493136278,
            -113.78672175061307,
            -130.74546790648228,
            -61.39218640594082,
            -28.169889188946126,
            9.381493026784808,
            0
        ],
        [
            0,
            0,
            2.5322239001157514,
            11.421440468247233,
            -0.9473062923695817,
            0,
            -1.3145968712877454,
            6.141002368957277,
            -4.501226522917254,
            -28.35376286686393,
            -57.36550364292117,
            -109.33302885315035,
            -188.97077303795592,
            -260.73528762408125,
            -277.177931246128,
            -290.9373815955537,
            -236.91044838480326,
            -250.30948938170712,
            -203.37430398275856,
            -145.48369018849718,
            -124.89082003750968,
            -142.64129812614536,
            -67.24738924850162,
            -30.93626950691455,
            8.414269668936816,
            0
        ],
        [
            0,
            0,
            10.679870054456234,
            15.941029958471152,
            -0.013662052021606043,
            1.3145968712877454,
            0,
            8.439972159783899,
            -3.2169713923043717,
            -29.139195985324537,
            -60.47927783514516,
            -116.60261725667664,
            -202.3386567728281,
            -279.1327351011681,
            -296.0351855590485,
            -309.9497542794753,
            -251.28697119035965,
            -264.76919148335264,
            -214.01706372132344,
            -151.96514726160765,
            -129.60199971259567,
            -147.43866138515682,
            -67.84102141029368,
            -29.56950854845731,
            8.103336284264048,
            0
        ],
        [
            0,
            1.92316237535896,
            10.80827933386676,
            13.482929019126004,
            -6.625143083239694,
            -6.141002368957277,
            -8.439972159783899,
            0,
            -13.200320087400245,
            -41.380295488703815,
            -74.91072477270855,
            -134.51842859663284,
            -225.15288956586986,
            -305.774215411957,
            -322.71736505353067,
            -336.29179516112896,
            -273.6334247609384,
            -286.47800213170865,
            -232.30228051495467,
            -166.73799952883076,
            -142.35723249558077,
            -158.78897683087914,
            -75.64992761348189,
            -33.894158334353634,
            2.1146777818724742,
            0
        ],
        [
            0,
            7.637560127489049,
            19.372473167434705,
            23.4720973333777,
            2.5630910845446246,
            4.501226522917254,
            3.2169713923043717,
            13.200320087400245,
            0,
            -28.993008563691067,
            -63.64721768446456,
            -125.57803932301178,
            -219.51436366385647,
            -302.4827294024156,
            -318.9556188384484,
            -331.75544915500075,
            -266.0828086967622,
            -277.9824533831813,
            -221.53461957043777,
            -154.1742429667127,
            -128.77981459000972,
            -143.6766792843433,
            -61.104223667871175,
            -20.778451558440853,
            0,
            0
        ],
        [
            0,
            19.552971295598915,
            36.272485224974595,
            43.59924268400425,
            23.765792488538448,
            28.35376286686393,
            29.139195985324537,
            41.380295488703815,
            28.993008563691067,
            0,
            -35.114984659115194,
            -98.40152620232304,
            -194.15445043718307,
            -278.0591855046268,
            -293.6758005380291,
            -305.3587760516957,
            -237.8998205450063,
            -248.57479592814616,
            -191.22982675596174,
            -124.11358076600106,
            -98.88050586963352,
            -111.91727622058681,
            -35.00502375859544,
            -3.026721567130729,
            0,
            0
        ],
        [
            -5.5329748788563915,
            34.51337326411454,
            56.43883417177304,
            67.5280005476962,
            49.876623698770956,
            57.36550364292117,
            60.47927783514516,
            74.91072477270855,
            63.64721768446456,
            35.114984659115194,
            0,
            -63.70985225595981,
            -159.86164912733685,
            -243.5637951334718,
            -258.4039532718088,
            -269.16629081182197,
            -201.51070430575533,
            -211.28876847913307,
            -154.6342758402519,
            -89.69735789378083,
            -65.99505071941697,
            -77.81946242720974,
            -11.164353040807105,
            0,
            0,
            0
        ],
        [
            -6.823265781374936,
            60.25030913048854,
            91.13692749479111,
            109.16273742753656,
            96.79352342004661,
            109.33302885315035,
            116.60261725667664,
            134.51842859663284,
            125.57803932301178,
            98.40152620232304,
            63.70985225595981,
            0,
            -96.1041460195773,
            -179.5671624299932,
            -194.40067023603837,
            -205.317197628747,
            -139.24290578862104,
            -149.8243530218498,
            -96.17475314275022,
            -36.11122760005034,
            -17.1709500437307,
            -32.03829787832415,
            13.717786780594624,
            0,
            0,
            0
        ],
        [
            6.494334680466361,
            100.60818651082216,
            144.6515541162126,
            173.0758212934537,
            168.98261407867764,
            188.97077303795592,
            202.3386567728281,
            225.15288956586986,
            219.51436366385647,
            194.15445043718307,
            159.86164912733688,
            96.1041460195773,
            0,
            -83.48851866202509,
            -99.17067249679853,
            -111.3832359269804,
            -48.973785344280934,
            -62.259074402299476,
            -14.751152614506553,
            36.17187180956813,
            45.26640446239519,
            21.235917479194136,
            0,
            0,
            0,
            0
        ],
        [
            23.766326508255737,
            138.80411399226193,
            194.06443488150327,
            231.42875742876993,
            234.45335703876887,
            260.73528762408125,
            279.1327351011681,
            305.774215411957,
            302.4827294024156,
            278.0591855046268,
            243.56379513347184,
            179.5671624299932,
            83.48851866202509,
            0,
            -16.901321262651546,
            -30.813741460838834,
            26.76774146004514,
            10.187217479363337,
            49.89099184385705,
            88.98720707577682,
            84.69073719130424,
            45.66714537269917,
            0,
            0,
            0,
            0
        ],
        [
            30.09502915341665,
            150.23083824070017,
            207.3412366114932,
            246.13372039522096,
            250.03211887439943,
            277.177931246128,
            296.0351855590485,
            322.71736505353067,
            318.9556188384484,
            293.67580053802914,
            258.4039532718088,
            194.40067023603837,
            99.17067249679853,
            16.901321262651546,
            0,
            -13.915910199392496,
            40.24418196898605,
            23.185681917974765,
            57.484129755470214,
            86.84056545950361,
            70.80443546806333,
            0,
            0,
            0,
            0,
            0
        ],
        [
            35.75934880841516,
            160.02747639523102,
            218.69341264231832,
            258.63680394466553,
            263.23382334855546,
            290.9373815955537,
            309.9497542794753,
            336.29179516112896,
            331.75544915500075,
            305.3587760516957,
            269.16629081182197,
            205.317197628747,
            111.3832359269804,
            30.813741460838834,
            13.915910199392496,
            0,
            49.69987110251717,
            32.00354615985379,
            58.957975860811686,
            73.60822204435453,
            23.529777578837592,
            0,
            0,
            0,
            0,
            0
        ],
        [
            22.12609843962716,
            134.24488010889362,
            183.84418555784222,
            216.3641536504233,
            214.6151067282708,
            236.91044838480326,
            251.28697119035965,
            273.6334247609384,
            266.0828086967622,
            237.8998205450063,
            201.51070430575535,
            139.24290578862104,
            48.973785344280934,
            -26.76774146004514,
            -40.24418196898605,
            -49.69987110251717,
            0,
            -10.906037559700684,
            16.289678326520402,
            19.803737201670746,
            0,
            0,
            0,
            0,
            0,
            0
        ],
        [
            26.950048426279476,
            142.7719331969274,
            194.2834123628808,
            228.17665004569128,
            227.4720349482782,
            250.30948938170712,
            264.7691914833527,
            286.47800213170865,
            277.9824533831813,
            248.57479592814616,
            211.28876847913307,
            149.8243530218498,
            62.259074402299476,
            -10.187217479363337,
            -23.185681917974765,
            -32.00354615985379,
            10.906037559700684,
            0,
            11.724483666480163,
            0,
            0,
            0,
            0,
            0,
            0,
            0
        ],
        [
            13.988568849569818,
            118.968989559185,
            163.00302086747902,
            190.75802481021614,
            185.04394338958815,
            203.37430398275856,
            214.0170637213235,
            232.30228051495467,
            221.5346195704378,
            191.22982675596174,
            154.6342758402519,
            96.17475314275022,
            14.751152614506553,
            -49.89099184385705,
            -57.484129755470214,
            -58.957975860811686,
            -16.289678326520402,
            -11.724483666480163,
            0,
            0,
            0,
            0,
            0,
            0,
            0,
            0
        ],
        [
            -2.238113847916529,
            88.55810908953978,
            123.45857087499891,
            143.83862420955182,
            132.3271949313628,
            145.48369018849718,
            151.96514726160768,
            166.73799952883076,
            154.17424296671274,
            124.11358076600106,
            89.69735789378083,
            36.11122760005034,
            -36.17187180956813,
            -88.98720707577682,
            -86.84056545950361,
            -73.60822204435453,
            -19.803737201670746,
            0,
            0,
            0,
            0,
            0,
            0,
            0,
            0,
            0
        ],
        [
            -6.982893510537463,
            77.50090519201841,
            109.23427766151418,
            127.0237318707983,
            113.78672175061307,
            124.89082003750968,
            129.6019997125957,
            142.35723249558077,
            128.77981459000972,
            98.88050586963352,
            65.99505071941695,
            17.1709500437307,
            -45.26640446239519,
            -84.69073719130424,
            -70.80443546806333,
            -23.5297775788375,
            0,
            0,
            0,
            0,
            0,
            0,
            0,
            0,
            0,
            0
        ],
        [
            -0.4495203144349871,
            86.55520316230019,
            121.51855204338531,
            141.66669580347278,
            130.74546790648228,
            142.64129812614536,
            147.43866138515682,
            158.78897683087914,
            143.67667928434332,
            111.91727622058679,
            77.81946242720971,
            32.03829787832415,
            -21.235917479194136,
            -45.667145372699174,
            0,
            0,
            0,
            0,
            0,
            0,
            0,
            0,
            0,
            0,
            0,
            0
        ],
        [
            -14.733617079967773,
            44.99421935751418,
            67.62729889431525,
            78.3602938676587,
            61.39218640594084,
            67.24738924850162,
            67.84102141029368,
            75.64992761348192,
            61.10422366787117,
            35.00502375859544,
            11.1643530408071,
            -13.71778678059463,
            0,
            0,
            0,
            0,
            0,
            0,
            0,
            0,
            0,
            0,
            0,
            0,
            0,
            0
        ],
        [
            0,
            23.024533610789746,
            39.311000228597074,
            45.64429912465434,
            28.169889188946122,
            30.93626950691455,
            29.56950854845731,
            33.894158334353634,
            20.77845155844085,
            3.0267215671307355,
            0,
            0,
            0,
            0,
            0,
            0,
            0,
            0,
            0,
            0,
            0,
            0,
            0,
            0,
            0,
            0
        ],
        [
            0,
            0.768396214364897,
            6.1966924659022045,
            6.6582624096525995,
            -9.381493026784801,
            -8.414269668936816,
            -8.103336284264042,
            -2.114677781872474,
            0,
            0,
            0,
            0,
            0,
            0,
            0,
            0,
            0,
            0,
            0,
            0,
            0,
            0,
            0,
            0,
            0,
            0
        ],
        [
            0,
            0,
            0,
            0,
            0,
            0,
            0,
            0,
            0,
            0,
            0,
            0,
            0,
            0,
            0,
            0,
            0,
            0,
            0,
            0,
            0,
            0,
            0,
            0,
            0,
            0
        ]
    ],
    "abs_M": [
        [
            0,
            0,
            0,
            0,
            0,
            0,
            0,
            0,
            0,
            0,
            8.051226018628073,
            18.546121712254305,
            27.901110310936073,
            33.20477612226101,
            31.260194366266305,
            37.359665200929086,
            35.593992718765975,
            42.48530860960318,
            38.55467743332148,
            47.20182122918413,
            44.09716138730588,
            37.99081191939656,
            29.950648457512873,
            0,
            0,
            0
        ],
        [
            0,
            0,
            0,
            0,
            0,
            0,
            0,
            5.955541577225973,
            19.12654975530196,
            38.25199718644173,
            69.36792489085434,
            91.95552511017803,
            130.42796647070833,
            154.44973053228608,
            154.38759559471973,
            160.03183369679797,
            137.92337765749363,
            148.197770183602,
            127.26050979108348,
            110.75720553514466,
            99.61900524139827,
            103.5164854409507,
            64.28450056533221,
            52.37427531688414,
            14.857210928791353,
            0
        ],
        [
            0,
            0,
            0,
            0,
            0,
            4.023346061994991,
            22.203490251251846,
            40.82824725857325,
            60.85259390916448,
            88.0641329172199,
            131.2621867561801,
            159.1873920088012,
            207.05842959808774,
            231.90073296646284,
            223.72003758537443,
            221.6020495795093,
            183.8822876702101,
            194.79325220224382,
            164.38495586016649,
            132.99853131305437,
            118.26400304335426,
            127.69835774906329,
            73.33678580035307,
            55.30623331407094,
            13.020638284915538,
            0
        ],
        [
            0,
            0,
            0,
            0,
            6.714880378515462,
            14.028301459846572,
            27.11101893155317,
            45.38874093503425,
            66.56350415166702,
