{
    "bin_ranges": {
        "m3pi_lower_limit": 1.38,
        "m3pi_upper_limit": 1.42,
        "t_lower_limit": 0.1,
        "t_upper_limit": 0.141
    },
    "info": "The dalitz matrix M is computed as sqrt(-Kibble) * (A[1]-A[2])",
    "bin_centers": [
        0.29900000000000004,
        0.33999999999999997,
        0.38,
        0.42000000000000004,
        0.45999999999999996,
        0.5,
        0.54,
        0.5800000000000001,
        0.62,
        0.66,
        0.69,
        0.71,
        0.73,
        0.75,
        0.77,
        0.79,
        0.81,
        0.83,
        0.85,
        0.87,
        0.89,
        0.91,
        0.94,
        0.98,
        1.02,
        1.06,
        1.1,
        1.1400000000000001,
        1.18,
        1.22,
        1.26
    ],
    "real(M)": [
        [
            0,
            0,
            0,
            0,
            0,
            0,
            0,
            0,
            0,
            0,
            0,
            0,
            0,
            0,
            0,
            0,
            42.90709095072502,
            76.36710108957162,
            107.63980262406062,
            125.94301784300758,
            128.71766683555808,
            137.18853248573132,
            150.76174323260534,
            143.8813875809317,
            126.99404122599697,
            102.48988249601575,
            75.9400283047443,
            0,
            0,
            0,
            0
        ],
        [
            0,
            0,
            0,
            0,
            0,
            0,
            0,
            0,
            0,
            -1.4956350424245868,
            -10.77681427653547,
            -20.59662430348023,
            -17.186751487622576,
            1.1408214322673256,
            29.539702160727565,
            78.05065878000408,
            111.71732451848396,
            126.07334213097961,
            158.3664054933077,
            167.32759961395777,
            151.13063279679517,
            152.91664366323738,
            164.10181615447564,
            144.10904817178704,
            118.25579672189646,
            90.92492161466048,
            81.1812497011977,
            87.5810080184287,
            47.37369599363338,
            0,
            0
        ],
        [
            0,
            0,
            0,
            0,
            0,
            0,
            0,
            -7.4296143493323115,
            -32.41915991598918,
            -56.200279414802445,
            -66.50095678362455,
            -84.21099854917561,
            -78.11887127392161,
            -50.44444960129733,
            -10.442007830268494,
            56.29858548732075,
            99.20865510032314,
            114.37764706315598,
            154.35707408183032,
            162.54783865291645,
            137.63425011202534,
            137.6278865141515,
            149.88978585304864,
            122.33210665938181,
            89.52707136363527,
            56.99683194178198,
            50.34732323272799,
            71.14997877378774,
            34.61182846528734,
            -7.508908946152285,
            0
        ],
        [
            0,
            0,
            0,
            0,
            0,
            0,
            -4.416356661377459,
            -27.611365747754068,
            -50.487556991748335,
            -75.9800687890598,
            -85.07145865622951,
            -105.92315387682604,
            -95.6449942823139,
            -58.61074437742487,
            -7.276815690275215,
            76.1667111014584,
            128.7299687829691,
            146.60704511638772,
            194.63688105853905,
            203.73842131534667,
            172.9041600587697,
            172.38517888202375,
            186.4806323702924,
            152.9493691892222,
            113.53712058526176,
            74.60361195250998,
            66.64112824857773,
            92.27409341815519,
            48.343334393766085,
            -7.45171243157314,
            0
        ],
        [
            0,
            0,
            0,
            0,
            0,
            -2.7638379584355617,
            7.614626245443834,
            -19.319809021802566,
            -42.4936932938342,
            -68.56490751750972,
            -75.88555800649523,
            -98.76887898329366,
            -84.4403190656675,
            -38.9222066446991,
            22.66100969380881,
            121.01647958616765,
            182.48054931999377,
            203.2336555075051,
            258.68191047204624,
            268.9449741599195,
            233.25824136153196,
            232.4733719695834,
            248.2304253401406,
            209.28237629985216,
            163.51139055453407,
            117.97668724478768,
            107.09870590202266,
            133.74125246258782,
            80.00721424030816,
            9.381653583855952,
            0
        ],
        [
            0,
            0,
            0,
            0,
            2.7638379584355617,
            0,
            15.475950479242027,
            -17.297426222645022,
            -43.246369481383006,
            -71.8836215937938,
            -78.99850595573018,
            -104.43075563401992,
            -87.27815406343305,
            -34.95160092343399,
            35.092903786165664,
            146.10569878389174,
            214.9933559474667,
            237.8933675257625,
            299.5308149742398,
            310.487396368166,
            270.22819303383545,
            268.9507016315031,
            285.83822779441243,
            241.88118389019482,
            190.55287465311645,
            139.60034078822866,
            126.72150083397095,
            154.59333753730877,
            94.12193387549137,
            15.265725473290527,
            0
        ],
        [
            0,
            0,
            0,
            4.416356661377459,
            -7.614626245443834,
            -15.475950479242027,
            0,
            -41.077372156794176,
            -72.4974117759106,
            -106.08617757805479,
            -114.80918341746575,
            -143.58426747600166,
            -124.91931899030386,
            -67.44252935328171,
            9.313880096462414,
            130.85188463299295,
            205.67486376815725,
            229.88535559485157,
            296.4834768566446,
            307.5949837572155,
            262.9278039973369,
            260.9338443667473,
            278.5456568422487,
            230.25658555921464,
            174.69931125066097,
            120.35552467667807,
            107.65920674552113,
            138.78573641342194,
            77.12246492323791,
            0.5682316530553347,
            0
        ],
        [
            0,
            0,
            7.4296143493323115,
            27.611365747754068,
            19.319809021802566,
            17.297426222645022,
            41.077372156794176,
            0,
            -29.933170943409117,
            -62.360841819244435,
            -68.8040286241834,
            -98.29470464121574,
            -76.18716293892959,
            -12.200948307182848,
            72.2666469291376,
            204.696070713006,
            286.10939424945735,
            312.59175646870403,
            384.44734352746275,
            396.3428921122475,
            348.2423951689644,
            345.8003456264121,
            363.78314903548596,
            310.46059013025535,
            248.7566336708314,
            187.56143906208447,
            168.90791673377691,
            193.104576628457,
            117.9431214121981,
            25.577317722210644,
            0
        ],
        [
            0,
            0,
            32.41915991598918,
            50.487556991748335,
            42.4936932938342,
            43.246369481383006,
            72.4974117759106,
            29.933170943409117,
            0,
            -32.55108034856065,
            -37.734791126720985,
            -68.3247916247799,
            -43.59539642453025,
            25.745537451295355,
            116.62944235427292,
            258.25123161511794,
            345.04653603247095,
            373.12057742483603,
            449.1395256638052,
            461.30722226518554,
            409.88124616598367,
            406.6784719738054,
            424.37116852600315,
            366.0922317231513,
            298.6416541127164,
            231.274175247117,
            206.82742000235584,
            222.84029506606765,
            134.82717676390106,
            26.150271671131673,
            0
        ],
        [
            0,
            1.4956350424245868,
            56.200279414802445,
            75.9800687890598,
            68.56490751750972,
            71.8836215937938,
            106.08617757805479,
            62.360841819244435,
            32.55108034856065,
            0,
            -4.004937041855882,
            -35.51543732359148,
            -8.458569571221837,
            65.55972010180415,
            161.98538020818486,
            311.45662205550315,
            402.72455280459275,
            431.96155017602086,
            511.23112098681713,
            523.2978458812536,
            468.75979627879593,
            464.50922613925053,
            481.1460528492183,
            417.6358359003933,
            344.1517817799164,
            270.17701760939684,
            238.27653772423835,
            241.6049118150531,
            135.6543894487913,
            0,
            0
        ],
        [
            0,
            10.77681427653547,
            66.50095678362455,
            85.07145865622951,
            75.88555800649523,
            78.99850595573018,
            114.80918341746575,
            68.8040286241834,
            37.734791126720985,
            4.004937041855882,
            0,
            -32.580777278109316,
            -4.428090909658995,
            72.23488888414964,
            171.86349892120384,
            325.9936102398432,
            419.72904845142733,
            449.3327515483091,
            530.2558526596017,
            541.8949582995359,
            485.1462198405086,
            479.95371726088945,
            495.46747938543655,
            428.41930021413475,
            351.193500230649,
            273.4399815944203,
            236.82075749550285,
            229.86639289626044,
            108.12493973360031,
            0,
            0
        ],
        [
            0,
            20.59662430348023,
            84.21099854917561,
            105.92315387682604,
            98.76887898329366,
            104.43075563401992,
            143.58426747600166,
            98.29470464121574,
            68.3247916247799,
            35.51543732359148,
            32.580777278109316,
            0,
            29.379656995859758,
            108.10825460334073,
            210.03732957653276,
            367.20436511968484,
            462.5841163426486,
            492.5167501689987,
            574.3742305061043,
            585.6598811630445,
            527.484854739502,
            521.4351491017968,
            535.5282870581942,
            465.0609588126886,
            383.6740899180101,
            300.8923785465264,
            256.94969249659414,
            235.29906008556807,
            82.36254698188858,
            0,
            0
        ],
        [
            0,
            17.18675148762258,
            78.11887127392161,
            95.6449942823139,
            84.4403190656675,
            87.27815406343305,
            124.91931899030386,
            76.18716293892959,
            43.59539642453025,
            8.458569571221837,
            4.428090909658995,
            -29.379656995859758,
            0,
            79.59163094654824,
            182.69672361393262,
            341.7814841592959,
            437.9542637284083,
            467.65912113839204,
            549.9179829166168,
            560.65282750106,
            501.22250718566625,
            494.54168311515474,
            507.86898388568324,
            435.9884839213908,
            353.6893740202857,
            270.67868376798305,
            225.91425067810104,
            197.59238367466037,
            0,
            0,
            0
        ],
        [
            0,
            -1.1408214322673258,
            50.44444960129733,
            58.61074437742487,
            38.9222066446991,
            34.95160092343399,
            67.44252935328171,
            12.200948307182848,
            -25.745537451295355,
            -65.55972010180415,
            -72.23488888414964,
            -108.10825460334073,
            -79.59163094654824,
            0,
            103.47317501390826,
            263.64591457818835,
            360.03393629328644,
            389.21363390217425,
            471.5720509767471,
            481.77750073953194,
            421.472044693191,
            414.5669935666216,
            428.01110471636485,
            356.9841056052788,
            277.2412850669039,
            199.04722312453836,
            160.37265254902883,
            134.07815061428448,
            0,
            0,
            0
        ],
        [
            0,
            -29.539702160727565,
            10.442007830268494,
            7.276815690275215,
            -22.66100969380881,
            -35.092903786165664,
            -9.313880096462414,
            -72.2666469291376,
            -116.62944235427292,
            -161.98538020818486,
            -171.86349892120384,
            -210.03732957653276,
            -182.69672361393262,
            -103.47317501390826,
            0,
            160.80927631312053,
            257.16231149282925,
            285.7959889183759,
            368.1588796632638,
            378.00851795300713,
            317.30559498366813,
            310.6004111926528,
            324.92012956888925,
            256.5816534400639,
            182.07727967290816,
            112.58856039813634,
            85.40806658742427,
            67.56686553695907,
            0,
            0,
            0
        ],
        [
            0,
            -78.05065878000408,
            -56.29858548732075,
            -76.1667111014584,
            -121.01647958616765,
            -146.10569878389174,
            -130.85188463299295,
            -204.696070713006,
            -258.25123161511794,
            -311.45662205550315,
            -325.9936102398432,
            -367.20436511968484,
            -341.7814841592959,
            -263.64591457818835,
            -160.80927631312053,
            0,
            95.98703521424272,
            124.08684709271417,
            206.49570718584073,
            216.43395050984222,
            156.23174278376476,
            150.70916818933347,
            167.80984188622733,
            106.27087137795473,
            43.08392849050849,
            -8.667580420629566,
            -10.428472127752526,
            5.7731737448869795,
            0,
            0,
            0
        ],
        [
            -42.90709095072485,
            -111.71732451848396,
            -99.20865510032314,
            -128.7299687829691,
            -182.48054931999377,
            -214.9933559474667,
            -205.67486376815725,
            -286.10939424945735,
            -345.04653603247095,
            -402.72455280459275,
            -419.72904845142733,
            -462.5841163426486,
            -437.9542637284083,
            -360.03393629328644,
            -257.16231149282925,
            -95.98703521424272,
            0,
            27.95293072362929,
            110.45826914795963,
            120.57124315328936,
            61.01721945344438,
            56.45232133056786,
            75.49124363288823,
            19.214510704148772,
            -35.08194742866112,
            -72.39348952415494,
            -52.57951126868924,
            0,
            0,
            0,
            0
        ],
        [
            -76.36710108957152,
            -126.07334213097961,
            -114.37764706315598,
            -146.60704511638772,
            -203.2336555075051,
            -237.8933675257625,
            -229.88535559485172,
            -312.5917564687041,
            -373.1205774248362,
            -431.9615501760208,
            -449.3327515483092,
            -492.51675016899884,
            -467.65912113839215,
            -389.2136339021743,
            -285.7959889183759,
            -124.08684709271418,
            -27.95293072362929,
            0,
            82.36272868997035,
            92.42100082870788,
            33.32143297647815,
            29.08096496960815,
            48.47255102597071,
            -5.314412737437454,
            -54.82471797618568,
            -83.33329038117378,
            -48.45010648230968,
            0,
            0,
            0,
            0
        ],
        [
            -107.63980262406062,
            -158.3664054933077,
            -154.35707408183032,
            -194.63688105853905,
            -258.68191047204624,
            -299.5308149742398,
            -296.4834768566446,
            -384.44734352746275,
            -449.1395256638052,
            -511.23112098681713,
            -530.2558526596017,
            -574.3742305061043,
            -549.9179829166168,
            -471.5720509767471,
            -368.1588796632638,
            -206.49570718584073,
            -110.45826914795963,
            -82.36272868997035,
            0,
            10.608421270983724,
            -46.89595703437572,
            -49.603058913005576,
            -27.577667573051553,
            -73.89553236867918,
            -110.95249978784344,
            -117.6686355663501,
            -19.161361262950265,
            0,
            0,
            0,
            0
        ],
        [
            -125.94301784300758,
            -167.3275996139584,
            -162.54783865291645,
            -203.73842131534667,
            -268.94497415991975,
            -310.487396368166,
            -307.59498375721563,
            -396.3428921122476,
            -461.30722226518566,
            -523.2978458812537,
            -541.894958299536,
            -585.6598811630446,
            -560.65282750106,
            -481.7775007395319,
            -378.0085179530072,
            -216.43395050984225,
            -120.57124315328936,
            -92.42100082870788,
            -10.608421270983726,
            0,
            -56.422236929586624,
            -58.64423493659347,
            -36.35529315992814,
            -79.19582490841593,
            -109.37422193430416,
            -100.31194730751899,
            0,
            0,
            0,
            0,
            0
        ],
        [
            -128.71766683555802,
            -151.1306327967952,
            -137.63425011202534,
            -172.9041600587697,
            -233.25824136153196,
            -270.22819303383545,
            -262.9278039973369,
            -348.2423951689644,
            -409.88124616598367,
            -468.75979627879593,
            -485.1462198405086,
            -527.484854739502,
            -501.22250718566625,
            -421.472044693191,
            -317.30559498366813,
            -156.23174278376476,
            -61.01721945344438,
            -33.32143297647815,
            46.89595703437572,
            56.422236929586624,
            0,
            -3.46776056060213,
            15.446884555523557,
            -30.13022125860955,
            -62.41360312476553,
            -47.63777996169497,
            0,
            0,
            0,
            0,
            0
        ],
        [
            -137.1885324857314,
            -152.91664366323735,
            -137.6278865141515,
            -172.38517888202375,
            -232.4733719695834,
            -268.9507016315031,
            -260.9338443667473,
            -345.8003456264121,
            -406.6784719738054,
            -464.50922613925053,
            -479.95371726088945,
            -521.4351491017968,
            -494.54168311515474,
            -414.5669935666216,
            -310.6004111926528,
            -150.70916818933347,
            -56.45232133056786,
            -29.080964969608143,
            49.603058913005576,
            58.64423493659347,
            3.46776056060213,
            0,
            17.82285579248507,
            -25.11797925507955,
            -50.27441329244872,
            0,
            0,
            0,
            0,
            0,
            0
        ],
        [
            -150.76174323260543,
            -164.10181615447564,
            -149.8897858530488,
            -186.48063237029254,
            -248.2304253401406,
            -285.83822779441243,
            -278.5456568422487,
            -363.78314903548596,
            -424.37116852600315,
            -481.1460528492183,
            -495.46747938543655,
            -535.5282870581942,
            -507.86898388568324,
            -428.01110471636485,
            -324.92012956888925,
            -167.80984188622733,
            -75.49124363288823,
            -48.47255102597071,
            27.577667573051553,
            36.35529315992814,
            -15.446884555523557,
            -17.82285579248507,
            0,
            -33.26295289880711,
            -29.917603604484274,
            0,
            0,
            0,
            0,
            0,
            0
        ],
        [
            -143.88138758093174,
            -144.10904817178704,
            -122.33210665938186,
            -152.94936918922227,
            -209.28237629985216,
            -241.88118389019482,
            -230.25658555921464,
            -310.46059013025535,
            -366.0922317231513,
            -417.6358359003933,
            -428.41930021413475,
            -465.0609588126886,
            -435.9884839213908,
            -356.9841056052788,
            -256.5816534400639,
            -106.27087137795473,
            -19.214510704148772,
            5.314412737437454,
            73.89553236867918,
            79.19582490841593,
            30.13022125860955,
            25.11797925507955,
            33.26295289880711,
            0,
            0,
            0,
            0,
            0,
            0,
            0,
            0
        ],
        [
            -126.99404122599702,
            -118.25579672189647,
            -89.52707136363534,
            -113.53712058526179,
            -163.51139055453407,
            -190.55287465311645,
            -174.69931125066097,
            -248.7566336708314,
            -298.6416541127164,
            -344.1517817799164,
            -351.193500230649,
            -383.6740899180101,
            -353.6893740202857,
            -277.2412850669039,
            -182.07727967290816,
            -43.08392849050849,
            35.08194742866112,
            54.824717976185696,
            110.95249978784344,
            109.37422193430417,
            62.41360312476553,
            50.27441329244872,
            29.917603604484274,
            0,
            0,
            0,
            0,
            0,
            0,
            0,
            0
        ],
        [
            -102.48988249601585,
            -90.92492161466048,
            -56.996831941782055,
            -74.60361195251001,
            -117.97668724478768,
            -139.60034078822866,
            -120.35552467667807,
            -187.56143906208447,
            -231.274175247117,
            -270.17701760939684,
            -273.4399815944203,
            -300.8923785465264,
            -270.67868376798305,
            -199.04722312453836,
            -112.58856039813634,
            8.667580420629566,
            72.39348952415494,
            83.3332903811738,
            117.6686355663501,
            100.31194730751903,
            47.63777996169499,
            0,
            0,
            0,
            0,
            0,
            0,
            0,
            0,
            0,
            0
        ],
        [
            -75.9400283047445,
            -81.18124970119774,
            -50.347323232727994,
            -66.64112824857777,
            -107.09870590202266,
            -126.72150083397095,
            -107.65920674552112,
            -168.9079167337769,
            -206.82742000235584,
            -238.27653772423838,
            -236.82075749550285,
            -256.94969249659414,
            -225.91425067810104,
            -160.37265254902883,
            -85.40806658742427,
            10.428472127752526,
            52.579511268689245,
            48.45010648230965,
            19.161361262950347,
            0,
            0,
            0,
            0,
            0,
            0,
            0,
            0,
            0,
            0,
            0,
            0
        ],
        [
            0,
            -87.58100801842878,
            -71.14997877378782,
            -92.27409341815518,
            -133.74125246258785,
            -154.5933375373088,
            -138.785736413422,
            -193.104576628457,
            -222.84029506606765,
            -241.60491181505313,
            -229.86639289626035,
            -235.29906008556807,
            -197.59238367466037,
            -134.07815061428448,
            -67.56686553695907,
            -5.773173744886955,
            0,
            0,
            0,
            0,
            0,
            0,
            0,
            0,
            0,
            0,
            0,
            0,
            0,
            0,
            0
        ],
        [
            0,
            -47.37369599363347,
            -34.611828465287374,
            -48.34333439376609,
            -80.00721424030814,
            -94.12193387549138,
            -77.12246492323791,
            -117.94312141219805,
            -134.82717676390106,
            -135.6543894487913,
            -108.12493973360039,
            -82.36254698188854,
            0,
            0,
            0,
            0,
            0,
            0,
            0,
            0,
            0,
            0,
            0,
            0,
            0,
            0,
            0,
            0,
            0,
            0,
            0
        ],
        [
            0,
            0,
            7.508908946152324,
            7.451712431573144,
            -9.38165358385595,
            -15.265725473290521,
            -0.568231653055335,
            -25.577317722210637,
            -26.1502716711316,
            0,
            0,
            0,
            0,
            0,
            0,
            0,
            0,
            0,
            0,
            0,
            0,
            0,
            0,
            0,
            0,
            0,
            0,
            0,
            0,
            0,
            0
        ],
        [
            0,
            0,
            0,
            0,
            0,
            0,
            0,
            0,
            0,
            0,
            0,
            0,
            0,
            0,
            0,
            0,
            0,
            0,
            0,
            0,
            0,
            0,
            0,
            0,
            0,
            0,
            0,
            0,
            0,
            0,
            0
        ]
    ],
    "imag(M)": [
        [
            0,
            0,
            0,
            0,
            0,
            0,
            0,
            0,
            0,
            0,
            0,
            0,
            0,
            0,
            0,
            0,
            -13.273333024537536,
            -11.300321164032574,
            -4.539341065528498,
            -3.086057271189415,
            11.700627088121943,
            7.44088426136425,
            7.626496034549108,
            26.32265685910645,
            35.04442359458152,
            36.424185327404075,
            23.63732580041539,
            0,
            0,
            0,
            0
        ],
        [
            0,
            0,
            0,
            0,
            0,
            0,
            0,
            0,
            0,
            -0.1698913675367127,
            -16.183338394957392,
            -51.360616360004954,
            -82.40156262862644,
            -117.57101973268733,
            -128.67124185615674,
            -133.15967115567412,
            -110.47554828433769,
            -82.13118544525736,
            -61.68552985680139,
            -59.03518750337392,
            -29.867012795094805,
            -40.373082388238274,
            -41.80402903750372,
            -8.73654280298828,
            8.736217160581713,
            18.176910587847182,
            7.827037948931384,
            -3.4041772226267284,
            5.470836532489539,
            0,
            0
        ],
        [
            0,
            0,
            0,
            0,
            0,
            0,
            0,
            -1.6087221710298865,
            -6.460404633736473,
            -29.611397956968244,
            -66.86147177280104,
            -128.30965351313563,
            -173.64711186686932,
            -222.42265442822125,
            -232.99974123272744,
            -235.01974009088968,
            -199.67759054805398,
            -158.6432984487972,
            -130.09174516510066,
            -126.45304513999697,
            -87.4634696198302,
            -101.73157896643545,
            -103.79024143598562,
            -60.34240720700122,
            -36.770075740586826,
            -22.529020823518046,
            -33.122683365495654,
            -44.058694758113056,
            -23.24340781234463,
            -30.12542092250376,
            0
        ],
        [
            0,
            0,
            0,
            0,
            0,
            0,
            -15.675742396303392,
            -36.836171683868024,
            -49.146753599658126,
            -87.24641713074189,
            -139.50022257501055,
            -220.80536712761688,
            -278.46618883333844,
            -339.24581981296535,
            -350.9331145071543,
            -352.18137222649995,
            -307.59949530622265,
            -256.9005713253122,
            -222.12799283541042,
            -217.93161464886583,
            -171.01370377183514,
            -188.45349832916918,
            -190.9962567377731,
            -138.65166500935828,
            -109.44685883164844,
            -90.34997944568806,
            -99.6933422393602,
            -108.16408320008748,
            -75.67474777439298,
            -77.02701858902783,
            0
        ],
        [
            0,
            0,
            0,
            0,
            0,
            -5.823162071908904,
            -8.746088402840329,
            -27.18665975208734,
            -34.78569555444221,
            -75.82756394531843,
            -134.77040170910067,
            -229.2847780747867,
            -294.4102424982973,
            -362.733603846844,
            -372.9825805093018,
            -371.3518657764191,
            -316.77529413306434,
            -255.85912550894759,
            -214.0262477114685,
            -207.8917116507888,
            -152.8964457373323,
            -172.13149520039858,
            -174.17747727961518,
            -114.00659236243402,
            -81.20933629653626,
            -60.838302825397356,
            -73.82989340829597,
            -87.23976073094863,
            -55.95730606368203,
            -67.87733260451974,
            0
        ],
        [
            0,
            0,
            0,
            0,
            5.823162071908904,
            0,
            0.10812630545340247,
            -19.8302213343113,
            -26.044844307233543,
            -71.51713240798126,
            -137.50458722390542,
            -244.30107656509932,
            -316.71422288898515,
            -392.3576309478751,
            -401.97012460151245,
            -398.3440977766779,
            -335.4068155836617,
            -265.85282449879253,
            -218.10628225222743,
            -210.5237206248685,
            -148.62112843128625,
            -169.59160297900536,
            -171.32392037545299,
            -104.32079038992774,
            -68.21822345542923,
            -46.33786762290274,
            -61.606580984447206,
            -77.75179452795453,
            -45.796603377585186,
            -61.7332897178927,
            0
        ],
        [
            0,
            0,
            0,
            15.675742396303392,
            8.746088402840329,
            -0.10812630545340247,
            0,
            -23.120029986053584,
            -29.800839142220216,
            -80.59414147689608,
            -153.77512362596573,
            -272.06108687153665,
            -351.50760698237855,
            -434.16581525695847,
            -443.6538120427325,
            -438.6289698166792,
            -368.57217483487955,
            -291.6088188220962,
            -238.83461291807416,
            -230.1373315885495,
            -162.26157377834934,
            -184.82608785362464,
            -186.26676055117142,
            -113.13945177083511,
            -73.79801231643769,
            -49.98139062810076,
            -66.00664638397234,
            -82.53586580839524,
            -47.86795107031092,
            -61.12983882240848,
            0
        ],
        [
            0,
            0,
            1.6087221710298865,
            36.836171683868024,
            27.18665975208734,
            19.8302213343113,
            23.120029986053584,
            0,
            -4.664268462314805,
            -58.039059525609716,
            -136.19980081938138,
            -263.85490167905493,
            -348.7560768542653,
            -436.89870872301475,
            -445.56009667213993,
            -438.6305053319396,
            -361.66408908102,
            -277.63065991664655,
            -219.9922712158631,
            -209.96521666813592,
            -136.61466370302517,
            -160.39657359678182,
            -161.49464379263526,
            -83.4514074380828,
            -42.261912267661096,
            -18.37699644594963,
            -37.11815864455925,
            -56.725548472232276,
            -24.81907952842317,
            -39.94271065880154,
            0
        ],
        [
            0,
            0,
            6.460404633736473,
            49.146753599658126,
            34.78569555444221,
            26.044844307233543,
            29.800839142220216,
            4.664268462314805,
            0,
            -57.241304369222014,
            -140.86734368450425,
            -277.4564973625803,
            -367.7406202361775,
            -461.20813948303953,
            -469.5416559143459,
            -461.2717375440174,
            -378.53205758944205,
            -288.57037677369885,
            -226.90705756246794,
            -215.87127902867948,
            -137.92989566157092,
            -162.77038874893756,
            -163.47172902472573,
            -81.06590032518879,
            -37.87180361065454,
            -13.167757078969407,
            -32.56317585737889,
            -52.04572684291285,
            -19.93277723295302,
            -24.29717784466147,
            0
        ],
        [
            0,
            0.1698913675367127,
            29.611397956968244,
            87.24641713074189,
            75.82756394531843,
            71.51713240798126,
            80.59414147689608,
            58.039059525609716,
            57.241304369222014,
            0,
            -86.16021628012393,
            -229.1891898919833,
            -322.8749058061419,
            -419.76534621163614,
            -426.7026476660275,
            -416.28074632507565,
            -327.73823189519413,
            -232.04084326090356,
            -166.4597197781587,
            -154.21902578736925,
            -72.32194631492416,
            -98.02523572379664,
            -98.74789262906835,
            -14.306214566784496,
            27.835185317874632,
            49.102448504880606,
            23.854156897151018,
            -2.8223700309155872,
            15.609074943430489,
            0,
            0
        ],
        [
            0,
            16.183338394957392,
            66.86147177280104,
            139.50022257501055,
            134.77040170910067,
            137.50458722390542,
            153.77512362596573,
            136.19980081938138,
            140.86734368450425,
            86.16021628012393,
            0,
            -146.24228582211686,
            -241.21027304933935,
            -339.46163967829693,
            -344.7213379124368,
            -332.24735855710924,
            -239.47054168615685,
            -139.7679819838289,
            -71.51372067704291,
            -58.45127216079306,
            25.721029340090563,
            -0.7704926449981131,
            -2.284822832197424,
            81.2372052300783,
            119.37784543155536,
            133.63295273003902,
            98.29919968936227,
            57.76819007238681,
            47.34228569872428,
            0,
            0
        ],
        [
            0,
            51.360616360004954,
            128.30965351313563,
            220.80536712761688,
            229.2847780747867,
            244.30107656509932,
            272.06108687153665,
            263.85490167905493,
            277.4564973625803,
            229.1891898919833,
            146.24228582211686,
            0,
            -93.99228579957855,
            -191.4982881584934,
            -194.42623891546478,
            -179.6290632915613,
            -83.5236231733687,
            19.08281677772231,
            89.17561961334114,
            102.73023456116347,
            187.8347281850421,
            160.2775791967478,
            156.6516229386965,
            235.67246687460366,
            265.38871606328644,
            266.6231184874593,
            212.7147465649554,
            144.5180497265233,
            70.64246111644233,
            0,
            0
        ],
        [
            0,
            82.40156262862645,
            173.64711186686932,
            278.46618883333844,
            294.4102424982973,
            316.71422288898515,
            351.50760698237855,
            348.7560768542653,
            367.7406202361775,
            322.8749058061419,
            241.21027304933935,
            93.99228579957855,
            0,
            -97.61771010978832,
            -99.1604396092982,
            -82.9145350962754,
            15.569767374086751,
            120.2181838879483,
            191.4728457161473,
            205.10424636097258,
            290.65687266773267,
            261.99554237651967,
            256.3766584210228,
            331.301742045543,
            353.8067404178082,
            344.04173683858664,
            274.6124484450573,
            181.77005853653318,
            0,
            0,
            0
        ],
        [
            0,
            117.57101973268735,
            222.42265442822125,
            339.24581981296535,
            362.733603846844,
            392.3576309478751,
            434.16581525695847,
            436.89870872301475,
            461.20813948303953,
            419.76534621163614,
            339.46163967829693,
            191.4982881584934,
            97.61771010978832,
            0,
            -0.26740073004908405,
            17.2574869727403,
            117.72984579912006,
            223.97071820716408,
            295.97257255517076,
            309.3717818701308,
            394.80894253745475,
            364.7564409392453,
            356.49943885838445,
            425.8621749985067,
            439.3336523997421,
