{
    "bin_ranges": {
        "m3pi_lower_limit": 2.38,
        "m3pi_upper_limit": 2.42,
        "t_lower_limit": 0.1,
        "t_upper_limit": 0.141
    },
    "info": "The dalitz matrix M is computed as sqrt(-Kibble) * (A[1]-A[2])",
    "bin_centers": [
        0.29900000000000004,
        0.33999999999999997,
        0.38,
        0.42000000000000004,
        0.45999999999999996,
        0.5,
        0.54,
        0.5800000000000001,
        0.62,
        0.66,
        0.69,
        0.71,
        0.73,
        0.75,
        0.77,
        0.79,
        0.81,
        0.83,
        0.85,
        0.87,
        0.89,
        0.91,
        0.94,
        0.98,
        1.02,
        1.06,
        1.1,
        1.1400000000000001,
        1.18,
        1.22,
        1.26,
        1.3,
        1.34,
        1.38,
        1.42,
        1.46,
        1.5,
        1.54,
        1.58,
        1.62,
        1.66,
        1.7,
        1.74,
        1.78,
        1.82,
        1.8599999999999999,
        1.9,
        1.94,
        1.98,
        2.02,
        2.06,
        2.1,
        2.14,
        2.18,
        2.22,
        2.26
    ],
    "real(M)": [
        [
            0,
            0,
            0,
            0,
            0,
            0,
            0,
            0,
            0,
            0,
            0,
            0,
            0,
            0,
            0,
            0,
            0,
            0,
            0,
            0,
            0,
            0,
            0,
            0,
            0,
            0,
            0,
            0,
            0,
            0,
            0,
            0,
            0,
            -233.79766125968567,
            -497.63000006018007,
            -664.6505132447346,
            -748.9336603216768,
            -825.63245619489,
            -900.2437442411549,
            -993.5514279540179,
            -928.7575888165622,
            -982.8962048878104,
            -934.7349537737574,
            -850.4117037981159,
            -882.4609182716858,
            -744.1984754077173,
            -617.5525426601357,
            -383.9245760363527,
            0,
            0,
            0,
            0,
            0,
            0,
            0,
            0
        ],
        [
            0,
            0,
            0,
            0,
            0,
            0,
            0,
            0,
            0,
            0,
            0,
            0,
            0,
            0,
            0,
            0,
            0,
            0,
            0,
            0,
            0,
            0,
            0,
            0,
            0,
            0,
            0,
            111.79575201292369,
            165.20841369382345,
            231.058275116797,
            287.91790747938074,
            313.0453503626266,
            330.368287366279,
            365.0682256090448,
            360.8592561861966,
            336.71337132306195,
            405.31486668184414,
            422.536795263768,
            400.0455798637729,
            307.57320486483326,
            474.0135800940763,
            385.4810628815714,
            447.9857223068751,
            539.0390348472387,
            358.7680534406373,
            445.7063544823263,
            413.75217703279213,
            423.6500251864294,
            487.9136793388731,
            324.46431894112544,
            237.34477342767653,
            81.41730616518024,
            0,
            0,
            0,
            0
        ],
        [
            0,
            0,
            0,
            0,
            0,
            0,
            0,
            0,
            0,
            0,
            0,
            0,
            0,
            0,
            0,
            0,
            0,
            0,
            0,
            0,
            0,
            0,
            0,
            -10.038144195995724,
            -33.776475380680544,
            -22.45579377148043,
            5.629182558995007,
            34.89841171051444,
            -25.348262830090736,
            5.89366578074148,
            33.230217721775276,
            19.149678120699885,
            2.4365847771796885,
            17.449333982248284,
            -17.934915354076885,
            -75.29284490325882,
            -1.1937262017493382,
            5.7708744702598445,
            -36.796406685209945,
            -168.323853854157,
            48.051481316522874,
            -70.18497677907926,
            16.030420275342184,
            145.35801269648124,
            -81.87444723704328,
            54.45690235889157,
            38.37275261968398,
            89.86534849847092,
            237.54783922952276,
            70.16643044374403,
            42.00361726888454,
            -42.08894568913712,
            -7.323308076352999,
            0,
            0,
            0
        ],
        [
            0,
            0,
            0,
            0,
            0,
            0,
            0,
            0,
            0,
            0,
            0,
            0,
            0,
            0,
            0,
            0,
            0,
            0,
            0,
            -89.11479152328126,
            -175.55205666370694,
            -272.6840238415887,
            -320.25596808703034,
            -302.2105590775886,
            -367.70219516594636,
            -373.88445484005115,
            -361.01765548124945,
            -349.4256093638118,
            -459.86842716011466,
            -441.8813031050904,
            -428.7346222946825,
            -467.53382192099474,
            -507.14038157487323,
            -504.7650085876238,
            -563.2723072767093,
            -646.37648190862,
            -565.8281325166996,
            -566.0753998872922,
            -624.6016425318943,
            -788.7433986586302,
            -528.5553269843649,
            -671.7836076618312,
            -564.7495667297836,
            -402.4554747449203,
            -669.9346556870579,
            -492.08804496748354,
            -495.8273946758297,
            -411.69177542350366,
            -200.10449396842904,
            -376.77407102805245,
            -371.7324390791785,
            -436.1187317997299,
            -323.0597809327343,
            -268.38606240403715,
            0,
            0
        ],
        [
            0,
            0,
            0,
            0,
            0,
            0,
            0,
            0,
            0,
            0,
            0,
            0,
            0,
            0,
            0,
            -12.480423394292057,
            0.8433513656229692,
            9.10161071258427,
            -25.13138335997186,
            -99.43688485212368,
            -59.2280314320072,
            -132.2199362735463,
            -96.53550477102327,
            26.65471838995697,
            6.76282286300915,
            57.04849828421847,
            122.77767041653867,
            180.00141529743902,
            82.75158452924948,
            140.06321034667968,
            187.5452852678793,
            169.74804964270902,
            148.61436322163902,
            174.56525056005893,
            126.28904337711839,
            46.98137930702976,
            156.25449207015077,
            168.2412881279093,
            109.65527604723597,
            -74.24445368894987,
            230.69346743018593,
            64.65943026061952,
            184.88875509693685,
            365.28876615197146,
            43.31875473331399,
            232.9995779896959,
            206.67698083832747,
            276.8324592908747,
            490.47625987479717,
            238.94964892660613,
            189.60052636359018,
            38.72063035163958,
            80.24275972537158,
            -5.343075520458649,
            92.49210054907894,
            0
        ],
        [
            0,
            0,
            0,
            0,
            0,
            0,
            0,
            0,
            0,
            0,
            0,
            0,
            -64.0708571456272,
            -182.95941070772707,
            -25.653982543304686,
            -126.67568080021674,
            -96.09068511793127,
            -92.75298989044504,
            -154.98641728967925,
            -267.0991536227736,
            -214.68590066866784,
            -316.5869447842553,
            -276.0690754768664,
            -132.7642498149253,
            -170.03732141474592,
            -121.42504596818117,
            -55.10805916544986,
            0.7190077720100192,
            -123.33688037108075,
            -66.18744999453749,
            -20.261146451444354,
            -48.870474943989194,
            -80.3562062147336,
            -57.28376624945176,
            -117.97675993313726,
            -212.86410978027766,
            -93.15608040182552,
            -83.03311497860165,
            -151.7949918541306,
            -360.9130490425591,
            -17.774776767267,
            -204.69504945034328,
            -67.97608090730812,
            137.67411936575076,
            -221.43181047512203,
            -2.515097312425862,
            -25.484748115988193,
            62.44741948368211,
            315.7621226398381,
            43.894363932907865,
            4.232058592499302,
            -149.4298335126046,
            -75.87314414028285,
            -145.7217987671644,
            48.04638817678533,
            0
        ],
        [
            0,
            0,
            0,
            0,
            0,
            0,
            0,
            0,
            0,
            4.6763716001898405,
            -52.692537786802745,
            -77.47136064456116,
            -78.19760665720428,
            -234.19304543604105,
            47.08676517480739,
            -84.01004187450152,
            -27.871858145872668,
            -12.62720166762873,
            -81.93560676654802,
            -211.18249953939136,
            -136.36638472122718,
            -250.5476513830897,
            -188.78363730262322,
            -5.936452444031125,
            -38.03627538079134,
            28.355613710070266,
            113.30981426158576,
            184.81267454585966,
            51.77615545362483,
            123.41679527244675,
            181.46475660686315,
            155.23119644615346,
            125.417119964101,
            156.0388590178729,
            92.7772567051306,
            -8.855589889725001,
            127.37521090120958,
            141.16244969939393,
            66.89065306576765,
            -163.31231975281565,
            216.93965438432514,
            9.925303442911938,
            159.9416453911994,
            385.1538868159925,
            -14.78419261729655,
            223.00798491732291,
            192.23589385230667,
            282.79653827724053,
            555.2828896925066,
            243.87949396337586,
            187.3825129173286,
            0.13375353382577346,
            62.496945486653075,
            -44.353720663015764,
            146.01597343400064,
            0
        ],
        [
            0,
            0,
            0,
            0,
            0,
            0,
            0,
            0,
            -42.57371000607457,
            -64.96674412253915,
            -234.60226228662592,
            -278.3066661479145,
            -288.36107467225287,
            -502.31679775715435,
            -153.08267003527013,
            -329.9334583249328,
            -273.467437862332,
            -267.51184918566105,
            -361.39260331585996,
            -523.4908223169988,
            -446.0354485384136,
            -587.6731277852795,
            -530.3933213780647,
            -340.9452574713742,
            -395.7677239641922,
            -338.6999256596826,
            -260.5666746289347,
            -197.05207393541733,
            -359.748791688343,
            -294.2493431482443,
            -243.09142478122376,
            -283.9551677912609,
            -327.58231145676865,
            -303.67212930938547,
            -381.6674456308524,
            -500.3651913406324,
            -357.39007936650205,
            -347.27428555909245,
            -432.0313222954132,
            -685.469308354335,
            -271.14806007753856,
            -495.99474781721005,
            -329.75932556188945,
            -79.8116316629589,
            -508.8969301925531,
            -240.9335696142394,
            -262.9448390362191,
            -149.87481595732947,
            164.85550735245906,
            -152.68272876925676,
            -187.71233838624397,
            -359.723291929694,
            -250.9786968528504,
            -316.2002907872261,
            -28.740008026328237,
            0
        ],
        [
            0,
            0,
            0,
            0,
            0,
            0,
            0,
            42.57371000607457,
            0,
            68.17139219171355,
            -115.53011049905602,
            -142.8134135376693,
            -130.88517083829112,
            -365.5293877123664,
            68.62048148089818,
            -122.05490775893753,
            -40.460617879631606,
            -18.840067193904744,
            -111.82171050625325,
            -281.6055395466995,
            -180.2830910612826,
            -326.38573649657724,
            -243.2315337601152,
            -9.481645931814787,
            -49.512387409607854,
            32.82867619828892,
            136.63971816023667,
            222.81703068479885,
            60.30165085319778,
            146.38777458974772,
            215.50958203399216,
            183.28347211773286,
            147.06664674122771,
            183.10046414173343,
            107.44117076483836,
            -13.363855939679828,
            147.9004484040331,
            163.92433376042712,
            76.0067136635062,
            -195.44133521683858,
            252.45544246682624,
            8.729951574176987,
            185.01288598698483,
            449.3222786922563,
            -20.20493847903915,
            258.7218993311846,
            222.61249400248894,
            328.77724866861695,
            648.1990949170525,
            283.4483926216481,
            217.51278119055388,
            -1.924432992019966,
            71.7380214412659,
            -54.06915473348856,
            175.12054713718433,
            0
        ],
        [
            0,
            0,
            0,
            0,
            0,
            0,
            -4.6763716001898405,
            64.96674412253915,
            -68.17139219171355,
            0,
            -232.81733898789201,
            -269.16205391125067,
            -259.55069521448195,
            -533.0051740209453,
            -41.89111343777834,
            -263.33229116922035,
            -176.3621516614679,
            -157.23553855016903,
            -265.72784480105366,
            -458.5232823859872,
            -350.34213759769773,
            -515.551755889489,
            -429.6996346797397,
            -181.49233054594603,
            -233.29983549241211,
            -151.32595615636723,
            -46.05342602054289,
            40.11451670397136,
            -142.5030973666299,
            -55.679546918419895,
            13.05908035243696,
            -27.06689933483613,
            -70.92008563615036,
            -36.52469906759464,
            -121.64595539976288,
            -254.5485553538416,
            -84.18675116105169,
            -69.13247395930878,
            -164.79648470092718,
            -456.1254293550901,
            23.134735120142967,
            -236.84308584975864,
            -46.89618208148679,
            237.7421484572614,
            -260.1824228166773,
            41.91962825900562,
            9.052984732458544,
            129.1503248291547,
            477.55446501628774,
            99.80661449942116,
            42.42054803374677,
            -174.5161111708727,
            -76.81757062089707,
            -183.37544586349009,
            90.38693623627914,
            0
        ],
        [
            0,
            0,
            0,
            0,
            0,
            0,
            52.692537786802745,
            234.60226228662592,
            115.53011049905602,
            232.81733898789201,
            0,
            -22.119596578775866,
            5.4578129655610885,
            -276.10108734077534,
            272.87156209945954,
            47.540740131908194,
            155.37925120762515,
            189.34751073159458,
            85.99519611072878,
            -107.4828024492491,
            20.820021594343345,
            -143.17610626006584,
            -33.8467325153219,
            252.2158995160656,
            218.05781792179417,
            324.5130734106947,
            454.24422128098144,
            562.4694405915842,
            386.0414744054536,
            492.72021628419554,
            579.0937471144648,
            549.715207735107,
            515.2948254009182,
            561.8936024282134,
            481.6904123002653,
            350.0961575225491,
            535.2612048821192,
            555.9453673367015,
            459.0117285161379,
            155.55437501202437,
            657.1822023695671,
            382.9243865135943,
            577.3188106668568,
            868.1689274612115,
            338.6166298219388,
            642.1075906377254,
            592.528563827281,
            698.8473439913215,
            1038.5017666128817,
            616.9726977464752,
            523.1767644172979,
            256.67479819531053,
            306.0093709649922,
            129.63650418109552,
            307.89071250077257,
            0
        ],
        [
            0,
            0,
            0,
            0,
            0,
            0,
            77.47136064456116,
            278.3066661479145,
            142.8134135376693,
            269.16205391125067,
            22.119596578775866,
            0,
            30.37828727100451,
            -264.5807502811724,
            313.331106502066,
            77.86914141762168,
            191.6591988179855,
            227.96368998248263,
            120.92891728240131,
            -79.79154015648638,
            54.85944684351495,
            -114.80097921633423,
            0.3365364650397073,
            298.97878088292697,
            264.95665583862467,
            376.5793378813725,
            512.0585751161647,
            625.062394669161,
            443.6958330045979,
            554.9058106221744,
            644.975402073239,
            615.4411919994527,
            580.6545165032634,
            629.3536150180851,
            547.2169321054417,
            412.0784023421547,
            603.2160888417606,
            624.7301312925139,
            525.0159761833365,
            212.6778004374691,
            728.6748745125475,
            446.1790101929704,
            645.5236360328465,
            943.6453263060772,
            398.47053461982694,
            708.9190675805717,
            656.3886453219405,
            763.4411647978915,
            1108.9869723930524,
            673.9842505526476,
            574.3140987140816,
            297.8005836102368,
            342.55023087389316,
            156.5106221524591,
            319.24807742937236,
            0
        ],
        [
            0,
            0,
            0,
            0,
            0,
            64.0708571456272,
            78.19760665720428,
            288.36107467225287,
            130.88517083829112,
            259.55069521448195,
            -5.4578129655610885,
            -30.37828727100451,
            0,
            -310.52377402098574,
            292.87059325630366,
            45.14732930021909,
            162.3401101827499,
            198.60683637463038,
            85.73684864181786,
            -124.23900083823095,
            14.455435157133154,
            -162.8244940371276,
            -45.05949799236599,
            261.9994678796301,
            224.42794042564162,
            337.613777878958,
            475.41538062021027,
            589.9824590170256,
            400.8510502246295,
            513.7679846145048,
            604.9265788605015,
            572.9148355554885,
            535.6596555402037,
            584.5297513766186,
            498.8504254248498,
            358.8430503779467,
            554.6783867733561,
            576.1350056858686,
            473.132115749406,
            151.8780564227234,
            681.9444048797657,
            391.8673936438726,
            596.8380528713801,
            903.231675713926,
            344.66004164705515,
            664.0254306371133,
            611.4352045298482,
            722.5903423041324,
            1077.793128825757,
            635.0759058260373,
            535.9565519676784,
            257.7290215390384,
            307.40501800171614,
            125.03709493375088,
            287.9066381145031,
            0
        ],
        [
            0,
            0,
            0,
            0,
            0,
            182.95941070772707,
            234.19304543604105,
            502.31679775715435,
            365.5293877123664,
            533.0051740209453,
            276.10108734077534,
            264.5807502811724,
            310.52377402098574,
            0,
            642.7549317021854,
            397.3694901111976,
            531.7367852468757,
            581.4779995189739,
            476.09246382167777,
            269.93240022340797,
            425.1037347201017,
            252.61161023127937,
            390.73824682763285,
            728.7638736970871,
            709.3431468792427,
            844.581650291229,
            1004.0781116818878,
            1138.4829789963867,
            958.9152278696139,
            1089.512241093663,
            1196.5456641574544,
            1175.6720633362893,
            1148.271230538943,
            1208.2286336989193,
            1128.585515838042,
            991.8289284941119,
            1198.6899536209978,
            1224.8511085236626,
            1121.621584878136,
            792.7654836816971,
            1335.561529908043,
            1034.9480098986237,
            1239.8097102777035,
            1546.0070843328558,
            963.4376992234235,
            1277.0983622203864,
            1206.5506792953975,
            1299.5755262944035,
            1636.9987477359048,
            1154.4906842271705,
            1016.3072703276296,
            688.0669215084806,
            680.8676524494634,
            420.99505231222054,
            454.35171353098565,
            0
        ],
        [
            0,
            0,
            0,
            0,
            0,
            25.653982543304686,
            -47.08676517480739,
            153.08267003527013,
            -68.62048148089818,
            41.89111343777834,
            -272.87156209945954,
            -313.331106502066,
            -292.87059325630366,
            -642.7549317021854,
            0,
            -280.3211456351859,
            -165.4813774792655,
            -137.94939357350765,
            -270.51431224605346,
            -506.60456776570004,
            -368.19366822200044,
            -568.0827988367483,
            -456.73972857327817,
            -148.08127597099073,
            -206.49515913531883,
            -103.54358618092454,
            26.208797451874453,
            131.976144997221,
            -83.3130933881394,
            22.57433659152654,
            106.28656372222756,
            60.726282663218946,
            10.791968425433327,
            52.98713872190313,
            -45.618801602563586,
            -200.1187292104664,
            0.7571787861955575,
            19.17199002837329,
            -91.91058725932258,
            -430.7654110317437,
            127.20056599407158,
            -175.02658708834232,
            44.65623213746077,
            372.46556939802747,
            -203.81697884153903,
            142.18490897544143,
            101.73758144352234,
            235.52632194918962,
            626.5148915920149,
            192.02460641892762,
            121.03150990730043,
            -125.97004187395619,
            -25.314762536525954,
            -142.07340118664598,
            100.07071590474244,
            0
        ],
        [
            0,
            0,
            0,
            0,
            12.480423394292057,
            126.67568080021674,
            84.01004187450152,
            329.9334583249328,
            122.05490775893753,
            263.33229116922035,
            -47.540740131908194,
            -77.86914141762168,
            -45.14732930021909,
            -397.3694901111976,
            280.3211456351859,
            0,
            128.9665626404722,
            167.18053230370012,
            39.65061289278526,
            -194.859613217845,
            -42.73758350915051,
            -240.02838973819814,
            -112.09714067564475,
            222.51898866642964,
            177.97817050190935,
            298.72596345617336,
            446.1133170060328,
            567.913693630709,
            358.97738209893095,
            479.1915473267409,
            575.684991407415,
            538.5563027082875,
            496.02463708176936,
            547.0101407012309,
            452.5789877857885,
            299.8251884161675,
            510.0970799126357,
            532.1219846756422,
            420.2235961688175,
            73.85804840028217,
            643.8022274427541,
            331.9079820755067,
            552.0276754458861,
            880.4499966140545,
            283.07017908330465,
            625.2128947857788,
            570.0269063792871,
            689.2427357494167,
            1066.0533341925304,
            598.6741693525267,
            495.7639953210485,
            208.4024938307922,
            262.2017638051403,
            82.76773683883204,
            201.59547127094814,
            0
        ],
        [
            0,
            0,
            0,
            0,
            -0.8433513656229692,
            96.09068511793127,
            27.871858145872668,
            273.467437862332,
            40.460617879631606,
            176.3621516614679,
            -155.37925120762515,
            -191.6591988179855,
            -162.3401101827499,
            -531.7367852468757,
            165.4813774792655,
            -128.9665626404722,
            0,
            35.1914446650394,
            -100.55600211687025,
            -346.35534724151427,
            -193.3644881338251,
            -400.3612853895995,
            -274.03868855870314,
            63.1775980858145,
            10.512067780879478,
            128.07642788080275,
            273.22901031214576,
            392.3479618715171,
            172.3969913586975,
            290.5867417884018,
            384.76214096002224,
            342.3258100316835,
            294.8034206893416,
            343.5396355546354,
            243.80365298275188,
            84.91109004535602,
            298.12844681103127,
            319.17384678302903,
            203.82242990217148,
            -150.52835568321998,
            432.44338074276016,
            114.8713774894534,
            341.5498471190029,
            679.3585118440851,
            73.51250826152712,
            426.98500582512764,
            376.46238413415375,
            504.6990741212978,
            895.6408537370279,
            431.04967399724677,
            339.0448107687238,
            64.68609807443517,
            138.31431631792017,
            -12.49347183400246,
            122.76824334122114,
            0
        ],
        [
            0,
            0,
            0,
            0,
            -9.10161071258427,
            92.75298989044504,
            12.62720166762873,
            267.51184918566105,
            18.840067193904744,
            157.23553855016903,
            -189.34751073159458,
            -227.96368998248263,
            -198.60683637463038,
            -581.4779995189739,
            137.94939357350765,
            -167.18053230370012,
            -35.1914446650394,
            0,
            -140.89525710749533,
            -394.91741221510165,
            -238.3277245560179,
            -452.13373977361397,
            -323.4721233983183,
            21.297447264865998,
            -34.55513818709996,
            84.41965346849386,
            231.66892254211209,
            352.19993800527106,
            125.24956452550504,
            244.98276246185188,
            340.1447802638797,
            295.49180480577354,
            245.7741574431616,
            294.6913195167976,
            191.83523351885907,
            28.679440457998325,
            246.1347689158371,
            267.2148717548333,
            149.09650278819407,
            -212.8305480961582,
            382.46413836241527,
            58.62033750934428,
            290.29983820205325,
            635.202908697845,
            18.7409900642633,
            379.7666827176257,
            329.65428894571073,
            461.4602052421196,
            859.4917080957157,
            390.5241444031081,
            300.0345103210257,
            27.639417356799704,
            105.99455186079788,
            -35.10029999789073,
            65.97074864641499,
            0
        ],
        [
            0,
            0,
            0,
            0,
            25.13138335997186,
            154.98641728967925,
            81.93560676654802,
            361.39260331585996,
            111.82171050625325,
            265.72784480105366,
            -85.99519611072878,
            -120.92891728240131,
            -85.73684864181786,
            -476.09246382167777,
            270.51431224605346,
            -39.65061289278526,
            100.55600211687025,
            140.89525710749533,
            0,
            -257.1447199050062,
            -92.22685920904861,
            -307.9944410635853,
            -170.19254963236645,
            190.73972607325533,
            140.11711531434057,
            268.4005878858831,
            425.20114319606836,
            554.1734917735171,
            326.9803662152037,
            454.36458778307104,
            556.1462258210905,
            514.4747296531917,
            467.2316605117823,
            520.3883608024457,
            417.9661988191231,
            253.51692130868722,
            477.30070956398174,
            499.91550792632927,
            379.8672920596113,
            10.565248379275094,
            616.8668033673373,
            285.13160456412135,
            518.7530895430649,
            866.4379099525426,
            234.63585339644845,
            596.1919807755505,
            538.2591952392052,
            663.3332094488043,
            1055.5121327914653,
            567.8790559638443,
            460.72301528449293,
            168.21271504100193,
            221.50294655315926,
            49.40943384894808,
            0,
            0
        ],
        [
            0,
            0,
            0,
            89.11479152328126,
            99.43688485212368,
            267.0991536227736,
            211.18249953939136,
            523.4908223169988,
            281.6055395466995,
            458.5232823859872,
            107.4828024492491,
            79.79154015648638,
            124.23900083823095,
            -269.93240022340797,
            506.60456776570004,
            194.859613217845,
            346.35534724151427,
            394.91741221510165,
            257.1447199050062,
            0,
            176.05080082051768,
            -38.714589486196346,
            112.29089831216953,
            494.49516481568924,
            454.1840672704181,
            596.5057378905776,
            767.3091887339693,
            908.9164069104197,
            685.5721497212472,
            824.2243379302951,
            935.9477006713149,
            900.3315323235822,
            858.3022833446902,
            918.0280044486849,
            818.0773035025196,
            654.0109562787737,
            885.1517373482875,
            909.9892437544295,
            788.3018205535187,
            411.56474120142184,
            1027.583673768186,
            686.7022542792497,
            919.9126746706607,
            1267.150347082769,
            616.8093026366963,
            973.8344888479421,
            902.3383256001594,
            1013.4385502038645,
            1390.5223281805727,
            874.4562287008675,
            737.8526145325196,
            409.6592464734936,
            415.71135956815885,
            179.9597161571718,
            0,
            0
        ],
        [
            0,
            0,
            0,
            175.55205666368346,
            59.22803143200876,
            214.68590066866784,
            136.36638472122846,
            446.03544853841976,
            180.28309106128165,
            350.3421375976962,
            -20.820021594343423,
            -54.859446843515144,
            -14.455435157133154,
            -425.1037347201017,
            368.19366822200044,
            42.73758350915051,
            193.3644881338251,
            238.3277245560179,
            92.22685920904861,
            -176.05080082051768,
            0,
            -224.4318943472334,
            -76.03114251299905,
            307.1222468956274,
            257.9867322973802,
            396.0891180452583,
            563.613330209801,
            701.6010628016701,
            467.07712227042856,
            602.8690372072292,
            711.5432673563607,
            670.2407208142793,
            622.918635890191,
            679.9474981437027,
            574.6542943053771,
            404.64170493799077,
            638.1187968935882,
            661.9094106963867,
            537.1542032811957,
            153.61091890001433,
            781.3280865817406,
            436.15129498478456,
            675.7752776681803,
            1031.9056566164118,
            376.19548915055316,
            744.2112384595997,
            678.839333447512,
            799.7536725113142,
            1190.1625749242833,
            681.7727722649518,
            559.2328743330456,
            250.45141171815672,
            279.75300975552443,
            84.55135668056064,
            0,
            0
        ],
        [
            0,
            0,
            0,
            272.6840238415887,
            132.2199362735463,
            316.5869447842553,
            250.5476513830897,
            587.6731277852795,
            326.38573649657724,
            515.551755889489,
            143.17610626006584,
            114.80097921633423,
            162.8244940371276,
            -252.61161023127937,
            568.0827988367483,
            240.02838973819814,
            400.3612853895995,
            452.13373977361397,
            307.9944410635853,
            38.714589486196346,
            224.4318943472334,
            0,
            159.6365779901212,
            561.3587236288075,
            520.3857427597006,
            670.2967255742727,
            849.6721337179678,
            998.277387211397,
            766.0558022667648,
            911.3137506257709,
            1028.2632583102447,
            991.6131947668391,
            948.2281199827864,
            1010.5637388195815,
            906.7820065320005,
            736.4066772176888,
            976.1796764965795,
            1001.514134647486,
            874.7832199045084,
            483.99541698464805,
            1120.4275919165368,
            766.6437172673657,
            1005.7230485318638,
            1361.2207183165258,
            688.827827291034,
            1052.4921944979253,
            974.8422302522405,
            1082.8534634142604,
            1458.4878182824077,
            925.1777618918836,
            775.7422137763607,
            435.3651292532725,
            418.3113615984496,
            156.98716252979884,
            0,
            0
        ],
        [
            0,
            0,
            0,
            320.2559680870443,
            96.53550477102327,
            276.0690754768664,
            188.7836373026246,
            530.3933213780647,
            243.2315337601152,
            429.6996346797397,
            33.846732515322,
            -0.3365364650397073,
            45.05949799236599,
            -390.73824682763285,
            456.73972857327817,
            112.09714067564475,
            274.03868855870314,
            323.4721233983183,
            170.19254963236645,
            -112.29089831216953,
            76.03114251299905,
            -159.63657799012142,
            0,
            407.8296177917356,
            358.7962582148172,
            506.9805372128136,
            685.7290996979499,
            832.9761683923133,
            588.3994307384904,
            732.8744326024122,
            848.5004803442388,
            806.5151262497155,
            758.0725719729365,
            818.715913507653,
            709.2118553710411,
            531.9654590801518,
            776.098314063231,
            800.6893266616039,
            670.0433896608658,
            269.86432078628394,
            921.7482669500145,
            561.1967343515983,
            807.4144578341732,
            1172.598168299557,
            490.88833708232835,
            865.5220841881217,
            792.0095639881316,
            907.6371103036353,
            1292.8716966638988,
            764.1164914955707,
            624.3852710521091,
            301.2814311842724,
            297.28121956239306,
            65.11437226198223,
            0,
            0
        ],
        [
            0,
            0,
            10.038144195995748,
            302.2105590775886,
            -26.65471838995697,
            132.7642498149253,
            5.936452444031125,
            340.9452574713742,
            9.481645931814787,
            181.49233054594603,
            -252.2158995160656,
            -298.97878088292697,
            -261.9994678796301,
            -728.7638736970871,
            148.08127597099073,
            -222.51898866642964,
            -63.1775980858145,
            -21.297447264865998,
            -190.73972607325533,
            -494.49516481568924,
            -307.1222468956274,
            -561.3587236288075,
            -407.8296177917351,
            0,
            -66.7763903679501,
            72.15978583383125,
            243.4688080251957,
            382.7595858478886,
            116.64911538507498,
            254.80869848447915,
            363.91067298376635,
            310.81939812368165,
            252.17869550368195,
            307.4640626106085,
            188.139822383626,
            0.3198765705890868,
            248.67096931151238,
            271.8322549113981,
            136.65463212074204,
            -273.8286256688596,
            399.18702954358326,
            33.72610282753386,
            293.0112237408818,
            675.3697717988937,
            -9.584221198296252,
            386.69207994280794,
            329.2159752208801,
            466.73008797357437,
            877.0312551155884,
            376.0877011804748,
            273.3945769592565,
            8.52095368509063,
            66.17128216118576,
            0,
            0,
            0
        ],
        [
            0,
            0,
            33.776475380680544,
            367.70219516594636,
            -6.76282286300915,
            170.03732141474592,
            38.03627538079134,
            395.7677239641922,
            49.512387409607854,
            233.29983549241211,
            -218.05781792179417,
            -264.95665583862467,
            -224.42794042564162,
