{
    "bin_ranges": {
        "m3pi_lower_limit": 1.22,
        "m3pi_upper_limit": 1.26,
        "t_lower_limit": 0.1,
        "t_upper_limit": 0.141
    },
    "info": "The dalitz matrix M is computed as sqrt(-Kibble) * (A[1]-A[2])",
    "bin_centers": [
        0.29900000000000004,
        0.33999999999999997,
        0.38,
        0.42000000000000004,
        0.45999999999999996,
        0.5,
        0.54,
        0.5800000000000001,
        0.62,
        0.66,
        0.69,
        0.71,
        0.73,
        0.75,
        0.77,
        0.79,
        0.81,
        0.83,
        0.85,
        0.87,
        0.89,
        0.91,
        0.94,
        0.98,
        1.02,
        1.06,
        1.1
    ],
    "real(M)": [
        [
            0,
            0,
            0,
            0,
            0,
            0,
            0,
            0,
            0,
            0,
            0,
            -5.316827441570014,
            -34.073682362687215,
            -44.52374717294106,
            -30.942948720312152,
            -15.405660167581612,
            -5.364323164558713,
            9.225848612463112,
            8.992040470845478,
            7.945043833816258,
            8.925595858081419,
            6.553586621572981,
            9.123993924123553,
            2.7445989721310124,
            0,
            0,
            0
        ],
        [
            0,
            0,
            0,
            0,
            0,
            0,
            0,
            0,
            -12.866091298053039,
            -34.184773374069174,
            -47.46466539214175,
            -57.914424585893926,
            -66.05862767069283,
            -63.90656461974427,
            -18.482560912108084,
            19.531926464052855,
            41.430843968906146,
            69.5412757218881,
            69.18359949348472,
            67.18234363737446,
            68.61365132150326,
            63.67829424115126,
            67.3153407741116,
            51.36510081044535,
            48.924094437726325,
            19.65090898009762,
            0
        ],
        [
            0,
            0,
            0,
            0,
            0,
            0,
            -12.65365172504222,
            -20.64906552723357,
            -42.47448728180553,
            -73.6489938783608,
            -90.85507247223221,
            -104.4015886503985,
            -114.52494619246431,
            -110.56772022871401,
            -48.78326705305284,
            1.6144505267702307,
            29.949926429667492,
            66.24341994419255,
            65.30772250139144,
            62.54462014419083,
            64.5749951172608,
            58.66377682182001,
            64.99268288150698,
            47.84424613853617,
            53.18135590866406,
            37.662465585641016,
            0
        ],
        [
            0,
            0,
            0,
            0,
            0,
            -21.563526264356625,
            -43.390138214354266,
            -54.16713867185832,
            -84.21100480067552,
            -124.26739505240026,
            -145.4900465059632,
            -161.99043922734032,
            -174.11591256112104,
            -169.04437741034036,
            -94.29336994869885,
            -33.960093075695205,
            -0.41440844707423974,
            42.54434746781057,
            41.20493386978783,
            37.92692618699847,
            40.576581068718944,
            34.075919241144035,
            42.881948647577424,
            25.528371513530903,
            37.20099217515822,
            28.413488106434542,
            0
        ],
        [
            0,
            0,
            0,
            0,
            0,
            -2.661526007993729,
            -20.201476326514705,
            -24.806563313286258,
            -54.22023117299514,
            -95.62235931345427,
            -116.45500548178353,
            -133.26990514820008,
            -145.17918529459746,
            -137.52687463725047,
            -50.44890615420622,
            19.334607142851205,
            57.98907519959571,
            106.89585875031092,
            105.17109280870379,
            101.0110107946511,
            103.27590731289159,
            94.91862697999588,
            102.61765178136461,
            78.68615843170295,
            84.86286001948892,
            63.87787358892677,
            0
        ],
        [
            0,
            0,
            0,
            21.563526264356625,
            2.661526007993729,
            0,
            -20.215070311314253,
            -24.46965294482275,
            -57.21469417367814,
            -102.95522423006578,
            -125.42593440960427,
            -143.62715335533213,
            -156.306537261648,
            -147.236625951615,
            -50.26796638809643,
            27.040246971814042,
            69.62399074927485,
            123.26132168746574,
            121.0707550816476,
            116.19604819106074,
            118.32258412554992,
            108.81898502511153,
            116.4768400210075,
            89.37997140706857,
            93.98197437198112,
            67.66381561773964,
            0
        ],
        [
            0,
            0,
            12.65365172504222,
            43.390138214354266,
            20.201476326514705,
            20.215070311314253,
            0,
            -2.055181918593577,
            -36.03791135243403,
            -84.15635376622029,
            -107.17805859055909,
            -126.07265687613847,
            -138.97566155330622,
            -128.33167875977534,
            -22.72487266794772,
            61.03266935448443,
            106.8694456203282,
            164.2231647477035,
            161.3115509603752,
            155.3711182844231,
            156.7168183795657,
            145.46882061264787,
            151.29692715465458,
            118.55977750635637,
            116.07489013686212,
            74.62497084171594,
            0
        ],
        [
            0,
            0,
            20.64906552723357,
            54.16713867185832,
            24.806563313286258,
            24.46965294482275,
            2.055181918593577,
            0,
            -36.6354477023882,
            -88.08241369144669,
            -112.33804750394121,
            -132.22495245078875,
            -145.63514085205705,
            -133.91974092929073,
            -21.406153298863927,
            67.39355366032494,
            115.64504547015791,
            175.72306647874265,
            172.08270527714376,
            165.21000545337773,
            165.86773674881707,
            153.30809416520154,
            157.6311168329161,
            121.04894531368846,
            112.01710578002547,
            50.795299870822376,
            0
        ],
        [
            0,
            12.866091298053037,
            42.47448728180553,
            84.21100480067552,
            54.22023117299514,
            57.21469417367814,
            36.03791135243403,
            36.6354477023882,
            0,
            -52.3827953964988,
            -76.53145196968377,
            -96.6034700657826,
            -109.90329754168663,
            -96.94332802110068,
            21.130652341518697,
            113.69011160720004,
            163.386074563594,
            224.7454261675734,
            219.65820526520548,
            210.93002009186708,
            209.52727393691197,
            194.19890225293022,
            193.40950027124796,
            147.05244446920702,
            117.89208086648237,
            0,
            0
        ],
        [
            0,
            34.184773374069174,
            73.6489938783608,
            124.26739505240026,
            95.62235931345427,
            102.95522423006578,
            84.15635376622029,
            88.08241369144669,
            52.3827953964988,
            0,
            -23.63563511956314,
            -43.62854667306579,
            -56.68445295386885,
            -42.75124314460221,
            79.03279886126124,
            173.6211875423212,
            223.4315644874936,
            284.2810203852208,
            276.8359344881167,
            265.19219242783794,
            260.23383085918533,
            240.61752851309146,
            230.81960011172893,
            167.74645640267266,
            92.05780107042546,
            0,
            0
        ],
        [
            0,
            47.46466539214175,
            90.85507247223221,
            145.4900465059632,
            116.45500548178353,
            125.42593440960427,
            107.17805859055909,
            112.33804750394121,
            76.53145196968377,
            23.63563511956314,
            0,
            -20.089432161773342,
            -33.12136081998,
            -18.813817787519145,
            104.34662648605209,
            199.22641953742382,
            248.28609040338463,
            307.68200561575003,
            298.1776721247502,
            284.0831710846132,
            276.0065691160863,
            252.85962990924392,
            234.7755967230195,
            155.30281777192138,
            0,
            0,
            0
        ],
        [
            5.316827441570196,
            57.914424585893926,
            104.40158865039874,
            161.9904392273401,
            133.26990514820008,
            143.62715335533213,
            126.07265687613847,
            132.22495245078875,
            96.6034700657826,
            43.62854667306579,
            20.089432161773342,
            0,
            -12.997629186301253,
            1.426841121160422,
            124.76417108989422,
            219.12363018788614,
            267.1052020750561,
            324.7460089224185,
            313.41351645916393,
            297.1395709168707,
            286.2020433329976,
            259.82471081367123,
            233.74340795029727,
            135.57925933315894,
            0,
            0,
            0
        ],
        [
            34.07368236268719,
            66.05862767069284,
            114.52494619246431,
            174.11591256112104,
            145.17918529459746,
            156.306537261648,
            138.97566155330622,
            145.63514085205705,
            109.90329754168663,
            56.68445295386885,
            33.12136081998,
            12.997629186301253,
            0,
            14.418162862932764,
            137.32013826999722,
            230.6118220461277,
            277.13535717884923,
            332.50459618416033,
            319.18085490153095,
            300.5449950860688,
            286.4070967748524,
            256.42473013325224,
            220.5870111566842,
            89.95321861014395,
            0,
            0,
            0
        ],
        [
            44.523747172941036,
            63.90656461974427,
            110.56772022871401,
            169.04437741034036,
            137.52687463725047,
            147.236625951615,
            128.33167875977534,
            133.91974092929073,
            96.94332802110068,
            42.75124314460221,
            18.813817787519145,
            -1.426841121160422,
            -14.418162862932764,
            0,
            122.04262525053966,
            214.0222227301496,
            259.15056200083353,
            312.2963475577607,
            297.5859570818419,
            277.359944600325,
            260.8289391031823,
            228.2566318981229,
            182.99861140409953,
            0,
            0,
            0,
            0
        ],
        [
            30.94294872031217,
            18.482560912108084,
            48.78326705305293,
            94.29336994869875,
            50.44890615420622,
            50.26796638809643,
            22.72487266794772,
            21.406153298863927,
            -21.130652341518697,
            -79.03279886126124,
            -104.34662648605209,
            -124.76417108989422,
            -137.32013826999722,
            -122.04262525053966,
            0,
            92.251444575279,
            138.51197815679436,
            192.6411432988871,
            181.21886018191242,
            165.30155858174527,
            153.63516772017,
            127.7849924562169,
            90.66715005132764,
            0,
            0,
            0,
            0
        ],
        [
            15.405660167581603,
            -19.531926464052855,
            -1.6144505267702323,
            33.960093075695234,
            -19.334607142851205,
            -27.040246971814042,
            -61.03266935448443,
            -67.39355366032494,
            -113.69011160720004,
            -173.6211875423212,
            -199.22641953742382,
            -219.12363018788614,
            -230.6118220461277,
            -214.0222227301496,
            -92.251444575279,
            0,
            47.27724638466213,
            102.00880949712858,
            93.99384813697843,
            82.52750220091454,
            75.75295435313156,
            56.97245715804858,
            23.48376921119959,
            0,
            0,
            0,
            0
        ],
        [
            5.364323164558713,
            -41.43084396890614,
            -29.949926429667535,
            0.41440844707423974,
            -57.98907519959571,
            -69.62399074927485,
            -106.8694456203282,
            -115.64504547015791,
            -163.386074563594,
            -223.4315644874936,
            -248.28609040338463,
            -267.1052020750561,
            -277.13535717884923,
            -259.15056200083353,
            -138.51197815679436,
            -47.27724638466213,
            0,
            53.785525639650984,
            47.96631804154877,
            39.449392597830396,
            35.45593082582759,
            21.324451593450025,
            0,
            0,
            0,
            0,
            0
        ],
        [
            -9.225848612463112,
            -69.541275721888,
            -66.24341994419265,
            -42.5443474678106,
            -106.89585875031096,
            -123.26132168746574,
            -164.22316474770352,
            -175.72306647874262,
            -224.7454261675735,
            -284.2810203852208,
            -307.68200561575003,
            -324.7460089224185,
            -332.50459618416033,
            -312.2963475577607,
            -192.6411432988871,
            -102.00880949712858,
            -53.785525639650984,
            0,
            -1.4130278587450023,
            -3.917352572293394,
            -0.9206445029796035,
            -0.41103413643211445,
            0,
            0,
            0,
            0,
            0
        ],
        [
            -8.992040470845478,
            -69.18359949348472,
            -65.30772250139144,
            -41.20493386978786,
            -105.17109280870379,
            -121.0707550816476,
            -161.3115509603752,
            -172.08270527714376,
            -219.6582052652055,
            -276.8359344881167,
            -298.1776721247502,
            -313.41351645916393,
            -319.18085490153095,
            -297.5859570818419,
            -181.21886018191242,
            -93.99384813697843,
            -47.96631804154877,
            1.4130278587450023,
            0,
            -2.0471393463867624,
            -0.015250467654071889,
            0,
            0,
            0,
            0,
            0,
            0
        ],
        [
            -7.9450438338162614,
            -67.18234363737429,
            -62.544620144190915,
            -37.92692618699847,
            -101.0110107946511,
            -116.19604819106074,
            -155.3711182844231,
            -165.2100054533778,
            -210.93002009186708,
            -265.19219242783794,
            -284.0831710846132,
            -297.1395709168707,
            -300.5449950860688,
            -277.359944600325,
            -165.30155858174527,
            -82.52750220091454,
            -39.449392597830396,
            3.917352572293394,
            2.0471393463867624,
            0,
            0,
            0,
            0,
            0,
            0,
            0,
            0
        ],
        [
            -8.925595858081415,
            -68.61365132150327,
            -64.57499511726074,
            -40.576581068718966,
            -103.27590731289159,
            -118.32258412554992,
            -156.7168183795657,
            -165.86773674881704,
            -209.52727393691202,
            -260.23383085918533,
            -276.0065691160863,
            -286.2020433329976,
            -286.4070967748524,
            -260.8289391031823,
            -153.63516772017,
            -75.75295435313156,
            -35.45593082582759,
            0.9206445029796035,
            0.015250467654071932,
            0,
            0,
            0,
            0,
            0,
            0,
            0,
            0
        ],
        [
            -6.553586621572981,
            -63.678294241151264,
            -58.66377682182005,
            -34.075919241144035,
            -94.91862697999588,
            -108.81898502511153,
            -145.46882061264787,
            -153.30809416520154,
            -194.19890225293025,
            -240.61752851309143,
            -252.85962990924392,
            -259.82471081367123,
            -256.42473013325224,
            -228.2566318981229,
            -127.7849924562169,
            -56.97245715804858,
            -21.324451593450025,
            0.41103413643211445,
            0,
            0,
            0,
            0,
            0,
            0,
            0,
            0,
            0
        ],
        [
            -9.123993924123546,
            -67.31534077411159,
            -64.99268288150698,
            -42.881948647577424,
            -102.6176517813646,
            -116.4768400210075,
            -151.2969271546546,
            -157.63111683291606,
            -193.40950027124794,
            -230.81960011172893,
            -234.7755967230195,
            -233.7434079502972,
            -220.5870111566842,
            -182.99861140409953,
            -90.66715005132764,
            -23.48376921119959,
            0,
            0,
            0,
            0,
            0,
            0,
            0,
            0,
            0,
            0,
            0
        ],
        [
            -2.744598972131016,
            -51.365100810445355,
            -47.844246138536214,
            -25.528371513530917,
            -78.68615843170299,
            -89.37997140706857,
            -118.55977750635637,
            -121.04894531368846,
            -147.05244446920702,
            -167.7464564026727,
            -155.30281777192144,
            -135.57925933315894,
            -89.953218610144,
            0,
            0,
            0,
            0,
            0,
            0,
            0,
            0,
            0,
            0,
            0,
            0,
            0,
            0
        ],
        [
            0,
            -48.92409443772629,
            -53.18135590866408,
            -37.200992175158255,
            -84.86286001948893,
            -93.98197437198114,
            -116.07489013686214,
            -112.01710578002553,
            -117.89208086648227,
            -92.05780107042567,
            0,
            0,
            0,
            0,
            0,
            0,
            0,
            0,
            0,
            0,
            0,
            0,
            0,
            0,
            0,
            0,
            0
        ],
        [
            0,
            -19.650908980097594,
            -37.66246558564105,
            -28.41348810643458,
            -63.87787358892686,
            -67.66381561773964,
            -74.62497084171576,
            -50.79529987082241,
            0,
            0,
            0,
            0,
            0,
            0,
            0,
            0,
            0,
            0,
            0,
            0,
            0,
            0,
            0,
            0,
            0,
            0,
            0
        ],
        [
            0,
            0,
            0,
            0,
            0,
            0,
            0,
            0,
            0,
            0,
            0,
            0,
            0,
            0,
            0,
            0,
            0,
            0,
            0,
            0,
            0,
            0,
            0,
            0,
            0,
            0,
            0
        ]
    ],
    "imag(M)": [
        [
            0,
            0,
            0,
            0,
            0,
            0,
            0,
            0,
            0,
            0,
            0,
            -3.6278109594050387,
            -31.48897366494425,
            -59.024549646188724,
            -80.62992222906401,
            -81.80613734252199,
            -84.32418694042876,
            -81.25158054087821,
            -68.49166977282128,
            -50.994169929125555,
            -40.62294193803185,
            -43.460806755801606,
            -26.105174841234902,
            -10.409610555714124,
            0,
            0,
            0
        ],
        [
            0,
            0,
            0,
            0,
            0,
            0,
            0,
            0,
            1.9458555690000956,
            -7.936856165418229,
            -30.237898288795183,
            -48.37456150116467,
            -81.35144515536817,
            -125.00164409427322,
            -152.86744536376827,
            -140.9115193048867,
            -136.89466794034925,
            -125.5892144340386,
            -99.35148731864986,
            -66.87608464784299,
            -48.6847857495419,
            -55.6618219715593,
            -28.042878202366705,
            -6.9446198370021754,
            -13.820094050025796,
            -0.015472511773604753,
            0
        ],
        [
            0,
            0,
            0,
            0,
            0,
            0,
            -1.1195839666871847,
            -4.79258014186764,
            -3.1432893189250084,
            -20.680692589186823,
            -53.237971154796384,
            -78.01896685748339,
            -122.5309248829678,
            -180.28971985096305,
            -215.56940487032597,
            -197.57552710160883,
            -190.8254085458743,
            -174.96312121098114,
            -140.05264474144323,
            -97.44344200732735,
            -73.65244845098769,
            -82.7167728948401,
            -46.63632069409754,
            -18.347287448138033,
            -27.833712069339217,
            -5.3652543400957216,
            0
        ],
        [
            0,
            0,
            0,
            0,
            0,
            8.87362847041708,
            10.530073283407118,
            8.405730450632236,
            13.412325597412416,
            -6.940099499012713,
            -45.86036487628739,
            -75.07433104135161,
            -128.1011118218938,
            -196.6610753573674,
            -237.53204858523057,
            -214.3307542813751,
            -205.07734998032086,
            -185.29921982487548,
            -143.24025510559096,
            -92.45833688054844,
            -64.33543353201483,
            -75.37051401631685,
            -33.47813428462678,
            -1.7618114249850312,
            -16.335897771824026,
            6.020225593156092,
            0
        ],
        [
            0,
            0,
            0,
            0,
            0,
            0.4279235986231632,
            -2.1410990186881222,
            -7.959195802049312,
            -4.262759670267067,
            -30.21932463450286,
            -76.55030327774415,
            -110.7103981100645,
            -171.984976234784,
            -250.57283214718353,
            -296.8817142314547,
            -269.78535848151114,
            -258.7215434694803,
            -235.74412591260315,
            -187.59309017879997,
            -129.7126431954412,
            -97.51439970511701,
            -109.40538398265208,
            -61.22491248202867,
            -23.689140281524836,
            -37.029302435284265,
            -7.219705012019457,
            0
        ],
        [
            0,
            0,
            0,
            -8.87362847041708,
            -0.4279235986231632,
            0,
            -3.1798341227181908,
            -9.947903486881486,
            -5.6345297049461465,
            -34.9558399598485,
            -86.76380470514752,
            -124.6593253338381,
            -192.5509344155064,
            -279.3046682466411,
            -329.8541683357957,
            -299.0646691619276,
            -286.13909067403694,
            -260.1913316283012,
            -206.74733907153941,
            -142.89439576825467,
            -107.37505649636684,
            -120.03033216256242,
            -67.22092592081319,
            -26.24113900733316,
            -39.89229100030924,
            -7.785198586421257,
            0
        ],
        [
            0,
            0,
            1.1195839666871847,
            -10.530073283407118,
            2.1410990186881222,
            3.1798341227181908,
            0,
            -7.149469083925679,
            -1.9413846322548138,
            -33.85528883821596,
            -90.17465133133976,
            -131.1431057612824,
            -204.55023343245082,
            -298.0806512119843,
            -352.0008101919987,
            -317.8681600003992,
            -303.15026046605834,
            -274.5104810510376,
            -216.53973072630586,
            -147.74286901714183,
            -109.51136340249117,
            -122.6289586287771,
            -66.33685686486605,
            -23.22009102380139,
            -36.909772228788725,
            -4.9024449899229445,
            0
        ],
        [
            0,
            0,
            4.79258014186764,
            -8.405730450632236,
            7.959195802049312,
            9.947903486881486,
            7.149469083925679,
            0,
            6.252654067226695,
            -27.644808558645817,
            -87.6315872655832,
            -131.07399183338012,
            -208.9592558895251,
            -307.92422434472775,
            -364.3574194235162,
            -327.22543236449286,
            -310.7830518659456,
            -279.73226527341666,
            -218.0216867788524,
            -145.35390385813045,
            -105.06048802369058,
            -118.32972637122039,
            -59.79868891891138,
            -16.020437860616052,
            -29.39647633348956,
            -0.7280587268516199,
            0
        ],
        [
            0,
            -1.9458555690000952,
            3.1432893189250084,
            -13.412325597412416,
            4.262759670267067,
            5.6345297049461465,
            1.9413846322548138,
            -6.252654067226695,
            0,
            -36.25870931124376,
            -99.64486791746376,
            -145.2576947911387,
            -226.79415288577744,
            -329.96523208446706,
            -388.0923939710448,
            -348.3147669792357,
            -330.1309057377019,
            -296.78995992228363,
            -231.91260392036327,
            -156.16444626400644,
            -114.02920033863177,
            -126.45922471819655,
            -65.82131185785485,
            -20.637604356638214,
            -28.964535410564103,
            0,
            0
        ],
        [
            0,
            7.936856165418229,
            20.680692589186823,
            6.940099499012713,
            30.21932463450286,
            34.9558399598485,
            33.85528883821596,
            27.644808558645817,
            36.25870931124376,
            0,
            -64.90185099320753,
            -111.5279070346859,
            -195.1950758554532,
            -300.81931062167115,
            -359.5401427542829,
            -317.534539691223,
            -297.8935638336596,
            -262.99639472979754,
            -196.528404221146,
            -119.9106350359641,
            -77.93140787584079,
            -90.5905847728418,
            -32.49297708501141,
            5.90180551833179,
            -6.264066699801699,
            0,
            0
        ],
        [
            0,
            30.237898288795183,
            53.237971154796384,
            45.86036487628739,
            76.55030327774415,
            86.76380470514752,
            90.17465133133976,
            87.6315872655832,
            99.64486791746376,
            64.90185099320753,
            0,
            -46.738499113262066,
            -131.13122472107383,
            -237.58882628915234,
            -296.25689837379105,
            -253.23991695441939,
            -233.13352690624268,
            -198.1046842516167,
            -132.20553696691218,
            -57.30454945984065,
            -17.802869097856313,
            -32.43581682254203,
            18.09432052086484,
            39.8850528175628,
            0,
            0,
            0
        ],
        [
            3.627810959405163,
            48.37456150116467,
            78.01896685748358,
            75.07433104135151,
            110.7103981100645,
            124.6593253338381,
            131.1431057612824,
            131.07399183338012,
            145.2576947911387,
            111.5279070346859,
            46.738499113262066,
            0,
            -84.63550522170462,
            -191.28336842117815,
            -249.75930371518356,
            -206.46472192816825,
            -186.36864723081578,
            -151.72809310259666,
            -87.01418641563095,
            -14.336078907617722,
            22.50210879371033,
            5.936834696425665,
            48.83943206181015,
            52.556525484440144,
            0,
            0,
            0
        ],
        [
            31.488973664944222,
            81.35144515536818,
            122.5309248829678,
            128.1011118218938,
            171.984976234784,
            192.5509344155064,
            204.55023343245082,
            208.9592558895251,
            226.79415288577744,
            195.1950758554532,
            131.13122472107383,
            84.63550522170462,
            0,
            -106.64099208149713,
            -165.07727930492965,
            -122.33291434101346,
            -103.22165000448264,
            -70.3255877674724,
            -8.736056793122373,
            59.18484779914829,
            90.45777997833764,
            68.89431097010868,
            96.33770928809858,
            56.2754047439637,
            0,
            0,
            0
        ],
        [
            59.024549646188696,
            125.00164409427322,
            180.28971985096305,
            196.6610753573674,
            250.57283214718353,
            279.3046682466411,
            298.0806512119843,
            307.92422434472775,
            329.96523208446706,
            300.81931062167115,
            237.58882628915234,
            191.28336842117815,
            106.64099208149713,
            0,
            -58.73200634012582,
            -17.562674457101778,
            -0.5747994144761932,
            29.06046474692937,
            85.39087527083566,
            145.75503681810875,
            168.21107322245143,
            138.11454056143947,
            139.81916706391186,
            0,
            0,
            0,
            0
        ],
        [
            80.62992222906406,
            152.86744536376827,
            215.56940487032637,
            237.53204858523029,
            296.8817142314547,
            329.8541683357957,
            352.0008101919987,
            364.3574194235162,
            388.0923939710448,
            359.5401427542829,
            296.25689837379105,
            249.75930371518356,
            165.07727930492965,
            58.73200634012582,
            0,
            39.521528116563644,
            54.62365554227282,
            81.30496566524891,
            132.5371502463183,
            185.36949633448737,
            199.23305651765796,
            161.3642372575741,
            132.5196552527168,
            0,
            0,
            0,
            0
        ],
        [
            81.80613734252195,
            140.9115193048867,
            197.57552710160903,
            214.3307542813753,
            269.78535848151114,
            299.0646691619276,
            317.8681600003992,
            327.22543236449286,
            348.3147669792357,
            317.534539691223,
            253.23991695441939,
            206.46472192816825,
            122.33291434101346,
            17.562674457101778,
            -39.521528116563644,
            0,
            15.688566175739618,
            42.52697753219809,
            92.26948145623346,
            141.82782087492265,
            152.63945080555166,
            114.68392712673436,
            53.23683359140946,
            0,
            0,
            0,
            0
        ],
        [
            84.32418694042876,
            136.89466794034922,
            190.82540854587455,
            205.07734998032086,
            258.7215434694803,
            286.13909067403694,
            303.15026046605834,
            310.7830518659456,
            330.1309057377019,
            297.8935638336596,
            233.13352690624268,
            186.36864723081578,
            103.22165000448264,
            0.5747994144761932,
            -54.62365554227282,
            -15.688566175739618,
            0,
            26.04649865467325,
            72.58465945901447,
            116.17530833574898,
            120.35397879107356,
            77.32703623612979,
            0,
            0,
            0,
            0,
            0
        ],
        [
            81.25158054087821,
            125.58921443403841,
            174.96312121098143,
            185.29921982487562,
            235.74412591260327,
            260.1913316283012,
            274.51048105103763,
            279.7322652734166,
            296.78995992228374,
            262.99639472979754,
            198.1046842516167,
            151.72809310259666,
            70.3255877674724,
            -29.06046474692937,
            -81.30496566524891,
            -42.52697753219809,
            -26.04649865467325,
            0,
            43.675345512935834,
            80.85064948325696,
            76.7007000782333,
            5.907496896970144,
            0,
            0,
            0,
            0,
            0
        ],
        [
            68.49166977282128,
            99.35148731864986,
            140.05264474144323,
            143.24025510559107,
            187.59309017879997,
            206.74733907153941,
            216.53973072630586,
            218.0216867788524,
            231.9126039203633,
            196.528404221146,
            132.20553696691218,
            87.01418641563095,
            8.736056793122373,
            -85.39087527083566,
            -132.5371502463183,
            -92.26948145623346,
            -72.58465945901447,
            -43.675345512935834,
            0,
            33.06045957457512,
            15.151741341741332,
            0,
            0,
            0,
            0,
            0,
            0
        ],
        [
            50.994169929125576,
            66.87608464784282,
            97.44344200732748,
            92.45833688054844,
            129.7126431954412,
            142.89439576825467,
            147.74286901714183,
            145.35390385813048,
            156.16444626400644,
            119.91063503596409,
            57.30454945984065,
            14.336078907617722,
            -59.18484779914829,
            -145.75503681810875,
            -185.36949633448737,
            -141.82782087492265,
            -116.17530833574898,
            -80.85064948325696,
            -33.06045957457512,
            0,
            0,
            0,
            0,
            0,
            0,
            0,
            0
        ],
        [
            40.62294193803184,
            48.68478574954191,
            73.65244845098762,
            64.33543353201486,
            97.51439970511701,
            107.37505649636684,
            109.51136340249117,
            105.06048802369055,
            114.02920033863178,
            77.93140787584079,
            17.802869097856313,
            -22.50210879371033,
            -90.45777997833764,
            -168.21107322245143,
            -199.23305651765796,
            -152.63945080555166,
            -120.35397879107356,
            -76.7007000782333,
            -15.151741341741372,
            0,
            0,
            0,
            0,
            0,
            0,
            0,
            0
        ],
        [
            43.460806755801606,
            55.66182197155931,
            82.71677289484016,
            75.37051401631685,
            109.40538398265208,
            120.03033216256242,
            122.6289586287771,
            118.32972637122039,
            126.45922471819658,
            90.59058477284178,
            32.43581682254203,
            -5.936834696425665,
            -68.89431097010868,
            -138.11454056143947,
            -161.3642372575741,
            -114.68392712673436,
            -77.32703623612979,
            -5.907496896970144,
            0,
            0,
            0,
            0,
            0,
            0,
            0,
            0,
            0
        ],
        [
            26.105174841234884,
            28.042878202366694,
            46.63632069409754,
            33.47813428462678,
            61.22491248202866,
            67.22092592081319,
            66.33685686486606,
            59.79868891891137,
            65.82131185785485,
            32.49297708501141,
            -18.09432052086484,
            -48.83943206181014,
            -96.33770928809858,
            -139.81916706391186,
            -132.5196552527168,
            -53.23683359140946,
            0,
            0,
            0,
            0,
            0,
            0,
            0,
            0,
            0,
            0,
            0
        ],
        [
            10.409610555714137,
            6.944619837002176,
            18.347287448138047,
            1.7618114249850323,
            23.689140281524846,
            26.24113900733316,
            23.22009102380139,
            16.020437860616052,
            20.637604356638214,
            -5.901805518331791,
            -39.88505281756282,
            -52.556525484440144,
            -56.27540474396373,
            0,
            0,
            0,
            0,
            0,
            0,
            0,
            0,
            0,
            0,
            0,
            0,
            0,
            0
        ],
        [
            0,
            13.820094050025785,
            27.833712069339224,
            16.33589777182404,
            37.02930243528427,
            39.89229100030925,
            36.909772228788725,
            29.396476333489574,
            28.964535410564075,
            6.264066699801714,
            0,
            0,
            0,
            0,
            0,
            0,
            0,
            0,
            0,
            0,
            0,
            0,
            0,
            0,
            0,
            0,
            0
        ],
        [
            0,
            0.015472511773604734,
            5.365254340095727,
            -6.0202255931561,
            7.219705012019467,
            7.785198586421257,
            4.902444989922934,
