{
    "bin_ranges": {
        "m3pi_lower_limit": 2.3,
        "m3pi_upper_limit": 2.34,
        "t_lower_limit": 0.1,
        "t_upper_limit": 0.141
    },
    "info": "The dalitz matrix M is computed as sqrt(-Kibble) * (A[1]-A[2])",
    "bin_centers": [
        0.29900000000000004,
        0.33999999999999997,
        0.38,
        0.42000000000000004,
        0.45999999999999996,
        0.5,
        0.54,
        0.5800000000000001,
        0.62,
        0.66,
        0.69,
        0.71,
        0.73,
        0.75,
        0.77,
        0.79,
        0.81,
        0.83,
        0.85,
        0.87,
        0.89,
        0.91,
        0.94,
        0.98,
        1.02,
        1.06,
        1.1,
        1.1400000000000001,
        1.18,
        1.22,
        1.26,
        1.3,
        1.34,
        1.38,
        1.42,
        1.46,
        1.5,
        1.54,
        1.58,
        1.62,
        1.66,
        1.7,
        1.74,
        1.78,
        1.82,
        1.8599999999999999,
        1.9,
        1.94,
        1.98,
        2.02,
        2.06,
        2.1,
        2.14,
        2.18
    ],
    "real(M)": [
        [
            0,
            0,
            0,
            0,
            0,
            0,
            0,
            0,
            0,
            0,
            0,
            0,
            0,
            0,
            0,
            0,
            0,
            0,
            0,
            0,
            0,
            0,
            0,
            0,
            0,
            0,
            0,
            0,
            0,
            0,
            0,
            0,
            107.96192139737991,
            185.68712703579953,
            230.30429536490914,
            275.7935153763984,
            290.2664691006681,
            294.43106231855126,
            316.80590400901866,
            220.43672173863752,
            246.32445450867615,
            237.2299352281982,
            209.04233988712565,
            252.3909040467932,
            202.34593363175296,
            141.90812440916704,
            0,
            0,
            0,
            0,
            0,
            0,
            0,
            0
        ],
        [
            0,
            0,
            0,
            0,
            0,
            0,
            0,
            0,
            0,
            0,
            0,
            0,
            0,
            0,
            0,
            0,
            0,
            0,
            0,
            0,
            0,
            0,
            0,
            0,
            0,
            0,
            -167.75075539620258,
            -382.7501625255026,
            -405.24423767084886,
            -448.3612795297523,
            -554.4368791844263,
            -635.4141209685697,
            -654.2553144305031,
            -717.1103844838299,
            -764.2956722065712,
            -771.0629497817616,
            -817.8872067819556,
            -862.1387183970348,
            -853.3416537580886,
            -1045.3145038250627,
            -995.2990520387491,
            -991.6768950273332,
            -1004.4491809830073,
            -850.238477578216,
            -845.0633747723562,
            -811.2561290916832,
            -640.2972319708534,
            -554.8991905777563,
            -413.59444064892585,
            -227.1274776823329,
            0,
            0,
            0,
            0
        ],
        [
            0,
            0,
            0,
            0,
            0,
            0,
            0,
            0,
            0,
            0,
            0,
            0,
            0,
            0,
            0,
            0,
            0,
            0,
            0,
            0,
            0,
            0,
            0,
            33.53140219697083,
            61.20538495021006,
            15.658804968118659,
            110.71219732900632,
            -29.774300452772465,
            131.5307023856978,
            189.17770697665588,
            124.54472499598977,
            88.95910407659636,
            132.8663432451179,
            103.54072708389806,
            88.00286012391042,
            119.36351537899692,
            88.26018879674065,
            53.06245772434563,
            80.46183138284206,
            -166.8403441662305,
            -102.52435718578208,
            -109.88352232323571,
            -150.53749112472056,
            19.842779149931083,
            -24.04253208913378,
            -48.0721707393554,
            99.36687582313854,
            97.51358353117364,
            133.9494401348295,
            133.5370835059149,
            239.6377907418702,
            3.9177337929893636,
            0,
            0
        ],
        [
            0,
            0,
            0,
            0,
            0,
            0,
            0,
            0,
            0,
            0,
            0,
            0,
            0,
            0,
            0,
            0,
            0,
            0,
            -18.703025225201674,
            -2.4819217646652305,
            -25.93586989700123,
            11.855316813024094,
            29.40042711519997,
            90.31577189876784,
            124.94577515131483,
            48.55726304837992,
            183.90319520986588,
            -11.572950075150528,
            204.68592236076705,
            277.3391587949268,
            192.45299895977914,
            146.94177634553802,
            201.73062899498245,
            165.14331295200657,
            146.0940653066622,
            184.63740546700183,
            146.7414114035339,
            104.08616488430849,
            137.44412716621014,
            -162.08126729241314,
            -84.23480993244887,
            -93.51289572992415,
            -143.5864077770219,
            62.57378276421023,
            8.006200382454304,
            -23.118993750035248,
            158.31140270613315,
            156.0004740523856,
            204.38071883329962,
            209.9320767610668,
            397.7449255008976,
            54.54272507106727,
            0,
            0
        ],
        [
            0,
            0,
            0,
            0,
            0,
            0,
            0,
            0,
            0,
            0,
            0,
            0,
            0,
            0,
            -51.74944772367978,
            -190.03122024849512,
            -152.28394719484342,
            -232.44060416253095,
            -168.76449211697985,
            -131.9692094769335,
            -182.40533016471264,
            -129.50676585550974,
            -119.68402364539011,
            -56.82680674688156,
            -32.000880638687704,
            -147.27576943900354,
            6.620100852014946,
            -247.89940580002352,
            2.842212752129562,
            77.57404736569934,
            -35.070262129939096,
            -98.599148259795,
            -42.44240577303554,
            -92.8607365798458,
            -121.42657808088967,
            -81.73054055395592,
            -130.0069215730472,
            -182.52735793822302,
            -145.68270791526345,
            -493.1292993287919,
            -402.23758639554615,
            -410.9351191587614,
            -465.50343750722044,
            -221.445766189757,
            -277.79475729450803,
            -305.0902024663562,
            -81.18412378108842,
            -68.362799248743,
            9.214073403420247,
            42.92158656082062,
            319.12279119859426,
            -68.9198158718482,
            51.66610865371935,
            0
        ],
        [
            0,
            0,
            0,
            0,
            0,
            0,
            0,
            0,
            0,
            0,
            0,
            -24.437219202726876,
            -31.276390481814037,
            -66.65855458581612,
            -83.77662598924206,
            -292.9553633671103,
            -182.09664362113068,
            -276.16535053829455,
            -165.3707337767889,
            -102.99282912469756,
            -159.87934399278802,
            -83.18858775686722,
            -61.283641293645395,
            25.833319089606785,
            63.25258947358351,
            -66.8013711053801,
            121.0235205789559,
            -170.1383845000886,
            126.53932865802395,
            216.9592489985238,
            91.5329514385457,
            22.800990087505507,
            90.36453430713914,
            36.126953536688426,
            6.473277360632057,
            53.69593631666868,
            0.9344320519545581,
            -56.97564523503741,
            -14.579429509105182,
            -405.685090537124,
            -303.53688436380713,
            -314.300102811978,
            -377.52808519752625,
            -105.28462421885708,
            -172.34040534135102,
            -207.8583278543966,
            39.561137197325095,
            47.25776815482861,
            127.36901576963815,
            156.25605923378507,
            467.944055526071,
            -6.641604327517857,
            126.48973450748109,
            0
        ],
        [
            0,
            0,
            0,
            0,
            0,
            0,
            0,
            0,
            0,
            -155.93179874496607,
            -152.72515940036226,
            -157.9832549718079,
            -172.5163461552822,
            -232.2433014795473,
            -261.7520077638673,
            -544.5318686394929,
            -401.46503401807547,
            -524.1291155689622,
            -391.24685008699237,
            -321.8215358280614,
            -397.43053213291114,
            -312.8740371461198,
            -298.0603157404305,
            -211.17825168828693,
            -182.5172937728958,
            -344.79689649782324,
            -143.36284780773292,
            -484.62068407703794,
            -160.4832699223688,
            -69.3217733296711,
            -219.38712891426613,
            -304.5502315012641,
            -236.652223376942,
            -303.59620425892894,
            -342.11385077212395,
            -294.31498114160473,
            -356.39090833558436,
            -422.9794801329082,
            -377.39738958504927,
            -809.8214019217896,
            -695.5966871607351,
            -704.8000455354965,
            -770.4455350196332,
            -463.9603885443696,
            -530.3166638321118,
            -559.7716301343629,
            -273.8242772107489,
            -249.89073511029196,
            -141.87952742697996,
            -85.72612366590951,
            295.0918876236217,
            -199.85196326117403,
            14.84745897361523,
            0
        ],
        [
            0,
            0,
            0,
            0,
            0,
            0,
            0,
            0,
            -57.89350632394293,
            -176.918675006915,
            -84.5501061088413,
            -62.72482988797649,
            -59.287295591113605,
            -115.19931693217536,
            -133.41528395373047,
            -457.6363432864547,
            -268.427616599569,
            -397.4994013938225,
            -227.47715753139335,
            -134.42265005747288,
            -209.9930000393924,
            -102.08460580234382,
            -70.24292687158204,
            46.070145063272655,
            94.49214160125202,
            -71.68597532387454,
            166.88814046625367,
            -198.5823757174364,
            172.563438158326,
            284.0433942784898,
            128.6857153299524,
            44.28842653095498,
            127.11085689170099,
            60.97499725893934,
            25.071492481980968,
            82.51747741903334,
            18.70140259114262,
            -51.14611355888226,
            0.14752647514481107,
            -471.01506014498966,
            -347.662220023144,
            -360.473266236392,
            -436.5086516079322,
            -109.50969214987006,
            -190.51441920790688,
            -233.83379992849092,
            63.187663969757466,
            71.81552516294438,
            168.0135594745972,
            202.819045730564,
            585.8751507064835,
            1.181249865511333,
            176.47573566231534,
            0
        ],
        [
            0,
            0,
            0,
            0,
            0,
            0,
            0,
            57.89350632394293,
            0,
            -110.82227486026898,
            35.24211303756807,
            75.08617576192786,
            90.77002877909304,
            35.805772815088744,
            25.435564588660565,
            -337.5243212559931,
            -108.81329822893915,
            -245.2125334703864,
            -42.71595150808059,
            70.8827613479026,
            -5.647458857302098,
            122.95032235019049,
            169.41655080734247,
            311.8394824844655,
            377.6087731301035,
            206.6450760400317,
            479.30762291458615,
            89.9615645789665,
            504.84577345195237,
            634.853314652148,
            473.72843032415426,
            389.36613855494005,
            485.7503341572436,
            419.7732503752386,
            385.78499766603005,
            451.87237139728467,
            385.8884898259029,
            312.4620608646009,
            368.71719997588957,
            -139.56545611045945,
            -7.947942679426231,
            -24.52633570656976,
            -110.68116148157914,
            235.13076100106323,
            139.98568140000827,
            83.28732183071,
            389.7408498830804,
            383.3380488026984,
            467.3345947089023,
            480.88918739411264,
            861.1003042898819,
            196.76951843943567,
            328.08631779394705,
            0
        ],
        [
            0,
            0,
            0,
            0,
            0,
            0,
            155.93179874496607,
            176.918675006915,
            110.82227486026898,
            0,
            189.40759533267237,
            244.2865219558273,
            270.33701534208194,
            215.78922273468012,
            212.14658344524872,
            -186.69185754225427,
            77.92277346913644,
            -65.57510206021934,
            166.83060461617478,
            299.4336805837107,
            221.88924479507205,
            369.80503925042785,
            429.95566088965256,
            596.9938657299876,
            679.2028369296221,
            503.7007807144949,
            808.8030797894809,
            396.71355161373873,
            853.3033269206184,
            1000.9856371011487,
            834.3197102341329,
            749.9265928311478,
            859.167045596131,
            793.2075307053041,
            760.8715814795012,
            834.9732429480688,
            766.6398508451123,
            689.4637414499097,
            750.0106017098402,
            206.06365021713512,
            344.9533695010811,
            324.1541035878002,
            227.69837716791966,
            590.0917866166881,
            480.51377421714113,
            409.9149642125688,
            722.9574797965847,
            700.2282099196789,
            769.6705560284134,
            759.5328746595997,
            1128.4539540579483,
            389.58813514391625,
            463.15215750539346,
            0
        ],
        [
            0,
            0,
            0,
            0,
            0,
            0,
            152.72515940036226,
            84.5501061088413,
            -35.24211303756807,
            -189.40759533267237,
            0,
            46.84714680220754,
            62.460313621558775,
            -8.784599425711562,
            -24.14374652530487,
            -464.175253209923,
            -189.70666580385358,
            -353.2399560316203,
            -114.17504112366619,
            17.81109854111915,
            -74.2056538470988,
            74.12917234461375,
            124.68786039082312,
            284.746815742661,
            355.4814361489398,
            154.7360997151191,
            462.52938751213196,
            14.690935020209333,
            483.33541171474366,
            627.1205757517173,
            441.21984252683154,
            343.0290714034887,
            449.28754027171766,
            372.68124624832114,
            332.5524650663147,
            405.20452408650635,
            329.8386535263838,
            246.62556984220302,
            309.0327191576183,
            -259.3112368934704,
            -111.63341691677317,
            -129.1435141311742,
            -223.64366528872827,
            162.91586302546884,
            59.29236522457059,
            -0.7934456019104466,
            341.5786833835606,
            337.8920611098122,
            434.17192939376196,
            453.0706056029691,
            868.6180416219441,
            156.96061275111586,
            292.9775949622028,
            0
        ],
        [
            0,
            0,
            0,
            0,
            0,
            24.437219202726876,
            157.9832549718079,
            62.72482988797649,
            -75.08617576192786,
            -244.2865219558273,
            -46.84714680220754,
            0,
            13.859378673018467,
            -63.33925674519039,
            -81.67021842286812,
            -543.7307597680019,
            -258.7397005206282,
            -431.0615087044179,
            -183.74282961972628,
            -48.28629950415289,
            -145.8735189858384,
            6.392065714678691,
            56.0629117307083,
            218.35707849408362,
            288.04522278326255,
            76.96139216770327,
            392.15783968491326,
            -73.5682428305765,
            407.8260340142784,
            553.6398240295806,
            359.4344911851719,
            256.07089257548614,
            363.7575649981846,
            283.1829786907805,
            240.48746517387167,
            314.20462922816444,
            235.7941908337916,
            149.6546524585412,
            213.6646417622277,
            -370.5666342102804,
            -218.07080459393822,
            -235.0021296596784,
            -330.5342293876849,
            68.27089455133193,
            -35.638456573874294,
            -94.16520103973295,
            260.27698813441845,
            260.7758085417649,
            364.2598853235538,
            389.4907478126528,
            817.9740763942277,
            106.47200557397575,
            251.1624915490367,
            0
        ],
        [
            0,
            0,
            0,
            0,
            0,
            31.276390481814037,
            172.5163461552822,
            59.287295591113605,
            -90.77002877909304,
            -270.33701534208194,
            -62.460313621558775,
            -13.859378673018467,
            0,
            -81.32552636905767,
            -100.95894497553574,
            -582.8806181996199,
            -286.1946743401972,
            -465.63041548584454,
            -208.87784389258712,
            -68.67237235243076,
            -170.3585491244965,
            -12.959873776915133,
            37.73089603005863,
            204.61136794002545,
            275.5516764827973,
            56.50271254075675,
            380.95939566211905,
            -100.3802322500289,
            395.2461579025863,
            544.665493954668,
            343.8169247902368,
            236.73134568526103,
            347.00025202930937,
            263.57606179832624,
            219.23718004796166,
            294.68142049532366,
            213.80537466798984,
            125.12405884693801,
            190.79132999465222,
            -408.9819462286336,
            -252.16012208568273,
            -269.137739477913,
            -366.5475047150647,
            42.81999996560665,
            -62.925723402584794,
            -121.90337951355708,
            241.5290401253474,
            242.98916000094542,
            349.5095847694316,
            376.0438820534455,
            809.5868099803113,
            92.68383812425226,
            231.20150132411328,
            0
        ],
        [
            0,
            0,
            0,
            0,
            0,
            66.65855458581612,
            232.2433014795473,
            115.19931693217536,
            -35.805772815088744,
            -215.78922273468012,
            8.784599425711562,
            63.33925674519039,
            81.32552636905767,
            0,
            -17.01423207112769,
            -514.473363405164,
            -202.7440029379549,
            -385.5337982448405,
            -116.1020326683954,
            32.13747620971665,
            -70.23048427379344,
            95.41491017416128,
            151.8042949542018,
            329.15880313460104,
            406.9993787175483,
            185.51679147039073,
            524.0719072541725,
            32.16726244910096,
            546.0974515242171,
            703.0762363889656,
            499.40405671497916,
            391.9814170349902,
            507.68500216040854,
            423.9775904872589,
            380.1022573464366,
            458.8382657410675,
            376.67877352858795,
            286.12299135969397,
            353.4389222406643,
            -261.9630496438545,
            -102.14980709516745,
            -121.08492860703348,
            -222.9943336362889,
            192.91980888680456,
            80.84381536977145,
            15.752351143246983,
            380.59893304719014,
            374.31484719532205,
            472.97774442946945,
            487.4402897330511,
            907.4194499079885,
            165.25941229560107,
            258.3133406638288,
            0
        ],
        [
            0,
            0,
            0,
            0,
            51.74944772367978,
            83.77662598924206,
            261.7520077638673,
            133.41528395373047,
            -25.435564588660565,
            -212.14658344524872,
            24.14374652530487,
            81.67021842286812,
            100.95894497553574,
            17.01423207112769,
            0,
            -515.0635689579188,
            -191.10219499014943,
            -379.5149558131032,
            -100.00817783079478,
            53.84248095817544,
            -51.363870618085805,
            120.21919370842485,
            179.10280292596593,
            362.78250243879614,
            443.6637163393012,
            216.2966224846585,
            565.3488213927321,
            60.02140823749592,
            588.9876094856081,
            750.7100244959172,
            541.8571422540505,
            431.9265707822688,
            551.0109066758858,
            465.36185166235805,
            420.55178949125235,
            501.40094587769545,
            417.20806492687535,
            324.37942308780873,
            393.19838804282693,
            -237.04657501056002,
            -73.62205424040259,
            -93.28002210846901,
            -197.8533792542487,
            226.49600055961466,
            111.14862490512088,
            43.70245732307018,
            413.964617299426,
            405.40481453716524,
            502.6594286342955,
            513.113565517507,
            927.9059404420209,
            176.9010862331401,
            238.80993343092342,
            0
        ],
        [
            0,
            0,
            0,
            0,
            190.03122024849512,
            292.9553633671103,
            544.5318686394929,
            457.6363432864547,
            337.5243212559931,
            186.69185754225427,
            464.175253209923,
            543.7307597680019,
            582.8806181996199,
            514.473363405164,
            515.0635689579188,
            0,
            352.6016741107844,
            175.01365662179052,
            480.26669115718454,
            655.1279266801616,
            562.3045979601981,
            754.4748649507103,
            837.2919298810226,
            1054.5549070817274,
            1164.370111886168,
            955.757049975353,
            1338.1161221481361,
            841.1890865563536,
            1404.8366761321986,
            1589.5593783127435,
            1392.3274759398173,
            1294.8780324035272,
            1430.350398051331,
            1353.9512802958727,
            1317.319221152158,
            1407.129771825302,
            1325.533672822914,
            1232.5794934707642,
            1302.250892870305,
            654.1541921456434,
            814.4191207664843,
            783.9538857698901,
            662.8926821067231,
            1077.0490633685251,
            935.5109668742607,
            837.212611513557,
            1177.2707639007529,
            1123.473367537609,
            1166.3364055558663,
            1106.9624721222585,
            1430.2054719651342,
            557.4156103729812,
            373.7394859221204,
            0
        ],
        [
            0,
            0,
            0,
            0,
            152.28394719484342,
            182.09664362113068,
            401.46503401807547,
            268.427616599569,
            108.81329822893915,
            -77.92277346913644,
            189.70666580385358,
            258.7397005206282,
            286.1946743401972,
            202.7440029379549,
            191.10219499014943,
            -352.6016741107844,
            0,
            -194.27465785950076,
            109.52368679321508,
            278.95840950734896,
            172.91318163354327,
            360.49880218541165,
            430.7958356060579,
            635.1139046179285,
            729.8416933981558,
            498.6017690216305,
            875.0220197888588,
            350.31220394787294,
            914.4612033505173,
            1090.9418870152595,
            877.1402681724495,
            766.88196880457,
            896.418601628804,
            810.346399555869,
            766.4086311792968,
            853.2920707338062,
            766.4364480442796,
            669.7098775240354,
            740.9873964294574,
            81.23231997644226,
            249.2334320594847,
            224.8335398349725,
            110.68285771233106,
            544.6816819602794,
            415.6543200224845,
            334.47934780649337,
            702.5498210374052,
            675.296467002144,
            751.5601655667928,
            731.577486192619,
            1100.944179954676,
            301.03924705096944,
            178.858808975589,
            0
        ],
        [
            0,
            0,
            0,
            0,
            232.44060416253095,
            276.16535053829455,
            524.1291155689622,
            397.4994013938225,
            245.2125334703864,
            65.57510206021934,
            353.2399560316203,
            431.0615087044179,
            465.63041548584454,
            385.5337982448405,
            379.5149558131032,
            -175.01365662179052,
            194.27465785950076,
            0,
            318.2784176612589,
            497.9364681390874,
            394.1249480845043,
            592.0164075298164,
            671.5764252121462,
            890.6488661614297,
            996.5959729431877,
            767.7498497867376,
            1161.4006670356084,
            631.0518848320844,
            1215.6386729833164,
            1402.3844906699273,
            1189.0251326216348,
            1081.1138204977394,
            1217.8397633459288,
            1133.3541855841388,
            1091.2357555433455,
            1181.990271029973,
            1094.3921173254796,
            995.8558289286252,
            1067.821057701395,
            393.06418830935667,
            561.575103647529,
            532.5959245420657,
            410.8498932443489,
            845.2053823562936,
            704.767394549375,
            611.0053061845001,
            969.9451240612136,
            924.4350958398027,
            978.7614475841812,
            929.2280896030893,
            1253.4306727857384,
            405.7876450515309,
            0,
            0
        ],
        [
            0,
            0,
            0,
            18.703025225201674,
            168.76449211697985,
            165.3707337767889,
            391.24685008699237,
            227.47715753139335,
            42.71595150808059,
            -166.83060461617478,
            114.17504112366619,
            183.74282961972628,
            208.87784389258712,
            116.1020326683954,
            100.00817783079478,
            -480.26669115718454,
            -109.52368679321508,
            -318.2784176612589,
            0,
            175.83725108252938,
            60.7274633545387,
            255.53181790857798,
            325.00837775666776,
            534.1028581977423,
            627.896655533158,
            379.5679796027009,
            769.5610152007412,
            214.57377478336687,
            801.4023012538775,
            981.9159824673243,
            754.2716331197145,
            635.5433001692406,
            767.858644484519,
            675.2921638365939,
            627.2128544789737,
            716.0076633900964,
            624.124270786301,
            522.5795920902613,
            596.4280374197398,
            -88.82988357364904,
            87.02726160791038,
            63.73391335271986,
            -51.62179350556114,
            400.56100721159254,
            271.3798248339785,
            192.9873004824608,
            576.3300156800342,
            554.2385382033242,
            637.6255709405316,
            622.5041163009978,
            982.1113520183045,
            209.2847925644585,
            0,
            0
        ],
        [
            0,
            0,
            0,
            2.4819217646652305,
            131.9692094769335,
            102.99282912469756,
            321.8215358280614,
            134.42265005747288,
            -70.8827613479026,
            -299.4336805837107,
            -17.81109854111915,
            48.28629950415289,
            68.67237235243076,
            -32.13747620971665,
            -53.84248095817544,
            -655.1279266801616,
            -278.95840950734896,
            -497.9364681390863,
            -175.83725108252938,
            0,
            -122.50367842922101,
            72.84004429515905,
            137.6349148396237,
            343.57183726758564,
            431.73697496910745,
            170.27230787465967,
            562.2337465317283,
            -11.631242697025927,
            582.1852532836914,
            761.0263366822737,
            523.4598942010713,
            397.7771941735649,
            528.9363767792433,
            431.1857537402051,
            379.5006572412568,
            468.0553020403903,
            373.137391739547,
            269.22029134075717,
            344.7904006257758,
            -351.265988793237,
            -169.8068536618604,
            -189.86282371892554,
            -302.1355388008894,
            162.90415695850697,
            39.4090389727104,
            -30.598407394959892,
            367.8197528072295,
            358.42824419396845,
            457.42287568346103,
            460.11749643040605,
            831.0370670572293,
            109.20211538735605,
            0,
            0
        ],
        [
            0,
            0,
            0,
            25.93586989700123,
            182.40533016470474,
            159.87934399278802,
            397.43053213291114,
            209.99300003939106,
            5.647458857302098,
            -221.88924479507205,
            74.2056538470988,
            145.87351898583879,
            170.3585491244965,
            70.23048427379344,
            51.363870618085805,
            -562.3045979601981,
            -172.91318163354327,
            -394.1249480845043,
            -60.7274633545387,
            122.50367842922076,
            0,
            202.919591701065,
            273.3947157244982,
            489.3184914711004,
            584.3654761413957,
            321.75029696143554,
            726.584737396177,
            144.51030432733222,
            754.5737389815088,
            940.4066803027945,
            700.9582720229777,
            575.4066160869606,
            711.404040494169,
            613.5975537301056,
            562.3488940864455,
            653.4863948295375,
            557.2655795399614,
            451.4191499809552,
            527.6225256931597,
            -181.23832139639765,
            1.4772549338066507,
            -21.35663940492904,
            -138.5023985296897,
            328.5252921556076,
            197.85327167968956,
            120.29345902861938,
            513.4707290191227,
            492.5886976961272,
            576.9331576660209,
            559.2663667255954,
            887.353574087647,
            143.90629869478866,
            0,
            0
        ],
        [
            0,
            0,
            0,
            -11.855316813024094,
            129.50676585550974,
            83.18858775686722,
            312.8740371461198,
            102.08460580234382,
            -122.95032235019049,
            -369.80503925042785,
            -74.12917234461375,
            -6.392065714678691,
            12.959873776915133,
            -95.41491017416128,
            -120.21919370842485,
            -754.4748649507103,
            -360.49880218541165,
            -592.0164075298164,
            -255.53181790857798,
            -72.84004429515905,
            -202.919591701065,
            0,
            65.26305058922769,
            277.2222512327786,
            366.00012156852046,
            90.02133227732824,
            495.93358754678445,
            -104.82707594174484,
            511.2009363156771,
            694.8300956995303,
            445.4418124323025,
            312.8571444084469,
            447.3861955136424,
            344.4189254586673,
            289.60992100261564,
            380.4528667066896,
            281.46909491223374,
            173.64064949782832,
            251.80338267811004,
            -466.269212718244,
            -277.5967435446134,
            -296.3507215236367,
            -409.19353301163164,
            70.85482516296469,
            -52.45871592281499,
            -119.74066095010494,
            289.2024909437714,
            283.34345214401895,
            385.55347734138627,
            388.9640443947097,
            725.9673700498496,
            55.09433169215244,
            0,
            0
        ],
        [
            0,
            0,
            0,
            -29.40042711519901,
            119.68402364538827,
            61.283641293645395,
            298.0603157404284,
            70.24292687158204,
            -169.41655080734247,
            -429.95566088965256,
            -124.68786039082272,
            -56.062911730708464,
            -37.73089603005863,
            -151.8042949542014,
            -179.10280292596636,
            -837.2919298810226,
            -430.7958356060579,
            -671.5764252121462,
            -325.0083777566673,
            -137.63491483962343,
            -273.3947157244982,
            -65.26305058922769,
            0,
            215.85513574055634,
            304.6641670547967,
            17.889416003352586,
            433.443869163863,
            -186.90454388212237,
            444.7101197590717,
            631.4731176901623,
            373.40516048167336,
            235.70316097080874,
            372.45395928464086,
            265.6650111384148,
            208.57409788937406,
            300.99386440394017,
            199.1909657252579,
            88.74247076937658,
            168.86873119273673,
            -563.9540556003984,
            -369.8964187189813,
            -387.15540804870557,
            -499.5296297012872,
            -8.95090224045934,
            -130.9721983254713,
            -194.9873243340924,
            221.07160035656017,
            218.94263971064598,
            323.91094985569356,
            328.55211453631955,
            628.7171824265057,
            9.231098716084642,
            0,
            0
        ],
        [
            0,
            0,
            -33.53140219697085,
            -90.31577189876784,
            56.82680674688156,
            -25.833319089606785,
            211.17825168828693,
            -46.070145063272655,
            -311.8394824844655,
            -596.9938657299876,
            -284.746815742661,
            -218.35707849408362,
            -204.61136794002545,
            -329.15880313460104,
            -362.78250243879614,
            -1054.5549070817274,
            -635.1139046179285,
            -890.6488661614281,
            -534.1028581977423,
            -343.57183726758564,
            -489.3184914711004,
            -277.2222512327786,
            -215.85513574055656,
            0,
            84.15536322852624,
            -220.75679293786112,
            202.92932853532753,
            -446.0740067338663,
            201.79785467059517,
            389.3479159546422,
            117.51170812330376,
            -29.05615640635316,
            108.45588955657261,
            -4.711696490963213,
            -65.77550248054426,
            27.958460185473417,
            -77.4213375568303,
            -190.57247929340298,
            -106.91623027529023,
            -855.4492421667602,
            -652.1258435030865,
            -663.8160937793057,
            -770.6360985421875,
            -262.4828571031739,
            -375.46393276986123,
            -426.403349942009,
            6.515162091788126,
            21.51470335495514,
            144.03718338622687,
            169.1040492826237,
            422.64251259881576,
            0,
            0,
            0
        ],
        [
            0,
            0,
            -61.20538495021006,
            -124.94577515131483,
            32.000880638687704,
            -63.25258947358351,
            182.5172937728958,
            -94.49214160125202,
            -377.6087731301035,
            -679.2028369296221,
            -355.4814361489398,
            -288.04522278326255,
            -275.5516764827973,
            -406.9993787175483,
            -443.6637163393012,
            -1164.370111886168,
            -729.8416933981558,
            -996.5959729431877,
            -627.896655533158,
            -431.73697496910745,
            -584.3654761413962,
            -366.00012156852046,
            -304.664167054797,
            -84.15536322852624,
            0,
            -317.8774403708862,
            117.3406464703862,
            -554.9866273040914,
            111.45464679863001,
            302.73367661570995,
            20.745070621552355,
            -131.67653806173726,
            8.585610408015858,
            -108.76382444268643,
            -172.12873416604037,
            -76.25453312059173,
            -184.31217722073262,
            -299.7137890819428,
            -213.21392061981584,
            -975.851823253961,
            -765.4745426934484,
            -773.7129062180995,
            -877.3665651128224,
            -357.9619218186881,
            -466.1005587933175,
            -509.42397153993636,
            -70.55681653528625,
            -47.99562972783915,
            78.1990401446519,
            106.20992634539742,
            222.44058981386968,
            0,
            0,
            0
        ],
        [
            0,
            0,
            -15.658804968118659,
            -48.55726304838061,
            147.27576943900354,
