{
    "bin_ranges": {
        "m3pi_lower_limit": 1.78,
        "m3pi_upper_limit": 1.82,
        "t_lower_limit": 0.1,
        "t_upper_limit": 0.141
    },
    "info": "The dalitz matrix M is computed as sqrt(-Kibble) * (A[1]-A[2])",
    "bin_centers": [
        0.29900000000000004,
        0.33999999999999997,
        0.38,
        0.42000000000000004,
        0.45999999999999996,
        0.5,
        0.54,
        0.5800000000000001,
        0.62,
        0.66,
        0.69,
        0.71,
        0.73,
        0.75,
        0.77,
        0.79,
        0.81,
        0.83,
        0.85,
        0.87,
        0.89,
        0.91,
        0.94,
        0.98,
        1.02,
        1.06,
        1.1,
        1.1400000000000001,
        1.18,
        1.22,
        1.26,
        1.3,
        1.34,
        1.38,
        1.42,
        1.46,
        1.5,
        1.54,
        1.58,
        1.62,
        1.66
    ],
    "real(M)": [
        [
            0,
            0,
            0,
            0,
            0,
            0,
            0,
            0,
            0,
            0,
            0,
            0,
            0,
            0,
            0,
            0,
            0,
            0,
            0,
            0,
            0,
            0,
            0,
            0,
            0,
            106.46117621416053,
            153.6747326313012,
            174.21478295209286,
            181.63070338238617,
            190.5719988424191,
            201.5190215070042,
            189.01858484606637,
            167.35317085713618,
            154.95436598808433,
            108.83289445332099,
            46.85347503742547,
            0,
            0,
            0,
            0,
            0
        ],
        [
            0,
            0,
            0,
            0,
            0,
            0,
            0,
            0,
            0,
            0,
            0,
            0,
            0,
            0,
            0,
            0,
            0,
            0,
            35.6934897864824,
            70.92946385040207,
            81.59261091223469,
            80.84910522496558,
            113.5592316002387,
            130.3144139174375,
            119.70634588083688,
            109.00007254033463,
            116.07555949034925,
            101.652266697078,
            82.57083009322699,
            80.64202936378119,
            93.26891578544429,
            74.0697274524544,
            49.71722826030202,
            58.77436020153881,
            22.46321178830498,
            23.739646331982616,
            41.042865800411406,
            10.371971414534181,
            0,
            0,
            0
        ],
        [
            0,
            0,
            0,
            0,
            0,
            0,
            0,
            0,
            0,
            0,
            0,
            0,
            0,
            38.82947273814769,
            114.33925376654665,
            149.47367519599172,
            164.8174484365798,
            189.18762186387536,
            218.48630472195168,
            234.36174499237947,
            225.54437822019977,
            208.8190905092684,
            252.50971894242127,
            268.49532702325143,
            247.88777837908788,
            230.98189629765577,
            240.306427176294,
            220.77062488466785,
            195.60147140362724,
            193.35206192118403,
            209.97443606187633,
            184.17279312088522,
            150.90739591952385,
            161.24364967417029,
            109.44404884950816,
            107.0639178950223,
            128.42612445359393,
            75.07225022574552,
            82.79281185067401,
            0,
            0
        ],
        [
            0,
            0,
            0,
            0,
            0,
            0,
            0,
            0,
            0,
            13.93906403342335,
            47.65759092132668,
            63.70368851793963,
            63.793705582940255,
            113.71910068809693,
            235.69212143223535,
            267.62050195897183,
            272.49034085651294,
            295.63195253144175,
            327.28329378889566,
            340.8034153804641,
            322.080874332175,
            294.88118424369287,
            346.48039698686046,
            360.89406513722264,
            330.7675942041592,
            307.0775726542916,
            316.6704361686391,
            291.4754989918506,
            260.06482326833674,
            256.78952678876965,
            276.44394745603364,
            245.11969600883205,
            204.91987110271208,
            217.4621120978318,
            154.72219449038903,
            152.06354940342095,
            179.9041366568869,
            114.49512433302377,
            134.13889765061023,
            22.90258555920439,
            0
        ],
        [
            0,
            0,
            0,
            0,
            0,
            0,
            0,
            0,
            29.830133400387115,
            63.76687171437647,
            101.04295519378532,
            117.7003305445018,
            112.28066600297215,
            178.41555774402286,
            337.56672918142107,
            372.4382154412084,
            372.9488484072826,
            397.6770788594479,
            433.2463545312765,
            446.5066878434966,
            420.8773155880266,
            385.8866394967977,
            445.4855225556467,
            459.906062903959,
            422.4631211351536,
            393.5126421460772,
            403.86203406221307,
            373.98080366362944,
            337.1924431678558,
            333.0386229795718,
            355.27340049483826,
            318.74972250033295,
            271.9535742591189,
            285.75861797748456,
            212.59032297873202,
            208.4988848658368,
            240.01220693350177,
            162.33983578429812,
            186.65118560867634,
            47.747109614523346,
            0
        ],
        [
            0,
            0,
            0,
            0,
            0,
            0,
            0,
            37.27406710696676,
            16.499135330868846,
            44.055253572591916,
            81.29263086211465,
            95.24391675794064,
            81.9982316637031,
            157.72576602630468,
            344.6037698430849,
            379.20509366790293,
            373.1980664974028,
            396.504687230105,
            432.76697150114364,
            443.14626249301625,
            408.804571868947,
            364.33782498105313,
            427.49325426567094,
            437.5305641368015,
            389.5405465391438,
            352.3980399452714,
            360.5934949900412,
            324.20340865188746,
            280.9345042856774,
            275.1237875441449,
            299.6259741401463,
            259.17036589019006,
            208.18531443977943,
            225.9737860896923,
            147.68725882261066,
            148.002978893578,
            190.06786599387758,
            111.90218770576729,
            152.68847065646656,
            12.633995040261834,
            0
        ],
        [
            0,
            0,
            0,
            0,
            0,
            0,
            0,
            21.280156210999166,
            -23.148681364243103,
            2.0474743127759276,
            40.293140301447444,
            52.4580562036653,
            32.81992890739073,
            117.21145639111845,
            328.92709410878234,
            363.70952049528995,
            352.20063503434477,
            374.48587550110324,
            411.5893662176946,
            419.5280249327298,
            377.37825200632756,
            324.33900155414466,
            390.84584674083476,
            396.93773165312297,
            339.2683579255745,
            294.5830732364927,
            300.8061958538487,
            258.4391213385361,
            209.25647694665776,
            202.02318471500388,
            228.7492647529522,
            184.91020333964258,
            130.4293809432056,
            152.21665074241994,
            69.94420201839823,
            74.92840293851904,
            127.04707105551239,
            49.89973926369746,
            105.62316835156913,
            -30.723103837051944,
            0
        ],
        [
            0,
            0,
            0,
            0,
            0,
            -37.27406710696676,
            -21.280156210999166,
            0,
            -59.39565304119125,
            -33.5050074283745,
            7.450539647730586,
            19.158238368635466,
            -5.167188258161249,
            88.03960968122644,
            323.3144306553399,
            359.2711844684959,
            343.6662699028584,
            365.886889889105,
            404.58593000293075,
            411.04498602798753,
            362.3979385704252,
            302.0899586413133,
            372.6218423057686,
            376.1437333325444,
            310.42171058775887,
            259.52299832015296,
            264.5672014559338,
            217.17062427027096,
            162.89172566800346,
            154.57617170067226,
            183.40997737947694,
            136.38285945996915,
            78.4852062391357,
            103.4348850570188,
            17.050162796891456,
            25.370994567162807,
            85.01681328301312,
            7.68193125544526,
            73.48244330760949,
            -58.730006752036616,
            0
        ],
        [
            0,
            0,
            0,
            0,
            -29.830133400387115,
            -16.499135330868846,
            23.148681364243103,
            59.39565304119125,
            0,
            38.05179554611068,
            89.48860741814795,
            105.86663159991767,
            82.1258215917047,
            188.10460282064685,
            449.60765707322105,
            491.0223007791608,
            475.80904760571275,
            501.9634728226944,
            545.9572874801689,
            554.6753490843438,
            503.4362978993581,
            439.6317585424599,
            518.4824365127624,
            525.0667496694523,
            456.5521261559862,
            403.80281392012483,
            410.86186016480957,
            361.0399305336918,
            303.35682632335977,
            294.33287824190603,
            324.2503714855627,
            272.23868452251736,
            207.80717956217072,
            230.5131406418854,
            133.67323139750127,
            135.80811476815342,
            189.7387923230624,
            96.93035228543559,
            148.61540230931323,
            -7.6913778924728335,
            0
        ],
        [
            0,
            0,
            0,
            -13.93906403342335,
            -63.76687171437647,
            -44.055253572591916,
            -2.0474743127759276,
            33.5050074283745,
            -38.05179554611068,
            0,
            53.40387003571267,
            69.25441673757415,
            41.412752212780894,
            154.7603041333969,
            436.3339974410837,
            478.74451673310494,
            459.97920550921884,
            486.03534140097037,
            531.3587570394259,
            538.7359047254645,
            481.7899161340436,
            411.5933139873618,
            493.8073380892458,
            497.9679411584766,
            422.27115120276807,
            363.9568853980154,
            369.81466573351486,
            315.5178937334493,
            253.37597865066,
            243.35102376967987,
            274.94370302987244,
            220.30763981449903,
            153.25699238673386,
            178.63089131393912,
            79.20963880215066,
            84.51072297178312,
            144.2115618719858,
            53.437689771570184,
            111.19978698259315,
            -28.629396982127222,
            0
        ],
        [
            0,
            0,
            0,
            -47.65759092132668,
            -101.04295519378532,
            -81.29263086211465,
            -40.293140301447444,
            -7.450539647730586,
            -89.48860741814795,
            -53.40387003571267,
            0,
            14.60645033639732,
            -16.95983723222218,
            100.75480001716754,
            395.6777765313188,
            438.0469591619646,
            416.0614994756433,
            441.35724394349876,
            486.95406613145866,
            492.7492540005388,
            431.1720965441273,
            355.8930913628612,
            439.66763015748666,
            441.15567874466916,
            359.5889927351559,
            296.70753805966865,
            301.2244425950951,
            243.49733891598848,
            178.16320291023402,
            167.5738626972186,
            200.67711025743543,
            144.93383479456247,
            77.17633779924893,
            105.73133086064261,
            6.7054486098441455,
            16.672166449224726,
            83.13805324363676,
            -1.1275262891645734,
            65.5417385103896,
            -43.72761599604078,
            0
        ],
        [
            0,
            0,
            0,
            -63.70368851793963,
            -117.7003305445018,
            -95.24391675794064,
            -52.4580562036653,
            -19.158238368635466,
            -105.86663159991767,
            -69.25441673757415,
            -14.60645033639732,
            0,
            -33.17584772052922,
            88.0524938185292,
            392.1865408886019,
            435.20842391604975,
            411.8208310539759,
            437.25351848854575,
            483.61759197998543,
            488.96922559779074,
            424.97836679225986,
            346.9717894271077,
            432.44710694757475,
            433.0748120858572,
            348.5009450645234,
            283.3202454124919,
            287.4473996934602,
            227.8770106045292,
            160.71011294921556,
            149.77268885685854,
            183.62794717416895,
            126.83500956996897,
            58.08693956529698,
            87.73401864680967,
            -12.03882154884668,
            -0.6810425143989911,
            67.7507239003536,
            -14.639818811257175,
            53.09986731454695,
            -34.41389839914991,
            0
        ],
        [
            0,
            0,
            0,
            -63.793705582940255,
            -112.28066600297215,
            -81.9982316637031,
            -32.81992890739073,
            5.167188258161249,
            -82.1258215917047,
            -41.412752212780894,
            16.95983723222218,
            33.17584772052918,
            0,
            126.10818707791287,
            440.5582099670855,
            485.59008628329,
            462.1746691483158,
            489.0058437897648,
            537.31796907763,
            543.3927308548128,
            478.1695084796555,
            398.57069367678014,
            487.1163298133807,
            488.60666568162014,
            402.573209559826,
            336.3367569591189,
            340.93330861988034,
            280.1246494561408,
            211.38480156057634,
            199.89191354186343,
            233.78088335499297,
            174.8590703246845,
            103.50761635167649,
            131.783341698334,
            28.30059807644314,
            36.83730838821652,
            101.43641883574713,
            13.883244178425121,
            70.98880516640835,
            0,
            0
        ],
        [
            0,
            0,
            -38.82947273814769,
            -113.71910068809693,
            -178.41555774402286,
            -157.72576602630468,
            -117.21145639111845,
            -88.03960968122644,
            -188.10460282064685,
            -154.7603041333969,
            -100.75480001716754,
            -88.0524938185292,
            -126.10818707791287,
            0,
            319.86358786047185,
            362.4853572581554,
            334.8734797305771,
            359.0583738556893,
            405.4311091889899,
            408.568247431008,
            338.71151881282356,
            254.32308108173783,
            341.288189882448,
            338.2672924617856,
            246.3467200107029,
            175.51930658796067,
            177.9517015023171,
            114.41492611015262,
            43.794942662379015,
            32.656604377930734,
            68.85781775161615,
            11.85695322765113,
            -56.134287496151686,
            -21.254379452841565,
            -117.4897878978494,
            -97.72045913916139,
            -18.683451766397184,
            -85.65591079572178,
            -2.3165807478400526,
            0,
            0
        ],
        [
            0,
            0,
            -114.33925376654665,
            -235.69212143223535,
            -337.56672918142107,
            -344.6037698430849,
            -328.92709410878234,
            -323.3144306553399,
            -449.60765707322105,
            -436.3339974410837,
            -395.6777765313188,
            -392.1865408886019,
            -440.55820996708593,
            -319.86358786047185,
            0,
            35.300647153683386,
            -1.1425597293756617,
            15.911612986816275,
            56.045520589299244,
            52.201605727023406,
            -26.0411623258423,
            -118.73530001220675,
            -38.417541922941,
            -51.748513348215475,
            -154.24619849074,
            -233.2841163451281,
            -235.53728734714852,
            -302.9561193575944,
            -375.17614176510403,
            -384.1782748107964,
            -342.18541153228057,
            -391.61756514574057,
            -448.2102638740664,
            -396.09062410163915,
            -470.664497477073,
            -421.06940499683196,
            -303.0904174027294,
            -314.1262651999498,
            -148.2305298190438,
            0,
            0
        ],
        [
            0,
            0,
            -149.47367519599172,
            -267.62050195897183,
            -372.4382154412084,
            -379.20509366790293,
            -363.70952049528995,
            -359.2711844684959,
            -491.02230077916226,
            -478.74451673310494,
            -438.0469591619646,
            -435.20842391604975,
            -485.59008628329,
            -362.4853572581554,
            -35.300647153683386,
            0,
            -38.179923614934964,
            -21.518214766034248,
            18.787284392396103,
            14.10858926506786,
            -66.61221072788278,
            -162.00846330830385,
            -80.77216869274004,
            -95.39665136881176,
            -200.79789364914853,
            -281.93046974909436,
            -284.4935576075749,
            -353.1343378559588,
            -426.2437160547501,
            -434.6474709153798,
            -390.9029987708659,
            -439.3966057354854,
            -494.32925997349645,
            -438.6173714357017,
            -509.2860530173162,
            -453.5121796792999,
            -328.03010879617045,
            -324.45819897725573,
            -136.6094775734168,
            0,
            0
        ],
        [
            0,
            0,
            -164.8174484365798,
            -272.49034085651294,
            -372.9488484072826,
            -373.1980664974028,
            -352.20063503434477,
            -343.6662699028584,
            -475.80904760571343,
            -459.97920550921884,
            -416.0614994756433,
            -411.8208310539759,
            -462.1746691483161,
            -334.8734797305771,
            1.1425597293756617,
            38.179923614934964,
            0,
            17.876119684479843,
            59.86063630698977,
            55.82236429032893,
            -25.90333062871945,
            -122.59308055057292,
            -38.70830994513841,
            -52.496888272472766,
            -158.93848381980982,
            -240.7137834370689,
            -242.64417396680986,
            -311.94065072178654,
            -385.8606549436328,
            -394.2266946089207,
            -349.9999389348454,
            -399.37876279972085,
            -455.25217789071917,
            -399.74211856924836,
            -471.10244568559233,
            -415.5456256084372,
            -291.331934040524,
            -283.62395505609356,
            -86.19204818204788,
            0,
            0
        ],
        [
            0,
            0,
            -189.18762186387536,
            -295.63195253144175,
            -397.6770788594479,
            -396.504687230105,
            -374.48587550110324,
            -365.886889889105,
            -501.9634728226944,
            -486.03534140097037,
            -441.35724394349876,
            -437.25351848854547,
            -489.00584378976515,
            -359.0583738556893,
            -15.911612986816262,
            21.518214766034248,
            -17.876119684479843,
            0,
            42.481586582527314,
            38.00489016268027,
            -45.66769374900962,
            -144.51620399449783,
            -59.396525992624426,
            -73.87845943395237,
            -182.51032149087146,
            -265.79898511188173,
            -267.73138772161906,
            -337.8757999094115,
            -412.386918138343,
            -420.1391965557466,
            -374.4426744280985,
            -422.98306567111524,
            -477.35362869672224,
            -419.0249207012137,
            -486.6276606781159,
            -425.7819818274142,
            -295.65703949709945,
            -271.0403922842378,
            0,
            0,
            0
        ],
        [
            0,
            -35.6934897864824,
            -218.48630472195168,
            -327.28329378889566,
            -433.2463545312765,
            -432.76697150114364,
            -411.5893662176946,
            -404.58593000293075,
            -545.9572874801701,
            -531.3587570394259,
            -486.95406613145866,
            -483.61759197998543,
            -537.3179690776309,
            -405.4311091889899,
            -56.045520589299244,
            -18.787284392396103,
            -59.86063630698977,
            -42.481586582527314,
            0,
            -5.340683954046487,
            -91.28010363599508,
            -192.5635924105364,
            -106.809075112557,
            -122.55153774513984,
            -233.70981786954417,
            -318.7305630416319,
            -320.8244518431487,
            -391.7191026010421,
            -466.51658989197557,
            -473.2236631181487,
            -425.4707348744125,
            -472.12522322682315,
            -523.5441844435718,
            -460.75788118524184,
            -521.9394967258498,
            -452.6158012460401,
            -312.3194915945315,
            -260.32097754536306,
            0,
            0,
            0
        ],
        [
            0,
            -70.92946385040214,
            -234.36174499237947,
            -340.8034153804641,
            -446.5066878434966,
            -443.14626249301625,
            -419.5280249327298,
            -411.04498602798753,
            -554.6753490843438,
            -538.7359047254645,
            -492.7492540005388,
            -488.96922559779074,
            -543.3927308548128,
            -408.568247431008,
            -52.20160572702343,
            -14.10858926506785,
            -55.82236429032895,
            -38.00489016268027,
            5.340683954046487,
            0,
            -87.30892218576382,
            -190.16190954284122,
            -102.81406651823907,
            -118.59231115558453,
            -231.1706302498786,
            -317.080822035966,
            -318.851882961274,
            -390.2064314229201,
            -465.29492027440347,
            -471.4012608502617,
            -422.5240519855692,
            -468.4901280876886,
            -518.6138386140549,
            -453.8979597674287,
            -511.43913800754405,
            -437.6621529186179,
            -292.7308143367017,
            -215.02658356565541,
            0,
            0,
            0
        ],
        [
            0,
            -81.59261091223469,
            -225.54437822019977,
            -322.080874332175,
            -420.8773155880266,
            -408.804571868947,
            -377.37825200632756,
            -362.3979385704252,
            -503.4362978993581,
            -481.7899161340436,
            -431.1720965441273,
            -424.97836679225986,
            -478.169508479656,
            -338.71151881282356,
            26.04116232584232,
            66.61221072788274,
            25.90333062871946,
            45.66769374900962,
            91.28010363599508,
            87.30892218576382,
            0,
            -103.12091288309563,
            -12.645899867820395,
            -26.606368032802465,
            -139.04089837110092,
            -224.73209724308686,
            -225.64442939366188,
            -297.3474710638555,
            -373.17253616463495,
            -379.8673003376962,
            -331.89506498093056,
            -379.86813402981034,
            -432.3455795541427,
            -370.87243061055653,
            -431.0033373101729,
            -361.51823012412825,
            -224.41697080745817,
            -129.67504431935916,
            0,
            0,
            0
        ],
        [
            0,
            -80.84910522496557,
            -208.8190905092684,
            -294.88118424369287,
            -385.8866394967977,
            -364.33782498105313,
            -324.33900155414466,
            -302.0899586413133,
            -439.6317585424599,
            -411.5933139873618,
            -355.8930913628612,
            -346.9717894271077,
            -398.57069367678014,
            -254.32308108173783,
            118.73530001220675,
            162.00846330830385,
            122.59308055057286,
            144.51620399449783,
            192.56359241053633,
            190.16190954284122,
            103.12091288309563,
            0,
            93.70807957990047,
            81.77384582637308,
            -30.284198497099048,
            -115.64532409036929,
            -115.80124223163311,
            -187.97810396614997,
            -264.7818068100204,
            -272.56542722026563,
            -226.29187574652045,
            -277.08714181462085,
            -332.94055093949174,
            -276.38915226582066,
            -340.6899839354924,
            -278.17313139252377,
            -153.33467419659414,
            0,
            0,
            0,
            0
        ],
        [
            0,
            -113.5592316002387,
            -252.50971894242122,
            -346.48039698686046,
            -445.4855225556467,
            -427.49325426567094,
            -390.84584674083476,
            -372.6218423057686,
            -518.4824365127624,
            -493.8073380892458,
            -439.66763015748666,
            -432.447106947575,
            -487.11632981338096,
            -341.288189882448,
            38.417541922941,
            80.77216869274004,
            38.70830994513843,
            59.396525992624426,
            106.809075112557,
            102.81406651823907,
            12.645899867820395,
            -93.70807957990047,
            0,
            -14.093785917011258,
            -129.34142905288198,
            -216.67691639860482,
            -216.91399410074692,
            -289.20651316108797,
            -365.0316082993873,
            -370.149445877287,
            -319.9783385147558,
            -365.3731334984472,
            -413.13398500947255,
            -347.1451001621524,
            -393.8070058264346,
            -309.5724670459077,
            -152.83243576515935,
            0,
            0,
            0,
            0
        ],
        [
            0,
            -130.3144139174375,
            -268.49532702325143,
            -360.89406513722264,
            -459.906062903959,
            -437.5305641368015,
            -396.93773165312297,
            -376.1437333325444,
            -525.0667496694523,
            -497.9679411584766,
            -441.15567874466916,
            -433.074812085857,
            -488.60666568162014,
            -338.2672924617856,
            51.74851334821543,
            95.39665136881172,
            52.496888272472766,
            73.87845943395237,
            122.55153774513984,
            118.59231115558453,
            26.606368032802465,
            -81.77384582637308,
            14.093785917011258,
            0,
            -116.83101409936572,
            -204.9215456395638,
            -204.56686061149287,
            -276.76606877636806,
            -351.883455819646,
            -355.4890859456095,
            -303.79553361183065,
            -346.1886463659084,
            -388.61056993724014,
            -318.6294878808922,
            -349.4651301723565,
            -245.96623477947966,
            0,
            0,
            0,
            0,
            0
        ],
        [
            0,
            -119.70634588083692,
            -247.88777837908788,
            -330.7675942041592,
            -422.4631211351536,
            -389.5405465391438,
            -339.2683579255742,
            -310.4217105877586,
            -456.5521261559862,
            -422.27115120276807,
            -359.5889927351559,
            -348.5009450645234,
            -402.57320955982624,
            -246.3467200107029,
            154.24619849074,
            200.79789364914853,
            158.9384838198098,
            182.51032149087146,
            233.70981786954417,
            231.1706302498786,
            139.04089837110092,
            30.284198497099048,
            129.34142905288198,
            116.83101409936572,
            0,
            -87.96453414449329,
            -87.30643159890431,
            -159.94416074355635,
            -235.59422313176324,
            -240.3794742635785,
            -191.54293160540954,
            -235.53193466092904,
            -278.32363568361643,
            -213.79897128005484,
            -235.77310016710908,
            -115.18030503563949,
            0,
            0,
            0,
            0,
            0
        ],
        [
            -106.46117621416053,
            -109.00007254033463,
            -230.98189629765577,
            -307.0775726542916,
            -393.5126421460772,
            -352.3980399452714,
            -294.5830732364924,
            -259.5229983201528,
            -403.80281392012483,
            -363.9568853980154,
            -296.70753805966865,
            -283.3202454124919,
            -336.336756959119,
            -175.51930658796067,
            233.284116345128,
            281.93046974909424,
            240.7137834370689,
            265.79898511188173,
            318.73056304163185,
            317.080822035966,
            224.73209724308686,
            115.64532409036929,
            216.67691639860482,
            204.9215456395638,
            87.96453414449329,
            0,
            0.39169355288434143,
            -72.57039345792215,
            -148.34564867348774,
            -154.3034177007619,
            -108.81409872925283,
            -153.3562162013053,
            -194.45836572027946,
            -134.89140721227375,
            -136.223301410041,
            0,
            0,
            0,
            0,
            0,
            0
        ],
        [
            -153.67473263130142,
            -116.07555949034925,
            -240.306427176294,
            -316.67043616863987,
            -403.8620340622124,
            -360.5934949900415,
            -300.80619585384846,
            -264.5672014559338,
            -410.8618601648098,
            -369.81466573351486,
            -301.2244425950951,
            -287.4473996934601,
            -340.93330861988034,
            -177.9517015023171,
            235.53728734714852,
            284.4935576075748,
            242.64417396680986,
            267.73138772161906,
            320.82445184314867,
            318.8518829612739,
            225.64442939366188,
            115.80124223163311,
            216.9139941007469,
            204.56686061149287,
            87.3064315989043,
            -0.39169355288434143,
            0,
            -71.67101388297142,
            -144.9317507618096,
            -149.0593321244368,
            -103.49431245724443,
            -141.8957963031253,
            -170.99304142920127,
            -103.71680141576678,
            0,
            0,
            0,
            0,
            0,
            0,
            0
        ],
        [
            -174.21478295209272,
            -101.652266697078,
            -220.77062488466782,
            -291.4754989918506,
            -373.98080366362944,
            -324.20340865188746,
            -258.4391213385359,
            -217.17062427027096,
            -361.03993053369163,
            -315.5178937334493,
            -243.49733891598848,
            -227.8770106045292,
            -280.1246494561408,
            -114.41492611015262,
            302.95611935759433,
            353.1343378559588,
            311.94065072178654,
            337.8757999094115,
            391.7191026010421,
            390.2064314229201,
            297.3474710638555,
            187.97810396614997,
            289.20651316108797,
            276.76606877636806,
            159.94416074355635,
            72.57039345792215,
            71.67101388297142,
            0,
            -72.64583345850826,
            -78.59615696299358,
            -38.89796797234901,
            -76.56291720798129,
            -98.68508407712257,
            -26.55162506452318,
            0,
            0,
            0,
            0,
            0,
            0,
            0
        ],
        [
            -181.63070338238603,
            -82.57083009322739,
            -195.6014714036272,
            -260.06482326833674,
            -337.19244316785586,
            -280.9345042856774,
            -209.25647694665776,
            -162.89172566800346,
            -303.35682632335977,
            -253.37597865066,
            -178.16320291023402,
            -160.71011294921556,
            -211.38480156057634,
            -43.794942662379015,
            375.17614176510403,
            426.2437160547501,
            385.8606549436328,
            412.386918138343,
            466.51658989197557,
            465.29492027440347,
            373.17253616463495,
            264.7818068100204,
            365.0316082993873,
            351.883455819646,
            235.59422313176324,
            148.34564867348774,
            144.9317507618096,
            72.64583345850826,
            0,
            -9.707762207442245,
            20.111989499791466,
            -18.913219991500675,
            -30.54515565710853,
            0,
            0,
            0,
            0,
            0,
            0,
            0,
            0
        ],
        [
            -190.5719988424191,
            -80.64202936378162,
            -193.35206192118406,
            -256.7895267887697,
            -333.0386229795718,
            -275.1237875441449,
            -202.0231847150037,
            -154.57617170067238,
            -294.33287824190603,
            -243.35102376967987,
            -167.5738626972186,
            -149.77268885685854,
            -199.89191354186343,
            -32.656604377930734,
            384.17827481079644,
            434.64747091537976,
            394.2266946089207,
            420.1391965557466,
            473.2236631181487,
            471.4012608502617,
            379.8673003376962,
            272.56542722026563,
            370.149445877287,
            355.4890859456095,
            240.3794742635785,
            154.3034177007619,
            149.05933212443676,
            78.59615696299358,
            9.707762207442245,
            0,
            22.924225874043152,
            -7.0279563147500905,
            0,
            0,
            0,
            0,
            0,
            0,
            0,
            0,
            0
        ],
        [
            -201.51902150700448,
            -93.26891578544426,
            -209.97443606187633,
            -276.44394745603364,
            -355.27340049483774,
            -299.62597414014624,
            -228.7492647529522,
            -183.40997737947694,
            -324.2503714855626,
            -274.94370302987244,
            -200.6771102574354,
            -183.62794717416892,
            -233.78088335499302,
            -68.85781775161615,
            342.18541153228057,
            390.90299877086585,
            349.9999389348454,
            374.4426744280985,
            425.47073487441247,
            422.5240519855692,
            331.89506498093056,
            226.29187574652045,
            319.9783385147558,
            303.79553361183065,
            191.54293160540954,
            108.81409872925283,
            103.4943124572444,
            38.89796797234901,
            -20.111989499791466,
            -22.924225874043152,
            0,
            0,
            0,
            0,
            0,
            0,
            0,
            0,
            0,
            0,
            0
        ],
        [
            -189.01858484606637,
            -74.0697274524544,
            -184.17279312088525,
            -245.11969600883208,
            -318.7497225003327,
            -259.17036589019,
            -184.91020333964252,
            -136.38285945996924,
            -272.23868452251736,
            -220.30763981449903,
            -144.93383479456244,
            -126.83500956996897,
            -174.85907032468452,
            -11.85695322765113,
            391.61756514574057,
            439.3966057354854,
            399.37876279972073,
            422.98306567111524,
            472.1252232268231,
            468.4901280876886,
            379.86813402981034,
            277.08714181462085,
            365.3731334984472,
            346.1886463659084,
            235.53193466092904,
            153.3562162013053,
            141.89579630312528,
            76.56291720798129,
            18.913219991500675,
            7.0279563147500905,
            0,
            0,
            0,
            0,
            0,
            0,
            0,
            0,
            0,
            0,
            0
        ],
        [
            -167.35317085713632,
            -49.717228260302264,
            -150.90739591952388,
            -204.91987110271208,
            -271.95357425911857,
            -208.1853144397794,
            -130.42938094320553,
            -78.4852062391357,
            -207.80717956217072,
            -153.25699238673386,
            -77.17633779924893,
            -58.08693956529698,
            -103.50761635167648,
            56.134287496151686,
            448.2102638740664,
            494.32925997349633,
            455.2521778907192,
            477.3536286967223,
            523.5441844435717,
            518.6138386140551,
            432.3455795541427,
            332.94055093949174,
            413.13398500947255,
            388.61056993724014,
            278.32363568361643,
            194.45836572027946,
            170.9930414292012,
            98.68508407712257,
            30.54515565710853,
            0,
            0,
            0,
            0,
            0,
            0,
            0,
