{
    "bin_ranges": {
        "m3pi_lower_limit": 1.46,
        "m3pi_upper_limit": 1.5,
        "t_lower_limit": 0.1,
        "t_upper_limit": 0.141
    },
    "info": "The dalitz matrix M is computed as sqrt(-Kibble) * (A[1]-A[2])",
    "bin_centers": [
        0.29900000000000004,
        0.33999999999999997,
        0.38,
        0.42000000000000004,
        0.45999999999999996,
        0.5,
        0.54,
        0.5800000000000001,
        0.62,
        0.66,
        0.69,
        0.71,
        0.73,
        0.75,
        0.77,
        0.79,
        0.81,
        0.83,
        0.85,
        0.87,
        0.89,
        0.91,
        0.94,
        0.98,
        1.02,
        1.06,
        1.1,
        1.1400000000000001,
        1.18,
        1.22,
        1.26,
        1.3,
        1.34
    ],
    "real(M)": [
        [
            0,
            0,
            0,
            0,
            0,
            0,
            0,
            0,
            0,
            0,
            0,
            0,
            0,
            0,
            0,
            0,
            0,
            0,
            29.070763121189014,
            70.42720390387625,
            88.62327108406319,
            101.54677264415709,
            115.18695275660711,
            120.03947849610421,
            112.92171786145826,
            108.1412148549535,
            94.74516197483135,
            79.98525397734225,
            55.69610137060098,
            0,
            0,
            0,
            0
        ],
        [
            0,
            0,
            0,
            0,
            0,
            0,
            0,
            0,
            0,
            0,
            0,
            -23.467472364095585,
            -25.237177774062985,
            -12.459854623928711,
            41.3958503941328,
            78.08680463142157,
            124.16349083118911,
            139.49863669592096,
            157.26868491862746,
            174.65069979390879,
            170.16998914446904,
            169.5897822244898,
            170.1356946043872,
            159.06389715819472,
            137.21110325104584,
            128.27147819614157,
            111.71276124956528,
            103.61626982129938,
            105.42994900063296,
            73.05326212054001,
            35.775082911386086,
            0,
            0
        ],
        [
            0,
            0,
            0,
            0,
            0,
            0,
            0,
            0,
            -20.57530664891731,
            -41.77365658255361,
            -64.79602568880816,
            -99.60583994309287,
            -84.4722832877729,
            -55.52448131508242,
            34.58800935304678,
            86.53212280026553,
            149.25453645023202,
            164.25044149628476,
            183.25569274184642,
            202.02608581191888,
            191.00925654675072,
            186.36506171595076,
            182.65699917638207,
            164.07164018891402,
            133.47381428991474,
            121.71412528574052,
            101.66777218450822,
            94.7137655229754,
            104.23369621308274,
            71.05243999695521,
            36.223956935373515,
            -26.69470502784831,
            0
        ],
        [
            0,
            0,
            0,
            0,
            0,
            0,
            0,
            -17.856655635828258,
            -60.96717876750324,
            -75.69500650737308,
            -103.16200342748668,
            -148.305325190692,
            -124.01073870256691,
            -83.52110907774998,
            34.32061065394128,
            99.66977915782975,
            177.19770086064767,
            193.74833018395088,
            215.31418259226373,
            236.57438471110046,
            221.384509621491,
            214.35508796699727,
            208.24206088905876,
            184.36255869271903,
            146.87358885919005,
            132.62421727386817,
            108.97839757420998,
            101.5497678861789,
            114.80062159297904,
            77.22673136172446,
            37.867202663068035,
            -48.0545734572754,
            0
        ],
        [
            0,
            0,
            0,
            0,
            0,
            -3.4239188068592155,
            -8.691199691088991,
            -19.58697194056234,
            -72.35789081112088,
            -83.87554725899014,
            -114.09952385987988,
            -167.01676980056132,
            -134.71846387362206,
            -83.95936812571667,
            58.0275230323901,
            135.7191058506868,
            226.87098882123655,
            245.6746426562846,
            270.27088525401143,
            294.4132884609834,
            276.2137894323784,
            267.6208168163054,
            259.9965635184346,
            231.93681721000877,
            188.49400669808068,
            171.7221417189642,
            144.1534141424005,
            134.94250475633663,
            149.16329127479975,
            104.97664091082935,
            57.905087484952276,
            -47.99228948142668,
            0
        ],
        [
            0,
            0,
            0,
            0,
            3.4239188068592155,
            0,
            0.5142138542309466,
            -9.277968549399196,
            -70.09060178837407,
            -79.19111682773722,
            -111.7494096621785,
            -171.3596683688079,
            -132.0701717619906,
            -72.22293256916622,
            91.1772049478066,
            179.99416237319517,
            283.44752837130073,
            304.4647269774674,
            331.93609439191755,
            358.78995328047154,
            338.01467567319247,
            328.09712697462436,
            319.1613680685359,
            287.30435884238216,
            238.36838707886906,
            218.99320862958598,
            187.43556876518085,
            175.8683458002734,
            189.65843939528025,
            138.3867607520857,
            83.06965139559529,
            -38.25939274722108,
            0
        ],
        [
            0,
            0,
            0,
            0,
            8.691199691088887,
            -0.5142138542309466,
            0,
            -11.734926735940965,
            -81.8710347560254,
            -91.05879611152574,
            -127.113349775869,
            -193.55895940193594,
            -148.8587192451789,
            -81.62389767586575,
            100.31395492808602,
            198.52894807515077,
            312.49632463089927,
            334.9984778719858,
            364.5839651766259,
            393.4371249415226,
            369.94441558887445,
            358.4740868828177,
            347.89386139889393,
            312.18212350521264,
            258.12528180453864,
            236.43767460978938,
            201.65186207803816,
            188.56205369915435,
            202.64168098431716,
            146.7288446801701,
            86.77716782901938,
            -39.443212560107106,
            0
        ],
        [
            0,
            0,
            0,
            17.856655635828258,
            19.58697194056234,
            9.277968549399196,
            11.734926735940965,
            0,
            -76.92059555761597,
            -84.94400028277484,
            -123.27698957789251,
            -195.34084684069057,
            -145.265835134935,
            -70.88910379528721,
            128.22850014559012,
            235.34182140667576,
            359.1648124086514,
            383.32603900278735,
            415.08354762810296,
            445.94717444899464,
            420.1764197322415,
            407.4240930803605,
            395.433460800113,
            356.17625052454963,
            297.2552003457168,
            272.9016821425433,
            234.36523987787012,
            218.54155653129052,
            230.6105757277273,
            168.20786167483092,
            101.04131080782274,
            -28.33381186947017,
            0
        ],
        [
            0,
            0,
            20.57530664891731,
            60.96717876750324,
            72.35789081112088,
            70.09060178837407,
            81.8710347560254,
            76.92059555761597,
            0,
            -1.555995672985267,
            -38.25027727227955,
            -113.09562375434636,
            -56.03255612487632,
            26.780339936155997,
            243.21552508557286,
            360.0100325208973,
            494.18530090480664,
            521.150504887891,
            555.9832779487654,
            589.5787475543505,
            562.524708621726,
            549.1774078188934,
            536.3486116802931,
            493.7170132301897,
            429.296034755584,
            400.14439262082175,
            354.5033931106051,
            330.57732992790596,
            332.4031701848897,
            253.3368902150893,
            163.8990565690334,
            12.241399242958872,
            0
        ],
        [
            0,
            0,
            41.77365658255361,
            75.69500650737308,
            83.87554725899014,
            79.19111682773722,
            91.05879611152574,
            84.94400028277484,
            1.555995672985267,
            0,
            -39.15863712909218,
            -118.92689086755013,
            -57.870858798523955,
            30.370488102347785,
            260.2899565542736,
            383.85321217853465,
            525.498056942461,
            553.3500349385342,
            589.4441686829213,
            624.1322750459002,
            594.8060627952957,
            579.9579579441186,
            565.2473658117676,
            518.8293961179576,
            449.6969376563527,
            417.31067832380114,
            367.5995134318087,
            339.80530182998956,
            336.7484376966162,
            250.04436794065262,
            150.55767445821925,
            0,
            0
        ],
        [
            0,
            0,
            64.79602568880816,
            103.16200342748668,
            114.09952385987988,
            111.7494096621785,
            127.113349775869,
            123.27698957789251,
            38.25027727227955,
            39.15863712909218,
            0,
            -82.06583002691212,
            -17.350865192107513,
            75.43184660943687,
            315.1994381082493,
            443.9841905776694,
            591.1957801854531,
            620.1184947641294,
            657.4250989440401,
            693.0995382955633,
            662.4512061540372,
            646.6800065469296,
            630.6054809776831,
            581.124086848903,
            507.8297203709165,
            471.4870938943587,
            416.50309344822074,
            382.2825407862171,
            369.9533459147954,
            270.36297497166345,
            150.16661082935568,
            0,
            0
        ],
        [
            0,
            23.46747236409719,
            99.60583994309287,
            148.305325190692,
            167.01676980056132,
            171.3596683688079,
            193.55895940193594,
            195.34084684069057,
            113.09562375434636,
            118.92689086755013,
            82.06583002691212,
            0,
            68.27058686130349,
            165.03545992977647,
            411.8950291905407,
            544.8130633153248,
            696.2241392851289,
            726.4876018336179,
            765.0802311174226,
            801.7559469952939,
            770.5879922440324,
            754.3802929757505,
            737.3479398153153,
            685.2257425527425,
            607.8424487815221,
            566.4761539916942,
            504.47664120341835,
            460.7917126805381,
            434.53301171597036,
            315.2204657925133,
            158.6955509720909,
            0,
            0
        ],
        [
            0,
            25.237177774062985,
            84.4722832877729,
            124.01073870256691,
            134.71846387362226,
            132.0701717619906,
            148.8587192451789,
            145.265835134935,
            56.03255612487632,
            57.870858798523955,
            17.350865192107513,
            -68.27058686130349,
            0,
            97.40427861236003,
            348.0161612829521,
            482.19640522810136,
            635.1800055460947,
            664.6669630280946,
            702.7179785475666,
            738.8890777443028,
            706.1665016527778,
            688.8160467417273,
            670.4675138710354,
            616.7660642577263,
            538.3474151246454,
            497.17066770517806,
            436.1676861537662,
            394.38351100854715,
            369.9223853405484,
            253.993322063982,
            92.97049741074103,
            0,
            0
        ],
        [
            0,
            12.459854623928711,
            55.52448131508242,
            83.52110907774998,
            83.95936812571682,
            72.22293256916622,
            81.62389767586575,
            70.88910379528721,
            -26.780339936155997,
            -30.370488102347785,
            -75.43184660943687,
            -165.03545992977647,
            -97.40427861236003,
            0,
            253.50361933970345,
            388.3364453813424,
            542.2958030596643,
            570.6885478992056,
            607.9222806106859,
            643.3770504238144,
            609.0946820635501,
            590.640578406426,
            571.1689442507243,
            516.5332865578323,
            438.22929054967364,
            398.80741328926933,
            341.0872583304175,
            304.24204804098366,
            285.51517713603005,
            179.34502836454416,
            0,
            0,
            0
        ],
        [
            0,
            -41.3958503941328,
            -34.58800935304678,
            -34.32061065394128,
            -58.0275230323901,
            -91.1772049478066,
            -100.31395492808602,
            -128.22850014559012,
            -243.21552508557286,
            -260.2899565542736,
            -315.1994381082493,
            -411.8950291905407,
            -348.0161612829521,
            -253.50361933970345,
            0,
            133.08990933641098,
            285.8901916485975,
            311.6027966319652,
            346.7497592235714,
            380.5727827135474,
            344.3353807429889,
            324.7523893178292,
            304.9158284988272,
            252.12935120993956,
            179.0735799403521,
            149.18815961486706,
            106.11096150035357,
            90.20334475614001,
            100.07868804883992,
            41.36824740821804,
            0,
            0,
            0
        ],
        [
            0,
            -78.08680463142315,
            -86.53212280026553,
            -99.66977915782975,
            -135.7191058506868,
            -179.99416237319517,
            -198.52894807515077,
            -235.34182140667576,
            -360.0100325208973,
            -383.85321217853465,
            -443.9841905776694,
            -544.8130633153248,
            -482.19640522810136,
            -388.3364453813424,
            -133.08990933641098,
            0,
            153.11914866240724,
            177.64157104889114,
            211.93509759900647,
            245.11202747117548,
            207.7977912998627,
            187.6605534498502,
            167.76092421914652,
            116.19841173726385,
            46.428083216689565,
            22.333517316298096,
            -11.758375006318365,
            -14.982117404134932,
            11.659808160058489,
            -13.434110208433536,
            0,
            0,
            0
        ],
        [
            0,
            -124.16349083118911,
            -149.25453645023202,
            -177.19770086064767,
            -226.87098882123632,
            -283.44752837130073,
            -312.49632463089927,
            -359.1648124086514,
            -494.18530090480664,
            -525.498056942461,
            -591.1957801854531,
            -696.2241392851289,
            -635.1800055460947,
            -542.2958030596643,
            -285.8901916485975,
            -153.11914866240724,
            0,
            23.315809952066907,
            56.77542368132936,
            89.38705021973784,
            51.30424561047705,
            30.962970119067144,
            11.666317254673453,
            -37.34706207948883,
            -101.89773201408829,
            -117.70450462046408,
            -139.21950465500777,
            -124.64546498727582,
            -73.10040793788286,
            -34.763847186323574,
            0,
            0,
            0
        ],
        [
            0,
            -139.49863669592096,
            -164.2504414962848,
            -193.74833018395088,
            -245.6746426562846,
            -304.4647269774674,
            -334.9984778719861,
            -383.32603900278735,
            -521.150504887891,
            -553.3500349385342,
            -620.1184947641298,
            -726.487601833618,
            -664.6669630280948,
            -570.6885478992057,
            -311.6027966319652,
            -177.64157104889114,
            -23.315809952066907,
            0,
            33.535604070825826,
            66.20201438522479,
            27.834660366239714,
            7.416005044714823,
            -11.757262175845119,
            -60.116478124875016,
            -123.00989497561105,
            -136.36130495777178,
            -153.69406342850561,
            -133.37392909207122,
            -74.38055212183205,
            0,
            0,
            0,
            0
        ],
        [
            -29.07076312118882,
            -157.26868491862743,
            -183.25569274184642,
            -215.31418259226373,
            -270.27088525401103,
            -331.93609439191755,
            -364.5839651766259,
            -415.08354762810296,
            -555.9832779487654,
            -589.4441686829213,
            -657.4250989440401,
            -765.0802311174226,
            -702.7179785475666,
            -607.9222806106859,
            -346.7497592235714,
            -211.93509759900647,
            -56.77542368132936,
            -33.535604070825826,
            0,
            32.669965749768025,
            -5.8247393707396435,
            -26.166873959602214,
            -44.9333837102601,
            -91.9942684505969,
            -152.20918305786125,
            -161.85813405584057,
            -173.03640057136656,
            -143.93518417661855,
            -70.84322401953496,
            0,
            0,
            0,
            0
        ],
        [
            -70.42720390387625,
            -174.65069979390879,
            -202.02608581191888,
            -236.57438471110046,
            -294.4132884609834,
            -358.78995328047154,
            -393.4371249415226,
            -445.9471744489949,
            -589.5787475543505,
            -624.1322750459002,
            -693.0995382955637,
            -801.7559469952939,
            -738.8890777443028,
            -643.3770504238145,
            -380.57278271354744,
            -245.1120274711755,
            -89.38705021973784,
            -66.20201438522479,
            -32.669965749768025,
            0,
            -38.43085883838496,
            -58.53755853742271,
            -76.66122432871663,
            -121.94244840878059,
            -178.74166339691882,
            -183.8795926590133,
            -187.45247810698746,
            -146.8323387976992,
            -45.43138696495936,
            0,
            0,
            0,
            0
        ],
        [
            -88.62327108406326,
            -170.16998914446904,
            -191.00925654675072,
            -221.384509621491,
            -276.2137894323784,
            -338.01467567319247,
            -369.94441558887445,
            -420.1764197322415,
            -562.524708621726,
            -594.8060627952957,
            -662.4512061540372,
            -770.5879922440324,
            -706.1665016527778,
            -609.0946820635501,
            -344.3353807429889,
            -207.7977912998627,
            -51.30424561047705,
            -27.834660366239717,
            5.8247393707396435,
            38.43085883838495,
            0,
            -20.194549939977648,
            -38.62824648698498,
            -84.2210069004141,
            -140.81455550168405,
            -146.41449586679312,
            -149.25043007170194,
            -106.66716645163118,
            0,
            0,
            0,
            0,
            0
        ],
        [
            -101.54677264415719,
            -169.58978222449053,
            -186.36506171595076,
            -214.35508796699727,
            -267.6208168163052,
            -328.09712697462436,
            -358.4740868828177,
            -407.4240930803605,
            -549.1774078188934,
            -579.9579579441186,
            -646.6800065469296,
            -754.3802929757505,
            -688.8160467417273,
            -590.640578406426,
            -324.7523893178292,
            -187.6605534498502,
            -30.962970119067144,
            -7.416005044714822,
            26.166873959602214,
            58.53755853742271,
            20.194549939977648,
            0,
            -18.541916068984925,
            -63.83214552853472,
            -119.10148270481575,
            -123.74002858421422,
            -123.22947332639347,
            -72.13650193299956,
            0,
            0,
            0,
            0,
            0
        ],
        [
            -115.18695275660721,
            -170.13569460438723,
            -182.65699917638207,
            -208.24206088905876,
            -259.9965635184346,
            -319.1613680685359,
            -347.89386139889393,
            -395.433460800113,
            -536.3486116802931,
            -565.2473658117676,
            -630.6054809776831,
            -737.3479398153153,
            -670.4675138710354,
            -571.1689442507243,
            -304.9158284988272,
            -167.76092421914652,
            -11.666317254673453,
            11.757262175845119,
            44.9333837102601,
            76.66122432871663,
            38.62824648698498,
            18.541916068984925,
            0,
            -44.19988434241981,
            -96.15830982256402,
            -97.8052480653644,
            -87.91454467241317,
            0,
            0,
            0,
            0,
            0,
            0
        ],
        [
            -120.03947849610421,
            -159.06389715819537,
            -164.07164018891405,
            -184.36255869271903,
            -231.93681721000857,
            -287.30435884238216,
            -312.18212350521264,
            -356.17625052454963,
            -493.7170132301897,
            -518.8293961179576,
            -581.124086848903,
            -685.2257425527425,
            -616.7660642577263,
            -516.5332865578323,
            -252.12935120993956,
            -116.19841173726385,
            37.34706207948883,
            60.116478124875016,
            91.9942684505969,
            121.94244840878059,
            84.2210069004141,
            63.83214552853472,
            44.19988434241981,
            0,
            -48.72218953606496,
            -48.70778449309719,
            0,
            0,
            0,
            0,
            0,
            0,
            0
        ],
        [
            -112.9217178614582,
            -137.21110325104638,
            -133.47381428991474,
            -146.87358885919005,
            -188.49400669808068,
            -238.36838707886906,
            -258.12528180453864,
            -297.2552003457168,
            -429.296034755584,
            -449.6969376563527,
            -507.8297203709165,
            -607.8424487815221,
            -538.3474151246454,
            -438.22929054967364,
            -179.0735799403521,
            -46.428083216689565,
            101.89773201408829,
            123.00989497561105,
            152.20918305786125,
            178.74166339691882,
            140.81455550168405,
            119.10148270481575,
            96.15830982256402,
            48.72218953606496,
            0,
            -3.637496414435913,
            0,
            0,
            0,
            0,
            0,
            0,
            0
        ],
        [
            -108.14121485495356,
            -128.27147819614157,
            -121.71412528574051,
            -132.624217273868,
            -171.72214171896408,
            -218.99320862958598,
            -236.43767460978938,
            -272.9016821425433,
            -400.14439262082175,
            -417.31067832380114,
            -471.4870938943587,
            -566.4761539916942,
            -497.17066770517806,
            -398.80741328926933,
            -149.18815961486706,
            -22.333517316298096,
            117.70450462046408,
            136.36130495777178,
            161.85813405584057,
            183.8795926590133,
            146.41449586679312,
            123.74002858421422,
            97.8052480653644,
            48.70778449309719,
            3.637496414435913,
            0,
            0,
            0,
            0,
            0,
            0,
            0,
            0
        ],
        [
            -94.74516197483135,
            -111.71276124956545,
            -101.66777218450832,
            -108.97839757421005,
            -144.1534141424004,
            -187.43556876518085,
            -201.65186207803816,
            -234.36523987787012,
            -354.5033931106051,
            -367.5995134318087,
            -416.50309344822074,
            -504.47664120341835,
            -436.1676861537662,
            -341.0872583304175,
            -106.11096150035357,
            11.758375006318365,
            139.21950465500777,
            153.6940634285056,
            173.03640057136656,
            187.4524781069875,
            149.25043007170194,
            123.22947332639347,
            87.91454467241317,
            0,
            0,
            0,
            0,
            0,
            0,
            0,
            0,
            0,
            0
        ],
        [
            -79.9852539773424,
            -103.61626982129943,
            -94.71376552297541,
            -101.5497678861789,
            -134.94250475633658,
            -175.8683458002734,
            -188.56205369915435,
            -218.54155653129052,
            -330.57732992790596,
            -339.8053018299895,
            -382.2825407862171,
            -460.7917126805381,
            -394.38351100854715,
            -304.24204804098366,
            -90.20334475614001,
            14.982117404134932,
            124.64546498727582,
            133.37392909207125,
            143.93518417661855,
            146.83233879769926,
            106.6671664516312,
            72.13650193299956,
            0,
            0,
            0,
            0,
            0,
            0,
            0,
            0,
            0,
            0,
            0
        ],
        [
            -55.696101370600644,
            -105.42994900063294,
            -104.23369621308284,
            -114.80062159297906,
            -149.16329127479975,
            -189.65843939528028,
            -202.64168098431716,
            -230.6105757277273,
            -332.4031701848897,
            -336.7484376966162,
            -369.9533459147954,
            -434.53301171597036,
            -369.9223853405484,
            -285.5151771360301,
            -100.07868804883992,
            -11.659808160058487,
            73.10040793788285,
            74.38055212183203,
            70.84322401953496,
            45.43138696495958,
            0,
            0,
            0,
            0,
            0,
            0,
            0,
            0,
            0,
            0,
            0,
            0,
            0
        ],
        [
            0,
            -73.0532621205401,
            -71.05243999695524,
            -77.2267313617245,
            -104.97664091082926,
            -138.38676075208568,
            -146.7288446801701,
            -168.20786167483084,
            -253.3368902150893,
            -250.04436794065262,
            -270.3629749716634,
            -315.2204657925133,
            -253.99332206398202,
            -179.3450283645442,
            -41.368247408218025,
            13.434110208433536,
            34.7638471863236,
            0,
            0,
            0,
            0,
            0,
            0,
            0,
            0,
            0,
            0,
            0,
            0,
            0,
            0,
            0,
            0
        ],
        [
            0,
            -35.77508291138615,
            -36.2239569353735,
            -37.867202663068035,
            -57.90508748495226,
            -83.06965139559532,
            -86.77716782901935,
            -101.04131080782274,
            -163.8990565690334,
            -150.55767445821925,
            -150.16661082935573,
            -158.6955509720909,
            -92.97049741074098,
            0,
            0,
            0,
            0,
            0,
            0,
            0,
            0,
            0,
            0,
            0,
            0,
            0,
            0,
            0,
            0,
            0,
            0,
            0,
            0
        ],
        [
            0,
            0,
            26.694705027848507,
            48.054573457275445,
            47.99228948142669,
            38.2593927472211,
            39.44321256010713,
            28.33381186947021,
            -12.241399242958831,
            0,
            0,
            0,
            0,
            0,
            0,
            0,
            0,
            0,
            0,
            0,
            0,
            0,
            0,
            0,
            0,
            0,
            0,
            0,
            0,
            0,
            0,
            0,
            0
        ],
        [
            0,
            0,
            0,
            0,
            0,
            0,
            0,
            0,
            0,
            0,
            0,
            0,
            0,
            0,
            0,
            0,
            0,
            0,
            0,
            0,
            0,
            0,
            0,
            0,
            0,
            0,
            0,
            0,
            0,
            0,
            0,
            0,
            0
        ]
    ],
    "imag(M)": [
        [
            0,
            0,
            0,
            0,
            0,
            0,
            0,
            0,
            0,
            0,
            0,
            0,
            0,
            0,
            0,
            0,
            0,
            0,
            -27.507643397224488,
            -62.26377100272092,
            -78.0539382954647,
            -88.4061190073704,
            -90.12111923663662,
            -94.14826948444117,
            -76.8871350450323,
            -81.14640071706201,
            -63.425676028816504,
            -52.849981051377355,
            -32.89694279765726,
            0,
            0,
            0,
            0
        ],
        [
            0,
            0,
            0,
            0,
            0,
            0,
            0,
            0,
            0,
            0,
            0,
            -36.408964129858475,
            -82.57082431077876,
            -131.36500139581497,
            -166.76571895467558,
            -166.33668589934734,
            -168.82148740435952,
            -141.63526189980374,
            -119.21720263929878,
            -119.71587994136553,
            -113.54275141511025,
            -109.42248327293773,
            -87.57234962922408,
            -77.71692444785023,
            -38.518077938133274,
            -46.31055890051129,
            -20.744021652335267,
            -16.812778947265734,
            -11.55347027343425,
            -22.67754763586241,
            3.566540448195466,
            0,
            0
        ],
        [
            0,
            0,
            0,
            0,
            0,
            0,
            0,
            0,
            1.7235654540548586,
            -28.204402720788007,
            -60.02243439734575,
            -92.90986930519665,
            -156.9046218061217,
            -219.53927589576563,
            -256.6015320976807,
            -238.41944915887495,
            -230.0685179678073,
            -181.30099137645118,
            -143.3911567236374,
            -140.0208878763291,
            -128.23724155478027,
            -120.07908140790745,
            -87.92260016258713,
            -72.7187501495506,
            -20.222227656773224,
            -30.528803069716744,
            2.237885385909258,
            5.888927383023522,
            10.50082693804443,
            -9.837065279431508,
            25.45016412132839,
            6.493713650858635,
            0
        ],
        [
            0,
            0,
            0,
            0,
            0,
            0,
            0,
            -14.992638896195682,
            -40.88399232968094,
            -101.78478876247206,
            -150.0095334633927,
            -196.13722249315214,
            -282.34653213670157,
            -363.4708381085343,
            -409.2899897780167,
            -383.96996744511983,
            -372.3569737107917,
            -310.8611630092228,
            -264.11858811560296,
            -260.6542341756391,
            -246.9174719559625,
            -237.67720791463123,
            -199.65010031181342,
            -182.26767790367342,
            -119.4976693143734,
            -131.13667237975264,
            -89.92749122764153,
            -81.97823889768645,
            -70.84275775153725,
            -87.67494366152843,
            -30.96669862947312,
            -34.9107670214452,
            0
        ],
        [
            0,
            0,
            0,
            0,
            0,
            6.157273020128406,
            -6.523607309350104,
            -7.0788628029306695,
            -35.197686860121294,
            -106.5912767763436,
            -160.79876766013479,
            -213.5165859440152,
            -314.2425197314617,
            -407.45044045441216,
            -457.61768464430185,
            -423.3750969209331,
            -406.21372847980575,
            -331.15139711866055,
            -274.3086500269655,
            -268.49815514988086,
            -251.02892597806013,
            -239.0523246118577,
            -193.68566607672008,
            -172.4047115608289,
            -99.89781597356864,
            -113.25781217341289,
            -66.89177250053993,
            -59.20140158366324,
            -48.696998500335354,
            -71.38593716833415,
            -10.939043049300308,
            -23.832222792813823,
            0
        ],
        [
            0,
            0,
            0,
            0,
            -6.157273020128406,
            0,
            -32.950019342511105,
            -37.69375510287014,
            -75.88239638011274,
            -163.15306406244767,
            -227.286069517396,
            -288.6534903959593,
            -404.80216925075496,
            -511.2308686590631,
            -567.6805505899431,
            -527.7903687117665,
            -507.7180809166251,
            -422.39569405648916,
            -358.1494604457675,
            -351.6418278823704,
            -332.0535327556724,
            -318.65903847608143,
            -267.93248932241653,
            -244.07004294304366,
            -163.00543557123328,
            -177.00243424362586,
            -124.22675129200285,
            -113.60111277776161,
            -98.94691400634288,
            -119.61347124366954,
            -46.98673909606704,
            -51.76161316764114,
            0
        ],
        [
            0,
            0,
            0,
            0,
            6.523607309350027,
            32.950019342511105,
            0,
            2.8036302787216667,
            -34.45871700383476,
            -127.30813228409974,
            -194.68297071274785,
            -260.3352767430732,
            -387.06261058961303,
            -502.35691756695553,
            -561.6724948656151,
            -514.1218147478404,
            -489.0225180051485,
            -392.25007479782687,
            -319.32257456299243,
            -310.3771404354801,
            -287.2931640102119,
            -271.2630196180367,
            -214.14800782905365,
            -186.77580389691,
            -98.09439631480015,
            -113.89569959764916,
            -58.31853908520697,
            -49.689651256262856,
            -38.19597919059041,
            -66.3225251684484,
            2.110198907170229,
            -16.047212050903642,
            0
        ],
        [
            0,
            0,
            0,
            14.992638896195682,
            7.0788628029306695,
            37.69375510287014,
            -2.8036302787216667,
            0,
            -42.10497074714158,
            -144.96852077947239,
            -218.67097467779928,
            -290.2872152211605,
            -428.52266257590225,
            -553.656804589016,
            -617.2610322610916,
            -564.3544833448409,
            -536.1326114464842,
            -430.31190839249024,
            -350.7063037234386,
            -340.56875302626474,
            -315.20447129130446,
            -297.5248639557531,
            -235.50064291409564,
            -205.51772928752874,
            -110.00509583765675,
            -126.4532179687471,
            -66.77341346498763,
            -57.12103957541764,
            -44.35951792972263,
            -72.67439768351065,
            -0.9544570404747394,
            -16.963134261010172,
            0
        ],
        [
            0,
            0,
            -1.7235654540548586,
            40.88399232968094,
            35.197686860121294,
            75.88239638011274,
            34.45871700383476,
            42.10497074714158,
            0,
            -108.00585410324663,
            -184.7964685032816,
            -260.16999960840974,
            -407.2550001793038,
            -539.8192400319623,
            -605.9308803307601,
            -546.9392675971632,
            -514.7435790636473,
            -399.7487738572917,
            -313.2278220606579,
            -301.2033073114855,
            -273.1072287354488,
            -253.3880577831248,
            -186.43256677004433,
            -153.88069792339277,
            -52.9094308582445,
            -71.05551057934565,
            -10.11061938583348,
            -2.8325997677295502,
            6.313506002191615,
            -28.024269754216544,
            35.03571178489792,
            5.558064865137378,
            0
        ],
        [
            0,
            0,
            28.204402720788007,
            101.78478876247206,
            106.5912767763436,
            163.15306406244767,
            127.30813228409974,
            144.96852077947239,
            108.00585410324663,
            0,
            -76.42831082799621,
            -153.23344189604913,
            -306.42616814166354,
            -443.92536700964473,
            -510.67286040653966,
            -444.7792022703141,
            -407.71293445349914,
            -283.40624554841025,
