{
    "bin_ranges": {
        "m3pi_lower_limit": 1.42,
        "m3pi_upper_limit": 1.46,
        "t_lower_limit": 0.1,
        "t_upper_limit": 0.141
    },
    "info": "The dalitz matrix M is computed as sqrt(-Kibble) * (A[1]-A[2])",
    "bin_centers": [
        0.29900000000000004,
        0.33999999999999997,
        0.38,
        0.42000000000000004,
        0.45999999999999996,
        0.5,
        0.54,
        0.5800000000000001,
        0.62,
        0.66,
        0.69,
        0.71,
        0.73,
        0.75,
        0.77,
        0.79,
        0.81,
        0.83,
        0.85,
        0.87,
        0.89,
        0.91,
        0.94,
        0.98,
        1.02,
        1.06,
        1.1,
        1.1400000000000001,
        1.18,
        1.22,
        1.26,
        1.3
    ],
    "real(M)": [
        [
            0,
            0,
            0,
            0,
            0,
            0,
            0,
            0,
            0,
            0,
            0,
            0,
            0,
            0,
            0,
            0,
            0,
            80.88917483603174,
            159.32889829918662,
            202.4826303916561,
            232.68395582037704,
            256.2091124645518,
            286.88442215984,
            298.7768850398553,
            287.08361351146,
            272.31897346251367,
            223.64990096086171,
            160.61145306450294,
            0,
            0,
            0,
            0
        ],
        [
            0,
            0,
            0,
            0,
            0,
            0,
            0,
            0,
            0,
            0,
            -23.50528860694483,
            -29.635025941603974,
            -44.90098565065532,
            -19.567072979614,
            6.350785248521789,
            60.441728399282354,
            79.08494721494289,
            107.8526649368705,
            125.71516803941887,
            122.93466225681988,
            119.69276337523216,
            118.95594830762316,
            128.65462185337947,
            114.43380691812293,
            85.56285269634967,
            79.59927580599258,
            45.572069567130264,
            49.538337819417926,
            50.613382848422404,
            33.94580479044866,
            0,
            0
        ],
        [
            0,
            0,
            0,
            0,
            0,
            0,
            0,
            0,
            -9.741984324521418,
            -20.54855378294771,
            -46.13995380209958,
            -32.66252688351705,
            -48.76231302293558,
            2.9555336830667494,
            47.50977076616925,
            130.16319703987517,
            155.99805642577047,
            195.4642964267367,
            218.6666293854135,
            213.27297995623434,
            207.75861505855536,
            205.97016704229554,
            217.98126621955726,
            198.36930430266747,
            159.9662799588679,
            151.58417792776032,
            105.73128536802388,
            109.70288683226836,
            110.70086897599917,
            89.57212890164118,
            72.2270330269438,
            0
        ],
        [
            0,
            0,
            0,
            0,
            0,
            0,
            9.592323635213026,
            6.786632851390737,
            -15.315990649002606,
            -26.717958244940593,
            -59.77841058562258,
            -39.17438219884944,
            -59.11659139957774,
            9.350306933057333,
            66.37038761829815,
            170.02945104508973,
            200.79712005400623,
            248.16959779392187,
            275.12608001057396,
            267.0703875559629,
            259.1732062298439,
            256.0366267220952,
            269.35081581382224,
            244.68724294610075,
            198.15145330681415,
            187.97219105794667,
            133.24491255418934,
            138.5577195145523,
            141.28786250064445,
            118.82043958909509,
            111.70215009599322,
            0
        ],
        [
            0,
            0,
            0,
            0,
            0,
            -7.734501987126498,
            -16.591425042406968,
            -42.16404941282487,
            -82.4066402938503,
            -103.89888551002988,
            -149.10709679062003,
            -126.47134333942408,
            -153.01399986351464,
            -73.62997667795408,
            -8.809417353518032,
            110.32890835776104,
            143.17120757972572,
            195.41500149665293,
            223.88751863183336,
            211.99209551467013,
            200.6973610128197,
            195.27887414093786,
            208.49935414753776,
            178.7007730583574,
            125.54868384145034,
            115.5822907380202,
            56.71187346388831,
            68.43495405651315,
            80.18219831020515,
            67.50137354844836,
            81.89040266189292,
            0
        ],
        [
            0,
            0,
            0,
            0,
            7.734501987126498,
            0,
            -3.966057994762426,
            -30.58171679889707,
            -73.83119928633383,
            -94.06112651517827,
            -143.25862233766335,
            -114.9366657734622,
            -143.560147601671,
            -51.1696429860155,
            23.737411469417886,
            159.53357584274016,
            196.95254660603067,
            255.98267485763878,
            287.98931349682766,
            274.586987014571,
            261.88421136430975,
            255.7481910310661,
            270.25399097765745,
            236.59268251681146,
            176.8913023501659,
            164.73525071730825,
            98.13784238734709,
            108.75786613339608,
            118.36282009321543,
            99.69892665114735,
            107.69502787910471,
            0
        ],
        [
            0,
            0,
            0,
            -9.592323635213026,
            16.591425042406968,
            3.966057994762426,
            0,
            -30.269038920429235,
            -78.49014992838269,
            -99.67276019761536,
            -153.7463287984172,
            -121.18955669238035,
            -152.4122995765368,
            -49.0900909370565,
            34.223963809105825,
            184.370795623836,
            225.37724997216353,
            290.00861939390444,
            324.73837335530305,
            309.58970780745295,
            295.27175150354407,
            288.17959966703336,
            303.4225430951067,
            265.98169314740744,
            200.42575121295866,
            186.47430254596162,
            113.77383520394602,
            124.11442370035694,
            132.71780911210163,
            110.28958843648871,
            112.06590324246342,
            0
        ],
        [
            0,
            0,
            0,
            -6.786632851390737,
            42.16404941282487,
            30.58171679889707,
            30.269038920429235,
            0,
            -49.833330704090386,
            -69.40197316482589,
            -126.16881097509342,
            -88.78835268776169,
            -121.37632357137375,
            -7.347930257422368,
            84.33330459577182,
            248.08571650437767,
            292.95269350809156,
            363.1429264765099,
            400.75024484764975,
            384.3942744684145,
            368.88934535766634,
            361.09109803994727,
            376.9652890077867,
            335.768675193587,
            264.1940831325469,
            247.06810563115147,
            166.99947252175056,
            173.57231690633915,
            176.05828636133953,
            142.8599102769475,
            122.11096611085279,
            0
        ],
        [
            0,
            0,
            9.741984324521418,
            15.315990649002606,
            82.4066402938503,
            73.83119928633383,
            78.49014992838269,
            49.833330704090386,
            0,
            -16.84092978122417,
            -75.14820609182317,
            -32.91262490708409,
            -66.22395918882246,
            57.8309195028629,
            157.38017888782016,
            333.58348546725114,
            382.13581803771035,
            457.4306088190007,
            497.6758482456238,
            480.2790336013376,
            463.680796329438,
            455.1302783156487,
            471.1543408007015,
            425.8629457470978,
            347.9212758694383,
            326.2139650890451,
            237.7133363474081,
            237.31439907489505,
            228.85893737123556,
            177.72084976514262,
            108.44019562885556,
            0
        ],
        [
            0,
            0,
            20.54855378294771,
            26.717958244940593,
            103.89888551002988,
            94.06112651517827,
            99.67276019761536,
            69.40197316482589,
            16.84092978122417,
            0,
            -61.308069756258696,
            -15.756813923372802,
            -50.63670137889469,
            81.42168470062376,
            187.0922945562092,
            373.4541061714717,
            424.4842531177375,
            503.51774552953435,
            545.3792470846979,
            526.4712173445909,
            508.38344824185486,
            498.6964573941151,
            514.1761127522695,
            464.817550199747,
            381.36728086818385,
            355.7880152422646,
            261.14075874518005,
            255.18003127908102,
            237.23689573053443,
            169.00376548242008,
            0,
            0
        ],
        [
            0,
            23.50528860694483,
            46.13995380209958,
            59.77841058562258,
            149.10709679062003,
            143.25862233766335,
            153.7463287984172,
            126.16881097509342,
            75.14820609182317,
            61.308069756258696,
            0,
            48.988264143265226,
            14.18913853248224,
            152.57491925733044,
            263.1826790795561,
            456.9760282669525,
            510.23488618474136,
            592.1595226430551,
            635.3705435027963,
            615.652820465856,
            596.6231441066864,
            586.0556222269931,
            600.5732807983148,
            547.2035796564124,
            458.077427612672,
            426.5218577623424,
            323.5475977095071,
            306.58938714340167,
            270.7899515353071,
            168.89361653694104,
            0,
            0
        ],
        [
            0,
            29.635025941604574,
            32.66252688351705,
            39.17438219884944,
            126.47134333942408,
            114.9366657734622,
            121.18955669238035,
            88.78835268776169,
            32.91262490708409,
            15.756813923372802,
            -48.988264143265226,
            0,
            -36.67040955268702,
            103.77588211953562,
            215.75559275637875,
            412.5571096163926,
            465.87707835191657,
            548.4222078124748,
            591.5218739150841,
            570.6326995665459,
            550.5721847937956,
            539.23410038879,
            553.2265262153446,
            498.5776781165939,
            408.56510878821086,
            377.3154390727985,
            275.5189012889609,
            260.0476398057621,
            224.64361288392536,
            115.72251866522791,
            0,
            0
        ],
        [
            0,
            44.90098565065532,
            48.76231302293558,
            59.11659139957774,
            153.01399986351464,
            143.560147601671,
            152.4122995765368,
            121.37632357137375,
            66.22395918882246,
            50.63670137889469,
            -14.18913853248224,
            36.67040955268702,
            0,
            143.8772962203182,
            258.4758154879472,
            459.1776203871758,
            513.5375800506018,
            597.4185432117238,
            640.989468581802,
            619.4291759130335,
            598.6071152283072,
            586.502399787596,
            599.3930990300722,
            541.8433432198532,
            448.0626001923203,
            412.3216816790154,
            305.0319810928959,
            280.6322512609282,
            229.11897817117438,
            63.01005494862837,
            0,
            0
        ],
        [
            0,
            19.567072979614,
            -2.9555336830667494,
            -9.350306933057333,
            73.62997667795408,
            51.1696429860155,
            49.0900909370565,
            7.347930257422368,
            -57.8309195028629,
            -81.42168470062376,
            -152.57491925733044,
            -103.77588211953562,
            -143.8772962203182,
            0,
            114.19277575920884,
            315.9586843221485,
            369.19349138257223,
            452.5810563893443,
            495.2982130574685,
            472.3358933135752,
            450.5019591925597,
            437.8724285427212,
            450.97925458155237,
            394.6794297094971,
            304.3884459312545,
            274.87651331472455,
            178.03372221914867,
            166.94983265500574,
            132.62198465015788,
            0,
            0,
            0
        ],
        [
            0,
            -6.350785248521923,
            -47.50977076616925,
            -66.37038761829815,
            8.809417353518032,
            -23.737411469417886,
            -34.223963809105825,
            -84.33330459577182,
            -157.38017888782016,
            -187.0922945562092,
            -263.1826790795561,
            -215.75559275637875,
            -258.4758154879472,
            -114.19277575920884,
            0,
            202.99246668251513,
            255.5054315270944,
            338.6732276597197,
            380.8320534633299,
            356.8520970160128,
            334.32901469264067,
            321.4114286661946,
            334.8685027099994,
            279.9583993705501,
            193.14874142635452,
            169.30279680043463,
            82.47847463699777,
            83.39919057524902,
            64.40695767346891,
            0,
            0,
            0
        ],
        [
            0,
            -60.44172839928288,
            -130.16319703987517,
            -170.02945104508973,
            -110.32890835776104,
            -159.53357584274016,
            -184.370795623836,
            -248.08571650437767,
            -333.58348546725114,
            -373.4541061714717,
            -456.9760282669525,
            -412.5571096163926,
            -459.1776203871758,
            -315.9586843221485,
            -202.99246668251513,
            0,
            51.083754085617535,
            133.4704626091227,
            174.83125622812148,
            150.0059861999738,
            127.2413701954378,
            114.75785267547211,
            130.16379016336833,
            80.334445297257,
            2.754290023945483,
            -7.422514202815188,
            -72.04028200683291,
            -41.26658261430297,
            -9.932291577911665,
            0,
            0,
            0
        ],
        [
            0,
            -79.08494721494289,
            -155.99805642577047,
            -200.79712005400623,
            -143.17120757972572,
            -196.95254660603067,
            -225.37724997216353,
            -292.95269350809156,
            -382.13581803771035,
            -424.4842531177375,
            -510.23488618474136,
            -465.87707835191657,
            -513.5375800506018,
            -369.19349138257223,
            -255.5054315270944,
            -51.083754085617535,
            0,
            82.61312551885342,
            123.91282755017308,
            98.76635791327358,
            75.88269731599807,
            63.50181924908283,
            79.3745795700219,
            31.04919865049028,
            -43.17352104463557,
            -48.91372042062664,
            -103.9689827353249,
            -62.37572357489735,
            0,
            0,
            0,
            0
        ],
        [
            -80.88917483603174,
            -107.85266493687051,
            -195.4642964267367,
            -248.16959779392187,
            -195.41500149665293,
            -255.98267485763878,
            -290.00861939390444,
            -363.1429264765101,
            -457.430608819001,
            -503.51774552953435,
            -592.1595226430551,
            -548.4222078124748,
            -597.4185432117238,
            -452.58105638934444,
            -338.67322765971977,
            -133.4704626091227,
            -82.61312551885341,
            0,
            41.198546906718875,
            15.969727174003687,
            -6.680804033983507,
            -18.509301147132472,
            -1.3518992515959092,
            -46.236580252858005,
            -114.07247067164873,
            -111.36149088057942,
            -149.84171798052358,
            -85.34221942515966,
            0,
            0,
            0,
            0
        ],
        [
            -159.32889829918645,
            -125.71516803941886,
            -218.66662938541347,
            -275.12608001057396,
            -223.88751863183336,
            -287.98931349682766,
            -324.73837335530305,
            -400.75024484764975,
            -497.6758482456238,
            -545.3792470846979,
            -635.3705435027963,
            -591.5218739150841,
            -640.989468581802,
            -495.2982130574685,
            -380.8320534633299,
            -174.83125622812148,
            -123.91282755017308,
            -41.198546906718875,
            0,
            -25.123553343784486,
            -47.458800948364456,
            -58.793401456537225,
            -40.79481273389577,
            -83.00932572275919,
            -145.56515409707723,
            -136.44098008288464,
            -159.6738741657259,
            -68.73162652173457,
            0,
            0,
            0,
            0
        ],
        [
            -202.48263039165593,
            -122.93466225682027,
            -213.27297995623434,
            -267.0703875559629,
            -211.99209551467013,
            -274.586987014571,
            -309.5897078074532,
            -384.39427446841466,
            -480.2790336013376,
            -526.4712173445909,
            -615.652820465856,
            -570.6326995665457,
            -619.4291759130338,
            -472.33589331357535,
            -356.85209701601286,
            -150.0059861999738,
            -98.7663579132736,
            -15.969727174003687,
            25.123553343784486,
            0,
            -22.33975852212325,
            -33.76380431349066,
            -16.424845856104042,
            -58.70243899803071,
            -119.88116468940314,
            -110.49066718815403,
            -125.52605977622898,
            0,
            0,
            0,
            0,
            0
        ],
        [
            -232.68395582037718,
            -119.6927633752327,
            -207.75861505855536,
            -259.1732062298439,
            -200.6973610128197,
            -261.88421136430975,
            -295.27175150354407,
            -368.88934535766634,
            -463.680796329438,
            -508.38344824185486,
            -596.6231441066864,
            -550.5721847937956,
            -598.6071152283072,
            -450.5019591925597,
            -334.32901469264067,
            -127.2413701954378,
            -75.88269731599807,
            6.680804033983505,
            47.458800948364456,
            22.33975852212325,
            0,
            -11.543254635162159,
            4.931562466833007,
            -37.334723059947954,
            -96.68046571613739,
            -86.771901890255,
            -89.36463771477537,
            0,
            0,
            0,
            0,
            0
        ],
        [
            -256.2091124645518,
            -118.95594830762369,
            -205.97016704229554,
            -256.0366267220952,
            -195.27887414093786,
            -255.7481910310661,
            -288.17959966703336,
            -361.09109803994727,
            -455.1302783156487,
            -498.6964573941151,
            -586.0556222269931,
            -539.23410038879,
            -586.502399787596,
            -437.8724285427212,
            -321.4114286661946,
            -114.75785267547211,
            -63.50181924908283,
            18.509301147132472,
            58.793401456537225,
            33.76380431349066,
            11.543254635162159,
            0,
            15.690157511607033,
            -25.88601416985139,
            -81.9549707346483,
            -69.710357424377,
            -44.76314510621104,
            0,
            0,
            0,
            0,
            0
        ],
        [
            -286.88442215983986,
            -128.65462185337998,
            -217.98126621955726,
            -269.35081581382224,
            -208.49935414753776,
            -270.25399097765745,
            -303.4225430951067,
            -376.9652890077867,
            -471.1543408007015,
            -514.1761127522695,
            -600.5732807983148,
            -553.2265262153446,
            -599.3930990300722,
            -450.97925458155237,
            -334.8685027099994,
            -130.16379016336833,
            -79.3745795700219,
            1.3518992515959092,
            40.79481273389577,
            16.424845856104042,
            -4.931562466833007,
            -15.690157511607033,
            0,
            -37.16646514531767,
            -82.01290412897681,
            -55.39236354573264,
            0,
            0,
            0,
            0,
            0,
            0
        ],
        [
            -298.7768850398552,
            -114.43380691812295,
            -198.36930430266747,
            -244.68724294610075,
            -178.7007730583574,
            -236.59268251681146,
            -265.98169314740744,
            -335.768675193587,
            -425.8629457470978,
            -464.817550199747,
            -547.2035796564124,
            -498.5776781165939,
            -541.8433432198532,
            -394.6794297094971,
            -279.9583993705501,
            -80.334445297257,
            -31.04919865049028,
            46.236580252858005,
            83.00932572275919,
            58.702438998030715,
            37.334723059947954,
            25.88601416985139,
            37.16646514531767,
            0,
            -34.5087355939454,
            0,
            0,
            0,
            0,
            0,
            0,
            0
        ],
        [
            -287.0836135114602,
            -85.56285269634999,
            -159.96627995886809,
            -198.15145330681403,
            -125.54868384145033,
            -176.8913023501659,
            -200.42575121295866,
            -264.1940831325469,
            -347.9212758694383,
            -381.36728086818385,
            -458.077427612672,
            -408.56510878821086,
            -448.0626001923203,
            -304.3884459312545,
            -193.14874142635452,
            -2.754290023945483,
            43.17352104463557,
            114.07247067164873,
            145.56515409707723,
            119.88116468940314,
            96.68046571613739,
            81.9549707346483,
            82.01290412897681,
            34.5087355939454,
            0,
            0,
            0,
            0,
            0,
            0,
            0,
            0
        ],
        [
            -272.3189734625138,
            -79.59927580599273,
            -151.5841779277603,
            -187.97219105794682,
            -115.5822907380202,
            -164.73525071730825,
            -186.47430254596162,
            -247.06810563115147,
            -326.2139650890451,
            -355.7880152422646,
            -426.5218577623424,
            -377.3154390727985,
            -412.3216816790154,
            -274.87651331472455,
            -169.30279680043463,
            7.422514202815188,
            48.91372042062664,
            111.36149088057942,
            136.44098008288464,
            110.49066718815403,
            86.771901890255,
            69.710357424377,
            55.392363545732664,
            0,
            0,
            0,
            0,
            0,
            0,
            0,
            0,
            0
        ],
        [
            -223.6499009608621,
            -45.572069567130434,
            -105.73128536802395,
            -133.2449125541894,
            -56.71187346388832,
            -98.13784238734709,
            -113.77383520394602,
            -166.99947252175056,
            -237.7133363474081,
            -261.14075874518,
            -323.54759770950716,
            -275.5189012889609,
            -305.0319810928959,
            -178.03372221914867,
            -82.47847463699777,
            72.04028200683291,
            103.9689827353249,
            149.84171798052358,
            159.6738741657259,
            125.52605977622902,
            89.36463771477537,
            44.76314510621104,
            0,
            0,
            0,
            0,
            0,
            0,
            0,
            0,
            0,
            0
        ],
        [
            -160.6114530645035,
            -49.53833781941805,
            -109.7028868322685,
            -138.5577195145524,
            -68.43495405651313,
            -108.75786613339608,
            -124.11442370035694,
            -173.57231690633915,
            -237.31439907489505,
            -255.18003127908102,
            -306.5893871434016,
            -260.0476398057621,
            -280.6322512609282,
            -166.94983265500574,
            -83.39919057524902,
            41.266582614302976,
            62.375723574897336,
            85.34221942515971,
            68.73162652173458,
            0,
            0,
            0,
            0,
            0,
            0,
            0,
            0,
            0,
            0,
            0,
            0,
            0
        ],
        [
            0,
            -50.61338284842252,
            -110.70086897599937,
            -141.28786250064448,
            -80.18219831020515,
            -118.36282009321545,
            -132.71780911210163,
            -176.05828636133953,
            -228.8589373712355,
            -237.23689573053437,
            -270.7899515353071,
            -224.64361288392539,
            -229.1189781711744,
            -132.6219846501579,
            -64.4069576734689,
            9.932291577911661,
            0,
            0,
            0,
            0,
            0,
            0,
            0,
            0,
            0,
            0,
            0,
            0,
            0,
            0,
            0,
            0
        ],
        [
            0,
            -33.94580479044871,
            -89.57212890164148,
            -118.82043958909505,
            -67.50137354844836,
            -99.69892665114735,
            -110.2895884364888,
            -142.8599102769475,
            -177.72084976514265,
            -169.0037654824201,
            -168.89361653694098,
            -115.72251866522781,
            -63.010054948628685,
            0,
            0,
            0,
            0,
            0,
            0,
            0,
            0,
            0,
            0,
            0,
            0,
            0,
            0,
            0,
            0,
            0,
            0,
            0
        ],
        [
            0,
            0,
            -72.22703302694397,
            -111.70215009599318,
            -81.89040266189271,
            -107.69502787910479,
            -112.06590324246342,
            -122.11096611085271,
            -108.44019562885539,
            0,
            0,
            0,
            0,
            0,
            0,
            0,
            0,
            0,
            0,
            0,
            0,
            0,
            0,
            0,
            0,
            0,
            0,
            0,
            0,
            0,
            0,
            0
        ],
        [
            0,
            0,
            0,
            0,
            0,
            0,
            0,
            0,
            0,
            0,
            0,
            0,
            0,
            0,
            0,
            0,
            0,
            0,
            0,
            0,
            0,
            0,
            0,
            0,
            0,
            0,
            0,
            0,
            0,
            0,
            0,
            0
        ]
    ],
    "imag(M)": [
        [
            0,
            0,
            0,
            0,
            0,
            0,
            0,
            0,
            0,
            0,
            0,
            0,
            0,
            0,
            0,
            0,
            0,
            -22.114810807428537,
            -39.358422168075876,
            -41.470828226818405,
            -40.6206815518153,
            -42.6457561754089,
            -36.99988514003649,
            -39.41910201009037,
            -31.74349396211707,
            -16.316866332808267,
            -8.64008066694527,
            -9.189658200589852,
            0,
            0,
            0,
            0
        ],
        [
            0,
            0,
            0,
            0,
            0,
            0,
            0,
            0,
            0,
            0,
            -20.743481604246213,
            -66.19907263786646,
            -108.53548333833905,
            -148.25686918687234,
            -183.659845605008,
            -190.14769429354615,
            -162.89785152679895,
            -138.81874391463975,
            -136.0148239336234,
            -118.10876758236823,
            -104.87067511263935,
            -102.75171980891989,
            -86.20968356072066,
            -87.5982784119613,
            -72.82228737760659,
            -45.242689677109766,
            -31.635812124473272,
            -36.93119878671376,
            -39.245683206916134,
            -31.32702887593674,
            0,
            0
        ],
        [
            0,
            0,
            0,
            0,
            0,
            0,
            0,
            0,
            -20.81901050950155,
            -47.356898610805,
            -69.34721668589368,
            -146.3221758655008,
            -202.89490718995702,
            -251.79435552852564,
            -292.9378829646743,
            -290.6763689381447,
            -242.12873132232696,
            -202.30441900116068,
            -194.765614983986,
            -167.43133400134192,
            -147.6157515296015,
            -143.468678347024,
            -120.09905894468584,
            -120.9604183875637,
            -101.20064487966279,
            -65.11681106535599,
            -47.476270870817,
            -55.39449227733834,
            -61.14971501373564,
            -57.97725938896677,
            -39.9461617031666,
            0
        ],
        [
            0,
            0,
            0,
            0,
            0,
            0,
            4.582483269042859,
            -12.539198944493261,
            -24.499125973208727,
            -52.45741671899739,
            -75.95217786274713,
            -175.8353604324984,
            -244.64813740259785,
            -301.944585998585,
            -348.6231270967913,
            -340.35820986906,
            -275.3105046282738,
            -222.79882620218916,
            -211.1584688994898,
            -175.80667968568537,
            -150.23319539573225,
            -144.07338191872543,
            -114.62749889113145,
            -114.72390987389922,
            -90.84863882825465,
            -48.22561461054465,
            -28.339853135989937,
            -39.987648307730474,
            -50.6004152614818,
            -53.19158611482901,
            -45.14000773141625,
            0
        ],
        [
            0,
            0,
            0,
            0,
            0,
            -0.2655316087987498,
            5.940019339951501,
            -25.764851527851377,
            -40.88277549473823,
            -75.47994204813112,
            -103.45997700940643,
            -224.02578267551624,
            -305.0149129510692,
            -371.2614712425386,
            -424.36787764750153,
            -412.52740934427135,
            -334.6314853191521,
            -272.270753578213,
            -258.00133474440145,
            -216.47399990459178,
            -186.5424688566091,
            -179.1539143339248,
            -144.98071952020237,
            -144.72964035891482,
            -117.09411753022802,
            -68.11738782950844,
            -44.972763062392524,
            -57.554011177160504,
            -68.78653425494052,
            -70.76652237744156,
            -60.827010369216104,
            0
        ],
        [
            0,
            0,
            0,
            0,
            0.2655316087987498,
            0,
            8.755862125220359,
            -31.547118086753507,
            -48.343621286594775,
            -87.74371353718826,
            -119.07467924060848,
            -257.30331443656104,
            -348.73728683695043,
            -422.6791090630216,
            -481.2948433412207,
            -466.1327939948991,
            -376.67341505262397,
            -305.3707391651842,
            -288.55609930227155,
            -241.34494697702488,
            -207.35869229591307,
            -198.71147529449408,
            -160.1448036940036,
            -159.3928083408879,
            -128.3866738631562,
            -73.9970238321416,
            -48.362188384569336,
            -62.164969600386826,
            -74.43211601570741,
            -76.4660161482497,
            -65.23954519118942,
            0
        ],
        [
            0,
            0,
            0,
            -4.582483269042859,
            -5.940019339951501,
            -8.755862125220359,
            0,
            -49.1630785654017,
            -69.0577048302354,
            -114.1114592033206,
            -149.38024917163082,
            -303.91118102926805,
            -405.2424489465431,
            -486.60004673630795,
            -550.6299601670316,
            -532.9203267019037,
            -433.4709459322281,
            -354.4690825508093,
            -335.62811272202754,
            -283.53987195405057,
            -246.09003828150583,
            -236.42380012068222,
            -194.01710043360367,
            -192.69266595533617,
            -158.36043448733548,
            -98.68174296845861,
            -70.011688980614,
            -83.38740713818429,
            -94.27968904972126,
            -92.89113582754484,
            -74.35868413144804,
            0
        ],
        [
            0,
            0,
            0,
            12.539198944493261,
            25.764851527851377,
            31.547118086753507,
            49.1630785654017,
            0,
            -15.893846364397078,
            -60.00038619719957,
            -94.76437002790139,
            -261.4321047003716,
            -369.33690151922,
            -455.20057930310855,
            -522.0918843384892,
            -500.25778836429583,
            -390.1895239155175,
            -302.81265843229016,
            -280.85863760509085,
            -223.3202105026908,
            -181.89529223874985,
            -170.63887751043623,
            -124.25041399547058,
            -122.47053159705737,
            -86.4291704476287,
            -24.787070051752767,
            2.294689116364721,
            -16.615467328015125,
            -34.59302697939817,
            -42.047927985110285,
            -35.04130324222551,
            0
        ],
        [
            0,
            0,
            20.81901050950155,
            24.499125973208727,
            40.88277549473823,
            48.343621286594775,
            69.0577048302354,
            15.893846364397078,
            0,
            -46.41508603503545,
            -82.84639962108646,
            -261.67676645967447,
            -376.6574889388365,
            -467.6356953011934,
            -538.0568385556007,
            -513.4167264819649,
            -394.68760007635774,
            -300.58343995341045,
            -276.4832474787112,
            -214.6626269069109,
            -170.1787595003234,
            -157.85753770366028,
            -108.3234964855819,
            -106.1485932719117,
            -68.21809950732032,
            -4.134514505415443,
            22.968086356710284,
            1.8663966276063395,
            -18.29857880492159,
            -27.492030169384794,
            -19.338514834661726,
            0
        ],
        [
            0,
            0,
            47.356898610805,
            52.45741671899739,
            75.47994204813112,
            87.74371353718826,
            114.1114592033206,
            60.00038619719957,
            46.41508603503545,
            0,
            -36.53065401815167,
            -225.30785942851207,
            -345.74422805894295,
            -440.46826977154205,
            -513.2650258133905,
            -485.47380118577723,
            -358.5582736915816,
            -258.08221366377524,
            -231.69698108468333,
            -165.85854112751562,
            -118.53187223384454,
            -105.17743857210965,
            -53.02961252510187,
            -50.956085844506696,
            -12.538676522942831,
            51.51356909150748,
            75.67882909465638,
            49.143217380122195,
            22.220765337989203,
            4.173188992956875,
            0,
            0
        ],
        [
            0,
            20.743481604246213,
            69.34721668589368,
            75.95217786274713,
            103.45997700940643,
            119.07467924060848,
            149.38024917163082,
            94.76437002790139,
            82.84639962108646,
            36.53065401815167,
            0,
            -195.36986805969084,
            -319.3723768441436,
            -416.5011280661908,
            -490.77321358038864,
            -460.8118418210883,
            -328.4634955918759,
            -223.7972543645269,
            -195.9082381936371,
            -127.49639853674255,
            -78.39691032297054,
            -64.44770998131708,
            -10.842104828640482,
            -9.150574412318072,
            28.965694805310683,
            91.87850133792354,
            112.74377858634809,
            81.28982217601303,
            48.01282765002441,
            20.326450783757593,
            0,
            0
        ],
        [
            0,
            66.1990726378678,
            146.3221758655008,
            175.8353604324984,
            224.02578267551624,
            257.30331443656104,
            303.91118102926805,
            261.4321047003716,
            261.67676645967447,
            225.30785942851207,
            195.36986805969084,
            0,
            -122.4734958451199,
            -217.69105847673924,
            -289.8252699818239,
            -255.90045109626888,
            -118.0432732440067,
            -9.031848327758233,
            21.187438647998523,
            92.09317193433198,
            142.73299332125063,
            157.03845303321248,
